0
0
47
161
333
386
518
591
765
852
963
1094
1249
1287
1422
1525
1702
1736
1885
2021
2158
2198
2334
2449
2622
2637
2820
2935
3057
3113
3258
3379
3506
3567
3753
3844
3965
4025
4178
4302
4398
4504
4679
4742
4874
4948
5109
5204
5303
5440
5612
5634
5783
5868
6045
6094
6228
6364
6515
6549
6699
6793
7161
7291
7410
7467
7612
7724
7864
7908
8088
8205
8312
8392
8531
8642
8751
8846
9025
9101
9220
9309
9460
9554
9653
9774
9960
9992
10142
10224
10383
10452
10573
10709
10878
10887
11059
11148
11317
11336
11495
11640
11765
11821
11974
12065
12223
12251
12430
12555
12657
12749
12895
12986
13111
13179
13366
13460
13568
13668
13810
13904
