0
0
196
295
425
474
619
755
886
921
1110
1218
1344
1387
1531
1673
1770
1880
2037
2111
2237
2313
2483
2573
2668
2800
2980
3012
3151
3220
3406
3475
3605
3721
3878
3919
4063
4166
4327
4359
4521
4665
4790
4825
4965
5091
5240
5284
5444
5570
5681
5760
5900
6001
6125
6207
6401
6470
6588
6662
6821
6934
7031
7129
7315
7372
7514
7587
7735
7831
7935
8085
8244
8255
8414
8514
8690
8713
8852
9002
9139
9194
9338
9420
9598
9615
9806
9916
10030
10106
10257
10362
10490
10532
10726
10838
10946
11025
11162
11278
11377
11491
11650
11729
11849
11958
12103
12174
12276
12414
12770
12859
13024
13076
13215
13333
13497
13527
13705
13785
13941
13962
