0
0
215
283
418
472
622
767
1107
1224
1358
1382
1517
1675
1768
1896
2025
2108
2232
2320
2501
2559
2661
2799
2993
3011
3154
3204
3407
3476
3624
3703
3873
3920
4068
4177
4311
4360
4519
4676
4955
5095
5239
5299
5430
5569
5678
5769
5913
5983
6123
6208
6422
6459
6583
6656
6824
6939
7045
7109
7312
7375
7525
7589
7720
7833
7934
8100
8241
8247
8407
8520
8838
9002
9138
9207
9342
9404
9596
9618
9826
9900
10027
10103
10262
10371
10724
10843
10963
11014
11151
11281
11376
11507
11635
11729
11844
11966
12119
12160
12268
12415
12763
12852
13026
13078
13233
13314
13495
13526
13717
13788
13928
13961
