0
0
150
312
453
480
608
720
880
961
1140
1176
1323
1388
1581
1655
1785
1827
2063
2121
2449
2591
2697
2803
2943
3009
3148
3263
3402
3464
3568
3753
4044
4140
4534
4621
4777
4845
5013
5062
5484
5573
5880
6038
6140
6202
6355
6481
6603
6690
6808
6911
7011
7170
7483
7583
7944
8038
8250
8276
8656
8718
8894
9002
9334
9461
9763
9941
10046
10120
10234
10338
10482
10577
10737
10810
10920
11040
11218
11246
11385
11446
11696
11719
12080
12191
12312
12408
12565
12615
12787
12889
13018
13062
13181
13372
13668
13779
