0
0
52
138
311
403
727
862
992
1097
1213
1268
1454
1537
1701
1737
1860
2032
2134
2230
2354
2403
2629
2664
2833
2906
3003
3172
3270
3368
3969
4044
4140
4329
4414
4505
5099
5199
5287
5473
5586
5633
5804
5836
6072
6101
6235
6341
6460
6605
6736
6762
6935
7001
7197
7276
7383
7472
7606
7742
8064
8185
8331
8417
8521
8609
8765
8875
9198
9332
9466
9561
9671
9741
9951
10003
10179
10202
10334
10489
10598
10706
10854
10862
11102
11137
11304
11364
11466
11659
11747
11839
12435
12531
12618
12799
12895
12971
13412
13424
13573
13668
13767
13939
