0
0
49
150
313
390
739
860
982
1099
1211
1281
1456
1524
1702
1738
1872
2028
2125
2232
2352
2416
2633
2649
2832
2909
3013
3167
3262
3370
3523
3541
3967
4049
4148
4320
4410
4506
4928
4940
5098
5206
5293
5463
5584
5634
5819
5832
6056
6106
6233
6352
6463
6594
6732
6765
6948
7000
7185
7279
7380
7484
7609
7730
8076
8183
8320
8419
8519
8621
8767
8862
9046
9054
9210
9330
9455
9563
9668
9754
9953
9990
10175
10206
10345
10486
10588
10708
10845
10881
11105
11122
11303
11366
11477
11652
11741
11840
11997
12013
12434
12537
12625
12790
12890
12973
13394
13432
13571
13677
13773
13929
