0
0
48
154
313
388
742
859
979
1100
1210
1285
1456
1521
1701
1739
1874
2027
2123
2232
2351
2419
2633
2646
2831
2911
3015
3166
3259
3371
3520
3547
3967
4051
4150
4318
4409
4506
4922
4943
5097
5208
5295
5460
5583
5635
5822
5832
6052
6108
6232
6355
6463
6591
6730
6766
6950
6999
7181
7280
7379
7487
7609
7727
8079
8182
8317
8420
8518
8624
8767
8860
9043
9057
9213
9329
9452
9564
9667
9757
9953
9987
10174
10208
10347
10485
10586
10709
10843
10886
11105
11119
11303
11367
11480
11650
11739
11841
11995
12018
12433
12538
12627
12788
12888
12973
13390
13433
13570
13679
13774
13926
