0
0
49
158
317
379
750
856
976
1098
1212
1288
1460
1512
1706
1734
1882
2022
2122
2231
2353
2423
2833
2909
3022
3160
3258
3370
3523
3549
3968
4050
4157
4311
4409
4504
4923
4936
5099
5208
5300
5453
5586
5631
6049
6106
6234
6357
6467
6584
6734
6762
6961
6994
7177
7278
7381
7490
7613
7719
8087
8179
8314
8418
8520
8627
8771
8852
9221
9326
9449
9563
9668
9761
9962
9972
10179
10204
10355
10481
10583
10707
10846
10889
11306
11364
11487
11644
11739
11839
12001
12018
12435
12538
12633
12781
12889
12972
13386
13431
13571
13680
13779
13919
