0
0
43
186
782
844
952
1102
1207
1317
1702
1739
1913
2004
2104
2235
2348
2453
2830
2917
3051
3140
3243
3374
3514
3585
3754
3801
3964
4059
4183
4285
4401
4507
4887
4946
5097
5221
5322
5423
5579
5636
6017
6112
6229
6379
6481
6553
6725
6770
7148
7283
7376
7514
7625
7686
8121
8168
8288
8422
8516
8654
8782
8817
9043
9058
9254
9313
9424
9568
9662
9792
10170
10213
10386
10465
10564
10711
10839
10921
11303
11370
11516
11620
11729
11842
11993
12053
12230
12249
12432
12548
12658
12755
12880
12976
13147
13184
13354
13438
13567
13696
13799
13890
