0
0
40
200
566
571
802
834
940
1104
1204
1332
1699
1742
1931
1992
2096
2237
2346
2469
2827
2920
3068
3126
3236
3376
3511
3602
3736
3805
3962
4063
4199
4269
4397
4508
4695
4727
4870
4949
5095
5226
5336
5406
5576
5639
6001
6115
6227
6389
6493
6534
6720
6774
7133
7286
7373
7526
7636
7666
7890
7897
8149
8150
8275
8425
8514
8667
9036
9065
9275
9301
9413
9572
9659
9807
10166
10218
10404
10454
10555
10713
10836
10937
11300
11373
11533
11606
11724
11844
11990
12070
12210
12256
12430
12553
12673
12739
12875
12979
13143
13202
13337
13441
13564
13703
13813
13873
