0
0
41
182
318
359
566
571
770
852
955
1104
1205
1313
1460
1492
1698
1743
1902
2013
2105
2237
2346
2448
2828
2918
3040
3150
3243
3375
3512
3580
3757
3805
3962
4061
4173
4296
4400
4509
4693
4708
4890
4949
5095
5221
5313
5434
5576
5639
6021
6114
6228
6377
6473
6565
6722
6773
6980
6995
7153
7285
7374
7511
7617
7699
7886
7902
8108
8176
8291
8424
8514
8650
8772
8831
9035
9066
9241
9322
9427
9570
9661
9786
10167
10217
10374
10474
10565
10712
10837
10917
11300
11372
11506
11630
11728
11844
11989
12050
12230
12256
12430
12549
12647
12765
12878
12978
13142
13182
13358
13440
13565
13696
13789
13901
