0
0
43
169
313
376
566
571
755
858
965
1103
1205
1301
1455
1509
1697
1743
1887
2022
2111
2236
2346
2435
2627
2640
2828
2917
3026
3160
3249
3375
3512
3567
3770
3806
3963
4058
4160
4309
4402
4509
4689
4699
4903
4950
5095
5217
5301
5448
5577
5639
5826
5841
6035
6113
6229
6368
6466
6580
6723
6772
6961
7001
7166
7284
7375
7501
7611
7715
7884
7904
8092
8181
8302
8424
8515
8639
8768
8847
9035
9066
9225
9328
9438
9569
9662
9773
9950
9977
10167
10216
10359
10482
10573
10712
10837
10904
11098
11114
11300
11371
11491
11642
11731
11844
11989
12037
12242
12257
12430
12546
12635
12779
12881
12977
13142
13169
13372
13439
13566
13690
13779
13916
