0
0
46
154
311
389
741
861
978
1101
1208
1286
1454
1523
1698
1741
1873
2028
2122
2234
2349
2420
2628
2651
2830
2912
3014
3167
3258
3372
3517
3549
3788
3800
3965
4053
4149
4320
4407
4507
4919
4947
5096
5209
5293
5461
5580
5637
5815
5838
6051
6110
6231
6356
6462
6593
6727
6769
6948
7001
7181
7281
7378
7488
7608
7729
7888
7900
8077
8183
8316
8421
8517
8625
8766
8861
9038
9063
9212
9330
9451
9566
9665
9758
9950
9990
10171
10211
10346
10486
10585
10710
10841
10887
11100
11125
11301
11368
11478
11652
11738
11842
11991
12022
12432
12540
12626
12789
12887
12975
13388
13436
13569
13680
13772
13928
