0
0
44
165
312
379
751
859
969
1102
1206
1296
1455
1513
1697
1743
1883
2024
2114
2235
2347
2431
2628
2642
2829
2915
3022
3162
3251
3374
3514
3562
3775
3804
3963
4056
4157
4312
4404
4508
4907
4949
5095
5215
5299
5452
5578
5638
5824
5839
6039
6112
6229
6364
6465
6583
6724
6771
6958
7001
7170
7283
7376
7497
7610
7718
7886
7903
8088
8182
8306
8423
8515
8635
8768
8851
9036
9065
9222
9328
9441
9568
9663
9769
9950
9981
10168
10214
10355
10483
10577
10711
10838
10899
11099
11116
11300
11370
11488
11645
11733
11843
11989
12033
12250
12253
12431
12544
12632
12782
12883
12977
13144
13163
13376
13438
13567
13687
13777
13919
