0
0
42
195
799
834
945
1102
1206
1326
1702
1739
1928
1994
2100
2235
2348
2463
2829
2918
3065
3128
3239
3375
3513
3595
3743
3802
3964
4061
4196
4272
4400
4507
4703
4715
4877
4947
5096
5223
5334
5409
5578
5636
6007
6113
6229
6385
6492
6537
6724
6771
7138
7284
7375
7521
7636
7669
8144
8152
8280
8423
8516
8662
9042
9060
9272
9301
9417
9569
9661
9801
10169
10215
10400
10455
10558
10711
10838
10931
11302
11370
11530
11608
11727
11842
11992
12063
12218
12251
12431
12551
12671
12741
12878
12977
13146
13195
13343
13439
13566
13700
13811
13876
