0
0
45
174
320
362
766
852
962
1101
1208
1305
1464
1494
1703
1738
1897
2015
2111
2234
2349
2440
2831
2914
3036
3151
3248
3373
3516
3570
3769
3799
3965
4056
4169
4299
4404
4506
4901
4945
5097
5216
5310
5438
5581
5635
6030
6111
6231
6370
6473
6569
6727
6768
7161
7282
7377
7504
7617
7703
8103
8175
8299
8421
8517
8642
8774
8835
9045
9056
9237
9321
9434
9567
9664
9778
10172
10211
10370
10475
10571
10710
10841
10907
11303
11368
11501
11633
11732
11841
11994
12039
12432
12545
12645
12769
12883
12975
13151
13167
13368
13436
13568
13690
13788
13905
