0
0
40
203
939
1104
1205
1334
1700
1741
1939
1984
2096
2237
2346
2472
2828
2920
3077
3118
3236
3376
3512
3605
3734
3804
3962
4063
4207
4262
4398
4508
4696
4729
4868
4948
5095
5226
5344
5398
5576
5638
5998
6115
6227
6390
6505
6520
6721
6773
7130
7285
7373
7527
8273
8424
8514
8669
9038
9064
9411
9571
9660
9810
10167
10217
10414
10445
10554
10713
10837
10940
11301
11372
11541
11598
11724
11843
11991
12072
12207
12255
12430
12553
12681
12731
12875
12978
13143
13205
13334
13440
13565
13703
13821
13864
