0
0
46
162
315
379
751
857
972
1100
1209
1293
1458
1512
1701
1739
1883
2023
2118
2233
2350
2427
2831
2913
3023
3161
3255
3372
3517
3557
3783
3797
3966
4053
4157
4311
4406
4506
4913
4944
5097
5212
5300
5452
5582
5635
6043
6109
6231
6361
6466
6583
6728
6767
6960
6998
7173
7281
7378
7494
7611
7719
8088
8180
8310
8420
8518
8631
8769
8851
9043
9058
9222
9327
9445
9566
9665
9766
9955
9977
10173
10210
10355
10482
10580
10709
10842
10895
11303
11367
11488
11644
11736
11841
11994
12027
12433
12541
12633
12781
12886
12974
13381
13435
13569
13684
13778
13919
