0
0
42
175
314
369
563
574
761
856
960
1104
1205
1307
1457
1502
1697
1744
1893
2019
2108
2237
2346
2442
2628
2633
2828
2918
3032
3156
3246
3375
3512
3573
3763
3806
3962
4060
4165
4303
4401
4509
4690
4704
4896
4950
5094
5219
5306
5442
5576
5639
5831
5841
6028
6114
6228
6372
6468
6573
6722
6773
6968
7000
7160
7285
7374
7506
7613
7708
7884
7904
8098
8180
8297
8424
8514
8644
8769
8840
9034
9067
9232
9326
9432
9570
9661
9780
9951
9971
10166
10217
10365
10479
10569
10712
10837
10910
11097
11108
11299
11372
11497
11637
11729
11844
11988
12043
12235
12258
12430
12548
12640
12773
12879
12978
13142
13175
13365
13440
13565
13693
13783
13909
