0
0
231
268
374
526
611
768
1128
1177
1365
1408
1509
1674
1769
1903
2049
2051
2261
2320
2494
2563
2661
2810
2944
3033
3175
3201
3394
3488
3628
3707
3831
3941
4088
4167
4302
4373
4525
4662
4770
4838
4974
5077
5255
5298
5433
5551
5662
5803
5905
5974
6139
6207
6569
6694
6797
6955
7050
7108
7319
7339
7702
7852
7934
8104
8458
8481
8705
8726
8838
9008
9096
9236
9602
9629
9831
9895
9991
10141
10245
10372
10731
10813
10966
11033
11136
11279
11396
11507
11640
11697
11863
11965
12100
12172
12284
12414
12579
12636
12773
12850
12998
13116
13233
13313
13464
13544
13738
13765
13905
