0
0
213
276
387
522
614
752
896
913
1133
1172
1347
1416
1521
1671
1772
1886
2266
2316
2478
2575
2669
2808
2948
3016
3397
3484
3611
3722
3836
3939
4092
4149
4321
4369
4527
4655
4756
4854
4979
5074
5265
5274
5450
5548
5665
5795
5893
5991
6142
6204
6585
6691
6800
6944
7041
7125
7718
7848
7938
8089
8217
8252
8685
8734
8852
9004
9100
9220
9371
9380
9610
9620
9814
9905
10001
10138
10248
10355
10734
10809
10950
11045
11144
11276
11400
11489
11660
11692
11866
11960
12085
12187
12290
12412
12585
12616
12791
12847
13000
13111
13219
13329
13467
13541
13923
