0
0
190
285
402
521
615
736
886
939
1134
1170
1326
1426
1535
1669
1775
1868
2267
2313
2457
2588
2678
2807
2949
2997
3397
3482
3592
3739
3840
3938
4093
4131
4341
4366
4528
4648
4741
4873
4982
5072
5469
5546
5667
5786
5880
6012
6143
6204
6399
6433
6603
6690
6801
6932
7031
7146
7531
7581
7735
7846
7940
8072
8208
8276
8662
8742
8867
9003
9102
9203
9357
9409
9610
9620
9793
9916
10011
10137
10249
10338
10518
10538
10734
10807
10930
11059
11153
11275
11401
11470
11868
11956
12066
12203
12296
12411
12809
12846
13001
13106
13202
13349
13469
13541
13941
13998
