0
0
183
288
405
522
614
731
883
946
1132
1172
1319
1429
1538
1669
1774
1864
2060
2077
2265
2315
2451
2593
2679
2808
2947
2994
3202
3210
3396
3483
3586
3745
3840
3939
4091
4128
4344
4369
4528
4647
4735
4879
4982
5073
5473
5547
5666
5784
5875
6018
6142
6206
6390
6437
6606
6691
6800
6929
7028
7153
7328
7331
7523
7584
7739
7847
7939
8068
8206
8283
8655
8744
8871
9003
9101
9199
9354
9417
9604
9626
9786
9920
10014
10138
10247
10334
10512
10548
10733
10808
10923
11063
11154
11275
11400
11466
11683
11692
11867
11956
12060
12209
12296
12412
12585
12593
12811
12849
13000
13106
13196
13355
13468
13543
13727
13738
13945
