0
0
163
289
430
513
623
706
883
966
1300
1432
1562
1661
1786
1834
2065
2092
2281
2297
2432
2599
2698
2802
3214
3220
3401
3473
3570
3758
3854
3932
4534
4630
4727
4893
4996
5066
5504
5535
5674
5764
5868
6037
6151
6199
6371
6436
6635
6681
6807
6907
7024
7173
7503
7584
7767
7836
7948
8043
8205
8303
8636
8745
8896
8995
9112
9171
9354
9437
9766
9925
10035
10131
10257
10305
10515
10566
10740
10798
10906
11070
11175
11267
11420
11427
11875
11942
12046
12219
12312
12406
13006
13092
13184
13372
13479
13536
13718
13727
