0
0
198
284
393
524
612
745
885
932
1130
1175
1333
1425
1526
1672
1771
1878
2263
2318
2465
2585
2671
2809
2945
3009
3198
3202
3395
3486
3599
3733
3836
3940
4089
4142
4328
4372
4526
4654
4745
4866
4978
5075
5256
5273
5458
5549
5664
5792
5883
6004
6140
6207
6405
6435
6592
6693
6799
6940
7033
7138
7322
7337
7538
7582
7725
7849
7937
8082
8208
8269
8464
8475
8670
8741
8858
9005
9099
9213
9357
9402
9602
9628
9801
9914
10004
10140
10246
10348
10515
10533
10732
10810
10937
11055
11146
11277
11398
11481
11665
11696
11865
11960
12072
12198
12291
12413
12581
12611
12797
12850
12999
13111
13207
13342
13466
13543
13736
13743
13930
