0
0
203
279
396
520
616
743
892
924
1137
1168
1338
1420
1529
1669
1775
1876
2269
2312
2468
2581
2674
2806
2950
3005
3398
3482
3603
3730
3839
3937
4095
4138
4334
4365
4529
4651
4750
4862
4982
5072
5461
5545
5667
5789
5888
6000
6145
6203
6595
6689
6802
6937
7037
7135
7546
7573
7728
7846
7940
8080
8214
8263
8675
8736
8861
9002
9102
9211
9365
9394
9804
9910
10007
10136
10250
10345
10735
10806
10941
11051
11150
11274
11402
11478
11868
11956
12077
12194
12294
12410
12802
12844
13002
13107
13211
13338
13470
13540
13934
13997
