0
0
208
280
387
524
612
752
888
922
1130
1175
1342
1420
1521
1672
1771
1886
2263
2318
2473
2579
2668
2809
2945
3016
3194
3198
3395
3486
3607
3726
3834
3940
4089
4150
4320
4372
4526
4656
4752
4858
4977
5075
5257
5280
5450
5550
5664
5796
5889
5995
6140
6207
6418
6429
6585
6693
6799
6945
7038
7129
7322
7336
7548
7578
7718
7850
7936
8089
8212
8259
8462
8477
8679
8738
8852
9006
9098
9220
9360
9392
9603
9628
9810
9909
10000
10140
10246
10355
10732
10811
10945
11049
11143
11278
11398
11489
11658
11696
11865
11962
12081
12191
12289
12413
12581
12618
12790
12850
12999
13112
13215
13333
13465
13543
13740
13747
13922
