2.7973310449218737e-13
2.796733317880198e11
4.471842258445248e12
2.2614042752115785e13
7.136255552308848e13
1.7388324657451672e14
3.596992488642124e14
6.644959888250439e14
1.1298842038318575e15
1.8031217378478585e15
2.7367950421756185e15
3.9884614462180545e15
5.620253399165782e15
7.69844601731503e15
1.0292989403033742e16
1.3477007329984708e16
1.732626401483999e16
2.1918600818140624e16
2.7333344835934304e16
3.3650691459131188e16
4.095106308892894e16
4.931444630395249e16
5.881970987771762e16
6.954390614345392e16
8.156155829700734e16
9.494393631729394e16
1.0975832426740475e17
1.2606728181778589e17
1.4392790290576704e17
1.6339107451291824e17
1.8450073860312115e17
2.0729316031970234e17
2.3179620558934435e17
2.5802863132364445e17
2.8599939144599053e17
3.157069620017847e17
3.471386886338192e17
3.80270159721755e17
4.150646084950309e17
4.5147234743211354e17
4.8943023825568166e17
5.2886120082309414e17
5.696737641942596e17
6.117616631347722e17
6.55003483280893e17
6.992623581546052e17
7.443857211715542e17
7.902051157322482e17
8.365360664273667e17
8.83178014321553e17
9.299143192065759e17
9.765123316343788e17
1.0227235374532828e18
1.0682837774765887e18
1.1129135448120943e18
1.156318362273709e18
1.198189242182496e18
1.238203230744242e18
1.2760240390641341e18
1.3113027627265062e18
1.3436786917289516e18
1.3727802124156444e18
1.39822580290458e18
1.419625123347774e18
1.4365802022025393e18
1.4486867195258394e18
1.4555353881327583e18
1.4567134332843894e18
1.451806171390244e18
1.4403986880258442e18
1.4220776153776594e18
1.396433009035263e18
1.3630603238548178e18
1.3215624884189123e18
1.2715520774156966e18
1.2126535810554936e18
1.1445057704357617e18
1.0667641575559276e18
9.791035484723195e17
8.812206878705306e17
7.728369931184707e17
6.537013756483072e17
5.235931472996695e17
3.823250090405627e17
2.297461192662528e17
6.574523866075392e16
-1.0974605160971213e17
-2.967500618158561e17
-4.9523963935462195e17
-7.051347520773775e17
-9.262990133348035e17
-1.158536153023355e18
-1.4015864391223788e18
-1.6551230544121457e18
-1.9187484332611062e18
-2.1919905635650048e18
-2.4742992591104686e18
-2.765042407822174e18
-3.0635022015333775e18
-3.368871353096449e18
-3.680249306820616e18
-3.9966384483896986e18
-4.3169403205719634e18
-4.63995185118722e18
-4.96436159994286e18
-5.288746030890214e18
-5.611565817384956e18
-5.931162186560102e18
-6.245753310437538e18
-6.553430750912881e18
-6.852155965949254e18
-7.139756884407896e18
-7.413924557026297e18
-7.67220989112946e18
-7.912020476723792e18
-8.130617511679113e18
-8.325112833749103e18
-8.492466067216024e18
-8.629481891970867e18
-8.732807442854164e18
-8.798929847087455e18
-8.824173907617968e18
-8.804699940182135e18
-8.736501771863652e18
-8.615404908883059e18
-8.437064881303525e18
-8.196965772274475e18
-7.890418939361374e18
-7.512561935422464e18
-7.058357636396274e18
-6.522593583253815e18
-5.899881545247834e18
-5.184657311458089e18
-4.3711807174864445e18
-3.453535913998553e18
-2.425631883639165e18
-1.2812032126681375e18
-1.3811123470938112e16
1.3831552261071217e18
2.916477170869707e18
4.593104688315605e18
6.420154265356923e18
8.404906476692763e18
1.0554803270086169e19
1.2877444954063192e19
1.5380586883838263e19
1.8072135841564463e19
2.0960146107311784e19
2.4052815217494794e19
2.7358479407794225e19
3.088560873795423e19
3.4642801896183394e19
3.863878068124096e19
4.288238416065516e19
4.738256250389259e19
5.2148370489680265e19
5.7188960687070314e19
6.251357631023575e19
6.813154374739125e19
7.405226476464356e19
8.028520838599744e19
8.683990245116694e19
9.372592485327346e19
1.0095289445895014e20
1.0853046171381339e20
1.1646829893670982e20
1.2477609030659737e20
1.3346352154637618e20
1.4254026930844136e20
1.52015990267192e20
1.6190030992419465e20
1.7220281113216473e20
1.829330223443965e20
1.9410040559673973e20
2.057143442296901e20
2.17784130358628e20
2.3031895210070793e20
2.433278805673661e20
2.5681985663187868e20
2.7080367748186633e20
2.8528798296709595e20
3.002812417533909e20
3.1579173729390874e20
3.318275536294934e20
3.483965610302523e20
3.6550640149094164e20
3.831644740931749e20
4.01377920247892e20
4.201536088319426e20
4.394981212330392e20
4.594177363177446e20
4.799184153375348e20
5.010057867883692e20
5.226851312395618e20
5.449613661481093e20
5.678390306749781e20
5.91322270520186e20
6.154148227938369e20
6.401200009405803e20
6.654406797352527e20
6.913792803677538e20
7.179377556354649e20
7.451175752617714e20
7.729197113594977e20
8.013446240582596e20
8.303922473149746e20
8.600619749269146e20
8.903526467669076e20
9.212625352603826e20
9.52789332124144e20
9.849301353868303e20
1.0176814367111242e21
1.0510391090378649e21
1.0849983945722352e21
1.1195538931322735e21
1.1546995508799238e21
1.190428649454884e21
1.22673379553142e21
1.263606910818329e21
1.301039222522095e21
1.3390212542932517e21
1.377542817675777e21
1.416593004079278e21
1.4561601772934925e21
1.4962319665645046e21
1.5367952602518155e21
1.57783620008521e21
1.6193401760400894e21
1.661291821849661e21
1.7036750111720688e21
1.7464728544302392e21
1.7896676963418358e21
1.8332411141563828e21
1.8771739166161636e21
1.9214461436571518e21
1.9660370668657086e21
2.0109251907063804e21
2.056088254535594e21
2.1015032354155518e21
2.1471463517420955e21
2.1929930676997275e21
2.239018098556421e21
2.2851954168102304e21
2.3314982591990847e21
2.377899134584515e21
2.4243698327193854e21
2.4708814339089923e21
2.517404319574233e21
2.5639081837247584e21
2.6103620453493097e21
2.656734261729655e21
2.7029925426837665e21
2.749103965743048e21
2.7950349922676286e21
2.840751484502867e21
2.8862187235793814e21
2.9314014284580153e21
2.976263775820299e21
3.0207694209039996e21
3.0648815192825355e21
3.108562749585965e21
3.151775337160456e21
3.1944810786620614e21
3.236641367579755e21
3.2782172206816575e21
3.319169305377368e21
3.359457967988413e21
3.399043262917711e21
3.4378849827080157e21
3.4759426889782536e21
3.5131757442256543e21
3.549543344480544e21
3.585004552799629e21
3.6195183335826066e21
3.6530435876958477e21
3.685539188385884e21
3.7169640179644367e21
3.7472770052455966e21
3.776437163714848e21
3.8044036304085016e21
3.831135705481129e21
3.856592892437567e21
3.8807349390050475e21
3.903521878619964e21
3.9249140725028655e21
3.9448722522942116e21
3.963357563222473e21
3.9803316077752054e21
3.9957564898427546e21
4.009594859303313e21
4.0218099570171487e21
4.0323656601968795e21
4.0412265281197997e21
4.048357848147398e21
4.053725682016312e21
4.057296912364218e21
4.0590392894531893e21
4.0589214780524383e21
4.056913104441483e21
4.0529848034940263e21
4.0471082658022094e21
4.039256284800087e21
4.0294028038446346e21
4.0175229632118123e21
4.0035931469647824e21
3.9875910296505994e21
3.969495622781336e21
3.9492873210549177e21
3.926947948270627e21
3.9024608028936194e21
3.875810703222524e21
3.8469840321137297e21
3.8159687812156574e21
3.7827545946659886e21
3.747332812204589e21
3.70969651165458e21
3.6698405507238786e21
3.6277616080793475e21
3.5834582236455544e21
3.5369308380801794e21
3.488181831377896e21
3.4372155605548097e21
3.3840383963653483e21
3.3286587590037885e21
3.271087152742663e21
3.211336199460446e21
3.1494206710112935e21
3.0853575203897103e21
3.0191659116434754e21
2.9508672484884716e21
2.880485201579513e21
2.8080457343916657e21
2.733577127667167e21
2.6571100023835077e21
2.5786773411988657e21
2.4983145083318347e21
2.416059267832882e21
2.331951800205972e21
2.2460347173392723e21
2.1583530757050713e21
2.06895438778952e21
1.97788863171409e21
1.8852082590113574e21
1.790968200518955e21
1.6952258703563518e21
1.5980411679505782e21
1.4994764780777327e21
1.3995966688888283e21
1.2984690878892233e21
1.1961635558426883e21
1.0927523585720823e21
9.88310236630311e20
8.829143728163463e20
7.766443775129048e20
6.695822718234515e20
5.618124684881958e20
4.5342175055984984e20
3.4449924782205016e20
2.351364109343874e20
1.2542698329033042e20
1.5466970575448048e19
-9.464539198441862e19
-2.0480967469401375e20
-3.1492329078530035e20
-4.248815361452094e20
-5.345776313775151e20
-6.439027662003854e20
-7.52746146178762e20
-8.609950417892609e20
-9.685348398127949e20
-1.0752490970486187e21
-1.181019596340967e21
-1.2857264049078802e21
-1.3892479349594207e21
-1.4914610065904543e21
-1.5922409129313546e21
-1.6914614875373563e21
-1.788995173995751e21
-1.8847130977274545e21
-1.9784851399578306e21
-2.0701800138289573e21
-2.1596653426240158e21
-2.2468077400716214e21
-2.331472892696477e21
-2.4135256441798777e21
-2.492830081692078e21
-2.5692496241557986e21
-2.642647112398567e21
-2.7128849011488777e21
-2.779824952829622e21
-2.843328933099492e21
-2.9032583080915973e21
-2.959474443295874e21
-3.011838704030223e21
-3.0602125574429653e21
-3.1044576759873903e21
-3.1444360423069975e21
-3.180010055468128e21
-3.2110426384747536e21
-3.237397346998152e21
-3.2589384792524267e21
-3.275531186944884e21
-3.287041587228409e21
-3.293336875581441e21
-3.294285439538864e21
-3.2897569731961453e21
-3.2796225924066255e21
-3.263754950590918e21
-3.242028355075083e21
-3.214318883873558e21
-3.180504502830373e21
-3.140465183031766e21
-3.094083018400836e21
-3.0412423433846805e21
-2.98182985064219e21
-2.915734708640223e21
-2.8428486790642223e21
-2.763066233948443e21
-2.67628467243011e21
-2.582404237030431e21
-2.481328229365089e21
-2.372963125185166e21
-2.257218688649825e21
-2.134008085730216e21
-2.0032479966444766e21
-1.8648587272222168e21
-1.718764319097374e21
-1.564892658627117e21
-1.4031755844347222e21
-1.2335489934736344e21
-1.0559529455104106e21
-8.703317659234211e20
-6.766341467149603e20
-4.74813245633672e20
-2.648267833052737e20
-4.663713826908563e19
1.7978856018123896e20
4.144783414546116e20
6.574553055174056e20
9.087375372470568e20
1.1683380233836471e21
1.4362645721787075e21
1.712519735838656e21
1.9971007358602492e21
2.2899993913538238e21
2.59120205044902e21
2.900689524876918e21
3.2184370278203214e21
3.5444141151234493e21
3.878584629950034e21
4.2209066509780716e21
4.5713324442166635e21
4.929808418529853e21
5.296275084949427e21
5.670667019857799e21
6.052912832118833e21
6.442935134233491e21
6.840650517594145e21
7.245969531909927e21
7.658796668872075e21
8.07903035012687e21
8.506562919620309e21
8.941280640377016e21
9.383063695771998e21
9.831786195352201e21
1.0287316185261216e22
1.0749515663318211e22
1.12182405987983e22
1.1693340956959382e22
1.2174660728356786e22
1.2662037962983907e22
1.3155304809274192e22
1.3654287557995614e22
1.415880669106627e22
1.4668676935315567e22
1.5183707321212676e22
1.5703701246579258e22
1.622845654530098e22
1.6757765561047721e22
1.7291415226009482e22
1.7829187144650066e22
1.837085768247803e22
1.891619805982935e22
1.946497445065347e22
2.0016948086289163e22
2.0571875364213713e22
2.1129507961744157e22
2.168959295466594e22
2.2251872940759303e22
2.2816086168190514e22
2.338196666873032e22
2.3949244395758255e22
2.4517645367006724e22
2.508689181199508e22
2.565670232409955e22
2.6226792017200385e22
2.679687268684406e22
2.7366652975853246e22
2.7935838544313786e22
2.850413224386333e22
2.9071234296202385e22
2.9636842475743915e22
3.0200652296313863e22
3.0762357201810577e22
3.1321648760727347e22
3.1878216864437484e22
3.2431749929138188e22
3.298193510134454e22
3.3528458466821824e22
3.407100526283968e22
3.4609260093628077e22
3.5142907148911103e22
3.5671630425391186e22
3.6195113951051553e22
3.6713042012142324e22
3.7225099382711084e22
3.7730971556535614e22
3.823034498131287e22
3.872290729495478e22
3.920834756383831e22
3.96863565228536e22
4.015662681709133e22
4.061885324500669e22
4.107273300289497e22
4.151796593051023e22
4.195425475765646e22
4.238130535157692e22
4.279882696496563e22
4.3206532484421965e22
4.360413867916698e22
4.399136644983778e22
4.43679410771742e22
4.473359247040964e22
4.50880554151765e22
4.543106982073412e22
4.57623809663261e22
4.6081739746471735e22
4.638890291499527e22
4.668363332759521e22
4.696570018275435e22
4.723487926079096e22
4.74909531608501e22
4.773371153563282e22
4.796295132366183e22
4.817847697887995e22
4.83801006973789e22
4.856764264105449e22
4.874093115798542e22
4.8899802999332035e22
4.9044103532552345e22
4.917368695073262e22
4.92884164778307e22
4.9388164569630895e22
4.947281311020998e22
4.954225360371531e22
4.95963873612569e22
4.963512568271694e22
4.9658390033281784e22
4.966611221450263e22
4.965823452969412e22
4.9634709943480935e22
4.9595502235305265e22
4.954058614671038e22
4.94699475222179e22
4.938358344361928e22
4.928150235750469e22
4.9163724195855145e22
4.903028048952815e22
4.888121447446888e22
4.871658119048341e22
4.8536447572414485e22
4.834089253356229e22
4.813000704119959e22
4.7903894184031894e22
4.7662669231459525e22
4.740645968450167e22
4.713540531824822e22
4.68496582157088e22
4.654938279293462e22
4.62347558152916e22
4.5905966404771825e22
4.556321603823177e22
4.520671853645482e22
4.483670004393787e22
4.4453398999310845e22
4.405706609630077e22
4.364796423516033e22
4.322636846448545e22
4.279256591335345e22
4.234685571371952e22
4.188954891301569e22
4.1420968376902435e22
4.094144868213115e22
4.045133599948095e22
3.995098796674108e22
3.944077355171716e22
3.8921072905245285e22
3.8392277204207774e22
3.785478848454836e22
3.7309019464294906e22
3.6755393356602114e22
3.6194343672837585e22
3.5626314015738666e22
3.5051757862677794e22
3.4471138339079334e22
3.388492798204109e22
3.3293608494218837e22
3.269767048804232e22
3.2097613220336122e22
3.1493944317430293e22
3.0887179490849586e22
3.027784224368128e22
2.9666463567726464e22
2.9053581631550415e22
2.8439741459553107e22
2.782549460219049e22
2.721139879748331e22
2.6598017623960106e22
2.5985920145186907e22
2.5375680546045333e22
2.4767877760926926e22
2.4163095094021446e22
2.356191983188238e22
2.296494284846154e22
2.237275820281233e22
2.1785962729667436e22
2.1205155623106215e22
2.063093801353207e22
2.006391253818906e22
1.95046829054527e22
1.895385345313852e22
1.8412028701077324e22
1.7879812898214128e22
1.7357809564493172e22
1.6846621027799677e22
1.6346847956233894e22
1.5859088886000333e22
1.5383939745200273e22
1.4921993373823166e22
1.447383904023688e22
1.4040061954483621e22
1.3621242778692862e22
1.3217957134929377e22
1.2830775110798435e22
1.2460260763136327e22
1.2106971620117834e22
1.1771458182118946e22
1.1454263421675931e22
1.115592228288671e22
1.0876961180605118e22
1.0617897499781323e22
1.0379239095306853e22
1.0161483792724615e22
9.965118890169107e21
9.79062066190288e21
9.6384538638209e21
9.509071241294215e21
9.402913039728832e21
9.320406518215765e21
9.26196546665231e21
9.227989726713807e21
9.218864717058535e21
9.234960963147458e21
9.276633632063292e21
9.344222072712297e21
9.438049361793479e21
9.55842185591884e21
9.705628750269714e21
9.879941644171465e21
1.008161411396997e22
1.0310881293590937e22
1.0567959463162137e22
1.0853045646077119e22
1.1166317214876962e22
1.1507931506323514e22
1.1878025446036645e22
1.2276715183063825e22
1.2704095734748164e22
1.316024064225632e22
1.3645201637125978e22
1.4159008319187104e22
1.4701667846207354e22
1.5273164635607124e22
1.587346007858614e22
1.650249226699659e22
1.716017573329414e22
1.7846401203890293e22
1.8561035366226492e22
1.9303920649881323e22
2.007487502201775e22
2.0873691797468064e22
2.1700139463750724e22
2.2553961521302034e22
2.3434876339201038e22
2.4342577026655406e22
2.527673132051088e22
2.6236981489035746e22
2.7222944252225233e22
2.8234210718859024e22
2.9270346340539847e22
3.0330890882927957e22
3.141535841437918e22
3.2523237312181416e22
3.3653990286578835e22
3.4807054422757693e22
3.598184124096104e22
3.7177736774884897e22
3.839410166850257e22
3.96302712914471e22
4.0885555873074735e22
4.215924065531689e22
4.345058606442051e22
4.475882790166076e22
4.608317755310077e22
4.74228222184579e22
4.877692515912696e22
5.014462596539592e22
5.152504084287606e22
5.291726291815848e22
5.432036256369334e22
5.573338774187633e22
5.7155364368312e22
5.8585296694212815e22
6.002216770787683e22
6.146493955517451e22
6.291255397896067e22
6.436393277731582e22
6.581797828050411e22
6.727357384652493e22
6.8729584375117325e22
7.018485684006683e22
7.163822083964644e22
7.3088489165012e22
7.453445838635667e22
7.597490945661688e22
7.74086083325065e22
7.883430661264343e22
8.025074219251666e22
8.165663993603201e22
8.305071236335634e22
8.443166035476954e22
8.579817387021787e22
8.714893268425064e22
8.848260713600668e22
8.979785889390491e22
9.109334173467955e22
9.236770233638737e22
9.361958108500159e22
9.484761289419419e22
9.605042803789412e22
9.722665299519938e22
9.837491130720553e22
9.94938244453027e22
1.0058201269048006e23
1.0163809602316587e23
1.026606950231193e23
1.0364843177887837e23
1.0459993080625708e23
1.0551381997537498e23
1.0638873144569143e23
1.0722330260850407e23
1.0801617703636539e23
1.0876600543885688e23
1.0947144662415384e23
1.1013116846580264e23
1.1074384887412462e23
1.113081767716516e23
1.1182285307198956e23
1.1228659166149846e23
1.1269812038317108e23
1.1305618202208233e23
1.133595352917776e23
1.136069558209591e23
1.1379723713982516e23
1.139291916654098e23
1.140016516852659e23
1.1401347033882903e23
1.1396352259579564e23
1.1385070623084397e23
1.1367394279402237e23
1.1343217857612704e23
1.1312438556838759e23
1.12749562415777e23
1.1230673536325792e23
1.1179495919428026e23
1.1121331816083887e23
1.1056092690440345e23
1.0983693136702817e23
1.0904050969195365e23
1.0817087311301029e23
1.0722726683213601e23
1.0620897088431928e23
1.051153009892865e23
1.039456093892479e23
1.0269928567202587e23
1.0137575757888649e23
9.997449179640656e22
9.849499473170507e22
9.693681327037977e22
9.529953551648807e22
9.358279151392535e22
9.178625394855284e22
8.990963883043737e22
8.795270615557375e22
8.59152605464659e22
8.379715187095232e22
8.159827583866988e22
7.931857457456051e22
7.695803716883212e22
7.4516700202800956e22
7.1994648250042215e22
6.939201435230392e22
6.6708980469633e22
6.394577790418637e22
6.1102687697207365e22
5.818004099866277e22
5.517821940904679e22
5.2097655292877666e22
4.893883206341486e22
4.570228443815862e22
4.238859866468895e22
3.899841271642975e22
3.5532416457934635e22
3.1991351779308622e22
2.837601269939585e22
2.468724543738148e22
2.092594845247523e22
1.7093072451353579e22
1.3189620363070863e22
9.216647281152895e21
5.175260372614966e21
1.0666187536623206e21
-3.1080666681490014e21
-7.347533385493576e21
-1.165046751677854e22
-1.6015504065735403e22
-2.0441227215231926e22
-2.492617065543064e22
-2.9468817946390877e22
-3.4067602915187927e22
-3.872091008760793e22
-4.342707515444961e22
-4.818438547244076e22
-5.299108059976574e22
-5.7845352866159165e22
-6.274534797751642e22
-6.76891656549379e22
-7.267486030810477e22
-7.770044174285995e22
-8.276387590284577e22
-8.786308564502444e22
-9.299595154888366e22
-9.816031275911585e22
-1.0335396786151677e23
-1.0857467579184374e23
-1.1382015677734358e23
-1.1908809331063252e23
-1.2437613115559603e23
-1.2968188038494336e23
-1.350029164490318e23
-1.4033678127556231e23
-1.4568098439970255e23
-1.5103300412419132e23
-1.5639028870894527e23
-1.617502575896676e23
-1.6711030262493456e23
-1.7246778937121656e23
-1.77820058385258e23
-1.8316442655324066e23
-1.8849818844609893e23
-1.938186177003647e23
-1.991229684238821e23
-2.0440847662571365e23
-2.0967236166954025e23
-2.1491182774983405e23
-2.201240653900622e23
-2.253062529621694e23
-2.304555582265464e23
-2.3556913989169417e23
-2.4064414919276093e23
-2.456777314881153e23
-2.5066702787309906e23
-2.556091768100852e23
-2.605013157739508e23
-2.653405829120525e23
-2.7012411871778747e23
-2.7484906771678753e23
-2.7951258016479823e23
-2.841118137562649e23
-2.8864393534264314e23
-2.9310612265942983e23
-2.9749556606090094e23
-3.0180947026152694e23
-3.0604505608303186e23
-3.101995622060352e23
-3.142702469252198e23
-3.1825438990694956e23
-3.2214929394825406e23
-3.259522867360858e23
-3.2966072260574854e23
-3.332719842973839e23
-3.367834847094068e23
-3.401926686477525e23
-3.434970145698162e23
-3.466940363219401e23
-3.4978128486931506e23
-3.5275635001714567e23
-3.556168621219326e23
-3.583604937917235e23
-3.6098496157417394e23
-3.634880276312746e23
-3.6586750139957735e23
-3.681212412347768e23
-3.7024715603948985e23
-3.72243206873083e23
-3.7410740854239865e23
-3.7583783117223526e23
-3.774326017544412e23
-3.788899056744868e23
-3.8020798821438085e23
-3.8138515603081105e23
-3.824197786073926e23
-3.833102896799105e23
-3.84055188633463e23
-3.84653041870409e23
-3.851024841480467e23
-3.85402219884947e23
-3.855510244348896e23
-3.8554774532735706e23
-3.8539130347355384e23
-3.850806943369351e23
-3.8461498906724247e23
-3.8399333559706414e23
-3.832149596999433e23
-3.822791660090895e23
-3.811853389957529e23
-3.799329439063515e23
-3.785215276574489e23
-3.769507196877119e23
-3.7522023276598604e23
-3.73329863754668e23
-3.712794943275467e23
-3.690690916413393e23
-3.666987089601461e23
-3.641684862320962e23
-3.614786506174541e23
-3.5862951696751e23
-3.5562148825358024e23
-3.5245505594549106e23
-3.491308003389254e23
-3.45649390831061e23
-3.4201158614393896e23
-3.382182344950487e23
-3.3427027371462565e23
-3.301687313092057e23
-3.25914724470997e23
-3.2150946003267844e23
-3.1695423436724176e23
-3.1225043323255076e23
-3.073995315603059e23
-3.0240309318914957e23
-2.972627705416668e23
-2.919803042450842e23
-2.8655752269548835e23
-2.8099634156544338e23
-2.752987632548912e23
-2.6946687628528043e23
-2.635028546368902e23
-2.5740895702936046e23
-2.5118752614546483e23
-2.448409877982085e23
-2.383718500413728e23
-2.317827022236477e23
-2.2507621398655135e23
-2.1825513420635505e23
-2.1132228988029197e23
-2.042805849573287e23
-1.9713299911385866e23
-1.8988258647467836e23
-1.8253247427967443e23
-1.750858614966546e23
-1.6754601738082494e23
-1.5991627998142933e23
-1.522000545961231e23
-1.4440081217367199e23
-1.3652208766561428e23
-1.2856747832756321e23
-1.2054064197086291e23
-1.1244529516533412e23
-1.0428521139390335e23
-9.606421915992447e22
-8.778620004806363e22
-7.945508673961882e22
-7.10748609832116e22
-6.2649551521805995e22
-5.41832319770584e22
-4.568001869201158e22
-3.71440685332096e22
-2.857957665331715e22
-1.9990774215386205e22
-1.1381926079914314e22
-2.75732845589455e21
5.878693482921971e21
1.4521788015290264e22
2.316757932199332e22
3.1811669966296508e22
4.044964340400128e22
4.907706652171854e22
5.768949220197951e22
6.628246191374512e22
7.485150832688368e22
8.339215794911723e22
9.189993378396262e22
1.0037035800813415e23
1.0879895466685553e23
1.1718125238553166e23
1.2551278709617681e23
1.3378910477700096e23
1.4200576420352014e23
1.5015833970955027e23
1.5824242395641863e23
1.6625363070871675e23
1.7418759761489024e23
1.8203998899097045e23
1.8980649860571224e23
1.9748285246540712e23
2.050648115966273e23
2.1254817482513557e23
2.1992878154920282e23
2.2720251450554796e23
2.3436530252612766e23
2.414131232839791e23
2.4834200602632877e23
2.5514803429315914e23
2.618273486194463e23
2.6837614921925412e23
2.747906986498923e23
2.810673244543234e23
2.8720242178003363e23
2.9319245597255734e23
2.9903396514187114e23
3.047235626998591e23
3.1025793986707925e23
3.156338681470494e23
3.208482017662909e23
3.258978800783713e23
3.307799299302076e23
3.3549146798889504e23
3.4002970302734525e23
3.4439193816702785e23
3.485755730761328e23
3.525781061214818e23
3.5639713647253676e23
3.600303661558726e23
3.634756020585067e23
3.667307578784915e23
3.6979385602120933e23
3.72663029439819e23
3.753365234183476e23
3.778126972959305e23
3.800900261307376e23
3.8216710230215565e23
3.840426370498192e23
3.8571546194811926e23
3.87184530314845e23
3.884489185526573e23
3.895078274221135e23
3.9036058324501036e23
3.910066390368366e23
3.9144557556717746e23
3.916771023469398e23
3.917010585413086e23
3.915174138073912e23
3.91126269055542e23
3.9052785713340076e23
3.8972254343172565e23
3.887108264111406e23
3.874933380489655e23
3.860708442053438e23
3.844442449079173e23
3.826145745543646e23
3.805830020321491e23
3.7835083075487965e23
3.7591949861473655e23
3.732905778504609e23
3.704657748304606e23
3.674469297506341e23
3.6423601624656864e23
3.608351409198105e23
3.572465427779802e23
3.534725925885328e23
3.49515792146035e23
3.453787734528791e23
3.410642978134066e23
3.365752548414722e23
3.319146613815378e23
3.270856603434246e23
3.22091519450936e23
3.169356299045929e23
3.116215049587936e23
3.061527784137649e23
3.0053320302272484e23
2.94766648814735e23
2.8885710133378546e23
2.8280865979468856e23
2.766255351564498e23
2.7031204811380805e23
2.638726270077148e23
2.5731180565556664e23
2.5063422110207045e23
2.4384461129166933e23
2.3694781266351993e23
2.2994875767006683e23
2.2285247222029828e23
2.1566407304885753e23
2.083887650122045e23
2.0103183831309304e23
1.9359866565468022e23
1.8609469932563756e23
1.7852546821768726e23
1.708965747770388e23
1.6321369189124202e23
1.5548255971304895e23
1.4770898242290168e23
1.398988249317239e23
1.3205800952574314e23
1.241925124551144e23
1.1630836046817206e23
1.0841162729316985e23
1.0050843006942054e23
9.260492572979872e22
8.470730733660377e22
7.682180037282236e22
6.8954658990877756e22
6.1112162220989666e22
5.330061014131049e22
4.552632001203541e22
3.7795622375732766e22
3.0114857126154534e22
2.2490369547860756e22
1.492850632897551e22
7.435611549467077e21
1.8022647345740513e19
-7.317933634772651e21
-1.4565945320288945e22
-2.1719719283925566e22
-2.877298534921039e22
-3.5719500395590523e22
-4.255305247262143e22
-4.926746491864861e22
-5.585660048137619e22
-6.2314365437707425e22
-6.863471371022265e22
-7.481165097763695e22
-8.083923877658515e22
-8.671159859204996e22
-9.242291593375329e22
-9.796744439581916e22
-1.0333950969700347e23
-1.085335136987932e23
-1.1354393839866284e23
-1.1836534989578413e23
-1.2299240232647088e23
-1.2741984176666755e23
-1.3164251009876549e23
-1.356553488400559e23
-1.394534029301278e23
-1.4303182447453122e23
-1.4638587644203309e23
-1.495109363128132e23
-1.524024996749459e23
-1.550561837665553e23
-1.574677309610207e23
-1.5963301219265128e23
-1.6154803032025343e23
-1.6320892342605524e23
-1.6461196804745857e23
-1.6575358233913016e23
-1.666303291629632e23
-1.6723891910347576e23
-1.675762134062437e23
-1.676392268369947e23
-1.6742513045903426e23
-1.6693125432670042e23
-1.661550900925939e23
-1.650942935263636e23
-1.6374668694286878e23
-1.62110261537593e23
-1.6018317962721284e23
-1.579637767932909e23
-1.5545056392709716e23
-1.5264222917361893e23
-1.4953763977286854e23
-1.4613584379665555e23
-1.4243607177903915e23
-1.3843773823874047e23
-1.3414044309183771e23
-1.2954397295314939e23
-1.246483023247454e23
-1.194535946701083e23
-1.1396020337251756e23
-1.0816867257630052e23
-1.0207973790965547e23
-9.569432708782862e22
-8.901356039547173e22
-8.203875104711139e22
-7.477140542470171e22
-6.721322319131331e22
-5.936609728009269e22
-5.123211375768543e22
-4.281355156140207e22
-3.411288210948021e22
-2.513276878385447e22
-1.5876066284962369e22
-6.345819858149824e21
3.4547356086567415e21
1.3522176616268533e22
2.38528922147267e22
3.4443085293061612e22
4.528877399834338e22
5.638579328394514e22
6.772979658689604e22
7.931625763406317e22
9.114047237687185e22
1.0319756105416002e23
1.154824703826814e23
1.2798997587470197e23
1.4071468428203401e23
1.536510361657703e23
1.6679330859092117e23
1.8013561794502322e23
1.9367192287975713e23
2.073960273744896e23
2.213015839205953e23
2.353820968253101e23
2.4963092563380505e23
2.640412886680531e23
2.786062666810407e23
2.933188066247038e23
3.081717255299718e23
3.231577144971683e23
3.382693427949557e23
3.534990620659309e23
3.688392106368908e23
3.842820179317185e23
3.998196089847435e23
4.154440090523995e23
4.311471483208483e23
4.469208667072392e23
4.6275691875216044e23
4.786469786007675e23
4.945826450700153e23
5.105554467993336e23
5.265568474820195e23
5.425782511745844e23
5.586110076811536e23
5.746464180100267e23
5.906757398994001e23
6.066901934092007e23
6.226809665759186e23
6.386392211272672e23
6.545560982534289e23
6.704227244316326e23
6.86230217300675e23
7.019696915820239e23
7.176322650440467e23
7.332090645058678e23
7.486912318773141e23
7.64069930231356e23
7.793363499054189e23
7.944817146278755e23
8.094972876660361e23
8.243743779918461e23
8.39104346461533e23
8.536786120053764e23
8.680886578237422e23
8.823260375855136e23
8.963823816250032e23
9.102494031334148e23
9.23918904340923e23
9.373827826853634e23
9.506330369635752e23
9.636617734613763e23
9.764612120581579e23
9.890236923020739e23
1.0013416794517895e24
1.0134077704807386e24
1.0252147000398793e24
1.0367553463748645e24
1.0480227371936162e24
1.0590100554802603e24
1.0697106452513925e24
1.0801180172506612e24
1.0902258545776614e24
1.1000280182471505e24
1.10951855267461e24
1.1186916910842172e24
1.1275418608352746e24
1.1360636886632129e24
1.1442520058312892e24
1.1521018531891303e24
1.1596084861343182e24
1.1667673794732354e24
1.1735742321774413e24
1.180024972031884e24
1.186115760171287e24
1.1918429955011142e24
1.1972033189995556e24
1.202193617897025e24
1.2068110297297181e24
1.2110529462638363e24
1.2149170172871373e24
1.2184011542645452e24
1.221503533854589e24
1.224222601283538e24
1.2265570735741543e24
1.2285059426260428e24
1.230068478144677e24
1.2312442304162297e24
1.2320330329254356e24
1.2324350048137655e24
1.2324505531753128e24
1.2320803751878366e24
1.231325460076512e24
1.230187090908033e24
1.2286668462127787e24
1.226766601432876e24
1.224488530194056e24
1.2218351053993213e24
1.2188091001425178e24
1.2154135884400326e24
1.2116519457789002e24
1.2075278494797404e24
1.2030452788730316e24
1.1982085152873441e24
1.1930221418482427e24
1.1874910430867155e24
1.181620404356047e24
1.1754157110562072e24
1.1688827476649152e24
1.162027596574667e24
1.1548566367351125e24
1.1473765421003054e24
1.1395942798804388e24
1.1315171085978451e24
1.1231525759470865e24
1.1145085164591503e24
1.105593048969844e24
1.0964145738926229e24
1.0869817702961945e24
1.0773035927873732e24
1.067389268199769e24
1.0572482920890595e24
1.0468904250356385e24
1.036325688755637e24
1.0255643620213955e24
1.0146169763925962e24
1.0034943117593951e24
9.922073916989936e23
9.807674786472706e23
9.691860688871314e23
9.574748873554394e23
9.456458822704553e23
9.337112195818776e23
9.216832772456599e23
9.095746393259361e23
8.973980899264622e23
8.851666069541745e23
8.72893355717486e23
8.605916823621423e23
8.48275107147544e23
8.359573175665375e23
8.236521613118376e23
8.113736390923151e23
7.991358973025044e23
7.869532205488388e23
7.748400240361481e23
7.628108458181368e23
7.508803389156347e23
7.390632633065031e23
7.273744777912147e23
7.15828931738201e23
7.044416567131538e23
6.932277579966117e23
6.822024059941791e23
6.713808275438891e23
6.607782971252745e23
6.504101279748062e23
6.402916631124475e23
6.304382662841573e23
6.208653128252316e23
6.115881804495144e23
6.0262223996949105e23
5.939828459524349e23
5.856853273177993e23
5.777449778811393e23
5.70177046849887e23
5.6299672927639796e23
5.5621915647370706e23
5.4985938639954106e23
5.4393239401411744e23
5.38453061617371e23
5.3343616917127013e23
5.2889638461292314e23
5.248482541642263e23
5.2130619264383066e23
5.182844737872686e23
5.157972205810532e23
5.1385839561665406e23
5.1248179147023456e23
5.116810211140737e23
5.114695083656027e23
5.118604783800136e23
5.1286694819238e23
5.145017173152785e23
5.16777358397849e23
5.197062079522763e23
5.233003571536472e23
5.2757164271913105e23
5.325316378724267e23
5.3819164339939004e23
5.4456267880076036e23
5.516554735478476e23
5.594804584470436e23
5.680477571189765e23
5.7736717759809614e23
5.874482040584394e23
5.9829998867128464e23
6.099313436003494e23
6.223507331401661e23
6.355662660031644e23
6.495856877609902e23
6.64416373445492e23
6.800653203147597e23
6.965391407895237e23
7.138440555651617e23
7.319858869044649e23
7.509700521162905e23
7.708015572250504e23
7.914849908360105e23
8.130245182012054e23
8.35423875490718e23
8.586863642739758e23
8.828148462155975e23
9.078117379902645e23
9.336790064209e23
9.604181638444788e23
9.880302637094963e23
1.0165158964091593e24
1.0458751853541717e24
1.0761077832888801e24
1.1072128688544257e24
1.1391891434024368e24
1.1720348280625944e24
1.205747661067424e24
1.2403248953373404e24
1.275763296328981e24
1.312059140149663e24
1.3492082119406657e24
1.3872058045318867e24
1.4260467173703186e24
1.4657252557245188e24
1.506235230167322e24
1.547569956338616e24
1.5897222549900577e24
1.6326844523133523e24
1.6764483805535815e24
1.721005378908893e24
1.7663462947177425e24
1.8124614849346282e24
1.859340817895197e24
1.9069736753713885e24
1.9553489549170626e24
2.0044550725044693e24
2.054279965451718e24
2.1048110956412042e24
2.156035453028847e24
2.2079395594436967e24
2.2605094726774407e24
2.313730790863102e24
2.36758865714197e24
2.422067764617757e24
2.4771523615967296e24
2.5328262571123814e24
2.589072826733093e24
2.6458750186509377e24
2.703215360049752e24
2.761075963750364e24
2.8194385351305934e24
2.8782843793176394e24
2.9375944086501604e24
2.997349150407271e24
3.0575287548013845e24
3.118113003231824e24
3.179081316795824e24
3.240412765053382e24
3.302086075042378e24
3.364079640540007e24
3.426371531566594e24
3.488939504127614e24
3.551761010189498e24
3.6148132078848516e24
3.6780729719423467e24
3.741516904336457e24
3.8051213451521664e24
3.8688623836594144e24
3.9327158695920624e24
3.9966574246259817e24
4.060662454050602e24
4.1247061586283454e24
4.188763546635963e24
4.252809446081863e24
4.3168185170933084e24
4.38076526446716e24
4.4446240503778344e24
4.508369107236004e24
4.5719745506912585e24
4.63541439277216e24
4.698662555156697e24
4.7616928825661884e24
4.8244791562755476e24
4.886995107732756e24
4.949214432280163e24
5.0111108029703e24
5.072657884468654e24
5.133829347035898e24
5.19459888058186e24
5.2549402087835e24
5.314827103259079e24
5.374233397790662e24
5.433133002586943e24
5.491499918578353e24
5.549308251736468e24
5.606532227409469e24
5.663146204665512e24
5.719124690635792e24
5.774442354848972e24
5.829074043548722e24
5.882994793986006e24
5.936179848677688e24
5.988604669623186e24
6.040244952470647e24
6.091076640624306e24
6.14107593928453e24
6.190219329412196e24
6.238483581608909e24
6.285845769904695e24
6.332283285444688e24
6.377773850066537e24
6.422295529760046e24
6.465826748000825e24
6.508346298949559e24
6.549833360508677e24
6.590267507228204e24
6.629628723052625e24
6.667897413900599e24
6.70505442006953e24
6.741081028456974e24
6.775958984590949e24
6.809670504461298e24
6.842198286144356e24
6.873525521213228e24
6.903635905926048e24
6.932513652184772e24
6.960143498257055e24
6.986510719253931e24
7.011601137356111e24
7.035401131781832e24
7.057897648489222e24
7.079078209606492e24
7.098930922583107e24
7.117444489055413e24
7.134608213420323e24
7.150412011110698e24
7.164846416566314e24
7.177902590894398e24
7.189572329213913e24
7.199848067677848e24
7.208722890168064e24
7.216190534657278e24
7.222245399233032e24
7.226882547778604e24
7.230097715306089e24
7.231887312936924e24
7.232248432525423e24
7.231178850921092e24
7.228677033865556e24
7.224742139520267e24
7.219374021621321e24
7.21257323225783e24
7.204341024270643e24
7.19467935326831e24
7.183590879257421e24
7.17107896788469e24
7.157147691288393e24
7.141801828556836e24
7.125046865791998e24
7.106888995776496e24
7.087335117242366e24
7.066392833740337e24
7.044070452108514e24
7.020376980539607e24
6.995322126246152e24
6.968916292723193e24
6.941170576608474e24
6.912096764139988e24
6.881707327211479e24
6.850015419026202e24
6.817034869349861e24
6.782780179363833e24
6.747266516119779e24
6.710509706597361e24
6.672526231366596e24
6.633333217857134e24
6.592948433236376e24
6.551390276899243e24
6.508677772572022e24
6.464830560033431e24
6.4198688864561e24
6.373813597371738e24
6.326686127263936e24
6.278508489792154e24
6.229303267651462e24
6.179093602071956e24
6.127903181962867e24
6.075756232705936e24
6.022677504603124e24
5.968692260984216e24
5.913826265979382e24
5.858105771962943e24
5.801557506673769e24
5.744208660019014e24
5.686086870567052e24
5.62722021173657e24
5.567637177688568e24
5.507366668927999e24
5.446437977622696e24
5.384880772646507e24
5.322725084354734e24
5.260001289099139e24
5.196740093490974e24
5.132972518419896e24
5.068729882837081e24
5.004043787311375e24
4.93894609736665e24
4.873468926609776e24
4.8076446196576526e24
4.741505734873022e24
4.675085026917771e24
4.6084154291338554e24
4.541530035760824e24
4.474462084000023e24
4.407244935935413e24
4.339912060320617e24
4.272497014242835e24
4.2050334246733026e24
4.1375549699151347e24
4.07009536095866e24
4.0026883227548486e24
3.935367575417701e24
3.8681668153658626e24
3.801119696414835e24
3.734259810830046e24
3.6676206703522826e24
3.601235687206023e24
3.535138155102111e24
3.4693612302455644e24
3.4039379123597737e24
3.3389010257384936e24
3.2742832003363493e24
3.2101168529096945e24
3.146434168218424e24
3.083267080300702e24
3.0206472538311377e24
2.9586060655743404e24
2.897174585944595e24
2.8363835606830957e24
2.7762633926640916e24
2.7168441238407084e24
2.6581554173420717e24
2.6002265397323725e24
2.5430863434432955e24
2.486763249390498e24
2.4312852297851573e24
2.3766797911516e24
2.3229739575613832e24
2.270194254094996e24
2.2183666905412463e24
2.1675167453453585e24
2.1176693498156204e24
2.0688488725993393e24
2.0210791044378848e24
1.9743832432109914e24
1.928783879280328e24
1.8843029811417735e24
1.8409618813963705e24
1.7987812630490746e24
1.7577811461449022e24
1.7179808747512902e24
1.6793991042959686e24
1.6420537892688368e24
1.6059621712965813e24
1.5711407675985223e24
1.5376053598316972e24
1.505370983333463e24
1.4744519167691462e24
1.444861672192644e24
1.416612985527115e24
1.3897178074730223e24
1.3641872948505702e24
1.3400318023829901e24
1.3172608749274513e24
1.2958832401595242e24
1.275906801717445e24
1.2573386328116719e24
1.240184970305428e24
1.2244512092712617e24
1.210141898028657e24
1.1972607336674284e24
1.1858105580611538e24
1.1757933543749682e24
1.1672102440713849e24
1.1600614844178832e24
1.154346466499416e24
1.1500637137388892e24
1.1472108809283377e24
1.145784753773138e24
1.1457812489514313e24
1.1471954146905043e24
1.1500214318617045e24
1.1542526155950044e24
1.1598814174141997e24
1.1668994278932413e24
1.1752973798340274e24
1.1850651519656272e24
1.1961917731645171e24
1.2086654271952556e24
1.22247345797055e24
1.2376023753294536e24
1.254037861332068e24
1.2717647770688318e24
1.2907671699821622e24
1.3110282816978395e24
1.3325305563633386e24
1.3552556494898515e24
1.3791844372945092e24
1.4042970265390116e24
1.430572764860478e24
1.457990251590119e24
1.4865273490549778e24
1.5161611943575818e24
1.5468682116282906e24
1.578624124744505e24
1.611403970510878e24
1.6451821122941446e24
1.6799322541060905e24
1.7156274551276808e24
1.7522401446672996e24
1.789742137545516e24
1.8281046498987314e24
1.8672983153936667e24
1.9072932018443244e24
1.9480588282229505e24
1.989564182056035e24
2.0317777371963468e24
2.0746674719615437e24
2.1182008876297337e24
2.1623450272821805e24
2.207066494982887e24
2.252331475284821e24
2.2981057530520272e24
2.3443547335869344e24
2.3910434630516087e24
2.4381366491718586e24
2.4855986822124934e24
2.533393656212142e24
2.581485390465716e24
2.6298374512422895e24
2.678413173726259e24
2.7271756841691313e24
2.7760879222394217e24
2.82511266355775e24
2.8742125424041133e24
2.9233500745843355e24
2.972487680442197e24
3.0215877080040156e24
3.0706124562419293e24
3.1195241984423357e24
3.168285205665607e24
3.2168577702831545e24
3.2652042295778744e24
3.31328698939384e24
3.3610685478210614e24
3.4085115189009747e24
3.4555786563384413e24
3.502232877205729e24
3.5484372856241677e24
3.594155196408781e24
3.639350158661614e24
3.6839859792990154e24
3.728026746498368e24
3.7714368530497266e24
3.8141810195976964e24
3.856224317759083e24
3.897532193101705e24
3.9380704879698274e24
3.9778054641417993e24
4.0167038253053985e24
4.054732739336523e24
4.0918598603668654e24
4.12805335062638e24
4.1632819020463e24
4.1975147576087126e24
4.2307217324285545e24
4.262873234554351e24
4.2939402854737627e24
4.32389454031041e24
4.3527083076984114e24
4.3803545693213245e24
4.406806999102222e24
4.432039982031946e24
4.4560286326225086e24
4.478748812973113e24
4.5001771504361465e24
4.520291054870832e24
4.5390687354725155e24
4.556489217165503e24
4.57253235654795e24
4.587178857377108e24
4.600410285583923e24
4.6122090838057877e24
4.6225585854268427e24
4.631443028115258e24
4.638847566847265e24
4.644758286408068e24
4.6491622133598257e24
4.652047327467449e24
4.653402572572962e24
4.6532178669098226e24
4.6514841128484554e24
4.6481932060650953e24
4.643338044125809e24
4.6369125344783106e24
4.628911601844387e24
4.619331195005843e24
4.6081682929777507e24
4.5954209105624634e24
4.58108810327889e24
4.565169971661279e24
4.5476676649225097e24
4.5285833839772236e24
4.507920383820165e24
4.4856829752560347e24
4.4618765259768914e24
4.436507460984213e24
4.409583262352345e24
4.3811124683312985e24
4.3511046717864444e24
4.319570517973567e24
4.2865217016481327e24
4.251970963507508e24
4.215932085966105e24
4.1784198882629037e24
4.139450220902105e24
4.0990399594272156e24
4.0572069975301434e24
4.013970239496468e24
3.969349591988975e24
3.9233659551720407e24
3.876041213179158e24
3.827398223927369e24
3.7774608082816223e24
3.7262537385736066e24
3.67380272647906e24
3.6201344102584977e24
3.5652763413668587e24
3.509256970437161e24
3.452105632644852e24
3.393852532458634e24
3.3345287277852783e24
3.274166113514984e24
3.2127974044755756e24
3.1504561178030244e24
3.087176554736944e24
3.022993781850023e24
2.9579436117200696e24
2.8920625830548854e24
2.8253879402791835e24
2.757957612594558e24
2.6898101925224467e24
2.6209849139417833e24
2.551521629632178e24
2.4814607883345193e24
2.4108434113413103e24
2.3397110686285573e24
2.2681058545426405e24
2.1960703630544656e24
2.1236476625949969e24
2.0508812704852276e24
1.9778151269748555e24
1.9044935689040918e24
1.8309613030026427e24
1.7572633788413934e24
1.6834451614511732e24
1.6095523036247295e24
1.5356307179167892e24
1.4617265483588052e24
1.3878861419039835e24
1.314156019619092e24
1.2405828476399343e24
1.1672134079066536e24
1.094094568696602e24
1.021273254971217e24
9.487964185549852e23
8.767110081633846e23
8.0506393929812e23
7.339020640270339e23
6.63272140666899e23
5.9322080338745374e23
5.2379453175442126e23
4.5503962023055674e23
3.870021476525187e23
3.197279467028311e23
2.532625733950296e23
1.8765127659096367e23
1.2293896756924123e23
5.9170189663146275e22
-3.6109120124768915e21
-6.536062072708542e22
-1.2603567817353441e23
-1.8559331436206696e23
-2.439912773497218e23
-3.01187862786739e23
-3.571419432608889e23
-4.118129974207521e23
-4.651611388596081e23
-5.17147144740723e23
-5.677324841459189e23
-6.168793461283918e23
-6.64550667451852e23
-7.107101599971748e23
-7.553223378187495e23
-7.983525438323166e23
-8.397669761162223e23
-8.795327138086989e23
-9.176177425831294e23
-9.539909796843623e23
-9.88622298508385e23
-1.0214825527087294e24
-1.0525435998126241e24
-1.0817783243302436e24
-1.1091606603409648e24
-1.134665613540224e24
-1.1582692827314466e24
-1.1799488807471847e24
-1.1996827547844497e24
-1.2174504061389866e24
-1.233232509323973e24
-1.2470109305586848e24
-1.2587687456129694e24
-1.2684902569939492e24
-1.2761610104613797e24
-1.2817678108587368e24
-1.28529873724719e24
-1.2867431573303006e24
-1.2860917411572834e24
-1.2833364740934232e24
-1.2784706690463693e24
-1.2714889779375173e24
-1.2623874024081831e24
-1.251163303750497e24
-1.2378154120535824e24
-1.222343834555847e24
-1.204750063194771e24
-1.1850369813459314e24
-1.1632088697435527e24
-1.1392714115751932e24
-1.1132316967438571e24
-1.0850982252910114e24
-1.0548809099747669e24
-1.0225910779976795e24
-9.882414718793814e23
-9.518462494695314e23
-9.134209830971577e23
-8.729826578530513e23
-8.305496690021816e23
-7.86141818523857e23
-7.39780310777545e23
-6.914877472932259e23
-6.41288120685174e23
-5.892068076890514e23
-5.3527056132235416e23
-4.7950750216891224e23
-4.2194710878896254e23
-3.626202072561199e23
-3.015589598240395e23
-2.387968527251639e23
-1.7436868310534873e23
-1.0831054509794483e23
-4.0659815041858695e22
2.854486415116748e22
9.926359947507754e22
1.7145526514720542e23
2.450775207591405e23
3.200868302531588e23
3.964384817171141e23
4.740866079891198e23
5.529842080638677e23
6.330831692910824e23
7.143342903564309e23
7.966873050350091e23
8.800909067061842e23
9.644927736191833e23
1.0498395948971147e24
1.1360770972678373e24
1.2231500725084533e24
1.3110024055906157e24
1.3995771035130164e24
1.4888163248065796e24
1.5786614096983982e24
1.669052910918711e24
1.7599306251361615e24
1.8512336250047086e24
1.9429002918064876e24
2.034868348673481e24
2.1270748943707697e24
2.2194564376242036e24
2.31194893197386e24
2.404487811135606e24
2.4970080248513016e24
2.58944407520921e24
2.6817300534144604e24
2.7737996769902e24
2.86558632738912e24
2.957023087994573e24
3.0480427824909795e24
3.1385780135817294e24
3.2285612020338363e24
3.317924626026896e24
3.40660046078511e24
3.494520818469337e24
3.581617788307316e24
3.6678234769390444e24
3.7530700489541227e24
3.83728976759846e24
3.9204150356262467e24
4.0023784362743924e24
4.083112774334932e24
4.1625511173021193e24
4.240626836570045e24
4.31727364865605e24
4.392425656426565e24
4.4660173903003856e24
4.5379838494048706e24
4.6082605426610046e24
4.676783529772062e24
4.743489462091879e24
4.8083156233474037e24
4.871199970191438e24
4.932081172560276e24
4.990898653812007e24
5.047592630620646e24
5.102104152601259e24
5.154375141641969e24
5.204348430917825e24
5.251967803562633e24
5.297178030973941e24
5.339924910727397e24
5.380155304076249e24
5.417817173011897e24
5.452859616862166e24
5.485232908403212e24
5.51488852946215e24
5.541779205986792e24
5.56585894255991e24
5.587083056334951e24
5.60540821037096e24
5.620792446344439e24
5.633195216616038e24
5.642577415630676e24
5.648901410629524e24
5.652131071653011e24
5.652231800813901e24
5.649170560820419e24
5.642915902729106e24
5.633437992908016e24
5.620708639190962e24
5.604701316203823e24
5.585391189844816e24
5.56275514090036e24
5.536771787779262e24
5.507421508347935e24
5.474686460850097e24
5.438550603894723e24
5.39899971549656e24
5.356021411153951e24
5.309605160949466e24
5.259742305658868e24
5.206426071855e24
5.149651585993355e24
5.089415887466819e24
5.025717940617537e24
4.958558645694483e24
4.887940848745781e24
4.813869350435695e24
4.736350913776336e24
4.655394270765104e24
4.571010127919482e24
4.483211170701051e24
4.3920120668217755e24
4.2974294684257047e24
4.199482013140078e24
4.098190323990888e24
3.993577008177558e24
3.885666654703269e24
3.774485830857131e24
3.66006307754579e24
3.542428903472137e24
3.4216157781598704e24
3.297658123823122e24
3.170592306081219e24
3.0404566235190604e24
2.90729129609439e24
2.771138452394236e24
2.632042115742782e24
2.4900481891644933e24
2.3452044392060033e24
2.1975604786220676e24
2.0471677479306168e24
1.8940794958429806e24
1.7383507585764792e24
1.5800383380562497e24
1.419200779015114e24
1.2558983449996733e24
1.0901929932925795e24
9.221483487611514e23
7.518296766426841e23
5.793038542787248e23
4.0463934180970436e23
2.2790615184347546e23
4.917581811053829e22
-1.3147863687922856e23
-3.139827351642916e23
-4.982605776275534e23
-6.842348792452089e23
-8.718270052718066e23
-1.0609570083437312e24
-1.2515436664839862e24
-1.443504521989044e24
-1.6367559211794625e24
-1.8312130549940994e24
-2.0267900004078612e24
-2.2233997626526045e24
-2.420954318219252e24
-2.619364658619971e24
-2.8185408348873885e24
-3.018392002788636e24
-3.218826468730124e24
-3.4197517363300696e24
-3.6210745536332296e24
-3.822700960944236e24
-4.0245363392535735e24
-4.226485459230371e24
-4.428452530756494e24
-4.6303412529745225e24
-4.832054864823738e24
-5.033496196035341e24
-5.234567718560671e24
-5.435171598403416e24
-5.635209747827495e24
-5.834583877912358e24
-6.033195551425929e24
-6.230946235986615e24
-6.427737357484149e24
-6.623470353729653e24
-6.818046728304772e24
-7.01136810457955e24
-7.203336279868489e24
-7.393853279693781e24
-7.5828214121253e24
-7.770143322165593e24
-7.955722046149487e24
-8.139461066125841e24
-8.321264364191233e24
-8.501036476742969e24
-8.678682548620548e24
-8.854108387103524e24
-9.027220515734062e24
-9.197926227932829e24
-9.366133640376173e24
-9.531751746102999e24
-9.694690467319773e24
-9.854860707872154e24
-1.001217440535163e25
-1.0166544582805738e25
-1.0317885400020802e25
-1.0466112204345873e25
-1.0611141581027098e25
-1.0752891403021296e25
-1.08912808802588e25
-1.1026230608324533e25
-1.1157662616527612e25
-1.1285500415329313e25
-1.140966904309977e25
-1.1530095112174406e25
-1.1646706854180386e25
-1.1759434164605035e25
-1.1868208646577486e25
-1.1972963653835568e25
-1.2073634332850377e25
-1.2170157664081227e25
-1.2262472502334081e25
-1.2350519616197325e25
-1.2434241726528445e25
-1.25135835439666e25
-1.2588491805445804e25
-1.265891530968424e25
-1.2724804951625755e25
-1.2786113755809973e25
-1.2842796908648185e25
-1.289481178958258e25
-1.294211800110706e25
-1.298467739762831e25
-1.3022454113146798e25
-1.3055414587737315e25
-1.3083527592810173e25
-1.3106764255133908e25
-1.3125098079601657e25
-1.3138504970724058e25
-1.3146963252831302e25
-1.3150453688969315e25
-1.3148959498473754e25
-1.3142466373208235e25
-1.3130962492451998e25
-1.311443853642491e25
-1.3092887698436612e25
-1.3066305695648676e25
-1.3034690778439029e25
-1.2998043738358275e25
-1.2956367914669172e25
-1.2909669199460163e25
-1.2857956041326167e25
-1.2801239447609077e25
-1.2739532985192212e25
-1.2672852779844036e25
-1.2601217514105704e25
-1.2524648423720377e25
-1.2443169292600105e25
-1.2356806446329962e25
-1.2265588744207074e25
-1.2169547569815688e25
-1.2068716820138123e25
-1.1963132893203425e25
-1.1852834674276817e25
-1.173786352059204e25
-1.1618263244632361e25
-1.1494080095963494e25
-1.1365362741626344e25
-1.1232162245094357e25
-1.1094532043804923e25
-1.0952527925272096e25
-1.0806208001790328e25
-1.0655632683740153e25
-1.050086465150548e25
-1.0341968826016121e25
-1.0179012337926587e25
-1.00120644954465e25
-9.841196750835578e24
-9.666482665579202e24
-9.487997874261125e24
-9.30582004714881e24
-9.120028851510991e24
-8.93070591168405e24
-8.737934767908541e24
-8.541800833953851e24
-8.34239135355403e24
-8.139795355674715e24
-7.934103608634251e24
-7.725408573102774e24
-7.513804354001621e24
-7.299386651329573e24
-7.082252709939243e24
-6.86250126829172e24
-6.640232506214019e24
-6.415547991688872e24
-6.188550626703102e24
-5.959344592183969e24
-5.728035292053586e24
-5.494729296429396e24
-5.259534284003613e24
-5.022558983630184e24
-4.783913115153582e24
-4.54370732950931e24
-4.3020531481299966e24
-4.059062901690892e24
-3.814849668226691e24
-3.5695272106562475e24
-3.3232099137474436e24
-3.0760127205596976e24
-2.828051068397455e24
-2.5794408243126566e24
-2.330298220190778e24
-2.0807397874580047e24
-1.8308822914470084e24
-1.5808426654571505e24
-1.330737944548834e24
-1.0806851991075803e24
-8.308014682185763e23
-5.812036928874757e23
-3.320086491485224e23
-8.33328810969571e22
1.6470736611458068e23
4.119962132758243e23
6.584182140773206e23
9.03858421986077e23
1.1482024570010455e24
1.3913365722470145e24
1.63314772036901e24
1.8735236196869845e24
2.1123528200706319e24
2.3495247684965714e24
2.5849298742463395e24
2.8184595737081556e24
3.050006394740847e24
3.2794640205633396e24
3.50672735312841e24
3.7316925759438404e24
3.9542572163016207e24
4.1743202068763514e24
4.391781946656314e24
4.6065443611675485e24
4.8185109619552855e24
5.027586905283793e24
5.233679050019606e24
5.436696014659871e24
5.636548233471235e24
5.833148011702972e24
6.026409579838614e24
6.216249146852672e24
6.402584952436446e24
6.585337318160943e24
6.764428697541819e24
6.939783724975109e24
7.111329263510914e24
7.278994451433047e24
7.442710747614881e24
7.602411975619506e24
7.75803436651607e24
7.909516600381737e24
8.056799846462395e24
8.199827801963008e24
8.338546729441909e24
8.472905492782264e24
8.60285559171497e24
8.728351194869327e24
8.849349171326338e24
8.965809120652912e24
9.077693401393466e24
9.184967157998767e24
9.287598346170325e24
9.385557756601631e24
9.478819037097054e24
9.567358713050261e24
9.651156206265975e24
9.730193852108083e24
9.80445691496e24
9.873933601982226e24
9.93861507515463e24
9.998495461591022e24
1.0053571862114446e25
1.010384435808378e25
1.0149316016461484e25
1.0189992893115174e25
1.0225884034345035e25
1.0257001476631677e25
1.0283360244598642e25
1.030497834718594e25
1.032187677203149e25
1.0334079478058205e25
1.0341613386266275e25
1.0344508368730273e25
1.0342797235802793e25
1.0336515721526414e25
1.032570246725774e25
1.0310399003507512e25
1.0290649730002759e25
1.0266501893977073e25
1.0238005566696874e25
1.0205213618232366e25
1.0168181690482809e25
1.0126968168467089e25
1.0081634149891375e25
1.0032243413006712e25
9.97886238277096e24
9.921560095329564e24
9.86040816083169e24
9.795480724598659e24
9.726854426662951e24
9.654608359696869e24
9.578824025351198e24
9.499585289024869e24
9.416978333088228e24
9.331091608582611e24
9.242015785420831e24
9.149843701113479e24
9.054670308047305e24
8.956592619342537e24
8.855709653317392e24
8.752122376588247e24
8.645933645835831e24
8.537248148267626e24
8.426172340808173e24
8.312814388049933e24
8.197284098997525e24
8.079692862639872e24
7.960153582384709e24
7.838780609391378e24
7.715689674838427e24
7.590997821162754e24
7.46482333230879e24
7.337285663025791e24
7.208505367253096e24
7.078604025632741e24
6.947704172190539e24
6.815929220226705e24
6.683403387457801e24
6.550251620452487e24
6.416599518404051e24
6.282573256283407e24
6.148299507416229e24
6.013905365529172e24
5.879518266309576e24
5.7452659085249e24
5.611276174746761e24
5.477677051726327e24
5.344596550467692e24
5.212162626045609e24
5.080503097215354e24
4.949745565861721e24
4.820017336335061e24
4.691445334722399e24
4.5641560281014965e24
4.438275343826325e24
4.313928588892283e24
4.191240369429883e24
4.070334510375191e24
3.951333975366142e24
3.8343607869127913e24
3.719535946891116e24
3.606979357407924e24
3.496809742086433e24
3.389144567820388e24
3.284099967045413e24
3.18179066057576e24
3.0823298810544274e24
2.9858292970645434e24
2.8923989379498103e24
2.802147119390971e24
2.715180369785658e24
2.631603357478224e24
2.551518818886008e24
2.475027487567897e24
2.4022280242808205e24
2.333216948069513e24
2.268088568433867e24
2.2069349186183293e24
2.1498456900669232e24
2.096908168086991e24
2.0482071687642605e24
2.0038249771710589e24
1.9638412869090596e24
1.9283331410272424e24
1.8973748743549392e24
1.871038057289212e24
1.8493914410752255e24
1.8325009046171956e24
1.8204294028569695e24
1.8132369167565465e24
1.8109804049194103e24
1.8137137568859113e24
1.8214877481353785e24
1.834349996828549e24
1.8523449223212692e24
1.8755137054809633e24
1.903894250835375e24
1.9375211505823055e24
1.976425650488698e24
2.0206356177053067e24
2.0701755105232985e24
2.1250663500968606e24
2.1853256941561754e24
2.2509676127324965e24
2.322002665917383e24
2.39843788367613e24
2.4802767477340756e24
2.5675191755547247e24
2.660161506425204e24
2.758196489665866e24
2.8616132749772143e24
2.970397404938474e24
3.084530809668508e24
3.2039918036607807e24
3.328755084801297e24
3.4587917355773334e24
3.59406922648481e24
3.7345514216386226e24
3.8801985865915966e24
4.0309673983637126e24
4.18681095768444e24
4.3476788034481215e24
4.513516929380998e24
4.684267802918898e24
4.859870386290491e24
5.040260159802853e24
5.225369147321536e24
5.415125943939274e24
5.60945574582289e24
5.808280382229591e24
6.011518349680588e24
6.21908484827878e24
6.430891820157744e24
6.646847990044883e24
6.866858907923881e24
7.090826993776492e24
7.3186515843864e24
7.550228982182592e24
7.785452506101828e24
8.024212544446677e24
8.266396609713855e24
8.511889395368947e24
8.760572834538575e24
9.012326160594e24
9.267025969594755e24
9.524546284563557e24
9.784758621559876e24
1.0047532057518902e25
1.0312733299823322e25
1.058022675757073e25
1.084987461450252e25
1.112153690355465e25
1.1395071582993987e25
1.167033461409859e25
1.194718004034287e25
1.2225460068045508e25
1.2505025148436687e25
1.2785724061102725e25
1.3067403998761393e25
1.3349910653324603e25
1.36330883031999e25
1.3916779901785335e25
1.4200827167107819e25
1.4485070672557238e25
1.4769349938666064e25
1.5053503525882954e25
1.533736912829076e25
1.5620783668214609e25
1.5903583391669587e25
1.6185603964592037e25
1.6466680569802432e25
1.6746648004644122e25
1.7025340779241982e25
1.7302593215326703e25
1.7578239545566311e25
1.7852114013349939e25
1.8124050972964648e25
1.839388499010909e25
1.8661450942684379e25
1.8926584121804753e25
1.9189120332968625e25
1.9448895997330332e25
1.9705748253014435e25
1.995951505641115e25
2.021003528339497e25
2.045714883040435e25
2.0700696715324396e25
2.0940521178110427e25
2.1176465781093433e25
2.14083755089067e25
2.1636096867972646e25
2.185947798549095e25
2.2078368707866366e25
2.229262069851741e25
2.2502087535005005e25
2.2706624805422213e25
2.290609020398529e25
2.3100343625766463e25
2.3289247260510433e25
2.347266568547505e25
2.365046595723902e25
2.3822517702417728e25
2.3988693207231065e25
2.414886750586533e25
2.430291846757361e25
2.4450726882458686e25
2.4592176545882814e25
2.4727154341450656e25
2.4855550322510498e25
2.497725779212131e25
2.509217338143251e25
2.5200197126425186e25
2.5301232542963232e25
2.5395186700104753e25
2.5481970291624078e25
2.556149770569607e25
2.563368709269515e25
2.5698460431062526e25
2.575574359119593e25
2.580546639731732e25
2.5847562687274955e25
2.588197037023722e25
2.590863148223705e25
2.5927492239526278e25
2.5938503089701108e25
2.594161876056037e25
2.59367983066602e25
2.5924005153528972e25
2.590320713950889e25
2.5874376555190564e25
2.5837490180409036e25
2.5792529318771105e25
2.5739479829684226e25
2.567833215786003e25
2.560908136026522e25
2.5531727130495933e25
2.5446273820550847e25
2.5352730459982183e25
2.525111077240294e25
2.5141433189331623e25
2.5023720861357252e25
2.489800166660724e25
2.476430821650517e25
2.46226778588036e25
2.4473152677881948e25
2.4315779492298225e25
2.415060984958647e25
2.397770001829397e25
2.3797110977251125e25
2.3608908402072406e25
2.341316264888417e25
2.320994873528108e25
2.2999346318509896e25
2.278143967088584e25
2.2556317652443746e25
2.2324073680831136e25
2.2084805698451274e25
2.1838616136863687e25
2.1585611878455393e25
2.1325904215392864e25
2.1059608805871366e25
2.0786845627674777e25
2.0507738929065915e25
2.0222417177024167e25
1.99310130028518e25
1.96336631451722e25
1.9330508390341222e25
1.902169351030023e25
1.8707367197894423e25
1.8387681999688075e25
1.8062794246304143e25
1.7732863980320876e25
1.739805488175956e25
1.7058534191195167e25
1.6714472630529612e25
1.6366044321461392e25
1.601342670169438e25
1.5656800438922456e25
1.5296349342635487e25
1.4932260273787117e25
1.456472305236993e25
1.4193930362945457e25
1.3820077658173254e25
1.3443363060391472e25
1.3063987261294958e25
1.268215341976609e25
1.2298067057906793e25
1.191193595532921e25
1.1523970041756907e25
1.113438128799355e25
1.0743383595317964e25
1.035119268335999e25
9.958025976520924e24
9.564102488994378e24
9.169642708453158e24
8.774868478460988e24
8.380002879673771e24
7.985270109895747e24
7.590895363052266e24
7.197104707149159e24
6.804124961280974e24
6.412183571759895e24
6.021508487428999e24
5.63232803423296e24
5.244870789112202e24
4.859365453291877e24
4.476040725037818e24
4.095125171946989e24
3.7168471028485126e24
3.341434439382919e24
2.969114587336504e24
2.6001143077993614e24
2.234659588224449e24
1.872975513457904e24
1.5152861368156066e24
1.1618143512813727e24
8.127817608974506e23
4.684085524258393e23
1.2891336735024377e23
-2.0548682570255757e23
-5.345768580512872e23
-8.581434874826207e23
-1.1759755241326109e24
-1.487863955655738e24
-1.7936020716040246e24
-2.0929855869466236e24
-2.385812764652484e24
-2.671884537266956e24
-2.9510046274059326e24
-3.2229796670982006e24
-3.48761931590303e24
-3.744736377730328e24
-3.9941469162955975e24
-4.2356703691357576e24
-4.469129660119883e24
-4.694351310382282e24
-4.911165547612891e24
-5.119406413634824e24
-5.318911870203997e24
-5.509523902964489e24
-5.691088623493277e24
-5.863456369372879e24
-6.026481802225283e24
-6.180024003648448e24
-6.323946568990717e24
-6.458117698905698e24
-6.582410288627497e24
-6.696702014907292e24
-6.800875420557038e24
-6.894817996541688e24
-6.978422261568734e24
-7.05158583911906e24
-7.114211531869792e24
-7.166207393457478e24
-7.207486797532859e24
-7.237968504060139e24
-7.257576722813419e24
-7.266241174027624e24
-7.263897146158361e24
-7.250485550711612e24
-7.225952974100758e24
-7.190251726494879e24
-7.143339887619238e24
-7.08518134947456e24
-7.015745855940757e24
-6.935009039232957e24
-6.842952453180857e24
-6.73956360330174e24
-6.624835973641126e24
-6.498769050357136e24
-6.36136834202356e24
-6.21264539663231e24
-6.052617815274487e24
-5.88130926248392e24
-5.698749473226025e24
-5.504974256519682e24
-5.300025495678897e24
-5.083951145165676e24
-4.856805224044644e24
-4.6186478060345496e24
-4.369545006151807e24
-4.109568963943735e24
-3.8387978233121346e24
-3.557315708926781e24
-3.265212699236301e24
-2.962584796077434e24
-2.6495338908937053e24
-2.3261677275714716e24
-1.99259986190546e24
-1.6489496177069954e24
-1.2953420395704494e24
-9.319078423154669e23
-5.587833571240858e23
-1.7611047439439795e23
2.159634166663109e23
6.17285491683394e23
1.0276975579648113e24
1.4470361245299745e24
1.8751324752863901e24
2.3118127453225556e24
2.756898000278989e24
3.2102043187652447e24
3.671542877781408e24
4.140720041104589e24
4.6175374505986547e24
5.101792120403052e24
5.593276533954937e24
6.091778743797658e24
6.597082474125939e24
7.108967226017347e24
7.627208385297248e24
8.151577332983366e24
8.681841558253823e24
9.217764773881231e24
9.759107034075636e24
1.030562485467123e25
1.0857071335600945e25
1.1413196285590701e25
1.1973746349010688e25
1.2538465134816371e25
1.3107093347512083e25
1.3679368920068065e25
1.4255027148720054e25
1.4833800829580817e25
1.5415420396989574e25
1.5999614063526553e25
1.6586107961616215e25
1.7174626286644185e25
1.7764891441509185e25
1.835662418253238e25
1.894954376664613e25
1.9543368099777103e25
2.013781388634921e25
2.0732596779818998e25
2.1327431534163303e25
2.19220321562345e25
2.251611205889967e25
2.3109384214878046e25
2.3701561311191813e25
2.4292355904143722e25
2.4881480574734566e25
2.546864808443413e25
2.6053571531217104e25
2.6635964505776852e25
2.721554124782804e25
2.7792016802409755e25
2.8365107176101974e25
2.8934529493061804e25
2.950000215079674e25
3.0061244975580877e25
3.061797937742723e25
3.116992850452617e25
3.1716817397061616e25
3.2258373140315296e25
3.279432501697122e25
3.3324404658531158e25
3.384834619575348e25
3.4365886408027227e25
3.487676487159419e25
3.538072410653181e25
3.5877509722410448e25
3.6366870562540464e25
3.684855884671978e25
3.7322330312402877e25
3.778794435420294e25
3.8245164161645753e25
3.869375685509266e25
3.913349361975094e25
3.956414983769117e25
3.998550521779172e25
4.039734392353176e25
4.079945469855519e25
4.119163098992914e25
4.157367106902109e25
4.194537814992134e25
4.230656050533687e25
4.2657031579885765e25
4.299661010072207e25
4.332512018542005e25
4.364239144705356e25
4.394825909640193e25
4.424256404121898e25
4.452515298250141e25
4.47958785076961e25
4.505459918078521e25
4.530117962919238e25
4.553549062745201e25
4.575740917758858e25
4.5966818586151495e25
4.6163608537855116e25
4.634767516577512e25
4.6518921118052285e25
4.667725562106004e25
4.6822594538990984e25
4.69548604298204e25
4.7073982597608934e25
4.717989714110468e25
4.727254699861146e25
4.735188198908691e25
4.741785884944259e25
4.7470441268013215e25
4.750959991417135e25
4.753531246405945e25
4.754756362241975e25
4.754634514049856e25
4.75316558300083e25
4.750350157313178e25
4.746189532855239e25
4.740685713350279e25
4.733841410181722e25
4.725660041798701e25
4.716145732720877e25
4.705303312142728e25
4.693138312137018e25
4.679656965457788e25
4.6648662029434445e25
4.6487736505203385e25
4.631387625808175e25
4.612717134327947e25
4.592771865314283e25
4.571562187133404e25
4.549099142308756e25
4.525394442156546e25
4.500460461033073e25
4.474310230197005e25
4.446957431288709e25
4.418416389430331e25
4.3887020659492385e25
4.357830050728825e25
4.325816554189948e25
4.292678398907093e25
4.258433010863555e25
4.223098410349533e25
4.186693202508293e25
4.149236567534587e25
4.110748250530885e25
4.071248551026074e25
4.0307583121625814e25
3.989298909557095e25
3.946892239840849e25
3.90356070888575e25
3.8593272197219876e25
3.814215160154232e25
3.768248390082316e25
3.7214512285338308e25
3.6738484404151016e25
3.6254652229878736e25
3.5763271920792448e25
3.526460368031819e25
3.475891161402374e25
3.42464635841622e25
3.3727531061858515e25
3.3202388977014294e25
3.2671315566019542e25
3.2134592217350987e25
3.159250331514435e25
3.104533608083015e25
3.0493380412915935e25
2.99369287250113e25
2.937627578217979e25
2.8811718535716406e25
2.8243555956437523e25
2.7672088866583534e25
2.7097619770424597e25
2.652045268366762e25
2.5940892961763873e25
2.5359247127209826e25
2.47758226959466e25
2.419092800295082e25
2.3604872027123604e25
2.301796421557326e25
2.2430514307395075e25
2.1842832157052585e25
2.125522755745696e25
2.0668010062854063e25
2.0081488811615567e25
1.9495972349044042e25
1.8911768450289063e25
1.8329183943484423e25
1.7748524533205105e25
1.7170094624350016e25
1.6594197146556267e25
1.6021133379243663e25
1.5451202777399257e25
1.4884702798199015e25
1.4321928728575896e25
1.3763173513830844e25
1.3208727587395353e25
1.2658878701842277e25
1.2113911761248452e25
1.1574108655011902e25
1.1039748093218832e25
1.0511105443665952e25
9.98845257063073e24
9.472057675493272e24
8.962185139302227e24
8.459095367382629e24
7.963044636082589e24
7.474284941748323e24
6.99306385202601e24
6.519624359576517e24
6.054204738299137e24
5.597038402148061e24
5.148353766634738e24
4.7083741130983596e24
4.2773174558313536e24
3.855396412144879e24
3.44281807545246e24
3.039783891456896e24
2.6464895375144145e24
2.2631248052577708e24
1.8898734865489655e24
1.5269132628394254e24
1.1744155980058091e24
8.325456347325616e23
5.014620945102184e23
1.8131718131208765e23
-1.2774351098303305e23
-4.255810873643464e23
-7.120634365955359e23
-9.870653121997068e23
-1.2504684094663532e24
-1.5021614384263807e24
-1.742040192747096e24
-1.9700076144955385e24
-2.1859738547273096e24
-2.389856329853995e24
-2.5815797737510474e24
-2.761076285564233e24
-2.92828537318069e24
-3.08315399232949e24
-3.225636581279834e24
-3.3556950911096554e24
-3.4732990115160744e24
-3.578425392146618e24
-3.671058859427217e24
-3.7511916288711124e24
-3.818823512850654e24
-3.8739619238202506e24
-3.9166218729794113e24
-3.94682596436746e24
-3.9646043843859095e24
-3.9699948867447053e24
-3.963042772833922e24
-3.9438008675224233e24
-3.9123294903903685e24
-3.868696422403388e24
-3.8129768680393144e24
-3.7452534128820263e24
-3.6656159766977265e24
-3.574161762014913e24
-3.470995198227566e24
-3.356227881248288e24
-3.2299785087375737e24
-3.0923728109398656e24
-2.943543477158937e24
-2.7836300779079607e24
-2.612778982772494e24
-2.431143274026946e24
-2.2388826560479064e24
-2.0361633605702026e24
-1.8231580478341604e24
-1.600045703675234e24
-1.3670115326093403e24
-1.1242468469701629e24
-8.719489521566124e23
-6.103210280523443e23
-3.395720066795275e23
-5.991644615322802e22
2.284255989950534e23
5.252287110549744e23
8.30262245863066e23
1.1432904729411222e24
1.4640727189710455e24
1.792363514525665e24
2.127912743975284e24
2.470465798485115e24
2.819763732019381e24
3.175543420263096e24
3.537537722373221e24
3.905475645467791e24
4.2790825117576863e24
4.658080128229563e24
5.04218695877984e24
5.431118298703615e24
5.824586451436701e24
6.222300907450413e24
6.623968525195457e24
7.029293713989579e24
7.437978618744457e24
7.849723306422541e24
8.264225954117139e24
8.681183038643805e24
9.100289527534024e24
9.521239071316973e24
9.943724196977737e24
1.0367436502477806e25
1.07920668522203e25
1.1217305573348153e25
1.1642842652754587e25
1.2068367934691417e25
1.249357131885485e25
1.2918142958832376e25
1.3341773460789491e25
1.3764154082278473e25
1.4184976931048629e25
1.4603935163737132e25
1.5020723184321822e25
1.5435036842213195e25
1.5846573629867252e25
1.6255032879796429e25
1.666011596085959e25
1.7061526473710756e25
1.7458970445283903e25
1.7852156522197815e25
1.824079616295776e25
1.8624603828837586e25
1.9003297173321257e25
1.9376597229987943e25
1.9744228598721254e25
2.010591963012735e25
2.0461402608045343e25
2.0810413930034464e25
2.1152694285725082e25
2.1487988832918692e25
2.1816047371326614e25
2.213662451383447e25
2.244947985518492e25
2.2754378137967193e25
2.305108941580941e25
2.333938921366585e25
2.3619058685095036e25
2.3889884766427076e25
2.4151660327717404e25
2.440418432038912e25
2.464726192146458e25
2.488070467429151e25
2.5104330625668906e25
2.5317964459280255e25
2.5521437625344745e25
2.5714588466397112e25
2.5897262339111024e25
2.6069311732081137e25
2.6230596379483076e25
2.638098337053036e25
2.6520347254652685e25
2.6648570142319584e25
2.6765541801437275e25
2.6871159749249074e25
2.6965329339671287e25
2.7047963846000288e25
2.7118984538927883e25
2.717832075980573e25
2.722590998910146e25
2.7261697909992503e25
2.728563846704592e25
2.7297693919935595e25
2.7297834892150918e25
2.7286040414653933e25
2.7262297964444918e25
2.7226603497999225e25
2.717896147954109e25
2.711938490412331e25
2.704789531548474e25
2.69645228186601e25
2.686930608732058e25
2.6762292365825682e25
2.6643537465971006e25
2.6513105758418716e25
2.637107015880166e25
2.621751210849415e25
2.605252155004641e25
2.587619689728295e25
2.568864500006705e25
2.548998110373864e25
2.528032880323454e25
2.505981999190389e25
2.4828594805034305e25
2.458680155810877e25
2.433459667981452e25
2.4072144639829886e25
2.3799617871418152e25
2.3517196688859242e25
2.322506919975569e25
2.2923431212249362e25
2.261248613719211e25
2.229244488531317e25
2.196352575943163e25
2.162595434176509e25
2.1279963376386837e25
2.0925792646889532e25
2.0563688849314845e25
2.019390546041157e25
1.9816702601287508e25
1.94323468965253e25
1.904111132883188e25
1.8643275089296861e25
1.8239123423337731e25
1.7828947472410014e25
1.741304411156745e25
1.6991715782955284e25
1.6565270325327177e25
1.613402079967404e25
1.56982853110605e25
1.5258386826762993e25
1.4814652990807758e25
1.4367415935012307e25
1.3917012086628726e25
1.346378197269873e25
1.300807002122474e25
1.2550224359269505e25
1.209059660809416e25
1.1629541675449687e25
1.1167417545138716e25
1.0704585063963586e25
1.0241407726182677e25
9.778251455596325e24
9.315484385383931e24
8.853476635820617e24
8.392600089997705e24
7.933228167677362e24
7.475735597407985e24
7.02049818703672e24
6.567892592747226e24
6.11829608675761e24
5.67208632381532e24
5.229641106623035e24
4.791338150334288e24
4.357554846254887e24
3.9286680248914993e24
3.5050537184861673e24
3.0870869231757495e24
2.675141360920166e24
2.2695892413388292e24
1.8708010235989203e24
1.4791451784960974e24
1.0949879508728524e24
7.186931225154248e23
3.506217756737955e23
-8.867942652938392e21
-3.5942105552235445e23
-7.00685989802038e23
-1.0323148087292077e24
-1.353963443132106e24
-1.6652919211726737e24
-1.9659645964675264e24
-2.2556503744474765e24
-2.5340229368137e24
-2.8007609639513557e24
-3.0555483551622014e24
-3.2980744465768614e24
-3.5280342266105994e24
-3.7451285488265324e24
-3.949064342069853e24
-4.1395548177415583e24
-4.3163196740774416e24
-4.4790852973020347e24
-4.627584959527735e24
-4.761559013271e24
-4.880755082459417e24
-4.984928249804297e24
-5.07384124041645e24
-5.147264601543928e24
-5.204976878311878e24
-5.246764785348212e24
-5.272423374179431e24
-5.281756196284192e24
-5.274575461692579e24
-5.250702193024875e24
-5.209966374861101e24
-5.15220709834065e24
-5.077272700887701e24
-4.985020900966537e24
-4.875318927770211e24
-4.748043645747368e24
-4.6030816738799634e24
-4.440329499621728e24
-4.259693587414677e24
-4.0610904816987944e24
-3.844446904339814e24
-3.6096998463976267e24
-3.356796654160662e24
-3.085695109380831e24
-2.796363503639357e24
-2.4887807067828863e24
-2.1629362293667105e24
-1.8188302790529278e24
-1.4564738109088234e24
-1.0758885715527987e24
-6.771071371074498e23
-2.6017294491229e23
1.748596810390109e23
6.279255109779271e23
1.0989483965819902e24
1.5878412645712191e24
2.0945061167002492e24
2.6188340361731304e24
3.1607052004912305e24
3.719988900750668e24
4.2965435674030336e24
4.890216802477926e24
5.500845418275759e24
6.128255482524666e24
6.772262370002894e24
7.432670820609557e24
8.109275003874566e24
8.801858589895284e24
9.510194826670817e24
1.0234046623816906e25
1.097316664262779e25
1.172729739246062e25
1.2496171333398014e25
1.3279510985153084e25
1.4077029042178723e25
1.488842849492437e25
1.571340275719798e25
1.6551635799571983e25
1.7402802288784377e25
1.8266567733062006e25
1.9142588633309449e25
2.0030512640087714e25
2.092997871631946e25
2.1840617305633523e25
2.276205050627442e25
2.369389225049883e25
2.4635748489361412e25
2.5587217382809477e25
2.6547889494985917e25
2.7517347994653435e25
2.8495168860628854e25
2.9480921092129656e25
3.0474166923931897e25
3.147446204621893e25
3.248135582901785e25
3.3494391551101135e25
3.4513106633244954e25
3.5537032875711087e25
3.656569669983393e25
3.759861939359184e25
3.8635317361020746e25
3.967530237534872e25
4.0718081835708726e25
4.1763159027302986e25
4.281003338486661e25
4.3858200759298794e25
4.490715368730985e25
4.595638166394849e25
4.7005371417848085e25
4.805360718904795e25
4.910057100924318e25
5.014574298429618e25
5.118860157886499e25
5.222862390298243e25
5.326528600043818e25
5.429806313878978e25
5.532643010084724e25
5.634986147747342e25
5.736783196152311e25
5.8379816642765845e25
5.938529130361734e25
6.03837327155232e25
6.137461893581283e25
6.23574296048609e25
6.333164624339217e25
6.429675254974636e25
6.525223469694276e25
6.619758162936581e25
6.713228535890932e25
6.805584126039577e25
6.896774836610839e25
6.986750965925671e25
7.075463236621418e25
7.162862824734399e25
7.248901388624785e25
7.333531097727286e25
7.416704661109387e25
7.498375355821216e25
7.578497055019357e25
7.657024255848926e25
7.733912107065865e25
7.809116436383504e25
7.882593777527425e25
7.954301396981109e25
8.024197320407073e25
8.092240358726717e25
8.158390133843838e25
8.222607103994967e25
8.284852588711427e25
8.34508879337813e25
8.403278833372937e25
8.45938675777226e25
8.513377572607601e25
8.565217263659116e25
8.614872818770781e25
8.662312249674022e25
8.707504613305028e25
8.750420032603022e25
8.791029716775216e25
8.829305981015632e25
8.865222265665502e25
8.898753154801674e25
8.929874394241632e25
8.958562908952508e25
8.984796819853221e25
9.008555459997545e25
9.029819390127516e25
9.048570413586824e25
9.06479159058318e25
9.078467251790164e25
9.089583011278512e25
9.098125778768365e25
9.104083771192474e25
9.107446523562456e25
9.10820489913016e25
9.106351098835713e25
9.101878670035358e25
9.094782514501767e25
9.085058895690693e25
9.072705445267141e25
9.057721168885783e25
9.040106451219915e25
9.019863060234359e25
8.996994150697394e25
8.971504266927752e25
8.943399344773116e25
8.912686712816844e25
8.879375092809863e25
8.843474599325568e25
8.804996738635888e25
8.763954406806733e25
8.720361887011927e25
8.67423484606514e25
8.625590330169386e25
8.574446759884597e25
8.520823924313834e25
8.464742974509588e25
8.40622641610148e25
8.345298101147608e25
8.281983219212194e25
8.21630828767232e25
8.148301141257054e25
8.077990920823565e25
8.005408061373562e25
7.930584279315548e25
7.85355255897784e25
7.774347138378101e25
7.693003494255413e25
7.609558326371479e25
7.524049541087951e25
7.436516234227244e25
7.346998673224697e25
7.255538278580351e25
7.162177604619002e25
7.066960319567707e25
6.969931184960162e25
6.871136034377725e25
6.77062175153812e25
6.668436247741483e25
6.564628438685695e25
6.459248220662222e25
6.352346446144313e25
6.243974898779927e25
6.134186267802019e25
6.023034121869084e25
5.910572882349459e25
5.796857796063031e25
5.681944907494437e25
5.565891030492047e25
5.448753719467629e25
5.3305912401116475e25
5.211462539639523e25
5.0914272165843255e25
4.9705454901527e25
4.848878169159034e25
4.726486620555271e25
4.603432737572941e25
4.479778907494419e25
4.355587979070781e25
4.230923229603715e25
4.105848331709455e25
3.980427319782637e25
3.854724556178246e25
3.7288046971302865e25
3.6027326584255885e25
3.4765735808517924e25
3.3503927954381894e25
3.22425578850897e25
3.0982281665675952e25
2.972375621032681e25
2.846763892843816e25
2.7214587369578616e25
2.596525886755249e25
2.472031018376051e25
2.3480397150060447e25
2.224617431132733e25
2.1018294567913286e25
1.9797408818210692e25
1.8584165601519807e25
1.7379210741423593e25
1.618318698987143e25
1.4996733672176464e25
1.382048633312755e25
1.2655076384416393e25
1.1501130753589612e25
1.0359271534716747e25
9.230115640983845e24
8.114274459409135e24
7.012353507881997e24
5.92495209472412e24
4.852662980970031e24
3.796072045564603e24
2.755757953672797e24
1.732291828295827e24
7.262369253870837e23
-2.6185168734193263e23
-1.2314274477349658e24
-2.1819526124371587e24
-3.11289856588603e24
-4.0237461248686266e24
-4.913985838453429e24
-5.783118283129127e24
-6.63065435296508e24
-7.45611554462185e24
-8.259034237039797e24
-9.038953965634766e24
-9.79542969083646e24
-1.0528028060803982e25
-1.1236327668158974e25
-1.1919919300577153e25
-1.257840618508544e25
-1.3211404225912884e25
-1.3818542235746104e25
-1.4399462160246927e25
-1.4953819295689458e25
-1.5481282499583363e25
-1.5981534394140182e25
-1.6454271562465734e25
-1.6899204737344333e25
-1.731605898249367e25
-1.7704573866175797e25
-1.8064503627047827e25
-1.8395617332144826e25
-1.8697699026886287e25
-1.8970547877009475e25
-1.9213978302332203e25
-1.9427820102248682e25
-1.961191857287802e25
-1.976613461577694e25
-1.9890344838142227e25
-1.9984441644426316e25
-2.004833331929836e25
-2.0081944101889023e25
-2.0085214251258647e25
-2.0058100103030886e25
-2.0000574117149047e25
-1.9912624916708834e25
-1.9794257317822767e25
-1.9645492350491577e25
-1.9466367270446002e25
-1.9256935561940714e25
-1.9017266931473984e25
-1.8747447292428298e25
-1.844757874062017e25
-1.811777952074991e25
-1.775818398376379e25
-1.736894253512884e25
-1.69502215740352e25
-1.6502203423539686e25
-1.6025086251680715e25
-1.5519083983589103e25
-1.498442620462221e25
-1.4421358054571176e25
-1.3830140112976183e25
-1.3211048275605083e25
-1.2564373622139813e25
-1.1890422275142933e25
-1.1189515250357625e25
-1.0461988298419558e25
-9.708191738043223e24
-8.928490280776197e24
-8.123262847399408e24
-7.292902376057114e24
-6.437815622222943e24
-5.558422950592264e24
-4.655158119012288e24
-3.728468054547257e24
-2.7788126218067646e24
-1.8066643836492176e24
-8.125083543757488e23
2.0315825444251334e23
1.2398262953846382e24
2.296974953701274e24
3.3740720228096513e24
4.470574186601307e24
5.585927308420794e24
6.719566726569451e24
7.870917556160656e24
9.039394997178972e24
1.022440464856727e25
1.1425342828186614e25
1.2641596898459017e25
1.3872545597530215e25
1.5117559375762365e25
1.6376000737386951e25
1.764722458711511e25
1.8930578581522846e25
2.0225403485026406e25
2.153103353023503e25
2.284679678249616e25
2.417201550842094e25
2.5506006548199744e25
2.684808169148391e25
2.819754805663264e25
2.9553708473120386e25
3.0915861866875216e25
3.2283303648345163e25
3.3655326103064657e25
3.5031218784514824e25
3.641026890903962e25
3.779176175260218e25
3.917498104916498e25
4.055920939045073e25
4.194372862687076e25
4.33278202693825e25
4.4710765892059836e25
4.609184753512957e25
4.747034810825632e25
4.884555179383489e25
5.021674445007054e25
5.158321401360024e25
5.294425090142929e25
5.42991484119588e25
5.564720312485548e25
5.698771529954529e25
5.831998927208939e25
5.964333385022374e25
6.095706270631697e25
6.226049476802357e25
6.355295460641086e25
6.483377282131667e25
6.610228642372378e25
6.735783921491644e25
6.859978216220703e25
6.982747377099668e25
7.104028045295485e25
7.223757689010728e25
7.341874639460021e25
7.458318126393825e25
7.573028313147503e25
7.68594633119574e25
7.797014314190156e25
7.906175431460726e25
8.013373920959985e25
8.118555121631062e25
8.221665505178699e25
8.322652707224532e25
8.421465557828081e25
8.518054111353665e25
8.612369675665871e25
8.704364840634858e25
8.79399350593477e25
8.88121090811702e25
8.965973646942057e25
9.048239710953633e25
9.127968502278523e25
9.20512086063696e25
9.279659086547954e25
9.35154696371546e25
9.420749780580324e25
9.487234351024464e25
9.55096903421439e25
9.611923753570233e25
9.670070014848685e25
9.725380923327318e25
9.777831200079525e25
9.827397197328416e25
9.87405691286983e25
9.917790003554247e25
9.958577797818615e25
9.996403307258843e25
1.0031251237234906e26
1.0063107996501025e26
1.0091961705853348e26
1.0117802205788835e26
1.0140621063169115e26
1.016041157688404e26
1.0177168782509777e26
1.0190889455957244e26
1.0201572116107208e26
1.0209217026428709e26
1.02138261955783e26
1.0215403376978201e26
1.0213954067371838e26
1.0209485504355965e26
1.0202006662889297e26
1.0191528250777838e26
1.0178062703138059e26
1.0161624175839378e26
1.0142228537928226e26
1.0119893363036354e26
1.0094637919776873e26
1.0066483161131893e26
1.0035451712836478e26
1.0001567860763804e26
9.964857537317565e25
9.925348306837904e25
9.883069350027479e25
9.838051447405743e25
9.790326961799023e25
9.739929819875452e25
9.686895492733573e25
9.631260975554898e25
9.57306476633064e25
9.512346843673228e25
9.44914864372468e25
9.38351303617342e25
9.315484299392517e25
9.245108094711867e25
9.17243143983874e25
9.09750268144047e25
9.020371466903702e25
8.941088715286051e25
8.859706587475434e25
8.776278455573532e25
8.69085887151956e25
8.603503534972284e25
8.514269260467269e25
8.423213943867957e25
8.330396528128337e25
8.235876968387139e25
8.139716196412463e25
8.041976084416246e25
7.942719408259719e25
7.84200981006967e25
7.739911760287152e25
7.636490519169105e25
7.531812097765721e25
7.425943218395029e25
7.3189512746368675e25
7.210904290869686e25
7.1018708813726504e25
6.991920209016903e25
6.881121943568788e25
6.769546219629994e25
6.657263594238317e25
6.544345004152856e25
6.4308617228495015e25
6.316885317250552e25
6.202487604214296e25
6.087740606808827e25
5.972716510396735e25
5.857487618555339e25
5.7421263088588034e25
5.626704988547282e25
5.511296050109911e25
5.395971826807485e25
5.2808045481602106e25
5.165866295428128e25
5.05122895710938e25
4.93696418448352e25
4.823143347225132e25
4.7098374891153975e25
4.597117283877413e25
4.485052991160989e25
4.373714412704499e25
4.263170848699008e25
4.15349105438164e25
4.04474319688329e25
3.936994812357833e25
3.8303127634183457e25
3.7247631969052925e25
3.6204115020137026e25
3.5173222688037072e25
3.415559247120512e25
3.3151853059479023e25
3.2162623932214382e25
3.1188514961250055e25
3.0230126018959346e25
2.9288046591618814e25
2.836285539834585e25
2.74551200158357e25
2.656539650912668e25
2.569422906863499e25
2.48421496536773e25
2.400967764271157e25
2.3197319490508414e25
2.240556839247946e25
2.163490395637142e25
2.0885791881530023e25
2.0158683645949206e25
1.945401620129821e25
1.8772211676129183e25
1.8113677087450077e25
1.7478804060859592e25
1.6867968559423364e25
1.6281530621465078e25
1.5719834107455533e25
1.5183206456160246e25
1.4671958450214888e25
1.4186383991279663e25
1.3726759884934088e25
1.3293345635453272e25
1.2886383250612306e25
1.2506097056649236e25
1.215269352352455e25
1.1826361100598784e25
1.1527270062844139e25
1.125557236771032e25
1.101140152274572e25
1.0794872464079557e25
1.0606081445854515e25
1.0445105940704542e25
1.031200455135745e25
1.0206816933435718e25
1.0129563729530592e25
1.008024651460866e25
1.005884775280889e25
1.0065330765678742e25
1.0099639711895832e25
1.016169957850967e25
1.0251416183732578e25
1.0368676191306363e25
1.0513347136458707e25
1.0685277463460776e25
1.0884296574787259e25
1.1110214891877372e25
1.136282392748483e25
1.1641896369599982e25
1.1947186176919117e25
1.2278428685831119e25
1.2635340728882952e25
1.301762076467991e25
1.3424949019166732e25
1.3856987638235542e25
1.431338085159219e25
1.479375514781013e25
1.5297719460494055e25
1.5824865365467204e25
1.6374767288891003e25
1.694698272621845e25
1.7541052471876327e25
1.8156500859564312e25
1.8792836013053854e25
1.944955010736153e25
2.012611964016611e25
2.082200571333316e25
2.153665432440431e25
2.2269496667897672e25
2.301994944627014e25
2.3787415190376026e25
2.457128258925495e25
2.537092682907695e25
2.618570994106437e25
2.701498115820786e25
2.785807728058411e25
2.8714323049080237e25
2.9583031527325706e25
3.046350449162233e25
3.1355032828663546e25
3.2256896940824524e25
3.316836715880436e25
3.4088704161390825e25
3.5017159402120575e25
3.5952975542594933e25
3.689538689221682e25
3.7843619854100336e25
3.879689337690643e25
3.975441941235404e25
4.07154033781472e25
4.167904462606039e25
4.264453691491981e25
4.361106888821065e25
4.457782455604252e25
4.554398378119829e25
4.650872276899229e25
4.74712145606554e25
4.84306295299678e25
4.938613588285285e25
5.03369001596503e25
5.128208773977051e25
5.222086334844854e25
5.315239156530068e25
5.407583733438776e25
5.499036647549194e25
5.5895146196307165e25
5.678934560524745e25
5.767213622456988e25
5.854269250351381e25
5.9400192331155905e25
6.024381754867676e25
6.107275446073907e25
6.1886194345674015e25
6.268333396417459e25
6.3463376066194585e25
6.422552989574658e25
6.4969011693306385e25
6.5693045195516146e25
6.639686213189038e25
6.707970271822531e25
6.774081614641524e25
6.8379461070379345e25
6.8994906087805635e25
6.958643021741916e25
7.0153323371484605e25
7.069488682325486e25
7.121043366907979e25
7.169928928489124e25
7.2160791776784535e25
7.25942924254171e25
7.299915612395196e25
7.337476180926858e25
7.372050288618007e25
7.403578764438602e25
7.43200396679013e25
7.4572698236703755e25
7.479321872034638e25
7.498107296328539e25
7.513574966167649e25
7.525675473140162e25
7.534361166708862e25
7.53958618918899e25
7.541306509779761e25
7.539479957627004e25
7.534066253895519e25
7.525027042829741e25
7.512325921782329e25
7.495928470190631e25
7.475802277481594e25
7.451916969885809e25
7.424244236143049e25
7.392757852081294e25
7.357433704051777e25
7.318249811204366e25
7.275186346586816e25
7.228225657053256e25
7.177352281966625e25
7.1225529706821165e25
7.063816698798101e25
7.001134683161498e25
6.934500395616826e25
6.863909575487049e25
6.789360240776434e25
6.710852698084913e25
6.628389551226094e25
6.5419757085402464e25
6.4516183888941795e25
6.357327126362568e25
6.2591137735836825e25
6.156992503785188e25
6.050979811474389e25
5.941094511790706e25
5.827357738516286e25
5.709792940743554e25
5.588425878197059e25
5.4632846152105035e25
5.3343995133585315e25
5.201803222743349e25
5.0655306719396825e25
4.925619056599102e25
4.782107826718176e25
4.635038672573066e25
4.484455509327178e25
4.330404460316716e25
4.172933839019723e25
4.012094129717582e25
3.847937966855506e25
3.680520113111873e25
3.5098974361843693e25
3.336128884305125e25
3.1592754604949883e25
2.979400195567816e25
2.7965681198991773e25
2.610846233971366e25
2.4223034777097043e25
2.231010698623325e25
2.0370406187681087e25
1.84046780054613e25
1.6413686113599315e25
1.4398211871373366e25
1.2359053947473203e25
1.029702793324858e25
8.212965945233384e24
6.107716217170788e24
3.9821426817300165e24
1.8371245421455395e24
-3.264441660193889e23
-2.5076550227321315e24
-4.7055856807510156e24
-6.919300332054633e24
-9.147850183173731e24
-1.1390273939191347e25
-1.3645598296138959e25
-1.5912838441547139e25
-1.8190998562857038e25
-2.0479072363431787e25
-2.2776043585901117e25
-2.5080886542531337e25
-2.7392566652353885e25
-2.971004098474437e25
-3.203225880917717e25
-3.435816215082754e25
-3.6686686351738693e25
-3.901676063722798e25
-4.134730868724329e25
-4.367724921232509e25
-4.600549653387099e25
-4.83309611683899e25
-5.065255041539559e25
-5.296916894863377e25
-5.527971941029528e25
-5.758310300790355e25
-5.987822011351663e25
