4.1935297851562476e-13
4.191495393876939e11
6.696535501591637e12
3.381816323625539e13
1.0651490665961639e14
2.5889449345057816e14
5.339276382410557e14
9.827896748957795e14
1.6640594210632662e15
2.64277738731813e15
3.989365818758263e15
5.778413428226651e15
8.087328046760216e15
1.0994860777797396e16
1.4579505596479892e16
1.8917778683448116e16
2.4082382123249476e16
3.014025693025905e16
3.7150530689269224e16
4.516236541306605e16
5.421271152481547e16
6.4323974168385416e16
7.550159833429608e16
8.773157956230504e16
1.0097790724318842e17
1.1517994779159304e17
1.3024977519843344e17
1.4606945669473974e17
1.6248830146869635e17
1.7932008057342653e17
1.963402263444833e17
2.1328301981262198e17
2.298387747489012e17
2.4565102711515222e17
2.603137388130526e17
2.7336852472916154e17
2.8430191216103293e17
2.925426417806891e17
2.974590193460855e17
2.983563274085175e17
2.944743062840563e17
2.8498471355988554e17
2.68988971391728e17
2.4551591081629613e17
2.135196222528076e17
1.718774212999993e17
1.1938793884975978e17
5.476934443547748e16
-2.3342288387562336e16
-1.1639446597073592e17
-2.2591959930655402e17
-3.535361612393981e17
-5.009496680135744e17
-6.699534772276658e17
-8.624293944889768e17
-1.0803480813036242e18
-1.3257692569959235e18
-1.6008416877253325e18
-1.9078029559596375e18
-2.2489790040693256e18
-2.626783446029597e18
-3.0437166415531694e18
-3.5023645273280394e18
-4.005397200400057e18
-4.555567249119049e18
-5.155707827460192e18
-5.808730468937368e18
-6.517622636743367e18
-7.28544500718129e18
-8.115328483892495e18
-9.010470940838281e18
-9.974133692454371e18
-1.1009637689868726e19
-1.212035944255391e19
-1.3309726665273797e19
-1.4581213650681315e19
-1.5938336368427039e19
-1.7384647292148888e19
-1.8923729956228202e19
-2.055919324471855e19
-2.2294665415377883e19
-2.4133787862263198e19
-2.608020862087757e19
-2.8137575620392804e19
-3.03095296880044e19
-3.2599697311011058e19
-3.501168316274429e19
-3.754906239900751e19
-4.021537273221492e19
-4.301410629094894e19
-4.5948701273179865e19
-4.9022533401912295e19
-5.223890719253805e19
-5.560104704168456e19
-5.911208814785115e19
-6.277506727462007e19
-6.659291336771585e19
-7.0568438037664645e19
-7.470432592027233e19
-7.900312492759651e19
-8.346723640253348e19
-8.809890519057359e19
-9.290020964269736e19
-9.787305156379209e19
-1.0301914612135728e20
-1.0834001172964576e20
-1.1383695992474383e20
-1.1951108524643838e20
-1.2536325514304365e20
-1.3139409991566598e20
-1.3760400271867383e20
-1.4399308963340896e20
-1.5056121983241994e20
-1.57307975851731e20
-1.6423265398885964e20
-1.7133425484448488e20
-1.7861147402582527e20
-1.8606269302992654e20
-1.9368597032517186e20
-2.01479032649418e20
-2.0943926654322675e20
-2.1756371013670086e20
-2.2584904520845106e20
-2.3429158953520667e20
-2.4288728955055004e20
-2.5163171333118748e20
-2.6052004392908305e20
-2.695470730676637e20
-2.7870719522015668e20
-2.8799440208795543e20
-2.974022774967038e20
-3.0692399272756576e20
-3.165523023008914e20
-3.262795402292079e20
-3.360976167561509e20
-3.459980155976163e20
-3.559717917010454e20
-3.6600956953835556e20
-3.7610154194761725e20
-3.862374695381161e20
-3.964066806729703e20
-4.0659807204296386e20
-4.1680010984472556e20
-4.270008315758254e20
-4.3718784845877405e20
-4.473483485052998e20
-4.574691002316417e20
-4.675364570349353e20
-4.775363622400759e20
-4.874543548257405e20
-4.972755758375109e20
-5.069847754952729e20
-5.165663210013068e20
-5.260042050546578e20
-5.352820550765648e20
-5.4438314315087754e20
-5.532903966825241e20
-5.6198640977620926e20
-5.7045345533662364e20
-5.786734978905118e20
-5.866282071300346e20
-5.942989721758724e20
-6.016669165575898e20
-6.087129139077626e20
-6.154176043654007e20
-6.217614116831814e20
-6.277245610319903e20
-6.332870974952437e20
-6.384289052444308e20
-6.43129727386264e20
-6.473691864707837e20
-6.51126805648701e20
-6.543820304652049e20
-6.571142512764006e20
-6.593028262734757e20
-6.609271050986226e20
-6.619664530356993e20
-6.62400275757512e20
-6.622080446105906e20
-6.613693224172265e20
-6.59863789773524e20
-6.576712718211594e20
-6.547717654695155e20
-6.51145467043824e20
-6.467728003339466e20
-6.416344450174195e20
-6.357113654293938e20
-6.289848396511394e20
-6.214364888878193e20
-6.130483071053056e20
-6.038026908948824e20
-5.936824695337959e20
-5.826709352087101e20
-5.7075187336830747e20
-5.579095931704055e20
-5.441289579881833e20
-5.29395415939323e20
-5.1369503040112545e20
-4.970145104739351e20
-4.793412413545254e20
-4.606633145804367e20
-4.40969558105632e20
-4.202495661672539e20
-3.984937289026918e20
-3.756932616756953e20
-3.518402340697207e20
-3.2692759850634196e20
-3.009492184460618e20
-2.7389989612860152e20
-2.4577539980932583e20
-2.165724904482804e20
-1.862889478080209e20
-1.5492359591624308e20
-1.2247632784912266e20
-8.89481297911094e19
-5.434110432695127e19
-1.8658492921646416e19
1.8095302455837917e19
5.5914698609240244e19
9.479291133598394e19
1.347219366362568e20
1.7569253295365993e20
2.1769420449065786e20
2.6071518564164043e20
3.047424265860567e20
3.4976158008356084e20
3.95756989512657e20
4.427116781936865e20
4.90607340036458e20
5.394243315520616e20
5.891416652677588e20
6.397370045829664e20
6.91186660103607e20
7.434655874911093e20
7.96547386861487e20
8.504043037688314e20
9.050072318065854e20
9.603257168587888e20
1.0163279630323547e21
1.0729808403002507e21
1.1302498938841099e21
1.1880993554035916e21
1.2464921558183337e21
1.3053899401870249e21
1.3647530842665538e21
1.4245407129727803e21
1.4847107207228173e21
1.5452197936771747e21
1.6060234338984112e21
1.6670759854412674e21
1.7283306623874855e21
1.7897395788367698e21
1.851253780863446e21
1.912823280446602e21
1.9743970913794825e21
2.0359232671620425e21
2.097348940878525e21
2.1586203670599788e21
2.2196829655294613e21
2.2804813672257576e21
2.340959461999144e21
2.4010604483707677e21
2.460726885244875e21
2.519900745561053e21
2.5785234718713897e21
2.63653603382517e21
2.6938789875415636e21
2.7504925368483966e21
2.806316596362858e21
2.861290856387672e21
2.915354849593949e21
2.968448019459595e21
3.0205097904298635e21
3.0714796397642263e21
3.121297171031488e21
3.16990218921263e21
3.2172347773686283e21
3.263235374828058e21
3.3078448568470633e21
3.35100461569185e21
3.392656643091643e21
3.4327436140076896e21
3.471208971661636e21
3.507997013764327e21
3.543052979883861e21
3.576323139889486e21
3.6077548834057455e21
3.6372968102091245e21
3.664898821497262e21
3.6905122119587904e21
3.714089762569696e21
3.7355858340401035e21
3.754956460833455e21
3.7721594456779894e21
3.7871544544886574e21
3.7999031116156444e21
3.810369095333966e21
3.818518233486769e21
3.8243185991933415e21
3.827740606531148e21
3.8287571060996786e21
3.827343480372318e21
3.823477738741084e21
3.817140612157573e21
3.808315647272294e21
3.796989299973144e21
3.783151028222793e21
3.766793384093491e21
3.7479121048968993e21
3.7265062033055395e21
3.702578056361655e21
3.6761334932684454e21
3.647181881857989e21
3.6157362136295355e21
3.581813187251366e21
3.5454332904189754e21
3.50662087996198e21
3.4654042600919736e21
3.421815758683361e21
3.375891801479157e21
3.327672984113829e21
3.2772041418453654e21
3.224534416889027e21
3.169717323245625e21
3.112810808917525e21
3.0538773154062795e21
2.9929838343863203e21
2.93020196145003e21
2.8656079468202673e21
2.799282742927557e21
2.731312048750073e21
2.6617863508159103e21
2.590800960768331e21
2.5184560493961455e21
2.4448566770328844e21
2.37011282023012e21
2.2943393946119032e21
2.2176562738193637e21
2.140188304456163e21
2.0620653169479495e21
1.983422132230751e21
1.9043985641858932e21
1.825139417741098e21
1.745794482560223e21
1.6665185222464315e21
1.587471258986553e21
1.508817353566967e21
1.4307263806945215e21
1.3533727995587435e21
1.2769359195749891e21
1.2015998612511662e21
1.1275535121242097e21
1.0549904777156572e21
9.841090274594487e20
9.151120355584212e20
8.482069167299027e20
7.836055568043315e20
7.215242381450011e20
6.621835598606641e20
6.058083527870385e20
5.526275892171595e20
5.028742873649004e20
4.567854105500438e20
4.1460176109785265e20
3.765678689502817e20
3.4293187499059944e20
3.1394540908763074e20
2.8986346287048924e20
2.709442572492635e20
2.574491047018753e20
2.4964226635205417e20
2.477908038681879e20
2.5216442621765668e20
2.63035331316114e20
2.8067804261618968e20
3.053692406848721e20
3.3738758982404774e20
3.7701355979341876e20
4.245292427003193e20
4.80218165125725e20
5.4436509556105386e20
6.172558472352374e20
6.991770764167432e20
7.904160762801622e20
8.912605664322456e20
1.0019984781970744e21
1.1229177357653566e21
1.2543060333176228e21
1.3964506082363604e21
1.5496380105268168e21
1.7141538685714505e21
1.8902826513476815e21
2.0783074272435786e21
2.2785096196110124e21
2.491168759200367e21
2.716562233625989e21
2.9549650340157163e21
3.206649499003093e21
3.471885056224676e21
3.750937961490031e21
4.0440710357957497e21
4.351543400359755e21
4.673610209855786e21
5.010522384032518e21
5.36252633790577e21
5.729863710715838e21
6.112771093846311e21
6.511479757904028e21
6.926215379163942e21
7.357197765585486e21
7.804640582611041e21
8.268751078959977e21
8.749729812635134e21
9.24777037736121e21
9.763059129677735e21
1.0295774916911905e22
1.084608880625895e22
1.1414163815200455e22
1.2000154643492854e22
1.2604207406960886e22
1.3226459373332194e22
1.3867038700351858e22
1.4526064176416139e22
1.520364496396711e22
1.5899880345890497e22
1.6614859475160624e22
1.7348661127976699e22
1.8101353460635747e22
1.8872993770387955e22
1.966362826052064e22
2.0473291809916832e22
2.130200774733467e22
2.2149787630653692e22
2.301663103133328e22
2.390252532432835e22
2.480744548370572e22
2.5731353884204512e22
2.667420010898224e22
2.7635920763786352e22
2.861643929778984e22
2.961566583132761e22
3.0633496990768054e22
3.1669815750751846e22
3.2724491284027386e22
3.3797378819110434e22
3.4888319505990664e22
3.599714029010741e22
3.71236537948103e22
3.8267658212519835e22
3.9428937204796655e22
4.0607259811526925e22
4.180238036942335e22
4.301403844004135e22
4.42419587475005e22
4.5485851126101415e22
4.674541047801827e22
4.802031674124595e22
4.931023486797222e22
5.061481481354272e22
5.193369153617687e22
5.326648500759057e22
5.461280023467228e22
5.597222729235453e22
5.734434136781506e22
5.872870281613551e22
6.012485722753812e22
6.153233550631465e22
6.295065396155254e22
6.43793144097576e22
6.581780428946379e22
6.726559678791245e22
6.8722150979876935e22
7.018691197869746e22
7.165931109958599e22
7.3138766035249174e22
7.462468104387202e22
7.611644714949279e22
7.761344235479332e22
7.911503186631812e22
8.062056833212827e22
8.212939209188436e22
8.36408314393456e22
8.515420289726127e22
8.66688115046221e22
8.818395111622844e22
8.969890471452258e22
9.12129447336234e22
9.27253333954915e22
9.423532305814057e22
9.574215657580568e22
9.724506767096282e22
9.874328131808977e22
1.0023601413904402e23
1.0172247480992469e23
1.0320186447927646e23
1.046733771974801e23
1.0613620035716768e23
1.0758951514448746e23
1.0903249700103391e23
1.1046431609624936e23
1.1188413781009168e23
1.132911232257538e23
1.146844296322094e23
1.1606321103635033e23
1.1742661868447034e23
1.1877380159284046e23
1.2010390708711053e23
1.2141608135026259e23
1.2270946997883213e23
1.2398321854710248e23
1.2523647317896939e23
1.2646838112716277e23
1.2767809135950392e23
1.2886475515186632e23
1.3002752668750079e23
1.3116556366237546e23
1.32278027896173e23
1.3336408594857938e23
1.3442290974048938e23
1.354536771797468e23
1.3645557279102815e23
1.3742778834947266e23
1.383695235176519e23
1.3927998648546698e23
1.4015839461255212e23
1.4100397507275859e23
1.4181596550028514e23
1.4259361463701463e23
1.4333618298061112e23
1.4404294343292578e23
1.4471318194825349e23
1.4534619818097769e23
1.4594130613213587e23
1.4649783479443252e23
1.4701512879522306e23
1.474925490369874e23
1.4792947333480855e23
1.4832529705036645e23
1.4867943372195752e23
1.4899131569004329e23
1.4926039471783228e23
1.4948614260639526e23
1.4966805180381329e23
1.4980563600785513e23
1.4989843076168109e23
1.499459940420679e23
1.499479068396503e23
1.499037737306734e23
1.4981322343975194e23
1.4967590939313205e23
1.4949151026195148e23
1.4925973049499798e23
1.4898030084046539e23
1.4865297885620974e23
1.4827754940801006e23
1.4785382515534255e23
1.473816470241784e23
1.4686088466632135e23
1.4629143690480338e23
1.4567323216486173e23
1.4500622889002806e23
1.4429041594286112e23
1.4352581298986403e23
1.4271247087013232e23
1.4185047194728395e23
1.4093993044423208e23
1.3998099276036544e23
1.389738377707119e23
1.3791867710666783e23
1.3681575541788267e23
1.3566535061490081e23
1.3446777409216623e23
1.3322337093101331e23
1.3193252008226761e23
1.3059563452810043e23
1.292131614227818e23
1.2778558221199805e23
1.2631341273040228e23
1.2479720327708557e23
1.2323753866866073e23
1.2163503826967351e23
1.1999035600005786e23
1.1830418031937464e23
1.1657723418757791e23
1.1481027500207672e23
1.1300409451086406e23
1.1115951870150865e23
1.0927740766581122e23
1.0735865543995025e23
1.0540418981995172e23
1.0341497215233543e23
1.0139199709980521e23
9.933629238186894e22
9.72489184902876e22
9.513096837927098e22
9.298356713035561e22
9.080787159191277e22
8.860506999326021e22
8.63763815333592e22
8.41230559441049e22
8.184637302822662e22
7.954764217184438e22
7.722820183173382e22
7.4889418997381095e22
7.253268862791698e22
7.015943306404989e22
6.777110141512501e22
6.536916892146496e22
6.295513629215651e22
6.053052901847873e22
5.809689666317509e22
5.565581212580077e22
5.320887088438677e22
5.075769021369107e22
4.830390838031706e22
4.5849183815006104e22
4.339519426242264e22
4.0943635908778174e22
3.8496222487650794e22
3.6054684364383055e22
3.3620767599452276e22
3.1196232991235312e22
2.878285509859979e22
2.6382421243777715e22
2.399673049599422e22
2.162759263634033e22
1.9276827104401592e22
1.6946261927166954e22
1.463773263076418e22
1.2353081135580863e22
1.0094154635353969e22
7.862804460820897e21
5.660884928547416e21
3.4902521755585804e21
1.3527629804221801e21
-7.497264285569557e20
-2.815361577352507e21
-4.842290961752651e21
-6.828667273705773e21
-8.772648637756625e21
-1.067239985683536e22
-1.2526093666651898e22
-1.4331911997929397e22
-1.6088047245702724e22
-1.7792703544891646e22
-1.944409805135006e22
-2.1040462227575193e22
-2.2580043132255265e22
-2.406110471282012e22
-2.5481929100148607e22
-2.6840817904580647e22
-2.813609351236577e22
-2.9366100381678768e22
-3.0529206337317934e22
-3.1623803863200562e22
-3.2648311391755316e22
-3.360117458931235e22
-3.448086763657871e22
-3.5285894503289336e22
-3.6014790216108862e22
-3.666612211886553e22
-3.7238491124186466e22
-3.7730532955607125e22
-3.814091937921887e22
-3.846835942392369e22
-3.871160058935594e22
-3.886943004054068e22
-3.894067578834594e22
-3.892420785479892e22
-3.8818939422328415e22
-3.862382796600359e22
-3.8337876367839955e22
-3.796013401224524e22
-3.7489697861684423e22
-3.6925713511648244e22
-3.6267376224012025e22
-3.5513931937880232e22
-3.4664678257017573e22
-3.3718965412978846e22
-3.267619720305045e22
-3.1535831902133252e22
-3.0297383147699412e22
-2.896042079697462e22
-2.752457175549636e22
-2.598952077622159e22
-2.435501122836205e22
-2.2620845835144875e22
-2.078688737970213e22
-1.8853059378314314e22
-1.6819346720242612e22
-1.4685796273407731e22
-1.245251745517811e22
-1.0119682767558768e22
-7.687528296081563e21
-5.156354171723647e21
-2.526524995189774e21
2.0152977707583826e20
3.027315485771498e21
5.950271961105206e21
8.969773255231176e21
1.2085127415305865e22
1.5295576297697563e22
1.8600295423853854e22
2.199839387832009e22
2.5488914249362316e22
2.90708326126362e22
3.2743058558305647e22
3.650443526200494e22
4.035373959999493e22
4.428968230885182e22
4.831090818998439e22
5.2415996359264545e22
5.660346054201601e22
6.0871749413581066e22
6.521924698565312e22
6.964427303854297e22
7.414508359950718e22
7.871987146723478e22
8.336676678257264e22
8.808383764552249e22
9.286909077852333e22
9.772047223599047e22
1.0263586816006484e23
1.0761310558248117e23
1.1264995327244128e23
1.1774412263033473e23
1.228932686271343e23
1.2809499078924204e23
1.3334683422854387e23
1.3864629071738434e23
1.4399079980815582e23
1.493777499971479e23
1.5480447993228252e23
1.602682796643126e23
1.6576639194104754e23
1.7129601354411856e23
1.768542966677755e23
1.8243835033916108e23
1.8804524187949577e23
1.9367199840554927e23
1.9931560837076423e23
2.0497302314534336e23
2.1064115863460328e23
2.163168969348428e23
2.2199708802596014e23
2.276785515000031e23
2.3335807832482828e23
2.3903243264199046e23
2.4469835359797134e23
2.503525572078092e23
2.5599173825018115e23
2.6161257219293997e23
2.672117171480939e23
2.7278581585517393e23
2.783314976919234e23
2.8384538071119893e23
2.8932407370295636e23
2.9476417828015867e23
3.0016229098743027e23
3.05515005431244e23
3.108189144304009e23
3.160706121855564e23
3.2126669646649854e23
3.264037708158814e23
3.3147844676807505e23
3.364873460817962e23
3.4142710298513494e23
3.462943664315978e23
3.5108580236574573e23
3.557980959970093e23
3.604279540802248e23
3.64972107201435e23
3.694273120674646e23
3.7379035379778784e23
3.780580482171671e23
3.822272441475478e23
3.8629482569766567e23
3.9025771454882775e23
3.941128722353029e23
3.9785730241775754e23
4.014880531481565e23
4.050022191245495e23
4.0839694393415034e23
4.1166942228311206e23
4.148169022113955e23
4.17836687291131e23
4.207261388068616e23
4.234826779160646e23
4.26103787788331e23
4.285870157216115e23
4.309299752339076e23
4.331303481288127e23
4.3518588653329884e23
4.3709441490615886e23
4.388538320155129e23
4.4046211288380025e23
4.419173106986818e23
4.4321755868829355e23
4.443610719592989e23
4.4534614929619764e23
4.4617117492036664e23
4.46834620207321e23
4.4733504536069565e23
4.4767110104146847e23
4.478415299509625e23
4.47845168366182e23
4.47680947626059e23
4.473478955672048e23
4.4684513790778835e23
4.461718995781857e23
4.453275059970559e23
4.4431138429155235e23
4.4312306446037396e23
4.417621804784103e23
4.402284713417535e23
4.3852178205188095e23
4.366420645378455e23
4.345893785153454e23
4.323638922815611e23
4.299658834447104e23
4.273957395872807e23
4.246539588619462e23
4.217411505192135e23
4.186580353658737e23
4.154054461533811e23
4.119843278953175e23
4.083957381131439e23
4.0464084700946565e23
4.007209375681182e23
3.96637405580377e23
3.923917595966742e23
3.879856208032307e23
3.834207228230657e23
3.786989114408892e23
3.7382214425143474e23
3.6879249023081786e23
3.636121292305916e23
3.582833513941785e23
3.5280855649543336e23
3.4719025319913355e23
3.4143105824324196e23
3.355336955428434e23
3.295009952157089e23
3.2333589252947345e23
3.1704142677050516e23
3.1062074003455573e23
3.040770759393596e23
2.9741377825939456e23
2.906342894830714e23
2.837421492926743e23
2.767409929674271e23
2.6963454971012363e23
2.6242664089778634e23
2.5512117825691985e23
2.477221619639351e23
2.4023367867139835e23
2.3265989946081113e23
2.2500507772267547e23
2.1727354696466236e23
2.09469718548753e23
2.0159807935826013e23
1.9366318939572948e23
1.8566967931273445e23
1.7762224787265536e23
1.6952565934757948e23
1.6138474085051337e23
1.5320437960415048e23
1.4498952014749841e23
1.3674516148169154e23
1.284763541564186e23
1.2018819729839404e23
1.1188583558338186e23
1.0357445615332067e23
9.525928548015106e22
8.694558617799062e22
7.863865376536112e22
7.034381337919023e22
6.20664164424018e22
5.381183728691293e22
4.558546973391889e22
3.7392723633391933e22
2.9239021364753214e22
2.1129794300731107e22
1.3070479236445212e22
5.066514785813706e21
-2.876662252610653e21
-1.0753620558186816e22
-1.8558937976936952e22
-2.6287205234258852e22
-3.393302966933385e22
-4.149103898892981e22
-4.895588503826953e22
-5.632224758659341e22
-6.3584838125045586e22
-7.0738403674441206e22
-7.777773060048886e22
-8.469764843399282e22
-9.14930336935434e22
-9.815881370818568e22
-1.0468997043753031e23
-1.1108154428675118e23
-1.173286379139156e23
-1.2342642002704227e23
-1.2937012916830316e23
-1.3515507748275535e23
-1.407766544689787e23
-1.46230330708994e23
-1.515116615748192e23
-1.5661629090902575e23
-1.615399546766411e23
-1.662784845857602e23
-1.708278116742017e23
-1.751839698595713e23
-1.793430994500835e23
-1.8330145061350034e23
-1.870553868015573e23
-1.9060138812724513e23
-1.9393605469233688e23
-1.970561098625596e23
-1.9995840348781334e23
-2.0263991506487034e23
-2.050977568399986e23
-2.0732917684896895e23
-2.0933156189193405e23
-2.1110244044068336e23
-2.1263948547581025e23
-2.1394051725134653e23
-2.1500350598445355e23
-2.1582657446778566e23
-2.1640800060217803e23
-2.1674621984734037e23
-2.168398275882739e23
-2.1668758141517427e23
-2.162884033146068e23
-2.1564138176979848e23
-2.1474577376792044e23
-2.136010067122893e23
-2.1220668023745163e23
-2.1056256792517306e23
-2.0866861891939526e23
-2.0652495943828445e23
-2.0413189418153416e23
-2.014899076311556e23
-1.985996652440274e23
-1.954620145345538e23
-1.9207798604581845e23
-1.8844879420769945e23
-1.8457583808045825e23
-1.8046070198239636e23
-1.7610515600021466e23
-1.7151115638080307e23
-1.666808458032288e23
-1.616165535297891e23
-1.5632079543503712e23
-1.5079627391177907e23
-1.4504587765310638e23
-1.390726813096046e23
-1.3287994502094725e23
-1.2647111382116872e23
-1.198498169169816e23
-1.1301986683858318e23
-1.0598525846247502e23
-9.875016790589939e22
-9.131895129257511e22
-8.369614338950385e22
-7.588645611468813e22
-6.789477691569754e22
-5.972616701909757e22
-5.138585955083736e22
-4.287925752778434e22
-3.4211931720672703e22
-2.5389618388826644e22
-1.6418216887091129e22
-7.303787145508437e21
1.9474529776524214e21
1.132913046879712e22
2.083472005707065e22
3.045754723668077e22
4.019079141253658e22
5.002748916813255e22
5.996053765454968e22
6.99826980993379e22
8.008659943396818e22
9.026474203844588e22
1.0050950160159622e23
1.1081313309545829e23
1.2116777486210293e23
1.315654528111392e23
1.4199808472607497e23
1.524574846776088e23
1.629353675418541e23
1.734233536214036e23
1.839129733670668e23
1.9439567219804058e23
2.0486281541816036e23
2.153056932258333e23
2.2571552581516097e23
2.3608346856567642e23
2.4640061731805675e23
2.5665801373307745e23
2.668466507310192e23
2.7695747800866094e23
2.8698140763090186e23
2.969093196940077e23
3.067320680573994e23
3.164404861408288e23
3.260253927837275e23
3.35477598163442e23
3.4478790976901805e23
3.539471384271151e23
3.6294610437660544e23
3.717756433883088e23
3.804266129263022e23
3.888898983471633e23
3.971564191334611e23
4.052171351577611e23
4.130630529733586e23
4.206852321279077e23
4.280747914960822e23
4.352229156273392e23
4.421208611048404e23
4.487599629115359e23
4.5513164079938356e23
4.612274056576464e23
4.670388658761759e23
4.725577336995638e23
4.777758315680286e23
4.8268509844085893e23
4.8727759609823356e23
4.9154551541722446e23
4.954811826177483e23
4.990770654742482e23
5.023257794888597e23
5.0522009402181755e23
5.07752938374847e23
5.0991740782328717e23
5.1170676959269436e23
5.131144687756755e23
5.141341341847099e23
5.1475958413672224e23
5.1498483216518695e23
5.148040926555606e23
5.142117863998457e23
5.1320254606612346e23
5.117712215789024e23
5.099128854061743e23
5.076228377490748e23
5.0489661163009615e23
5.01729977875823e23
4.981189499902135e23
4.940597889144645e23
4.895490076695695e23
4.845833758776999e23
4.791599241586143e23
4.732759483973214e23
4.669290138793045e23
4.601169592896512e23
4.5283790057251454e23
4.450902346473652e23
4.3687264297857865e23
4.281840949949784e23
4.1902385135599364e23
4.093914670611976e23
3.992867944000406e23
3.8870998573870246e23
3.776614961410279e23
3.6614208582062906e23
3.5415282242129895e23
3.416950831229986e23
3.28770556570721e23
3.153812446236913e23
3.015294639223877e23
2.8721784727104666e23
2.7244934483332816e23
2.5722722513898828e23
2.4155507589946677e23
2.254368046304395e23
2.088766390794482e23
1.9187912745688016e23
1.7444913846862636e23
1.5659186114893485e23
1.3831280449200331e23
1.1961779688104472e23
1.0051298531363005e23
8.100483442228198e22
6.1100125289345955e22
4.0805954055361505e22
2.01297303202258e22
-9.208246633955276e20
-2.2337680004854317e22
-4.411249739880259e22
-6.6236633557156474e22
-8.870114284976121e22
-1.1149678015370829e23
-1.3461400391105757e23
-1.5804297939462642e23
-1.8177358218135534e23
-2.057954018326385e23
-2.3009774578085303e23
-2.546696434212232e23
-2.794998504079503e23
-3.0457685315350045e23
-3.298888735297262e23
-3.554238737693672e23
-3.8116956156642257e23
-4.0711339537362475e23
-4.3324258989522356e23
-4.5954412177306004e23
-4.860047354638585e23
-5.126109493054659e23
-5.393490617696662e23
-5.66205157899038e23
-5.931651159252245e23
-6.202146140658395e23
-6.473391374970724e23
-6.745239854989552e23
-7.017542787701377e23
-7.290149669088431e23
-7.56290836056599e23
-7.83566516701153e23
-8.10826491634929e23
-8.38055104065208e23
-8.652365658721052e23
-8.923549660102825e23
-9.193942790502712e23
-9.463383738550944e23
-9.731710223878122e23
-9.998759086454579e23
-1.0264366377147803e24
-1.0528367449450535e24
-1.0790597052331188e24
-1.1050889424157141e24
-1.1309078387640861e24
-1.1564997445757199e24
-1.1818479878579781e24
-1.2069358840982918e24
-1.231746746115533e24
-1.2562638939870232e24
-1.280470665045632e24
-1.304350423941237e24
-1.3278865727608578e24
-1.351062561201595e24
-1.373861896790504e24
-1.396268155145396e24
-1.41826499027058e24
-1.4398361448814198e24
-1.4609654607515364e24
-1.4816368890764773e24
-1.5018345008475553e24
-1.5215424972295655e24
-1.5407452199359812e24
-1.5594271615952845e24
-1.5775729761019295e24
-1.5951674889455194e24
-1.6121957075116314e24
-1.628642831347821e24
-1.644494262388205e24
-1.6597356151300738e24
-1.6743527267559318e24
-1.688331667194379e24
-1.7016587491132204e24
-1.714320537838213e24
-1.7263038611908137e24
-1.7375958192383586e24
-1.7481837939500725e24
-1.758055458752335e24
-1.767198787976642e24
-1.7756020661937311e24
-1.7832538974273687e24
-1.790143214241325e24
-1.7962592866930755e24
-1.8015917311478445e24
-1.8061305189466483e24
-1.809865984921997e24
-1.8127888357550084e24
-1.8148901581677586e24
-1.8161614269446957e24
-1.8165945127770616e24
-1.8161816899243199e24
-1.814915643686638e24
-1.812789477682603e24
-1.8097967209263675e24
-1.8059313346985658e24
-1.8011877192053805e24
-1.7955607200202834e24
-1.7890456343030297e24
-1.7816382167906133e24
-1.7733346855549891e24
-1.7641317275224613e24
-1.7540265037497976e24
-1.7430166544521927e24
-1.731100303778358e24
-1.7182760643281272e24
-1.7045430414081092e24
-1.689900837021032e24
-1.6743495535845976e24
-1.6578897973757178e24
-1.6405226816962817e24
-1.6222498297566264e24
-1.6030733772730895e24
-1.5829959747761783e24
-1.5620207896260206e24
-1.5401515077319428e24
-1.5173923349731965e24
-1.4937479983179265e24
-1.469223746637813e24
-1.4438253512158197e24
-1.4175591059447447e24
-1.3904318272144293e24
-1.362450853485654e24
-1.3336240445489149e24
-1.303959780466528e24
-1.2734669601965277e24
-1.2421549998972599e24
-1.210033830911523e24
-1.1771138974294419e24
-1.143406153829392e24
-1.1089220616965272e24
-1.0736735865186059e24
-1.0376731940590536e24
-1.000933846407405e24
-9.634689977073602e23
-9.252925895630907e23
-8.864190461244236e23
-8.468632688518625e23
-8.066406309625702e23
-7.657669715586254e23
-7.242585894390915e23
-6.821322365976649e23
-6.394051114077453e23
-5.9609485149719905e23
-5.522195263150672e23
-5.077976293928081e23
-4.628480703028182e23
-4.173901663171953e23
-3.71443633769882e23
-3.2502857912562107e23
-2.7816548975914214e23
-2.308752244485161e23
-1.831790035865069e23
-1.350983991141453e23
-8.665532418084779e22
-3.787202253564697e22
1.1228942345730097e22
6.062469839300987e22
1.1029207632757625e23
1.6020762129753766e23
2.103476047560094e23
2.6068803657703558e23
3.112046774032669e23
3.618730512193456e23
4.126684581447993e23
4.635659874400517e23
5.145405307189648e23
5.655667953612992e23
6.166193181180534e23
6.676724789027525e23
7.187005147614421e23
7.696775340140377e23
8.205775305595272e23
8.713743983373754e23
9.220419459373045e23
9.725539113496257e23
1.0228839768479085e24
1.0730057839959015e24
1.122892948770347e24
1.1725190767912509e24
1.2218577786510486e24
1.2708826853340006e24
1.3195674637170424e24
1.367885832143169e24
1.4158115760584865e24
1.463318563703704e24
1.5103807618510285e24
1.5569722515771743e24
1.6030672440631677e24
1.6486400964115675e24
1.6936653274716432e24
1.7381176336629492e24
1.781971904787836e24
1.8252032398231132e24
1.867786962681322e24
1.9096986379318494e24
1.9509140864721578e24
1.9914094011393587e24
2.03116096225235e24
2.0701454530746567e24
2.1083398751882837e24
2.1457215637686046e24
2.182268202750578e24
2.2179578398764517e24
2.2527689016151458e24
2.2866802079435674e24
2.3196709869800905e24
2.351720889460493e24
2.3828100030466642e24
2.41291886645851e24
2.442028483419385e24
2.4701203364055975e24
2.49717640019053e24
2.523179155173951e24
2.548111600487246e24
2.5719572668653144e24
2.5947002292760046e24
2.616325119298061e24
2.6368171372386005e24
2.656162063981295e24
2.67434627255658e24
2.691356739425215e24
2.7071810554667616e24
2.721807436664624e24
2.735224734479421e24
2.747422445902664e24
2.75839072318276e24
2.7681203832156047e24
2.776602916592188e24
2.7838304962957127e24
2.789795986040975e24
2.7944929482489594e24
2.7979156516496566e24
2.8000590785064325e24
2.8009189314553993e24
2.8004916399534626e24
2.7987743663288854e24
2.7957650114284626e24
2.7914622198555803e24
2.7858653847936866e24
2.7789746524098575e24
2.7707909258334285e24
2.76131586870487e24
2.7505519082903405e24
2.738502238157515e24
2.725170820408639e24
2.710562387466908e24
2.694682443412616e24
2.677537264865643e24
2.659133901411263e24
2.6394801755663845e24
2.618584682283656e24
2.5964567879911624e24
2.573106629165634e24
2.5485451104374463e24
2.5227839022258916e24
2.4958354379034905e24
2.4677129104885363e24
2.4384302688650367e24
2.4080022135298375e24
2.37644419186678e24
2.3437723929481362e24
2.3100037418637947e24
2.275155893578999e24
2.2392472263216855e24
2.2022968345009082e24
2.1643245211578421e24
2.125350789951458e24
2.0853968366810773e24
2.0444845403483527e24
2.0026364537615383e24
1.9598757936851175e24
1.9162264305383851e24
1.871712877646486e24
1.8263602800480994e24
1.7801944028640087e24
1.7332416192311763e24
1.6855288978072e24
1.6370837898503686e24
1.5879344158806764e24
1.5381094519277715e24
1.48763811537159e24
1.4365501503822023e24
1.38487581296539e24
1.3326458556208148e24
1.2798915116199594e24
1.2266444789112405e24
1.1729369036599064e24
1.1188013634308748e24
1.0642708500224377e24
1.0093787519595024e24
9.541588366550302e23
8.986452322485993e23
8.428724091313824e23
7.868751611669393e23
7.306885866174688e23
6.743480687856476e23
6.178892563819224e23
5.6134804362783735e23
5.0476055010591083e23
4.4816310036686573e23
3.915922033052357e23
3.350845313145569e23
2.7867689923346766e23
2.2240624309453264e23
1.663095986872613e23
1.1042407994751288e23
5.478685718528557e22
-5.648648367440816e20
-5.559386896157587e22
-1.1026294782044782e23
-1.6453492612698844e23
-2.1837268306988557e23
-2.717391747913117e23
-3.245974569378149e23
-3.7691070727047515e23
-4.2864224832100954e23
-4.797555700803161e23
-5.302143527060537e23
-5.79982489235375e23
-6.290241082894335e23
-6.7730359675566e23
-7.247856224340803e23
-7.71435156633764e23
-8.172174967055045e23
-8.620982884967288e23
-9.06043548714748e23
-9.490196871841424e23
-9.909935289845162e23
-1.0319323364544225e24
-1.071803831047516e24
-1.1105762150269173e24
-1.148218192983833e24
-1.1846989931664611e24
-1.2199883886053718e24
-1.254056718021311e24
-1.2868749065019043e24
-1.3184144859333338e24
-1.3486476151734223e24
-1.3775470999525567e24
-1.4050864124889616e24
-1.4312397108049793e24
-1.4559818577311151e24
-1.4792884395846055e24
-1.501135784509674e24
-1.5215009804664676e24
-1.5403618928560016e24
-1.5576971817685312e24
-1.5734863188429377e24
-1.587709603724912e24
-1.6003481801118643e24
-1.6113840513726313e24
-1.620800095730444e24
-1.628580080997537e24
-1.6347086788502403e24
-1.6391714786334634e24
-1.6419550006837604e24
-1.64304670916048e24
-1.6424350243745182e24
-1.6401093346047273e24
-1.6360600073921178e24
-1.6302784003022694e24
-1.6227568711466957e24
-1.6134887876541515e24
-1.602468536583158e24
-1.5896915322673458e24
-1.5751542245854758e24
-1.5588541063482823e24
-1.540789720094757e24
-1.520960664290551e24
-1.4993675989217321e24
-1.4760122504773343e24
-1.4508974163145065e24
-1.4240269684004642e24
-1.395405856425674e24
-1.3650401102831656e24
-1.3329368419092105e24
-1.2991042464809003e24
-1.2635516029665905e24
-1.226289274025523e24
-1.1873287052533159e24
-1.146682423770421e24
-1.1043640361509276e24
-1.0603882256897023e24
-1.0147707490058927e24
-9.67528431981636e23
-9.186791650348467e23
-8.682418977255792e23
-8.162366326957631e23
-7.626844189425508e23
-7.076073444258905e23
-6.51028528011452e23
-5.9297211075017055e23
-5.3346324649649755e23
-4.7252809186747294e23
-4.101937955453471e23
-3.464884869268634e23
-2.81441264122691e23
-2.1508218131092183e23
-1.4744223544903409e23
-7.855335234889354e22
-8.448372120176063e21
6.283896601239485e22
1.352740395119527e23
2.088213589461764e23
2.8344458501096113e23
3.5910654615389503e23
4.357692567899673e23
5.1339393610143906e23
5.9194102741368946e23
6.713702181380043e23
7.516404602723459e23
8.327099914504715e23
9.145363565294779e23
9.970764297054841e23
1.0802864371467729e24
1.1641219801332682e24
1.2485380586911283e24
1.3334890957104414e24
1.418928961534076e24
1.504810999005161e24
1.5910880489603637e24
1.6777124761558674e24
1.7646361956125385e24
1.8518106993664513e24
1.9391870836108003e24
2.026716076214577e24
2.11434806460342e24
2.202033123987614e24
2.2897210459218557e24
2.3773613671812855e24
2.4649033989378947e24
2.5522962562211914e24
2.6394888876467074e24
2.726430105395904e24
2.813068615430361e24
2.89935304792341e24
2.985231987891744e24
3.0706540060096234e24
3.155567689587885e24
3.239921673699915e24
3.3236646724364375e24
3.4067455102710276e24
3.4891131535177637e24
3.5707167418625677e24
3.651505619949563e24
3.731429369003576e24
3.810437838469886e24
3.88848117765218e24
3.9655098673295246e24
4.0414747513332906e24
4.11632706806455e24
4.190018481932704e24
4.2625011146959454e24
4.3337275766840956e24
4.403650997884323e24
4.472225058870357e24
4.5394040215555597e24
4.605142759750599e24
4.669396789506074e24
4.732122299220749e24
4.793276179496076e24
4.85281605271759e24
4.910700302344013e24
4.966888101884837e24
5.021339443547347e24
5.074015166534079e24
5.124876984971934e24
5.173887515454111e24
5.221010304176351e24
5.266209853649058e24
5.309451648966989e24
5.35070218361846e24
5.389928984816136e24
5.42710063833172e24
5.462186812817059e24
5.495158283594359e24
5.525986955898517e24
5.554645887554772e24
5.58110931107513e24
5.605352655157336e24
5.627352565570365e24
5.647086925410805e24
5.664534874714694e24
5.679676829409763e24
5.69249449959334e24
5.702970907121488e24
5.711090402495307e24
5.716838681030703e24
5.72020279829824e24
5.72117118482015e24
5.719733660011853e24
5.715881445355832e24
5.709607176796046e24
5.700904916341518e24
5.689770162868116e24
5.676199862108016e24
5.660192415816749e24
5.641747690108155e24
5.620867022948144e24
5.597553230798404e24
5.571810614401912e24
5.543644963702404e24
5.513063561890532e24
5.480075188569886e24
5.444690122036594e24
5.406920140666644e24
5.366778523405747e24
5.324280049356784e24
5.27944099646075e24
5.232279139267358e24
5.182813745792143e24
5.131065573457365e24
5.077056864114631e24
5.020811338147569e24
4.962354187653681e24
4.901712068704565e24
4.838913092685062e24
4.773986816711335e24
4.7069642331297154e24
4.637877758097491e24
4.5667612192481695e24
4.493649842444297e24
4.4185802376207245e24
4.3415903837229397e24
4.262719612744372e24
4.182008592868471e24
4.0994993107205187e24
4.0152350527361555e24
3.9292603856528153e24
3.8416211361316833e24
3.7523643695183983e24
3.661538367750264e24
3.5691926064199144e24
3.475377731004091e24
3.380145532268614e24
3.2835489208592824e24
3.1856419010908447e24
3.0864795439451134e24
2.986117959290719e24
2.884614267337747e24
2.782026569339737e24
2.678413917557964e24
2.573836284501288e24
2.468354531457512e24
2.3620303763307487e24
2.2549263608010808e24
2.1471058168231086e24
2.038632832479435e24
1.929572217207436e24
1.8199894664159462e24
1.7099507255112186e24
1.5995227533496634e24
1.4887728851375574e24
1.3777689947963803e24
1.2665794568139914e24
1.1552731076024115e24
1.0439192063819908e24
9.325873956142064e23
8.213476610034219e23
7.10270291090598e23
5.9942583645998715e23
4.88885068582494e23
3.787189383176249e23
2.6899853409757754e23
1.59795039817296e23
5.117969245336726e22
-5.677626056308787e22
-1.640016041963966e23
-2.704251988534937e23
-3.7597602360439385e23
-4.805832195505903e23
-5.841761333158114e23
-6.866843606346336e23
-7.880377900122057e23
-8.881666464305382e23
-9.870015350742411e23
-1.0844734850508673e24
-1.180513993078558e24
-1.2750550671156334e24
-1.3680292699054086e24
-1.459369762409448e24
-1.5490103471036681e24
-1.6368855111096495e24
-1.722930469135702e24
-1.8070812062000677e24
-1.8892745201107137e24
-1.969448063674148e24
-2.0475403866076298e24
-2.1234909771278957e24
-2.1972403031897751e24
-2.268729853349157e24
-2.3379021772230702e24
-2.4047009255219454e24
-2.4690708896269575e24
-2.5309580406875467e24
-2.5903095682131266e24
-2.647073918133241e24
-2.701200830301629e24
-2.7526413754182913e24
-2.8013479913455947e24
-2.84727451879309e24
-2.89037623634741e24
-2.9306098948225903e24
-2.9679337509076034e24
-3.002307600087502e24
-3.033692808814771e24
-3.062052345908791e24
-3.0873508131601703e24
-3.109554475118868e24
-3.1286312880434515e24
-3.144550927991178e24
-3.1572848180272516e24
-3.1668061545335004e24
-3.1730899325961955e24
-3.1761129704533096e24
-3.1758539329828465e24
-3.1722933542128273e24
-3.1654136588356715e24
-3.155199182708801e24
-3.1416361923248984e24
-3.124712903235169e24
-3.104419497409509e24
-3.0807481395185136e24
-3.053692992122317e24
-3.023250229752153e24
-2.989418051870815e24
-2.952196694699359e24
-2.9115884418972264e24
-2.8675976340843557e24
-2.820230677194002e24
-2.769496049645578e24
-2.715404308328244e24
-2.6579680933853137e24
-2.597202131791632e24
-2.533123239715684e24
-2.465750323659514e24
-2.395104380369952e24
-2.3212084955153815e24
-2.2440878411229957e24
-2.1637696717724578e24
-2.080283319542027e24
-1.9936601877044959e24
-1.903933743170823e24
-1.811139507679921e24
-1.7153150477341073e24
-1.616499963280183e24
-1.5147358751368815e24
-1.4100664111707097e24
-1.3025371912218737e24
-1.1921958107838655e24
-1.0790918234403547e24
-9.63276722064014e23
-8.448039187826844e23
-7.237287237187778e23
-6.0010832250927026e23
-4.740017526132939e23
-3.454698784161606e23
-2.1457536513879585e23
-8.138265156241797e22
5.404207842075995e22
1.9163092541954538e23
3.3131430530650185e23
4.730209811179998e23
6.166780960788092e23
7.622112077361878e23
9.095443231888979e23
1.058599935395053e24
1.2092990605426294e24
1.3615612764651263e24
1.5153047620849784e24
1.670446337865495e24
1.8269015072527163e24
1.984584499086973e24
2.1434083109634694e24
2.3032847535209656e24
2.4641244956362985e24
2.62583711050258e24
2.7883311225677926e24
2.9515140553097573e24
3.115292479823715e24
3.2795720641970114e24
3.4442576236457256e24
3.609253171386909e24
3.774461970220073e24
3.9397865847904015e24
4.105128934506491e24
4.27039034708375e24
4.4354716126853847e24
4.6002730386315067e24
4.764694504646621e24
4.928635518615672e24
5.091995272817853e24
5.254672700607453e24
5.416566533510367e24
5.577575358704224e24
5.737597676850655e24
5.896531960246689e24
6.054276711262874e24
6.21073052103483e24
6.365792128374987e24
6.519360478870939e24
6.671334784136128e24
6.82161458117926e24
6.970099791857721e24
7.11669078238057e24
7.261288422826351e24
7.403794146640845e24
7.544110010079713e24
7.682138751561096e24
7.817783850892344e24
7.950949588336373e24
8.081541103481635e24
8.20946445388057e24
8.334626673421076e24
8.456935830395558e24
8.576301085232153e24
8.69263274785299e24
8.80584233462371e24
8.915842624859782e24
9.022547716853951e24
9.125873083390208e24
9.225735626709439e24
9.322053732892052e24
9.414747325623409e24
9.503737919307747e24
9.588948671496511e24
9.67030443459775e24
9.747731806833043e24
9.82115918240873e24
9.89051680086887e24
9.95573679559757e24
1.0016753241438292e25
1.0073502201399155e25
1.0125921772411964e25
1.0173952130115329e25
1.021753557263062e25
1.0256616563301128e25
1.0291141772365326e25
1.032106011753468e25
1.0346322803448536e25
1.0366883359977058e25
1.0382697679346336e25
1.039372405205772e25
1.0399923201576268e25
1.0401258317762227e25
1.0397695089020918e25
1.0389201733147179e25
1.0375749026840238e25
1.0357310333866884e25
1.0333861631850195e25
1.030538153766323e25
1.0271851331406049e25
1.0233254978947294e25
1.0189579153010247e25
1.0140813252785443e25
1.0086949422052724e25
1.0027982565794857e25
9.9639103652883e24
9.894733291654526e24
9.820454617859093e24
9.741080429143995e24
9.656619631881225e24
9.567083960836401e24
9.472487984830684e24
9.372849110792397e24
9.268187586188203e24
9.158526499827217e24
9.043891781029494e24
8.924312197154344e24
8.79981934948203e24
8.670447667445103e24
8.536234401206783e24
8.397219612582533e24
8.253446164305461e24
8.104959707633199e24
7.951808668298847e24
7.794044230805664e24
7.631720321069993e24
7.464893587414457e24
7.293623379916622e24
7.117971728119344e24
6.938003317107728e24
6.75378546196228e24
6.565388080594671e24
6.3728836649777e24
6.176347250778312e24
5.975856385405782e24
5.771491094488361e24
5.56333384678993e24
5.351469517583459e24
5.135985350494236e24
4.916970917831674e24
4.694518079424563e24
4.46872093998046e24
4.2396758049864575e24
4.0074811351723334e24
3.772237499557889e24
3.534047527104544e24
3.2930158569965845e24
3.0492490875732947e24
2.8028557239392723e24
2.5539461242759295e24
2.3026324448831224e24
2.0490285839762614e24
1.793250124267749e24
1.5354142743626504e24
1.2756398089962663e24
1.0140470081468133e24
7.50757595051866e23
4.858946731633707e23
2.1958266207192712e23
-4.805276756502528e22
-3.1688476005611804e23
-5.86785341636967e23
-8.576254883208006e23
-1.1292751946050989e24
-1.4016035429944788e24
-1.6744787743048573e24
-1.9477683587080814e24
-2.221339067480062e24
-2.495057045412424e24
-2.7687878838466215e24
-3.0423966942922863e24
-3.3157481825861017e24
-3.5887067235525246e24
-3.8611364361216885e24
-4.1329012588648083e24
-4.403865025901766e24
-4.673891543139852e24
-4.942844664799269e24
-5.210588370180727e24
-5.476986840633145e24
-5.741904536674367e24
-6.005206275222922e24
-6.266757306893276e24
-6.526423393311586e24
-6.784070884405776e24
-7.039566795623643e24
-7.292778885035481e24
-7.543575730272971e24
-7.791826805261151e24
-8.037402556695128e24
-8.280174480218136e24
-8.520015196252803e24
-8.75679852544165e24
-8.990399563650355e24
-9.220694756487406e24
-9.447561973296424e24
-9.670880580573497e24
-9.890531514766649e24
-1.010639735441012e25
-1.0318362391550874e25
-1.0526312702420666e25
-1.0730136217311249e25
-1.092972278960778e25
-1.1124964263936465e25
-1.1315754543384699e25
-1.150198965574875e25
-1.1683567818768734e25
-1.1860389504306877e25
-1.2032357501428997e25
-1.2199376978347712e25
-1.2361355543186143e25
-1.251820330352372e25
-1.2669832924682856e25
-1.2816159686719496e25
-1.2957101540077784e25
-1.3092579159872816e25
-1.3222515998763298e25
-1.3346838338378983e25
-1.3465475339267337e25
-1.3578359089323923e25
-1.3685424650674108e25
-1.3786610104971502e25
-1.3881856597082196e25
-1.3971108377122167e25
-1.4054312840818451e25
-1.4131420568163432e25
-1.420238536033409e25
-1.4267164274848367e25
-1.4325717658931075e25
-1.437800918106459e25
-1.4424005860698107e25
-1.4463678096092666e25
-1.4496999690278076e25
-1.4523947875100569e25
-1.4544503333340054e25
-1.4558650218877119e25
-1.4566376174891354e25
-1.4567672350073334e25
-1.456253341283387e25
-1.4550957563494975e25
-1.4532946544448869e25
-1.4508505648271427e25
-1.447764372377878e25
-1.4440373180016062e25
-1.4396709988168748e25
-1.4346673681388997e25
-1.4290287352528926e25
-1.4227577649775893e25
-1.4158574770184601e25
-1.408331245110302e25
-1.4001827959489744e25
-1.3914162079122066e25
-1.3820359095694957e25
-1.3720466779813036e25
-1.3614536367877697e25
-1.3502622540874206e25
-1.338478340106387e25
-1.3261080446587996e25
-1.3131578543991725e25
-1.2996345898676604e25
-1.2855454023293146e25
-1.270897770408414e25
-1.2556994965192556e25
-1.2399587030947834e25
-1.2236838286146406e25
-1.2068836234342915e25
-1.1895671454170632e25
-1.1717437553709644e25
-1.1534231122924168e25
-1.1346151684190083e25
-1.1153301640935707e25
-1.0955786224420415e25
-1.0753713438675795e25
-1.0547194003636543e25
-1.0336341296488215e25
-1.012127129126106e25
-9.90210249670015e24
-9.678955892442217e24
-9.45195486353242e24
-9.221225133313619e24
-8.986894694723361e24
-8.749093740033313e24
-8.507954589068746e24
-8.263611615944562e24
-8.016201174357669e24
-7.76586152147468e24
-7.512732740455451e24
-7.256956661654927e24
-6.998676782544662e24
-6.738038186398672e24
-6.475187459786864e24
-6.210272608922088e24
-5.943442974906711e24
-5.674849147924965e24
-5.404642880429915e24
-5.132976999372207e24
-4.860005317521086e24
-4.585882543926335e24
-4.310764193573068e24
-4.0348064962790377e24
-3.7581663048884407e24
-3.4810010028126513e24
-3.2034684109721687e24
-2.925726694193473e24
-2.6479342671140674e24
-2.3702496996515793e24
-2.0928316220904333e24
-1.8158386298436342e24
-1.539429187943647e24
-1.2637615353192896e24
-9.889935889165555e23
-7.152828477179038e23
-4.427862967188329e23
-1.7166031091893045e23
9.793944061581983e22
3.6585809056053254e23
6.319416689523705e23
8.960371985650383e23
1.1579927899809362e24
1.4176577363011195e24
1.6748826074361615e24
1.9295193439195755e24
2.1814213501855092e24
2.430443587253731e24
2.676442664763521e24
2.9192769322993295e24
3.1588065699509313e24
3.39489367805116e24
3.6274023660345146e24
3.8561988403599e24
4.0811514914422754e24
4.3021309795366265e24
4.519010319520242e24
4.7316649645170926e24
4.939972888311747e24
5.143814666497777e24
5.343073556308348e24
5.537635575076233e24
5.727389577271088e24
5.912227330063603e24
6.092043587364732e24
6.266736162291689e24
6.43620599801049e24
6.600357236907678e24
6.759097288043242e24
6.912336892838668e24
7.059990188954298e24
7.201974772311353e24
7.338211757214734e24
7.468625834534138e24
7.593145327901559e24
7.711702247884431e24
7.824232344094934e24
7.930675155196841e24
8.03097405677246e24
8.125076307013647e24
8.212933090201372e24
8.294499557940473e24
8.369734868116639e24
8.438602221544257e24
8.501068896275118e24
8.55710627953908e24
8.606689897289127e24
8.649799441324944e24
8.686418793969669e24
8.716536050277094e24
8.740143537746667e24
8.75723783352619e24
8.767819779082619e24
8.771894492323669e24
8.769471377153674e24
8.760564130449041e24
8.74519074644019e24
8.72337351848789e24
8.69513903824427e24
8.660518192189179e24
8.619546155535477e24
8.572262383497047e24
8.518710599915778e24
8.458938783245327e24
8.392999149890136e24
8.320948134901288e24
8.242846370030604e24
8.158758659147823e24
8.068753951025454e24
7.972905309499322e24
7.871289881012804e24
7.763988859555343e24
7.651087449007576e24
7.53267482290567e24
7.408844081641228e24
7.279692207112165e24
7.145320014844267e24
7.005832103601994e24
6.861336802511255e24
6.711946115716376e24
6.557775664596078e24
6.398944627565296e24
6.235575677489423e24
6.067794916741614e24
5.895731809932625e24
5.719519114346816e24
5.539292808117012e24
5.355192016174146e24
5.167358934008698e24
4.975938749281113e24
4.781079561322378e24
4.5829322985641666e24
4.3816506339426947e24
4.1773908983185316e24
3.970311991959016e24
3.760575294128822e24
3.5483445708366644e24
3.333785880788082e24
3.117067479593249e24
2.8983597222831027e24
2.677834964184953e24
2.4556674602132407e24
2.2320332626288735e24
2.0071101173253118e24
1.7810773586971193e24
1.5541158031501955e24
1.3264076413136649e24
1.0981363290125068e24
8.694864770641619e23
6.406437399595265e23
4.117947034937664e23
1.8312677140919822e23
-4.5171948883822514e22
-2.729127614418871e23
-4.9990649771409987e23
-7.259636331893528e23
-9.50894404699015e23
-1.174508928304926e24
-1.3966173177047403e24
-1.6170298030838275e24
-1.835556850344262e24
-2.052009280639778e24
-2.2661983901449991e24
-2.4779360699883944e24
-2.6870349262756083e24
-2.8933084001323293e24
-3.0965708876923756e24
-3.2966378599599957e24
-3.493325982471663e24
-3.686453234685359e24
-3.8758390290236043e24
-4.0613043294964774e24
-4.2426717698321566e24
-4.419765771040626e24
-4.5924126583379935e24
-4.760440777357647e24
-4.923680609575746e24
-5.081964886877857e24
-5.235128705194062e24
-5.38300963713065e24
-5.525447843525839e24
-5.662286183858632e24
-5.793370325438691e24
-5.918548851307542e24
-6.03767336678005e24
-6.150598604557022e24
-6.257182528339629e24
-6.357286434877254e24
-6.450775054381234e24
-6.537516649237035e24
-6.61738311094912e24
-6.690250055252753e24
-6.755996915328212e24
-6.814507033053855e24
-6.865667748235079e24
-6.909370485747578e24
-6.945510840534137e24
-6.973988660395022e24
-6.994708126513801e24
-7.007577831660667e24
-7.0125108560174e24
-7.009424840568589e24
-6.998242058005333e24
-6.978889481089229e24
-6.951298848424838e24
-6.915406727591439e24
-6.871154575584944e24
-6.818488796523769e24
-6.757360796572039e24
-6.687727036037308e24
-6.6095490785991e24
-6.522793637627865e24
-6.427432619555268e24
-6.323443164256981e24
-6.210807682413265e24
-6.089513889811353e24
-5.959554838558438e24
-5.820928945172678e24
-5.673640015524419e24
-5.51769726659899e24
-5.353115345055719e24
-5.179914342559986e24
-4.998119807864732e24
-4.807762755623201e24
-4.60887967191249e24
-4.4015125164536156e24
-4.185708721511943e24
-3.961521187465941e24
-3.729008275034671e24
-3.4882337941531535e24
-3.2392669894916445e24
-2.982182522611317e24
-2.717060450756444e24
-2.443986202279584e24
-2.1630505487038056e24
-1.874349573423024e24
-1.5779846370467958e24
-1.274062339397695e24
-9.626944781685097e23
-6.439980042535585e23
-3.1809497376445546e23
1.4887503250889e22
3.5481731737186295e23
7.015574176285463e23
1.0549658725658554e24
1.4148959345239708e24
1.7811961071081402e24
2.1537102158231796e24
2.5322774818394363e24
2.916732598862419e24
3.306905813068789e24
3.7026230060762766e24
4.1037057809087147e24
4.5099715509157125e24
4.921233631608619e24
5.337301335365762e24
5.757980068965855e24
6.183071433898621e24
6.612373329407824e24
7.045680058212298e24
7.482782434855539e24
7.923467896628707e24
8.367520617009543e24
8.814721621563091e24
9.264848906240598e24
9.717677558020094e24
1.0172979877821602e25
1.0630525505637231e25
1.1090081547806012e25
1.1551412706369784e25
1.201428141043988e25
1.2478447949502971e25
1.2943670608597894e25
1.3409705805285991e25
1.3876308228345274e25
1.4343230978107903e25
1.4810225708367941e25
1.5277042769779527e25
1.5743431354664585e25
1.6209139643153242e25
1.6673914950570722e25
1.7137503875992606e25
1.7599652451880266e25
1.8060106294716102e25
1.8518610756548803e25
1.8974911077365596e25
1.9428752538202653e25
1.987988061490433e25
2.0328041132445867e25
2.0772980419725624e25
2.1214445464741393e25
2.1652184070055484e25
2.2085945008461946e25
2.25154781787597e25
2.2940534761543432e25
2.336086737491775e25
2.3776230230041027e25
2.4186379286409015e25
2.459107240678083e25
2.4990069511658345e25
2.5383132733221157e25
2.577002656862718e25
2.6150518032583913e25
2.6524376809095517e25
2.689137540229604e25
2.725128928627114e25
2.760389705377998e25
2.79489805637805e25
2.8286325087669646e25
2.861571945414325e25
2.893695619258697e25
2.9249831674906247e25
2.9554146255704114e25
2.9849704410719786e25
3.0136314873435465e25
3.041379076976741e25
3.0681949750749264e25
3.0940614123125508e25
3.118961097776533e25
3.1428772315815433e25
3.1657935172506497e25
3.18769417385298e25
3.208563947890552e25
3.228388124925823e25
3.2471525409424586e25
3.264843593431175e25
3.2814482521932603e25
3.296954069854168e25
3.311349192079701e25
3.3246223674877826e25
3.336762957248508e25
3.3477609443657556e25
3.3576069426334084e25
3.3662922052598024e25
3.373808633153755e25
3.380148782866126e25
3.3853058741807534e25
3.3892737973487867e25
3.3920471199609796e25
3.3936210934521086e25
3.3939916592325003e25
3.393155454441334e25
3.39110981731698e25
3.387852792179527e25
3.3833831340211384e25
3.3777003126998436e25
3.3708045167328027e25
3.3626966566851322e25
3.3533783681506774e25
3.3428520143214143e25
3.3311206881422067e25
3.318188214048069e25
3.3040591492812287e25
3.2887387847854317e25
3.2722331456754635e25
3.254548991279665e25
3.2356938147539054e25
3.2156758422653887e25
3.1945040317451223e25
3.1721880712080075e25
3.1487383766397875e25
3.1241660894504615e25
3.0984830734937464e25
3.0717019116527407e25
3.0438359019919807e25
3.0148990534764205e25
2.9849060812581146e25
2.9538724015316306e25
2.9218141259594214e25
2.8887480556688506e25
2.854691674822458e25
2.8196631437636854e25
2.7836812917402923e25
2.7467656092080573e25
2.7089362397175683e25
2.6702139713871996e25
2.6306202279655334e25
2.5901770594869593e25
2.5489071325241014e25
2.50683372004126e25
2.4639806908531995e25
2.420372498693793e25
2.376034170899436e25
2.330991296712207e25
2.2852700152080963e25
2.238897002855964e25
2.1918994607127796e25
2.144305101261383e25
2.0961421348968427e25
2.047439256068016e25
1.9982256290808777e25
1.9485308735706684e25
1.898385049649838e25
1.8478186427393462e25
1.7968625480906813e25
1.7455480550064615e25
1.6939068307676304e25
1.6419709042753202e25
1.5897726494158647e25
1.537344768157432e25
1.4847202733870516e25
1.431932471497083e25
1.3790149447299998e25
1.3260015332910276e25
1.2729263172378998e25
1.2198235981574906e25
1.16672788063898e25
1.113673853553558e25
1.0606963711507675e25
1.007830433981624e25
9.551111696589212e24
9.025738134652132e24
8.502536888191126e24
7.981861876105725e24
7.464067504161056e24
6.9495084660475e24
6.438539543460929e24
5.931515405312187e24
5.428790406180413e24
4.930718384122961e24
4.4376524579555867e24
3.949944824118655e24
3.467946553243921e24
2.992007386538224e24
2.522475532101651e24
2.0596974612955016e24
1.6040177052787884e24
1.1557786518303685e24
7.15320342575241e23
2.829802707324291e23
-1.4090682049634381e23
-5.5600913878024106e23
-9.619980426346209e23
-1.358548240402569e24
-1.7453379881225004e24
-2.122049286165044e24
-2.488368074521365e24
-2.84398442662594e24
-3.188592741596795e24
-3.5218919347779937e24
-3.8435856264666555e24
-4.1533823287123377e24
-4.4509956300723403e24
-4.7361443782104995e24
-5.008552860226757e24
-5.267950980605422e24
-5.514074436672636e24
-5.746664891451256e24
-5.96547014380735e24
-6.170244295778903e24
-6.36074791698191e24
-6.536748205988618e24
-6.698019148574684e24
-6.844341672733863e24
-6.975503800359356e24
-7.091300795493343e24
-7.191535309047409e24
-7.276017519899396e24
-7.344565272271485e24
-7.397004209299526e24
-7.433167902702403e24
-7.45289797846391e24
-7.456044238442409e24
-7.442464777821617e24
-7.412026098324612e24
-7.36460321710774e24
-7.300079771260341e24
-7.218348117832934e24
-7.119309429322039e24
-7.002873784542297e24
-6.868960254815851e24
-6.717496985415971e24
-6.548421272199718e24
-6.361679633372079e24
-6.157227876320578e24
-5.935031159468876e24
-5.69506404909417e24
-5.437310571059688e24
-5.161764257417321e24
-4.868428187832317e24
-4.5573150257938717e24
-4.2284470495682994e24
-3.8818561778642664e24
-3.517583990172803e24
-3.135681741757419e24
-2.7362103732638884e24
-2.3192405149279365e24
-1.8848524853617838e24
-1.433136284898463e24
-9.641915834844972e23
-4.781277031044951e23
2.4936405265053393e22
5.448721901820892e23
1.0815415337453856e24
1.634796791077863e24
2.2044808352867756e24
2.790427107887342e24
3.3924596746849276e24
4.010393287095517e24
4.64403344889348e24
5.293176488359997e24
5.957609635813557e24
6.637111106493569e24
7.331450188765159e24
8.040387337617117e24
8.763674273410115e24
9.501054085842635e24
1.0252261343084964e25
1.1017022206042687e25
1.1795054547693963e25
1.2586068077453977e25
1.3389764470509922e25
1.420583750206566e25
1.5033973186441177e25
1.5873849920955351e25
1.6725138634532843e25
1.7587502940957488e25
1.8460599296705961e25
1.9344077163282818e25
2.0237579173976763e25
2.114074130496254e25
2.205319305065686e25
2.2974557603249515e25
2.390445203631232e25
2.4842487492401736e25
2.5788269374553013e25
2.6741397541574278e25
2.7701466507039344e25
2.866806564187379e25
2.9640779380436563e25
3.061918742998218e25
3.160286498340273e25
3.2591382935130367e25
3.358430810009408e25
3.4581203435608552e25
3.558162826608285e25
3.6585138510427182e25
3.7591286912033452e25
3.859962327121293e25
3.960969467995729e25
4.062104575890554e25
4.163321889637846e25
4.264575448935884e25
4.365819118628212e25
4.467006613150195e25
4.568091521130298e25
4.669027330131697e25
4.769767451521348e25
4.870265245451914e25
4.970474045943389e25
5.070347186049707e25
5.169838023096791e25
5.26889996397765e25
5.3674864904899825e25
5.465551184702602e25
5.563047754335533e25
5.659930058140123e25
5.7561521312638876e25
5.851668210586393e25
5.946432760010892e25
6.0404004956977135e25
6.13352641122465e25
6.225765802659525e25
6.317074293530962e25
6.407407859682168e25
6.496722853993802e25
6.584976030960932e25
6.672124571110081e25
6.758126105241778e25
6.84293873848413e25
6.926521074143581e25
7.008832237338166e25
7.0898318983997035e25
7.169480296030328e25
7.247738260200107e25
7.324567234771317e25
7.39992929983623e25
7.473787193754604e25
7.546104334877349e25
7.616844842943561e25
7.685973560137156e25
7.753456071790845e25
7.819258726724014e25
7.883348657202465e25
7.945693798507097e25
8.006262908099631e25
8.06502558437327e25
8.121952284976232e25
8.177014344696903e25
8.230183992898864e25
8.281434370494923e25
8.330739546448927e25
8.378074533794899e25
8.423415305162971e25
8.466738807801807e25
8.508022978087862e25
8.54724675551149e25
8.58439009613086e25
8.619433985484264e25
8.652360450952312e25
8.683152573561204e25
8.711794499219116e25
8.738271449377663e25
8.762569731110815e25
8.78467674660411e25
8.804581002047059e25
8.822272115922234e25
8.837740826684653e25
8.850978999825533e25
8.86197963431478e25
8.870736868416933e25
8.877245984875642e25
8.881503415462063e25
8.883506744883e25
8.883254714044883e25
8.880747222670095e25
8.875985331262554e25
8.86897126241971e25
8.859708401488576e25
8.848201296563889e25
8.83445565782654e25
8.818478356221232e25
8.800277421472286e25
8.779862039437263e25
8.75724254879809e25
8.732430437090186e25
8.705438336069949e25
8.6762800164219e25
8.644970381806797e25
8.611525462252375e25
8.575962406889242e25
8.538299476034117e25
8.498556032623726e25
8.456752533002404e25
8.412910517067332e25
8.36705259777551e25
8.319202450016766e25
8.269384798858003e25
8.217625407163552e25
8.163951062597708e25
8.108389564014939e25
8.050969707244682e25
7.991721270276994e25
7.930674997856452e25
7.867862585491814e25
7.803316662888903e25
7.737070776815464e25
7.6691593734059524e25
7.5996177799156735e25
7.528482185932998e25
7.455789624059711e25
7.381577950069048e25
7.305885822551718e25
7.228752682060741e25
7.150218729765479e25
7.070324905626666e25
6.989112866103296e25
6.906624961403793e25
6.822904212292993e25
6.7379942864678614e25
6.651939474514191e25
6.564784665457307e25
6.476575321920498e25
6.3873574549037265e25
6.297177598197355e25
6.206082782444008e25
6.114120508863559e25
6.021338722655097e25
5.927785786090832e25
5.833510451317037e25
5.738561832876596e25
5.642989379969185e25
5.546842848463812e25
5.450172272680253e25
5.353027936954384e25
5.255460347004261e25
5.15752020111257e25
5.059258361141823e25
4.9607258233994305e25
4.861973689368207e25
4.763053136320063e25
4.664015387828918e25
4.564911684200491e25
4.4657932528352955e25
4.366711278542665e25
4.2677168738224365e25
4.168861049131771e25
4.070194683154665e25
3.971768493090905e25
3.873633004982614e25
3.775838524094989e25
3.678435105369449e25
3.581472523965992e25
3.485000245912328e25
3.389067398877709e25
3.2937227430878393e25
3.1990146423992253e25
3.104991035549386e25
3.0116994076009107e25
2.9191867615957636e25
2.8274995904376594e25
2.7366838490188834e25
2.646784926608697e25
2.5578476195203276e25
2.469916104072624e25
2.3830339098636093e25
2.2972438933715984e25
2.2125882119008505e25
2.129108297887009e25
2.0468448335791755e25
1.965837726113463e25
1.8861260829940406e25
1.8077481879970974e25
1.7307414775123527e25
1.6551425173376877e25
1.580986979940883e25
1.5083096222035817e25
1.4371442636611316e25
1.3675237652524975e25
1.299480008594077e25
1.2330438757903755e25
1.1682452297952449e25
1.1051128953359345e25
1.04367464041308e25
9.83957158388254e24
9.259860506716632e24
8.697858100209864e24
8.15379804462938e24
7.627902618485891e24
7.120382550526431e24
6.631436878273984e24
6.161252813207814e24
5.71000561268445e24
5.277858458686145e24
4.864962343488771e24
4.4714559623295096e24
4.0974656131558075e24
3.743105103532521e24
3.408475664776337e24
3.0936658733889324e24
2.798751579848947e24
2.5237958448259484e24
2.26884888286886e24
2.0339480136212598e24
1.819117620611245e24
1.6243691176559527e24
1.4497009229218202e24
1.2950984406714378e24
1.1605340507289177e24
1.045967105686157e24
9.513439358725919e23
8.765978621024318e23
8.216492162114966e23
7.864053693907954e23
7.707607683176133e23
7.74596979083633e23
7.97782738910601e23
8.401740156445311e23
9.016140750100103e23
9.819335556052268e23
1.0809505516113112e24
1.198470703186357e24
1.3342872945094551e24
1.488181359435176e24
1.659921794714893e24
1.849265480736366e24
2.0559574097285903e24
2.2797308213744819e24
2.520307345769205e24
2.777397153657686e24
3.050699113880226e24
3.339900957951329e24
3.6446794516904076e24
3.964700573822102e24
4.299619701456508e24
4.649081802356524e24
5.012721633895669e24
5.390163948605062e24
5.781023706203543e24
6.184906292002567e24
6.601407741570925e24
7.03011497154325e24
7.47060601644929e24
7.922450271440164e24
8.385208740780989e24
8.85843429197791e24
9.341671915403772e24
9.834458989278838e24
1.0336325549867943e25
1.0846794566742486e25
1.1365382222959637e25
1.1891598200002998e25
1.2424945967329095e25
1.29649230763591e25
1.351102145875179e25
1.4062727728793278e25
1.4619523489732437e25
1.5180885643892376e25
1.5746286706381292e25
1.6315195122227878e25
1.6887075586759534e25
1.7461389369042986e25
1.8037594638203725e25
1.8615146792433859e25
1.9193498790506008e25
1.9772101485597265e25
2.0350403961234514e25
2.0927853869164567e25
2.1503897768955486e25
2.207798146912975e25
2.2649550369632226e25
2.321804980543223e25
2.3782925391057733e25
2.4343623365861177e25
2.4899590939811426e25
2.5450276639609817e25
2.5995130654923517e25
2.6533605184532057e25
2.7065154782181567e25
2.758923670193672e25
2.8105311242829435e25
2.861284209259256e25
2.911129667027489e25
2.960014646752896e25
3.0078867388366703e25
3.0546940087175495e25
3.1003850304790147e25
3.144908920241531e25
3.1882153693193675e25
3.230254677121754e25
3.2709777837779973e25
3.3103363024665483e25
3.3482825514278725e25
3.384769585641431e25
3.419751228146701e25
3.4531821009890554e25
3.485017655770796e25
3.5152142037882187e25
3.543728945735659e25
3.5705200009576644e25
3.5955464362307035e25
3.6187682940559835e25
3.6401466204452697e25
3.6596434921817274e25
3.677222043538261e25
3.6928464924358407e25
3.7064821660248814e25
3.718095525672735e25
3.727654191340942e25
3.735126965336011e25
3.740483855417832e25
3.743696097250349e25
3.744736176179187e25
3.7435778483215834e25
3.740196160953983e25
3.7345674721834933e25
3.726669469889229e25
3.7164811899205674e25
3.7039830335391282e25
3.6891567840922976e25
3.67198562290602e25
3.6524541443853117e25
3.630548370311442e25
3.60625576332474e25
3.579565239583109e25
3.5504671805860474e25
3.518953444155136e25
3.485017374561863e25
3.4486538117944192e25
3.409859099955753e25
3.3686310947850015e25
3.3249691702959088e25
3.278874224525221e25
3.2303486843856893e25
3.1793965096177026e25
3.126023195835203e25
3.0702357766610316e25
3.0120428249480592e25
2.9514544530829534e25
2.888482312369292e25
2.8231395914883934e25
2.7554410140355005e25
2.685402835130784e25
2.6130428371038444e25
2.5383803242523296e25
2.4614361166745267e25
2.3822325431771667e25
2.3007934332602494e25
2.2171441081803472e25
2.13131137109584e25
2.0433234962964318e25
1.953210217521526e25
1.8610027153710779e25
1.7667336038140235e25
1.6704369157999771e25
1.572148087979401e25
1.4719039445395773e25
1.3697426801625676e25
1.2657038421135153e25
1.1598283114665083e25
1.052158283477522e25
9.42737247112822e24
8.316099637427901e24
7.188224450116832e24
6.044219298932104e24
4.884568609441383e24
3.709768597665903e24
2.520327016923061e24
1.3167628970047383e24
9.960627583396736e22
-1.1306020762721206e24
-2.373310939588155e24
-3.627958935066139e24
-4.893974821377322e24
-6.170777798746621e24
-7.457777819429488e24
-8.754375904656801e24
-1.0059964467888768e25
-1.1373927644201477e25
-1.2695641625626102e25
-1.4024475002269494e25
-1.5359789109020153e25
-1.6700938377663464e25
-1.8047270694202106e25
-1.93981277611985e25
-2.075284546492798e25
-2.2110754247150524e25
-2.3471179481291325e25
-2.483344185281649e25
-2.6196857743603566e25
-2.756073962007842e25
-2.8924396424913948e25
-3.0287133972057617e25
-3.1648255344877465e25
-3.300706129718926e25
-3.436285065694615e25
-3.5714920732358103e25
-3.7062567720204246e25
-3.8405087116114432e25
-3.9741774126572295e25
-4.1071924082414445e25
-4.2394832853575345e25
-4.3709797264846505e25
-4.50161155124058e25
-4.6313087580868205e25
-4.760001566062631e25
-4.887620456522231e25
-5.0140962148519135e25
-5.139359972141306e25
-5.263343246785263e25
-5.385977985990683e25
-5.507196607164432e25
-5.6269320391573795e25
-5.745117763339552e25
-5.861687854482619e25
-5.976577021424068e25
-6.089720647489739e25
-6.201054830649039e25
-6.3105164233797085e25
-6.4180430722167174e25
-6.523573256962114e25
-6.62704632953142e25
-6.728402552412373e25
-6.827583136713224e25
-6.924530279775976e25
-7.019187202332288e25
-7.111498185177995e25
-7.201408605344007e25
-7.28886497174069e25
-7.373814960252983e25
-7.45620744826476e25
-7.535992548589718e25
-7.6131216427880465e25
-7.687547413846679e25
-7.759223878202972e25
-7.828106417090394e25
-7.894151807186503e25
-7.957318250542881e25
-8.017565403777347e25
-8.074854406509688e25
-8.129147909021337e25
-8.180410099121356e25
-8.22860672819993e25
-8.27370513645243e25
-8.315674277256311e25
-8.354484740684573e25
-8.390108776139326e25
-8.422520314089498e25
-8.45169498689786e25
-8.47761014872195e25
-8.500244894475082e25
-8.519580077833355e25
-8.535598328275446e25
-8.548284067142483e25
-8.557623522705617e25
-8.563604744229876e25
-8.566217615022903e25
-8.565453864458289e25
-8.561307078963248e25
-8.553772711961514e25
-8.54284809276233e25
-8.528532434387647e25
-8.510826840329561e25
-8.489734310231195e25
-8.465259744484568e25
-8.437409947739461e25
-8.406193631318502e25
-8.371621414533494e25
-8.333705824899255e25
-8.292461297241725e25
-8.247904171697589e25
-8.200052690603428e25
-8.148926994273068e25
-8.09454911566232e25
-8.036942973921163e25
-7.976134366833771e25
-7.912150962147798e25
-7.845022287794624e25
-7.774779721003205e25
-7.70145647631071e25
-7.625087592473675e25
-7.545709918284189e25
-7.463362097296512e25
-7.378084551469483e25
-7.2899194637313675e25
-7.198910759474394e25
-7.105104086986389e25
-7.008546796828055e25
-6.909287920164994e25
-6.807378146063809e25
-6.702869797762967e25
-6.59581680792886e25
-6.486274692909091e25
-6.374300525994587e25
-6.259952909703811e25
-6.143291947101989e25
-6.024379212169543e25
-5.9032777192341525e25
-5.780051891481817e25
-5.654767528562289e25
-5.527491773305211e25
-5.398293077564181e25
-5.267241167205583e25
-5.13440700626043e25
-4.999862760257855e25
-4.86368175875869e25
-4.725938457109386e25
-4.586708397435527e25
-4.446068168896243e25
-4.304095367219701e25
-4.160868553542027e25
-4.016467212570871e25
-3.870971710096128e25
-3.7244632498715163e25
-3.577023829888743e25
-3.4287361980694158e25
-3.27968380739768e25
-3.1299507705189216e25
-2.9796218138286836e25
-2.828782231077335e25
-2.677517836516247e25
-2.525914917610756e25
-2.3740601873469264e25
-2.2220407361577924e25
-2.069943983496737e25
-1.9178576290842305e25
-1.7658696038561513e25
-1.6140680206405879e25
-1.4625411245910066e25
-1.3113772434047528e25
-1.1606647373535183e25
-1.0104919491557654e25
-8.609471537185077e24
-7.121185077781478e24
-5.640939994683305e24
-4.169613978446712e24
-2.708082023947838e24
-1.257215925630299e24
1.8211622680486734e23
1.6090505519804497e24
3.022727879394241e24
4.4222942506546297e24
5.806901419099749e24
7.175707347512463e24
8.52787670363817e24
9.862581353204754e24
1.1179000850167063e25
1.247632292387129e25
1.3753743962859962e25
1.5010469495020541e25
1.6245714663798315e25
1.7458704700180267e25
1.8648675390172268e25
1.9814873537484776e25
2.0956557421145225e25
2.207299724776446e25
2.316347559817565e25
2.4227287868179165e25
2.526374270311692e25
2.627216242601674e25
2.7251883459032775e25
2.8202256737931136e25
2.912264811935741e25
3.0012438780631877e25
3.0871025611826335e25
3.1697821599870835e25
3.2492256204453228e25
3.325377572546833e25
3.398184366178683e25
3.467594106111251e25
3.533556686070207e25
3.596023821873051e25
3.6549490836082938e25
3.7102879268366394e25
3.7619977227933054e25
3.810037787571911e25
3.8543694102699867e25
3.894955880077763e25
3.931762512291573e25
3.964756673234214e25
3.993907804065236e25
4.019187443464454e25
4.040569249172921e25
4.058029018375929e25
4.07154470691347e25
4.081096447304073e25
4.086666565568703e25
4.088239596841992e25
4.085802299758769e25
4.0793436696046e25
4.068854950219608e25
4.0543296446456826e25
4.0357635245078175e25
4.013154638121009e25
3.986503317314931e25
3.955812182969324e25
3.921086149253652e25
3.8823324265655605e25
3.839560523163053e25
3.792782245486515e25
3.742011697166933e25
3.687265276717963e25
3.628561673909769e25
3.5659218648236113e25
3.4993691055869846e25
3.4289289247894484e25
3.3546291145806315e25
3.276499720452259e25
3.194573029706979e25
3.1088835586173503e25
3.019468038279611e25
2.9263653991669234e25
2.8296167543880654e25
2.7292653816583333e25
2.625356703989578e25
2.5179382691080522e25
2.407059727608336e25
2.2927728098535956e25
2.1751313016320494e25
2.0541910185809794e25
1.930009779390405e25
1.8026473777984983e25
1.6721655533925916e25
1.5386279612296656e25
1.4021001402911364e25
1.2626494807872418e25
1.1203451903277796e25
9.752582589755584e24
8.274614232003786e24
6.770291287521515e24
5.240374924714314e24
3.6856426305782374e24
2.106887808157024e24
5.049193639902918e23
-1.1194387142404352e24
-2.7653477896374193e24
-4.431955017362612e24
-6.118393795030119e24
-7.823784221965128e24
-9.547233567100718e24
-1.128783674524501e25
-1.3044676801474856e25
-1.4816825403383522e25
-1.6603343340923635e25
-1.840328103356966e25
-2.0215679044519666e25
-2.203956860166235e25
-2.3873972125015103e25
-2.5717903760344083e25
-2.7570369918677966e25
-2.943036982140433e25
-3.1296896050655073e25
-3.316893510466569e25
-3.5045467957811455e25
-3.692547062498537e25
-3.880791473001788e25
-4.069176807781471e25
-4.2575995229880965e25
-4.445955808291448e25
-4.634141645013267e25
-4.822052864501121e25
-5.009585206708964e25
-5.19663437895143e25
-5.383096114798696e25
-5.5688662330768545e25
-5.753840696940821e25
-5.9379156729848505e25
-6.1209875903574544e25
-6.302953199845142e25
-6.483709632891565e25
-6.663154460517246e25
-6.841185752105511e25
-7.017702134020283e25
-7.192602848020933e25
-7.365787809440581e25
-7.537157665092587e25
-7.706613850871651e25
-7.874058649014878e25
-8.039395244989496e25
-8.202527783972525e25
-8.363361426888857e25
-8.52180240597495e25
-8.677758079833576e25
-8.831136987947371e25
-8.981848904618043e25
-9.129804892298397e25
-9.274917354285164e25
-9.417100086740249e25
-9.556268330009037e25
-9.692338819203888e25
-9.825229834022194e25
-9.954861247767942e25
-1.0081154575547056e26
-1.0204033021606007e26
-1.0323421525784603e26
-1.0439246809054177e26
-1.0551437418112161e26
-1.0659923769005416e26
-1.0764638189754563e26
-1.0865514961952553e26
-1.0962490361310854e26
-1.1055502697127078e26
-1.1144492350649307e26
-1.1229401812311963e26
-1.131017571781903e26
-1.1386760883051312e26
-1.145910633777472e26
-1.1527163358127327e26
-1.1590885497863593e26
-1.1650228618335007e26
-1.170515091718662e26
-1.1755612955750278e26
-1.1801577685115606e26
-1.1843010470860631e26
-1.1879879116424768e26
-1.1912153885107838e26
-1.1939807520678771e26
-1.1962815266579486e26
-1.1981154883709507e26
-1.1994806666777997e26
-1.200375345921019e26
-1.2007980666596981e26
-1.2007476268676272e26
-1.2002230829836216e26
-1.1992237508130562e26
-1.1977492062798334e26
-1.1957992860279652e26
-1.193374087872144e26
-1.1904739710966493e26
-1.1870995566021643e26
-1.1832517269000678e26
-1.1789316259538254e26
-1.1741406588673251e26
-1.168880491419964e26
-1.1631530494484707e26
-1.1569605180754073e26
-1.1503053407845971e26
-1.1431902183436354e26
-1.1356181075737262e26
-1.127592219967361e26
-1.1191160201542335e26
-1.1101932242160215e26
-1.1008277978506175e26
-1.091023954386671e26
-1.0807861526492452e26
-1.0701190946774346e26
-1.059027723295126e26
-1.0475172195358745e26
-1.0355929999232102e26
-1.0232607136075066e26
-1.0105262393609705e26
-9.973956824320667e25
-9.838753712610362e25
-9.69971854057991e25
-9.556918952454708e25
-9.410424717671876e25
-9.260307692647498e25
-9.106641781245014e25
-8.94950289396388e25
-8.788968905870704e25
-8.625119613293397e25
-8.458036689303069e25
-8.287803638006243e25
-8.114505747670954e25
-7.938230042713522e25
-7.759065234570388e25
-7.577101671482592e25
-7.392431287218458e25
-7.205147548764465e25
-7.0153454030118995e25
-6.823121222467348e25
-6.628572750019311e25
-6.431799042789327e25
-6.232900415100292e25
-6.031978380591665e25
-5.82913559351624e25
-5.6244757892493975e25
-5.418103724045673e25
-5.210125114074352e25
-5.0006465737712655e25
-4.789775553540016e25
-4.5776202768371736e25
-4.364289676679491e25
-4.149893331607316e25
-3.93454140114233e25
-3.718344560774572e25
-3.501413936518465e25
-3.28386103907447e25
-3.0657976976331333e25
-2.8473359933623173e25
-2.628588192614128e25
-2.4096666798919356e25
-2.19068389061446e25
-1.9717522437187204e25
-1.7529840741399827e25
-1.5344915652075445e25
-1.3163866809980896e25
-1.0987810986848568e25
-8.817861409239134e24
-6.655127083156855e24
-4.500712119843394e24
-2.3557150631310693e24
-2.2122821877294556e23
1.9016630138702482e24
4.0118808073607476e24
6.108355568543952e24
8.190026597349734e24
1.0255842741613345e25
1.2304763047539138e25
1.43357574053983e25
1.6347807190084135e25
1.8339905896114793e25
2.03110597667026e25
2.226028841651591e25
2.41866254477273e25
2.6089119058986473e25
2.7966832646927568e25
2.9818845399854926e25
3.1644252883216056e25
3.3442167616506665e25
3.521171964125529e25
3.6952057079709625e25
3.8662346683889284e25
4.0341774374644505e25
4.198954577039399e25
4.360488670518492e25
4.518704373575744e25
4.673528463727744e25
4.8248898887431275e25
4.972719813854971e25
5.116951667746241e25
5.257521187278871e25
5.3943664609352516e25
5.527427970944795e25
5.656648634066365e25
5.781973841000602e25
5.903351494403818e25
6.020732045478418e25
6.134068529115409e25
6.243316597563161e25
6.348434552600162e25
6.449383376188202e25
6.546126759585274e25
6.638631130895832e25
6.726865681038943e25
6.810802388115688e25
6.8904160401561654e25
6.965684256229765e25
7.036587505901382e25
7.10310912701899e25
7.165235341816713e25
7.2229552713206814e25
7.276260948044277e25
7.325147326961829e25
7.369612294749068e25
7.409656677281065e25
7.445284245379147e25
7.476501718798448e25
7.503318768449773e25
7.525748016849751e25
7.5438050367951395e25
7.55750834825692e25
7.566879413491977e25
7.571942630370944e25
7.572725323921218e25
7.569257736086071e25
7.561573013701185e25
7.549707194691519e25
7.533699192491866e25
7.513590778695982e25
7.489426563940244e25
7.461253977028394e25
7.429123242305328e25
7.393087355289212e25
7.353202056571418e25
7.3095258039956325e25
7.262119743128161e25
7.211047676032489e25
7.156376028362325e25
7.09817381478819e25
7.0365126027738545e25
6.971466474719729e25
6.903111988491468e25
6.831528136352955e25
6.756796302323909e25
6.6790002179831475e25
6.598225916739835e25
6.514561686595503e25
6.428098021421345e25
6.338927570775204e25
6.2471450882845e25
6.152847378621894e25
6.05613324310106e25
5.957103423921553e25
5.855860547092033e25
5.752509064061907e25
5.647155192092961e25
5.539906853402565e25
5.430873613111485e25
5.320166616029414e25
5.20789852231305e25
5.0941834420315086e25
4.979136868674684e25
4.862875611641257e25
4.745517727743855e25
4.627182451768565e25
4.507990126127593e25
4.388062129644529e25
4.267520805511484e25
4.146489388458892e25
4.025091931178316e25
3.903453230040342e25
3.7816987501492466e25
3.6599545497765974e25
3.538347204217373e25
3.4170037291114544e25
3.2960515032747044e25
3.1756181910833103e25
3.0558316644567154e25
2.9368199244834e25
2.818711022735319e25
2.701632982316131e25
2.58571371868934e25
2.4710809603324697e25
2.3578621692631847e25
2.2461844614844202e25
2.136174527394922e25
2.0279585522117615e25
1.9216621364523184e25
1.8174102165222417e25
1.7153269854568624e25
1.6155358138626946e25
1.5181591711066886e25
1.4233185467999452e25
1.3311343726229838e25
1.2417259445397708e25
1.1552113454469916e25
1.0717073683056802e25
9.913294398013587e24
9.141915445794852e24
8.404061501020774e24
7.700841321715706e24
7.033347011674357e24
6.402653290410522e24
5.809816771137976e24
5.255875247229525e24
4.7418469875983926e24
4.268730041440033e24
3.83750155276905e24
3.449117085181546e24
3.1045099572663433e24
2.804590589088872e24
2.5502458601576154e24
2.3423384792851837e24
2.1817063667464895e24
2.0691620491298144e24
2.0054920672740063e24
1.9914563976725892e24
2.027787887724298e24
2.1151917051982023e24
2.2543448022790578e24
2.445895394544404e24
2.69046245522204e24
2.988635225070182e24
3.34097273820628e24
3.748003364211404e24
4.210224366820235e24
4.728101479508625e24
5.302068498266566e24
5.932526891847169e24
6.619845429773501e24
7.364359828362267e24
8.166372415029958e24
9.026151811123199e24
9.943932633520193e24
1.0919915215220344e25
1.1954265345143611e25
1.3047114027352475e25
1.419855725987994e25
1.5408655833358807e25
1.6677435149617779e25
1.8004885060418875e25
1.939095972647184e25
2.083557749687902e25
2.2338620809128377e25
2.389993610976482e25
2.551933379582997e25
2.719658817716978e25
2.8931437459700387e25
3.072358374968451e25
3.2572693079089934e25
3.4478395452064277e25
3.6440284912574684e25
3.845791963321512e25
4.053082202519762e25
4.265847886953454e25
4.484034146937511e25
4.7075825823486865e25
4.936431282082345e25
5.170514845615053e25
5.409764406663781e25
5.6541076589351726e25
5.9034688839568965e25
6.157768980978675e25
6.416925498933331e25
6.680852670443796e25
6.949461447864133e25
7.222659541336969e25
7.500351458852998e25
7.782438548293502e25
8.068819041439276e25
8.359388099923552e25
8.654037863108857e25
8.95265749786727e25
9.255133250237119e25
9.561348498934898e25
9.87118381069415e25
1.0184516997407193e26
1.0501223175038878e26
1.0821174824284601e26
1.114424185294394e26
1.1470291659975715e26
1.1799189201204729e26
1.2130797056645053e26
1.2464975499407974e26
1.2801582566156443e26
1.3140474129071017e26
1.3481503969291424e26
1.3824523851792981e26
1.4169383601660185e26
1.4515931181716946e26
1.4864012771473878e26
1.5213472847348411e26
1.5564154264117162e26
1.5915898337555442e26
1.6268544928222228e26
1.6621932526342224e26
1.6975898337741066e26
1.7330278370788277e26
1.7684907524297953e26
1.803961967634165e26
1.8394247773923222e26
1.87486239234689e26
1.910257948207978e26
1.9455945149498262e26
1.9808551060738037e26
2.0160226879324546e26
2.0510801891095594e26
2.0860105098508418e26
2.1207965315402744e26
2.1554211262164013e26
2.1898671661234404e26
2.2241175332919503e26
2.258155129143336e26
2.2919628841130086e26
2.3255237672865574e26
2.3588207960436747e26
2.3918370457040485e26
2.4245556591699225e26
2.456959856559669e26
2.4890329448269587e26
2.5207583273598383e26
2.552119513554226e26
2.5831001283564054e26
2.6136839217687367e26
2.643854778313258e26
2.6735967264474994e26
2.7028939479271974e26
2.7317307871101824e26
2.7600917601960776e26
2.787961564396479e26
2.815325087029948e26
2.8421674145366235e26
2.8684738414069598e26
2.894229879019433e26
2.9194212643817516e26
2.9440339687703657e26
2.968054206263258e26
2.991468442160596e26
3.0142634012883632e26
3.0364260761797857e26
3.057943735129721e26
3.0788039301169248e26
3.098994504589454e26
3.11850360110833e26
3.137319668844869e26
3.155431470926863e26
3.1728280916291366e26
3.189498943404029e26
3.205433773747253e26
3.2206226718949114e26
3.235056075347378e26
3.248724776215923e26
3.261619927387966e26
3.2737330485070336e26
3.28505603176355e26
3.2955811474926474e26
3.305301049575368e26
3.314208780639662e26
3.32229777705775e26
3.329561873736463e26
3.335995308697341e26
3.3415927274433667e26
3.346349187109289e26
3.350260160392679e26
3.353321539262918e26
3.355529638445456e26
3.3568811986788274e26
3.357373389741982e26
3.3570038132496903e26
3.3557705052138144e26
3.3536719383684544e26
3.350707024257074e26
3.34687511507979e26
3.342176005299272e26
3.33660993300367e26
3.330177581025308e26
3.3228800778137804e26
3.3147189980624995e26
3.305696363087694e26
3.295814640958981e26
3.285076746380962e26
3.2734860403252176e26
3.261046329412408e26
3.247761865044081e26
3.233637342284258e26
3.218677898490777e26
3.202889111696462e26
3.186276998740653e26
3.168848013151396e26
3.150609042779036e26
3.1315674071817963e26
3.111730854764476e26
3.0911075596711105e26
3.0697061184329487e26
3.0475355463728576e26
3.024605273767885e26
3.0009251417714708e26
2.9765053980969283e26
2.9513566924643938e26
2.9254900718129908e26
2.89891697528063e26
2.8716492289534454e26
2.8436990403876564e26
2.815078992906289e26
2.7858020396733096e26
2.7558814975483518e26
2.7253310407247503e26
2.694164694154201e26
2.662396826760998e26
2.630042144449566e26
2.597115682908624e26
2.5636328002154238e26
2.5296091692441433e26
2.4950607698820586e26
2.4600038810576043e26
2.4244550725841903e26
2.3884311968243342e26
2.3519493801781277e26
2.315027014400698e26
2.2776817477528968e26
2.2399314759902178e26
2.201794333194531e26
2.1632886824532753e26
2.1244331063914574e26
2.0852463975611433e26
2.045747548693849e26
2.005955742820681e26
1.965890343265963e26
1.9255708835195024e26
1.88501705699285e26
1.8442487066654103e26
1.8032858146257514e26
1.7621484915140383e26
1.7208569658709955e26
1.679431573399662e26
1.637892746145619e26
1.5962610016014212e26
1.5545569317416895e26
1.512801191994531e26
1.4710144901556867e26
1.4292175752511643e26
1.3874312263550252e26
1.3456762413681851e26
1.3039734257647393e26
1.262343581311804e26
1.2208074947695548e26
1.1793859265776638e26
1.1380995995342606e26
1.0969691874742608e26
1.0560153039530787e26
1.0152584909424215e26
9.74719207544188e25
9.344178187293552e25
8.943745841080412e25
8.546096467369505e25
8.151430219710431e25
7.759945863654543e25
7.371840666343021e25
6.987310286723786e25
6.606548666464723e25
6.229747921624663e25
5.857098235142061e25
5.488787750208711e25
5.125002464586502e25
4.765926125931651e25
4.411740128183839e25
4.0626234090854765e25
3.718752348887496e25
3.3803006703039834e25
3.0474393397709896e25
2.7203364700720734e25
2.3991572243861477e25
2.0840637218127497e25
1.775214944434919e25
1.4727666459717947e25
1.1768712620779475e25
8.87677822340147e24
6.053318640281845e24
3.2997534765001805e24
6.17465743605634e23
-1.9921989472198538e24
-4.527933172463476e24
-6.98846846354428e24
-9.372576053595871e24
-1.1679067603274421e25
-1.3906795905160226e25
-1.605465556633129e25
-1.8121583668649735e25
-2.010656040637606e25
-2.2008609700688824e25
-2.3826799790747016e25
-2.556024380088855e25
-2.72081002836237e25
-2.8769573738058137e25
-3.0243915103431224e25
-3.163042222741861e25
-3.2928440308903957e25
-3.4137362314936675e25
-3.525662937156824e25
-3.628573112832312e25
-3.722420609603624e25
-3.8071641957840857e25
-3.882767585305971e25
-3.9491994633805655e25
-4.006433509410895e25
-4.054448417137398e25
-4.093227912001955e25
-4.122760765715322e25
-4.143040808015506e25
-4.154066935604655e25
-4.155843118255384e25
-4.14837840207913e25
-4.131686909948359e25
-4.105787839069061e25
-4.070705455699339e25
-4.026469087013583e25
-3.973113110110731e25
-3.91067693816938e25
-3.8392050037522254e25
-3.7587467392656948e25
-3.669356554580102e25
-3.571093811819263e25
-3.4640227973291445e25
-3.3482126908374947e25
-3.223737531816444e25
-3.090676183063657e25
-2.9491122915184164e25
-2.7991342463299e25
-2.6408351341977384e25
-2.4743126920060204e25
-2.2996692567731285e25
-2.1170117129420264e25
-1.9264514370367766e25
-1.728104239712805e25
-1.5220903052298493e25
-1.3085341283780957e25
-1.087564448889762e25
-8.593141833688384e24
-6.239203547759177e24
-3.815240195021479e24
-1.3227019207196683e24
1.2369223248651684e24
3.86210558562881e24
6.551283721349717e24
9.302856251456793e24
1.211518722040492e25
1.4986606084199404e25
1.7915408617595844e25
2.089985784148386e25
2.393818496995818e25
2.7028590376562365e25
3.0169244579185306e25
3.3358289243067317e25
3.6593838201382224e25
3.987397849281497e25
4.319677141559285e25
4.656025359737244e25
4.9962438080397026e25
5.340131542133233e25
5.68748548051624e25
6.038100517253262e25
6.391769635991764e25
6.748284025197007e25
7.10743319454153e25
7.46900509238359e25
7.83278622426947e25
8.198561772392306e25
8.566115715940962e25
8.93523095227044e25
9.305689418827333e25
9.677272215757794e25
1.0049759729132562e26
1.0422931754717009e26
1.0796567622215917e26
1.1170446319923058e26
1.1544346619703617e26
1.191804720223934e26
1.229132678246336e26
1.2663964235113626e26
1.3035738720333165e26
1.3406429809244114e26
1.3775817609423993e26
1.4143682890211301e26
1.4509807207768648e26
1.4873973029831186e26
1.5235963860065957e26
1.5595564361973786e26
1.5952560482258207e26
1.6306739573591515e26
1.665789051670538e26
1.70058038417356e26
1.735027184874909e26
1.7691088727382923e26
1.80280506755251e26
1.8360956016967374e26
1.868960531796051e26
1.9013801502603177e26
1.9333349966996813e26
1.964805869209796e26
1.9957738355201654e26
2.0262202439990003e26
2.0561267345078466e26
2.0854752490997805e26
2.114248042554546e26
2.142427692744425e26
2.1699971108245816e26
2.1969395512417435e26
2.2232386215551888e26
2.2488782920640977e26
2.273842905235411e26
2.2981171849264965e26
2.3216862453969564e26
2.3445356001041125e26
2.3666511702767442e26
2.3880192932618155e26
2.408626730639098e26
2.4284606760984936e26
2.447508763075408e26
2.4657590721392568e26
2.4832001381304826e26
2.4998209570416683e26
2.515610992638378e26
2.5305601828154688e26
2.5446589456849176e26
2.5578981853911797e26
2.5702692976504073e26
2.5817641750098175e26
2.5923752118238922e26
2.6020953089441016e26
2.6109178781189262e26
2.6188368461013862e26
2.6258466584612142e26
2.6319422830989988e26
2.6371192134599077e26
2.6413734714447353e26
2.6447016100161435e26
2.6471007154980573e26
2.6485684095666533e26
2.6491028509311875e26
2.6487027367034115e26
2.6473673034541353e26
2.6450963279561586e26
2.641890127612496e26
2.637749560569387e26
2.6326760255133585e26
2.626671461152302e26
2.619738345380292e26
2.611879694126125e26
2.6030990598859784e26
2.5934005299405116e26
2.5827887242571205e26
2.5712687930778967e26
2.5588464141945857e26
2.5455277899115548e26
2.5313196436979698e26
2.5162292165310264e26
2.5002642629316672e26
2.4834330466949187e26
2.4657443363166015e26
2.4472074001190314e26
2.4278320010779938e26
2.407628391353419e26
2.386607306526933e26
2.364779959548894e26
2.3421580343983825e26
2.3187536794590456e26
2.29457950061475e26
2.269648554068346e26
2.2439743388876323e26
2.2175707892821488e26
2.1904522666153937e26
2.1626335511565574e26
2.1341298335760584e26
2.104956706189948e26
2.0751301539575887e26
2.044666545237848e26
2.0135826223084955e26
1.981895491654509e26
1.9496226140304408e26
1.9167817943021576e26
1.8833911710740643e26
1.8494692061072292e26
1.8150346735346163e26
1.7801066488790873e26
1.7447044978808367e26
1.7088478651403226e26
1.672556662582895e26
1.635851057752133e26
1.598751461938133e26
1.5612785181478194e26
1.5234530889236954e26
1.485296244018545e26
1.4468292479326966e26
1.4080735473213286e26
1.369050758278608e26
1.3297826535065135e26
1.2902911493754755e26
1.2505982928840776e26
1.2107262485258791e26
1.1706972850705341e26
1.1305337622672118e26
1.0902581174776166e26
1.0498928522469173e26
