1.8881737874999995e-13
1.8883202949434314e11
3.021973313790386e12
1.5304354914514225e13
4.839418218152585e13
1.182278843905294e14
2.453549737712699e14
4.5498274359177e14
7.770307150481489e14
1.2461947229280948e15
1.9020205103985315e15
2.7889866838437815e15
3.9565968594785865e15
5.45948081450954e15
7.357504436947217e15
9.715888249807664e15
1.260533426741367e16
1.610216092384053e16
2.0288445796274892e16
2.5252175829194412e16
3.108740474885737e16
3.7894417341638264e16
4.577990025428487e16
5.4857118959225416e16
6.524610051364783e16
7.707382172722522e16
9.047440234009934e16
1.055893028000729e17
1.2256752621592634e17
1.4156582405238413e17
1.627489051215241e17
1.8628964741537606e17
2.123693123151034e17
2.4117776070352278e17
2.7291367049980387e17
3.077847551280274e17
3.4600798242486106e17
3.8780979348597146e17
4.334263209459195e17
4.83103606182211e17
5.370978149308915e17
5.956754507985997e17
6.591135661543301e17
7.276999698833132e17
8.017334314853958e17
8.815238810011168e17
9.673926042502948e17
1.0596724328704274e18
1.1587079286454743e18
1.2648555616197484e18
1.3784838814965612e18
1.4999736818270807e18
1.6297181565014216e18
1.7681230480614354e18
1.915606787362865e18
2.0726006241235533e18
2.2395487479042307e18
2.4169083990789755e18
2.6051499693638093e18
2.80475709148405e18
3.0162267175738767e18
3.240069185915178e18
3.4768082756370847e18
3.726981249012596e18
3.9911388810044155e18
4.2698454757284664e18
4.563678869520606e18
4.87323042030962e18
5.199104983017909e18
5.541920870730014e18
5.90230980138856e18
6.280916829797097e18
6.678400264729688e18
7.095431570968079e18
7.532695256108604e18
7.990888742002706e18
8.4707222207173e18
8.972918494923578e18
9.498212802645924e18
1.0047352626325715e19
1.0621097486178372e19
1.122021871784572e19
1.184549923436967e19
1.2497733272537532e19
1.3177726123673407e19
1.3886293848974658e19
1.4624262979516994e19
1.539247020107619e19
1.6191762023939166e19
1.7022994437901765e19
1.7887032552674849e19
1.8784750223945286e19
1.971702966536215e19
2.0684761046743146e19
2.1688842078820004e19
2.273017758486532e19
2.380967905956717e19
2.4928264215540466e19
2.6086856517887746e19
2.7286384707243635e19
2.852778231176024e19
2.981198714851192e19
3.1139940814819185e19
3.2512588170012516e19
3.3930876808176517e19
3.539575652243529e19
3.690817876135795e19
3.846909607808262e19
4.007946157277426e19
4.174022832904898e19
4.3452348845014155e19
4.521677445958862e19
4.7034454774782484e19
4.890633707463023e19
5.0833365741483114e19
5.281648167038055e19
5.485662168223014e19
5.6954717936537305e19
5.9111697344435495e19
6.1328480982775144e19
6.360598351003868e19
6.594511258485472e19
6.834676828789028e19
7.0811842547904774e19
7.3341218572752626e19
7.593577028612425e19
7.859636177081621e19
8.13238467193217e19
8.411906789253205e19
8.698285658733732e19
8.991603211391158e19
9.2919401283464e19
9.599375790723165e19
9.9139882307483e19
1.023585408412943e20
1.0565048543785086e20
1.0901645315001732e20
1.1245716572090709e20
1.1597332916617155e20
1.1956563337271453e20
1.2323475171452345e20
1.2698134068629284e20
1.3080603955549862e20
1.3470947003356468e20
1.3869223596674256e20
1.4275492304730594e20
1.4689809854564018e20
1.511223110637843e20
1.554280903109597e20
1.5981594690159585e20
1.6428637217633583e20
1.6883983804648115e20
1.734767968623045e20
1.7819768130563323e20
1.8300290430707502e20
1.8789285898822854e20
1.9286791862918942e20
1.9792843666163053e20
2.0307474668770253e20
2.0830716252496727e20
2.1362597827754194e20
2.190314684335964e20
2.2452388798931186e20
2.3010347259937056e20
2.3577043875401102e20
2.415249839826442e20
2.4736728708398947e20
2.53297508382649e20
2.593157900120012e20
2.6542225622325454e20
2.7161701372046266e20
2.779001520212611e20
2.8427174384304774e20
2.907318455142858e20
2.9728049741057e20
3.03917724415053e20
3.106435364027913e20
3.174579287485258e20
3.24360882857374e20
3.3135236671786844e20
3.3843233547673495e20
3.456007320347661e20
3.528574876631018e20
3.602025226391918e20
3.676357469016734e20
3.751570607233601e20
3.8276635540149626e20
3.904635139643963e20
3.982484118935494e20
4.061209178602303e20
4.14080894475627e20
4.221281990534536e20
4.302626843839844e20
4.384841995184147e20
4.4679259056241515e20
4.5518770147771594e20
4.6366937489052985e20
4.7223745290558715e20
4.808917779245299e20
4.89632193467385e20
4.984585449958083e20
5.073706807367635e20
5.163684525052853e20
5.2545171652493666e20
5.3462033424456876e20
5.4387417314995405e20
5.532131075688569e20
5.6263701946808356e20
5.721457992410371e20
5.8173934648429576e20
5.914175707617098e20
6.011803923545154e20
6.110277429959404e20
6.209595665887857e20
6.309758199044445e20
6.410764732618325e20
6.512615111846931e20
6.615309330357403e20
6.718847536261144e20
6.823230037986159e20
6.928457309832017e20
7.034529997232296e20
7.141448921709467e20
7.24921508550734e20
7.3578296758863e20
7.467294069066754e20
7.577609833806345e20
7.688778734596776e20
7.800802734466246e20
7.913683997373741e20
8.027424890181778e20
8.142027984194396e20
8.257496056247536e20
8.373832089339276e20
8.491039272787792e20
8.609121001905193e20
8.72808087717583e20
8.847922702928153e20
8.968650485489466e20
9.090268430813556e20
9.212780941571558e20
9.336192613696901e20
9.460508232375793e20
9.585732767475095e20
9.711871368400132e20
9.838929358375483e20
9.966912228142349e20
1.0095825629066862e21
1.0225675365654144e21
1.0356467387463641e21
1.0488207780422029e21
1.062090275753046e21
1.075455864896378e21
1.0889181891560006e21
1.1024779017699045e21
1.1161356643570422e21
1.1298921456830532e21
1.1437480203650674e21
1.1577039675157912e21
1.1717606693271663e21
1.1859188095939568e21
1.2001790721777234e21
1.2145421394116985e21
1.2290086904471909e21
1.2435793995422035e21
1.2582549342930537e21
1.2730359538098567e21
1.2879231068368357e21
1.3029170298184873e21
1.3180183449127402e21
1.333227657952317e21
1.3485455563556038e21
1.363972606988425e21
1.3795093539781917e21
1.3951563164820056e21
1.4109139864103664e21
1.426782826108233e21
1.4427632659952676e21
1.4588557021671855e21
1.4750604939602195e21
1.4913779614807892e21
1.507808383102561e21
1.5243519929331606e21
1.5410089782528854e21
1.55777947692786e21
1.574663574800137e21
1.5916613030573543e21
1.6087726355846157e21
1.6259974863013518e21
1.6433357064860032e21
1.6607870820914288e21
1.6783513310540147e21
1.6960281005995587e21
1.71381696454904e21
1.7317174206274771e21
1.7497288877791327e21
1.7678507034923966e21
1.7860821211377272e21
1.8044223073221125e21
1.822870339263543e21
1.8414252021890723e21
1.8600857867600632e21
1.8788508865283073e21
1.8977191954266967e21
1.9166893052982356e21
1.9357597034671652e21
1.9549287703560522e21
1.974194777152692e21
1.9935558835307545e21
2.0130101354280748e21
2.0325554628865625e21
2.0521896779577054e21
2.071910472677653e21
2.0917154171158942e21
2.1116019575015588e21
2.1315674144313594e21
2.151608981163208e21
2.1717237219995419e21
2.1919085707643857e21
2.2121603293781623e21
2.2324756665342658e21
2.25285111648138e21
2.273283077915517e21
2.2937678129857217e21
2.314301446417341e21
2.33487996475677e21
2.3554992157414934e21
2.376154907799237e21
2.396842609679985e21
2.4175577502245685e21
2.4382956182734824e21
2.4590513627195066e21
2.479819992707694e21
2.500596377986136e21
2.521375249410947e21
2.5421511996087384e21
2.562918683799834e21
2.5836720207853676e21
2.604405394101305e21
2.625112853342367e21
2.6457883156587007e21
2.666425567428065e21
2.687018266106165e21
2.7075599422577034e21
2.7280440017705296e21
2.7484637282552266e21
2.768812285632274e21
2.789082720908881e21
2.8092679671473567e21
2.8293608466268344e21
2.8493540741999635e21
2.8692402608460745e21
2.8890119174221595e21
2.9086614586128655e21
2.928181207080526e21
2.947563397816124e21
2.966800182691889e21
2.985883635216099e21
3.004805755490427e21
3.023558475370095e21
3.042133663826813e21
3.060523132514401e21
3.0787186415367346e21
3.0967119054175197e21
3.1144945992711893e21
3.132058365174047e21
3.1493948187345415e21
3.166495555861468e21
3.183352159728532e21
3.1999562079337033e21
3.216299279851421e21
3.2323729641756185e21
3.248168866651287e21
3.26367861799209e21
3.2788938819813874e21
3.293806363753702e21
3.308407818253642e21
3.322690058868855e21
3.3366449662336193e21
3.350264497199242e21
3.3635406939674226e21
3.37646569338238e21
3.389031736377428e21
3.4012311775714167e21
3.413056495010296e21
3.424500300048805e21
3.435555347367122e21
3.4462145451170726e21
3.4564709651923175e21
3.466317853616707e21
3.4757486410448366e21
3.4847569533685507e21
3.493336622423079e21
3.5014816967861244e21
3.5091864526632077e21
3.516445404852216e21
3.523253317780059e21
3.5296052166040276e21
3.5354963983703957e21
3.540922443222469e21
3.5458792256502875e21
3.550362925773872e21
3.5543700406518216e21
3.557897395606853e21
3.5609421555597904e21
3.5635018363632395e21
3.565574316126182e21
3.5671578465204133e21
3.5682510640597843e21
3.568853001342915e21
3.568963098250017e21
3.568581213084303e21
3.56770763364839e21
3.5663430882458516e21
3.5644887565982095e21
3.562146280667284e21
3.5593177753729567e21
3.556005839196185e21
3.5522135646570393e21
3.547944548657532e21
3.5432029026788694e21
3.5379932628227237e21
3.532320799686081e21
3.526191228059186e21
3.519610816436015e21
3.5125863963267747e21
3.505125371361795e21
3.497235726176276e21
3.488926035065274e21
3.480205470398334e21
3.4710838107832037e21
3.4615714489681125e21
3.45167939947202e21
3.4414193059324116e21
3.4308034481602067e21
3.419844748891353e21
3.4085567802248266e21
3.396953769736836e21
3.3850506062609777e21
3.3728628453243754e21
3.360406714229791e21
3.3476991167738445e21
3.3347576375916684e21
3.3216005461183263e21
3.3082468001575464e21
3.294716049048508e21
3.2810286364214013e21
3.267205602532906e21
3.2532686861726164e21
3.2392403261319094e21
3.2251436622267e21
3.211002535865911e21
3.1968414901575735e21
3.1826857695448064e21
3.1685613189639763e21
3.154494782517847e21
3.14051350165646e21
3.1266455128590275e21
3.1129195448101566e21
3.099365015064147e21
3.086012026191377e21
3.0728913614008746e21
3.0600344796338774e21
3.047473510122983e21
3.0352412464122796e21
3.0233711398338104e21
3.011897292436315e21
3.0008544493622547e21
2.990277990669829e21
2.9802039225966416e21
2.970668868262411e21
2.961710057808115e21
2.9533653179697254e21
2.945673061084639e21
2.938672273529793e21
2.9324025035902167e21
2.926903848757862e21
2.9222169424603717e21
2.9183829402201904e21
2.9154435052447193e21
2.9134407934486417e21
2.912417437909939e21
2.912416532761653e21
2.913481616521684e21
2.915656654863589e21
2.91898602283153e21
2.9235144865031913e21
2.9292871841047317e21
2.93634960658245e21
2.944747577636084e21
2.9545272332194394e21
2.965735000514048e21
2.978417576382448e21
2.9926219053078403e21
3.008395156827396e21
3.0257847024670694e21
3.0448380921860063e21
3.065603030339335e21
3.088127351168275e21
3.1124589938273566e21
3.138645976958521e21
3.166736372822787e21
3.1967782810002265e21
3.228819801669701e21
3.262909008480062e21
3.299093921025166e21
3.3374224769352666e21
3.377942503597925e21
3.420701689521948e21
3.4657475553583243e21
3.5131274245924685e21
3.5628883939225963e21
3.6150773033394105e21
3.6697407059226033e21
3.726924837370282e21
3.786675585277466e21
3.8490384581806963e21
3.9140585543855474e21
3.9817805305947357e21
4.052248570354584e21
4.1255063523379894e21
4.201597018482502e21
4.280563142002255e21
4.362446695292979e21
4.447289017749593e21
4.535130783516117e21
4.626011969187943e21
4.719971821486927e21
4.817048824929715e21
4.917280669510459e21
5.020704218418764e21
5.127355475814339e21
5.237269554679943e21
5.350480644774352e21
5.46702198070729e21
5.58692581015854e21
5.710223362263511e21
5.83694481618773e21
5.967119269912874e21
6.100774709257107e21
6.237937977152428e21
6.378634743202248e21
6.522889473541852e21
6.670725401025209e21
6.822164495760913e21
6.977227436020715e21
7.135933579543659e21
7.298300935259088e21
7.464346135451654e21
7.634084408391553e21
7.807529551452998e21
7.984693904744036e21
8.165588325270676e21
8.350222161658058e21
8.538603229451693e21
8.730737787021073e21
8.926630512088364e21
9.126284478904309e21
9.329701136093722e21
9.536880285192141e21
9.747820059895775e21
9.96251690604575e21
1.0180965562368404e22
1.0403159041992097e22
1.062908861476157e22
1.0858743790370013e22
1.1092112302329051e22
1.132918009279618e22
1.1569931298279195e22
1.1814348236236492e22
1.206241139259181e22
1.2314099410181766e22
1.2569389078153815e22
1.2828255322332006e22
1.3090671196567322e22
1.3356607875089368e22
1.362603464587479e22
1.389891890504828e22
1.4175226152330883e22
1.4454919987549977e22
1.473796210822481e22
1.502431230824074e22
1.5313928477624964e22
1.5606766603435732e22
1.5902780771776592e22
1.6201923170946433e22
1.6504144095735542e22
1.6809391952877394e22
1.7117613267664838e22
1.7428752691739142e22
1.774275301205919e22
1.8059555161057979e22
1.8379098227992254e22
1.8701319471490906e22
1.902615433330672e22
1.935353645327533e22
1.9683397685484884e22
2.0015668115658355e22
2.035027607975068e22
2.068714818376113e22
2.10262093247614e22
2.1367382713138384e22
2.1710589896050443e22
2.205575078209439e22
2.24027836671808e22
2.2751605261612804e22
2.310213071836436e22
2.345427366255182e22
2.380794622209288e22
2.4163059059545134e22
2.451952140511647e22
2.4877241090838152e22
2.5236124585890993e22
2.5596077033073687e22
2.595700228640206e22
2.6318802949826664e22
2.668138041705595e22
2.704463491247037e22
2.7408465533113096e22
2.777277029174128e22
2.8137446160921593e22
2.850238911815237e22
2.886749419199439e22
2.923265550919112e22
2.959776634275853e22
2.9962719161024063e22
3.0327405677592952e22
3.069171690221982e22
3.1055543192562386e22
3.141877430679363e22
3.1781299457047505e22
3.2143007363672987e22
3.250378631027033e22
3.2863524199482643e22
3.3222108609515056e22
3.357942685135329e22
3.393536602665252e22
3.4289813086266892e22
3.4642654889389133e22
3.4993778263269334e22
3.534307006348108e22
3.569041723470277e22
3.6035706871980843e22
3.6378826282441627e22
3.67196630474176e22
3.7058105084953275e22
3.7394040712655467e22
3.7727358710852333e22
3.805794838602467e22
3.83856996344728e22
3.8710503006181916e22
3.9032249768848e22
3.9350831972026455e22
3.966614251136459e22
3.997807519287966e22
4.028652479724256e22
4.059138714402821e22
4.089255915589223e22
4.118993892263432e22
4.148342576510742e22
4.177292029893239e22
4.2058324497977045e22
4.233954175755899e22
4.261647695733042e22
4.288903652380433e22
4.3157128492479985e22
4.342066256952686e22
4.367955019298497e22
4.393370459344046e22
4.418304085413456e22
4.442747597046478e22
4.466692890883662e22
4.490132066482471e22
4.513057432060184e22
4.535461510159524e22
4.557337043232889e22
4.578676999141149e22
4.599474576562926e22
4.619723210310392e22
4.6394165765475746e22
4.658548597907199e22
4.677113448502185e22
4.695105558827903e22
4.712519620551363e22
4.729350591183522e22
4.745593698630993e22
4.761244445623448e22
4.7762986140130865e22
4.790752268942564e22
4.8046017628778806e22
4.817843739502741e22
4.830475137471032e22
4.842493194014029e22
4.8538954483991126e22
4.864679745236808e22
4.8748442376330094e22
4.884387390183398e22
4.893307981807055e22
4.901605108416453e22
4.909278185421015e22
4.916326950061552e22
4.922751463572986e22
4.928552113172884e22
4.933729613873327e22
4.938285010113875e22
4.942219677213363e22
4.945535322638487e22
4.948233987087126e22
4.950318045384522e22
4.9517902071905655e22
4.9526535175165075e22
4.952911357049524e22
4.952567442283713e22
4.951625825456199e22
4.9500908942871855e22
4.947967371522801e22
4.945260314279831e22
4.941975113191554e22
4.938117491353853e22
4.9336935030711636e22
4.928709532401701e22
4.923172291501762e22
4.917088818768795e22
4.910466476783289e22
4.903312950049507e22
4.8956362425353116e22
4.887444675011421e22
4.878746882190578e22
4.869551809667272e22
4.859868710658805e22
4.849707142548527e22
4.8390769632323765e22
4.8279883272698175e22
4.81645168184059e22
4.804477762508632e22
4.7920775887948465e22
4.77926245956041e22
4.766043948202531e22
4.752433897664652e22
4.738444415263254e22
4.724087867333538e22
4.7093768736964946e22
4.694324301949816e22
4.6789432615854255e22
4.663247097936437e22
4.647249385956571e22
4.6309639238350386e22
4.61440472645022e22
4.597586018665448e22
4.58052222847048e22
4.56322797997215e22
4.545718086238116e22
4.528007541997437e22
4.510111516202114e22
4.492045344453609e22
4.473824521298667e22
4.455464692398729e22
4.436981646577524e22
4.4183913077513004e22
4.399709726746482e22
4.380953073009556e22
4.362137626214063e22
4.343279767769755e22
4.324395972238992e22
4.305502798665678e22
4.2866168818219375e22
4.2677549233780264e22
4.248933683000927e22
4.230169969387208e22
4.211480631235851e22
4.192882548166713e22
4.174392621590483e22
4.156027765536057e22
4.137804897441201e22
4.1197409289126105e22
4.10185275646136e22
4.084157252220004e22
4.066671254647412e22
4.049411559227633e22
4.032394909169067e22
4.015637986110327e22
3.999157400839066e22
3.98296968403027e22
3.967091277010372e22
3.95153852255374e22
3.936327655717892e22
3.9214747947240924e22
3.906995931889661e22
3.892906924618705e22
3.879223486457627e22
3.8659611782220375e22
3.853135399201495e22
3.840761378448734e22
3.828854166159656e22
3.817428625150735e22
3.8064994224401765e22
3.7960810209393276e22
3.7861876712606265e22
3.7768334036485334e22
3.7680320200396583e22
3.759797086258434e22
3.7521419243544648e22
3.7450796050876906e22
3.7386229405675302e22
3.7327844770519498e22
3.7275764879124257e22
3.723010966770651e22
3.719099620812865e22
3.715853864287371e22
3.713284812190979e22
3.7114032741498443e22
3.710219748500116e22
3.7097444165737674e22
3.709987137194731e22
3.7109574413905406e22
3.7126645273244083e22
3.7151172554525912e22
3.7183241439118086e22
3.722293364141322e22
3.727032736744131e22
3.7325497275916434e22
3.7388514441759835e22
3.745944632214027e22
3.7538356725070476e22
3.762530578059688e22
3.772034991461909e22
3.782354182537247e22
3.793493046260785e22
3.805456100949779e22
3.818247486729948e22
3.831870964280172e22
3.846329913858142e22
3.861627334609359e22
3.87776584416169e22
3.894747678507487e22
3.912574692175102e22
3.93124835869146e22
3.950769771337039e22
3.971139644194584e22
3.992358313492587e22
4.014425739244304e22
4.037341507182998e22
4.061104830993809e22
4.085714554842496e22
4.111169156201004e22
4.13746674896969e22
4.16460508689578e22
4.1925815672873905e22
4.221393235022351e22
4.251036786850599e22
4.281508575989075e22
4.312804617007379e22
4.344920591002683e22
4.377851851061782e22
4.411593428008202e22
4.446140036431997e22
4.481486080999549e22
4.517625663040605e22
4.554552587409523e22
4.592260369617372e22
4.630742243231481e22
4.669991167538725e22
4.70999983546856e22
4.750760681771756e22
4.792265891450404e22
4.834507408434673e22
4.877476944501516e22
4.921165988430338e22
4.965565815390431e22
5.0106674965547474e22
5.056461908934462e22
5.102939745428391e22
5.150091525081411e22
5.19790760354551e22
5.246378183737184e22
5.295493326684501e22
5.3452429625571225e22
5.395616901872212e22
5.446604846869186e22
5.498196403045886e22
5.5503810908487196e22
5.60314835750908e22
5.656487589018169e22
5.710388122232301e22
5.764839257100383e22
5.819830269005423e22
5.875350421211471e22
5.931388977407382e22
5.98793521433878e22
6.044978434519149e22
6.1025079790111895e22
6.1605132402692194e22
6.2189836750333525e22
6.277908817266167e22
6.337278291122254e22
6.397081823941172e22
6.4573092592540665e22
6.5179505697942116e22
6.578995870501591e22
6.640435431511625e22
6.702259691118008e22
6.764459268699561e22
6.827024977601075e22
6.889947837957798e22
6.953219089453518e22
7.016830204001808e22
7.08077289834026e22
7.145039146527304e22
7.209621192331361e22
7.2745115615017805e22
7.339703073911498e22
7.4051888555607435e22
7.470962350431734e22
7.537017332183768e22
7.603347915678638e22
7.6699485683259e22
7.736814121237964e22
7.803939780184579e22
7.87132113633681e22
7.938954176790284e22
8.006835294857783e22
8.074961300121184e22
8.143329428232973e22
8.211937350457573e22
8.280783182942785e22
8.349865495711807e22
8.419183321366506e22
8.488736163492433e22
8.55852400475659e22
8.628547314688815e22
8.698807057137834e22
8.769304697393368e22
8.840042208965566e22
8.9110220800134e22
8.982247319413745e22
9.053721462463134e22
9.125448576204155e22
9.197433264368934e22
9.269680671932127e22
9.342196489266261e22
9.41498695589203e22
9.488058863817148e22
9.561419560456763e22
9.635076951129171e22
9.709039501120743e22
9.783316237314014e22
9.85791674937343e22
9.93285119048321e22
1.000813027763234e23
1.0083765291441669e23
1.0159768075528702e23
1.0236151035405631e23
1.0312927136906664e23
1.0390109904140895e23
1.0467713416967316e23
1.0545752307988796e23
1.0624241759062202e23
1.0703197497322212e23
1.0782635790716493e23
1.0862573443050573e23
1.094302778854055e23
1.1024016685872713e23
1.1105558511768908e23
1.1187672154057353e23
1.1270377004248356e23
1.135369294961531e23
1.143764036478127e23
1.1522240102812001e23
1.160751348581648e23
1.169348229505654e23
1.178016876056745e23
1.1867595550291426e23
1.1955785758726961e23
1.2044762895096601e23
1.2134550871036626e23
1.2225173987812089e23
1.231665692306132e23
1.2409024717074235e23
1.2502302758609083e23
1.2596516770252673e23
1.2691692793329656e23
1.2787857172366439e23
1.2885036539116019e23
1.298325779615013e23
1.3082548100025584e23
1.3182934844032019e23
1.328444564052865e23
1.3387108302877697e23
1.3490950826983099e23
1.359600137244275e23
1.3702288243323521e23
1.3809839868567925e23
1.3918684782042534e23
1.4028851602237663e23
1.4140369011628828e23
1.4253265735710477e23
1.4367570521712884e23
1.4483312117013553e23
1.4600519247254606e23
1.4719220594177783e23
1.4839444773189697e23
1.4961220310669245e23
1.5084575621030257e23
1.5209538983552226e23
1.5336138518992442e23
1.5464402165993176e23
1.55943576572976e23
1.572603249578853e23
1.5859453930364488e23
1.599464893166742e23
1.6131644167677115e23
1.6270465979187055e23
1.6411140355177255e23
1.655369290809944e23
1.66981488490901e23
1.6844532963127438e23
1.699286958414824e23
1.714318257014086e23
1.7295495278230577e23
1.7449830539774166e23
1.7606210635480087e23
1.776465727057134e23
1.792519155000772e23
1.8087833953784828e23
1.825260431232682e23
1.8419521781990234e23
1.858860482069631e23
1.8759871163709237e23
1.8933337799577945e23
1.910902094625864e23
1.9286936027436282e23
1.9467097649062244e23
1.9649519576125993e23
1.98342147096783e23
2.002119506412409e23
2.0210471744802017e23
2.0402054925869076e23
2.059595382850727e23
2.0792176699470288e23
2.0990730789987625e23
2.1191622335043634e23
2.1394856533048623e23
2.1600437525919693e23
2.1808368379588128e23
2.2018651064950637e23
2.2231286439281126e23
2.2446274228120087e23
2.2663613007657946e23
2.288330018762908e23
2.3105331994732558e23
2.3329703456595886e23
2.355640838629766e23
2.378543936746471e23
2.4016787739959174e23
2.4250443586170943e23
2.448639571793022e23
2.472463166405515e23
2.496513765854867e23
2.520789862945904e23
2.5452898188417895e23
2.5700118620869152e23
2.5949540877002297e23
2.620114456340289e23
2.6454907935432977e23
2.6710807890353298e23
2.696881996119972e23
2.7228918311425023e23
2.7491075730317386e23
2.7755263629206073e23
2.8021452038465033e23
2.8289609605324054e23
2.8559703592497202e23
2.8831699877637404e23
2.9105562953626193e23
2.9381255929706387e23
2.9658740533465957e23
2.99379771136799e23
3.0218924644017237e23
3.050154072761946e23
3.0785781602556283e23
3.1071602148163794e23
3.1358955892270293e23
3.164779501931394e23
3.193807037935607e23
3.222973149799339e23
3.252272658717206e23
3.2817002556905826e23
3.311250502789985e23
3.340917834508133e23
3.370696559203788e23
3.400580860636324e23
3.430564799591036e23
3.460642315595014e23
3.4908072287234854e23
3.521053241496367e23
3.5513739408647625e23
3.581762800287059e23
3.6122131818942404e23
3.6427183387439715e23
3.67327141716294e23
3.7038654591768575e23
3.7344934050275603e23
3.7651480957764684e23
3.795822275993666e23
3.826508596531843e23
3.857199617384184e23
3.887887810625337e23
3.918565563434433e23
3.94922518119917e23
3.9798588906998396e23
4.010458843372164e23
4.041017118647707e23
4.071525727370641e23
4.1019766152895e23
4.132361666622579e23
4.1626727076955247e23
4.1929015106496326e23
4.223039797219307e23
4.25307924257711e23
4.283011479244695e23
4.312828101067965e23
4.342520667254695e23
4.3720807064727844e23
4.4014997210072836e23
4.4307691909743245e23
4.4598805785899315e23
4.488825332491759e23
4.5175948921116635e23
4.5461806920970183e23
4.574574166778635e23
4.602766754683076e23
4.6307499030871235e23
4.658515072612145e23
4.686053741855991e23
4.713357412060125e23
4.740417611809492e23
4.767225901762788e23
4.793773879410563e23
4.8200531838587025e23
4.846055500634697e23
4.871772566514146e23
4.8971961743648833e23
4.922318178006039e23
4.947130497079423e23
4.971625121930471e23
4.9957941184960795e23
5.019629633196514e23
5.043123897828687e23
5.066269234457941e23
5.089058060305565e23
5.111482892629172e23
5.133536353593123e23
5.15521117512608e23
5.176500203762869e23
5.1973964054676604e23
5.21789287043568e23
5.237982817870434e23
5.257659600733597e23
5.2769167104645674e23
5.295747781666839e23
5.314146596758187e23
5.33210709058178e23
5.3496233549752527e23
5.3666896432948427e23
5.3833003748916416e23
5.399450139537082e23
5.4151337017946946e23
5.4303460053353013e23
5.445082177192721e23
5.4593375319571445e23
5.473107575903294e23
5.4863880110505626e23
5.499174739152305e23
5.511463865611484e23
5.523251703319921e23
5.5345347764183626e23
5.5453098239747015e23
5.555573803577626e23
5.565323894843047e23
5.5745575028306824e23
5.5832722613682073e23
5.5914660362804196e23
5.599136928520885e23
5.606283277203606e23
5.612903662532283e23
5.6189969086247447e23
5.6245620862302214e23
5.62959851533719e23
5.634105767669453e23
5.6380836690683474e23
5.6415323017588714e23
5.644452006497651e23
5.6468433846007056e23
5.648707299849003e23
5.65004488026992e23
5.6508575197927124e23
5.65114687977616e23
5.650914890406706e23
5.650163751965349e23
5.648895935961722e23
5.6471141861337603e23
5.644821519311506e23
5.642021226143652e23
5.6387168716854546e23
5.634912295846735e23
5.630611613698837e23
5.6258192156393526e23
5.6205397674136e23
5.6147782099918895e23
5.6085397593016626e23
5.6018299058137236e23
5.594654413981797e23
5.5870193215347824e23
5.578930938621117e23
5.570395846804779e23
5.5614208979125085e23
5.552013212731913e23
5.5421801795602646e23
5.5319294526037764e23
5.521268950227337e23
5.510206853054723e23
5.4987516019193357e23
5.4869118956657356e23
5.4746966888022234e23
5.462115189004809e23
5.4491768544730775e23
5.435891391138454e23
5.422268749725526e23
5.4083191226671736e23
5.39405294087423e23
5.379480870360691e23
5.364613808725385e23
5.349462881491221e23
5.334039438303164e23
5.3183550489861984e23
5.302421499464656e23
5.28625078754431e23
5.269855118558747e23
5.253246900881687e23
5.236438741306882e23
5.219443440297425e23
5.2022739871063054e23
5.1849435547702024e23
5.167465494978503e23
5.149853332819739e23
5.132120761407589e23
5.1142816363887546e23
5.096349970335099e23
5.0783399270224714e23
5.060265815598777e23
5.042142084643862e23
5.023983316123949e23
5.005804219243329e23
4.9876196241962184e23
4.969444475821591e23
4.951293827164085e23
4.933182832943941e23
4.915126742939151e23
4.897140895282991e23
4.879240709680179e23
4.861441680545012e23
4.843759370064868e23
4.826209401192449e23
4.808807450570386e23
4.791569241391676e23
4.774510536199632e23
4.757647129630964e23
4.740994841105791e23
4.724569507468293e23
4.708386975581869e23
4.692463094882689e23
4.6768137098954836e23
4.661454652715636e23
4.646401735461486e23
4.631670742700956e23
4.617277423856501e23
4.6032374855925644e23
4.589566584189613e23
4.576280317908994e23
4.563394219352705e23
4.550923747822403e23
4.538884281681837e23
4.527291110726962e23
4.5161594285680384e23
4.5055043250279885e23
4.495340778561318e23
4.4856836486979396e23
4.476547668516159e23
4.467947437149231e23
4.4598974123297506e23
4.452411902976225e23
4.445505061826151e23
4.4391908781199165e23
4.4334831703398425e23
4.428395579008623e23
4.423941559551525e23
4.4201343752265136e23
4.416987090126641e23
4.414512562258882e23
4.4127234367036316e23
4.411632138859014e23
4.4112508677741955e23
4.4115915895757706e23
4.412666030991342e23
4.414485672974275e23
4.4170617444336836e23
4.420405216073629e23
4.42452679434531e23
4.42943691551629e23
4.435145739860437e23
4.441663145972411e23
4.4489987252103795e23
4.457161776270588e23
4.466161299897444e23
4.476005993732551e23
4.486704247306214e23
4.498264137174776e23
4.510693422207141e23
4.5239995390236655e23
4.538189597590686e23
4.553270376973699e23
4.56924832125225e23
4.586129535599451e23
4.6039197825290037e23
4.622624478312459e23
4.642248689569438e23
4.6627971300333366e23
4.684274157495071e23
4.706683770927263e23
4.73002960779112e23
4.754314941528267e23
4.779542679239634e23
4.805715359553381e23
4.832835150683833e23
4.860903848683096e23
4.889922875887215e23
4.919893279558335e23
4.9508157307243794e23
4.9826905232176634e23
5.015517572913603e23
5.0492964171707596e23
5.084026214473181e23
5.119705744275962e23
5.156333407054902e23
5.1939072245607505e23
5.2324248402788406e23
5.2718835200943534e23
5.3122801531636376e23
5.35361125299176e23
5.395872958716338e23
5.439061036597639e23
5.4831708817148104e23
5.5281975198678074e23
5.5741356096848035e23
5.6209794449343966e23
5.668722957041993e23
5.7173597178095894e23
5.766882942338018e23
5.8172854921506755e23
5.868559878517434e23
5.9206982659776254e23
5.973692476060572e23
6.027533991202142e23
6.082213958855708e23
6.137723195795696e23
6.194052192611804e23
6.25119111839197e23
6.309129825591718e23
6.367857855087877e23
6.427364441414113e23
6.4876385181758e23
6.548668723641635e23
6.610443406509239e23
6.672950631841854e23
6.736178187173266e23
6.800113588777661e23
6.864744088101493e23
6.930056678353827e23
6.996038101251847e23
7.062674853917989e23
7.129953195925052e23
7.197859156485567e23
7.266378541781631e23
7.335496942431112e23
7.405199741086434e23
7.475472120161603e23
7.54629906968336e23
7.617665395262117e23
7.689555726178233e23
7.761954523579224e23
7.83484608878327e23
7.908214571684302e23
7.982043979254077e23
8.056318184136299e23
8.131020933327947e23
8.206135856942813e23
8.281646477052262e23
8.35753621659806e23
8.433788408372199e23
8.510386304058278e23
8.587313083329479e23
8.66455186299751e23
8.742085706207281e23
8.819897631671833e23
8.897970622942004e23
8.9762876377054e23
9.054831617108932e23
9.133585495099523e23
9.212532207777183e23
9.2916547027549e23
9.370935948519557e23
9.450358943788237e23
9.529906726854154e23
9.609562384916498e23
9.689309063388288e23
9.769129975176703e23
9.849008409929896e23
9.928927743244656e23
1.0008871445829047e24
1.0088823092614333e24
1.016876637181033e24
1.0248685093898647e24
1.0328563200557696e24
1.0408384773514212e24
1.0488134043315307e24
1.056779539801543e24
1.0647353391772705e24
1.0726792753348958e24
1.0806098394507899e24
1.0885255418306028e24
1.096424912727057e24
1.1043065031459289e24
1.1121688856396658e24
1.1200106550881073e24
1.1278304294657912e24
1.1356268505953204e24
1.1433985848862797e24
1.1511443240592058e24
1.1588627858540866e24
1.1665527147229364e24
1.1742128825059355e24
1.1818420890906708e24
1.1894391630540175e24
1.1970029622861908e24
1.2045323745965475e24
1.2120263183006596e24
1.219483742788278e24
1.2269036290717382e24
1.234284990314415e24
1.241626872338828e24
1.2489283541140136e24
1.2561885482217933e24
1.2634066013015807e24
1.2705816944733627e24
1.277713043738543e24
1.2847999003583078e24
1.2918415512092068e24
1.298837319115652e24
1.3057865631590571e24
1.3126886789633318e24
1.3195430989564955e24
1.3263492926081436e24
1.3331067666425598e24
1.3398150652272513e24
1.3464737701367038e24
1.3530825008911824e24
1.359640914870401e24
1.3661487074019096e24
1.3726056118240657e24
1.379011399523454e24
1.385365879946666e24
1.3916689005863308e24
1.3979203469413355e24
1.404120142451169e24
1.4102682484043436e24
1.4163646638208798e24
1.4224094253088386e24
1.4284026068948906e24
1.4343443198289843e24
1.440234712363112e24
1.4460739695042574e24
1.4518623127415853e24
1.4575999997479703e24
1.4632873240559633e24
1.4689246147083333e24
1.4745122358833038e24
1.480050586494666e24
1.4855400997669235e24
1.4909812427856678e24
1.4963745160233946e24
1.501720452840976e24
1.5070196189650416e24
1.512272611941513e24
1.5174800605655765e24
1.5226426242883802e24
1.5277609926007602e24
1.5328358843943194e24
1.5378680473002024e24
1.5428582570059103e24
1.5478073165505428e24
1.5527160555988302e24
1.5575853296943798e24
1.5624160194925394e24
1.5672090299733122e24
1.571965289634769e24
1.5766857496674262e24
1.581371383110048e24
1.5860231839873875e24
1.5906421664303382e24
1.5952293637790467e24
1.599785827669492e24
1.6043126271040887e24
1.6088108475068618e24
1.6132815897637748e24
1.617725969248775e24
1.6221451148361706e24
1.626540167899923e24
1.6309122813004912e24
1.6352626183598385e24
1.6395923518252532e24
1.6439026628226247e24
1.6481947397998344e24
1.6524697774609314e24
1.6567289756917697e24
1.660973538477791e24
1.6652046728146544e24
1.6694235876124057e24
1.6736314925939058e24
1.6778295971882337e24
1.6820191094197802e24
1.6862012347937811e24
1.6903771751790056e24
1.694548127688361e24
1.6987152835581485e24
1.7028798270267282e24
1.707042934213351e24
1.7112057719979118e24
1.7153694969023922e24
1.7195352539747603e24
1.7237041756760898e24
1.7278773807716767e24
1.7320559732269206e24
1.7362410411087426e24
1.740433655493322e24
1.7446348693809136e24
1.7488457166185229e24
1.753067210831217e24
1.7573003443628318e24
1.7615460872268514e24
1.7658053860682193e24
1.7700791631368524e24
1.774368315273608e24
1.7786737129094667e24
1.7829961990786778e24
1.7873365884466143e24
1.7916956663530804e24
1.7960741878718e24
1.800472876886823e24
1.8048924251865638e24
1.8093334915761873e24
1.8137967010090487e24
1.8182826437378867e24
1.8227918744864561e24
1.8273249116422762e24
1.8318822364711723e24
1.836464292354263e24
1.8410714840480403e24
1.845704176968189e24
1.8503626964977559e24
1.8550473273202983e24
1.8597583127785972e24
1.8644958542595327e24
1.869260110605697e24
1.8740511975542877e24
1.878869187203858e24
1.883714107509418e24
1.8885859418064352e24
1.8934846283642158e24
1.8984100599691543e24
1.903362083538322e24
1.9083404997638462e24
1.913345062788509e24
1.918375479912989e24
1.923431411335133e24
1.9285124699216584e24
1.9336182210126223e24
1.9387481822590227e24
1.943901823493845e24
1.949078566636855e24
1.9542777856334362e24
1.9594988064277207e24
1.964740906970267e24
1.9700033172605113e24
1.975285219424182e24
1.980585747825874e24
1.9859039892169324e24
1.9912389829187971e24
1.9965897210419037e24
2.0019551487402625e24
2.0073341645017706e24
2.0127256204743115e24
2.0181283228276784e24
2.023541032151314e24
2.0289624638878687e24
2.0343912888025115e24
2.039826133487962e24
2.045265580905131e24
2.0507081709592786e24
2.0561524011115518e24
2.061596727025742e24
2.0670395632501058e24
2.0724792839340065e24
2.0779142235792066e24
2.0833426778255107e24
2.0887629042705313e24
2.094173123323251e24
2.099571519091083e24
2.1049562403000944e24
2.1103254012480004e24
2.1156770827895861e24
2.1210093333541015e24
2.1263201699942502e24
2.1316075794662595e24
2.1368695193406176e24
2.142103919142922e24
2.1473086815243715e24
2.1524816834613216e24
2.1576207774833543e24
2.1627237929292923e24
2.167788537230519e24
2.1728127972210152e24
2.1777943404734388e24
2.1827309166605915e24
2.18762025894159e24
2.192460085372021e24
2.1972481003373757e24
2.2019819960089877e24
2.2066594538217542e24
2.2112781459728096e24
2.2158357369403995e24
2.220329885022097e24
2.2247582438915623e24
2.2291184641729687e24
2.2334081950322416e24
2.2376250857842283e24
2.241766787514887e24
2.2458309547176093e24
2.2498152469427143e24
2.2537173304592034e24
2.2575348799278074e24
2.2612655800843512e24
2.2649071274324838e24
2.2684572319447416e24
2.2719136187709845e24
2.2752740299531543e24
2.278536226145367e24
2.2816979883382607e24
2.2847571195866128e24
2.2877114467391284e24
2.2905588221693542e24
2.2932971255066737e24
2.295924265366273e24
2.2984381810770407e24
2.300836844406268e24
2.303118261280122e24
2.3052804734987326e24
2.3073215604448493e24
2.309239640784943e24
2.311032874161649e24
2.3126994628764635e24
2.3142376535615784e24
2.3156457388397433e24
2.3169220589710792e24
2.318065003485701e24
2.3190730128010788e24
2.319944579823026e24
2.3206782515292257e24
2.3212726305341892e24
2.321726376634582e24
2.3220382083338038e24
2.3222069043447964e24
2.3222313050699446e24
2.3221103140570584e24
2.321842899430368e24
2.3214280952954743e24
2.3208650031172282e24
2.3201527930695147e24
2.3192907053559108e24
2.3182780515002358e24
2.3171142156059797e24
2.3157986555836347e24
2.3143309043449676e24
2.312710570963282e24
2.3109373417987163e24
2.3090109815876764e24
2.306931334495461e24
2.304698325131252e24
2.302311959524502e24
2.2997723260619586e24
2.2970795963844151e24
2.2942340262424104e24
2.2912359563100647e24
2.2880858129562533e24
2.28478410897241e24
2.281331444256158e24
2.2777285064500998e24
2.2739760715350505e24
2.2700750043770582e24
2.2660262592275402e24
2.2618308801759466e24
2.2574900015543027e24
2.2530048482931247e24
2.2483767362280863e24
2.2436070723569611e24
2.2386973550463294e24
2.2336491741875795e24
2.228464211301759e24
2.223144239592863e24
2.217691123949164e24
2.2121068208922492e24
2.2063933784733975e24
2.2005529361170193e24
2.1945877244108822e24
2.188500064842879e24
2.182292369484123e24
2.1759671406181906e24
2.169526970316349e24
2.1629745399586837e24
2.1563126197009796e24
2.149544067887341e24
2.142671830408503e24
2.1356989400058515e24
2.1286285155211688e24
2.1214637610921924e24
2.1142079652940614e24
2.1068645002268222e24
2.099436820549116e24
2.0919284624582612e24
2.0843430426169667e24
2.0766842570269245e24
2.0689558798495897e24
2.0611617621744394e24
2.0533058307351282e24
2.0453920865738696e24
2.037424603654499e24
2.0294075274246633e24
2.0213450733276296e24
2.0132415252642277e24
2.0051012340054766e24
1.996928615556463e24
1.9887281494721307e24
1.980504377125566e24
1.972261899929492e24
1.9640053775116734e24
1.955739525844958e24
1.9474691153327355e24
1.9391989688505987e24
1.9309339597450283e24
1.9226790097899988e24
1.9144390871023286e24
1.9062192040167278e24
1.8980244149214821e24
1.889859814055729e24
1.8817305332693319e24
1.8736417397463782e24
1.8655986336933267e24
1.8576064459929392e24
1.849670435825016e24
1.841795888255129e24
1.8339881117924695e24
1.8262524359179966e24
1.818594208584074e24
1.811018793686834e24
1.8035315685124734e24
1.7961379211588078e24
1.7888432479332976e24
1.7816529507288998e24
1.7745724343790488e24
1.7676071039931174e24
1.7607623622737138e24
1.7540436068171956e24
1.747456227398785e24
1.741005603243733e24
1.7346971002859031e24
1.7285360684152607e24
1.7225278387157033e24
1.7166777206947015e24
1.710990999506235e24
1.7054729331684943e24
1.7001287497778963e24
1.694963644720867e24
1.6899827778849462e24
1.6851912708707407e24
1.680594204206244e24
1.6761966145650857e24
1.672003491990239e24
1.6680197771247376e24
1.6642503584509868e24
1.6607000695401833e24
1.6573736863134304e24
1.6542759243161035e24
1.6514114360070314e24
1.6487848080640394e24
1.6464005587074322e24
1.644263135042945e24
1.642376910425763e24
1.6407461818470914e24
1.6393751673448772e24
1.6382680034401875e24
1.6374287426007794e24
1.6368613507333905e24
1.6365697047062504e24
1.6365575899033214e24
1.6368286978117655e24
1.6373866236441075e24
1.6382348639965567e24
1.6393768145449616e24
1.6408157677798183e24
1.642554910781752e24
1.6445973230389114e24
1.6469459743076048e24
1.6496037225176374e24
1.6525733117236092e24
1.655857370103575e24
1.6594584080063585e24
1.6633788160487905e24
1.6676208632641894e24
1.6721866953032602e24
1.6770783326887278e24
1.6822976691247918e24
1.687846469862687e24
1.69372637012339e24
1.69993887357868e24
1.7064853508915963e24
1.7133670383173418e24
1.7205850363657256e24
1.728140308526076e24
1.736033680055663e24
1.7442658368324973e24
1.7528373242735044e24
1.7617485463188573e24
1.7709997644833775e24
1.7805910969758003e24
1.790522517886621e24
1.8007938564453744e24
1.8114047963479156e24
1.8223548751544953e24
1.8336434837591522e24
1.845269865931092e24
1.8572331179285867e24
1.8695321881858585e24
1.8821658770735292e24
1.895132836732953e24
1.908431570984956e24
1.9220604353132077e24
1.9360176369226816e24
1.9503012348733506e24
1.9649091402894543e24
1.9798391166444998e24
1.995088780122092e24
2.0106556000528348e24
2.026536899427211e24
2.0427298554846378e24
2.0592315003785106e24
2.0760387219173408e24
2.093148264381746e24
2.1105567294172515e24
2.1282605770026748e24
2.1462561264938296e24
2.1645395577423692e24
2.1831069122893322e24
2.2019540946331685e24
2.2210768735716905e24
2.2404708836176555e24
2.2601316264873974e24
2.2800544726619697e24
2.300234663020324e24
2.3206673105437683e24
2.3413474020911993e24
2.362269800244257e24
2.3834292452218092e24
2.404820356862838e24
2.4264376366770293e24
2.4482754699621434e24
2.4703281279872103e24
2.492589770240746e24
2.5150544467428227e24
2.5377161004201593e24
2.5605685695429767e24
2.583605590222703e24
2.606820798969221e24
2.6302077353066e24
2.653759844446072e24
2.677470480014915e24
2.7013329068401247e24
2.72534030378536e24
2.749485766639995e24
2.773762311058721e24
2.798162875550396e24
2.8226803245146605e24
2.8473074513247436e24
2.872036981455118e24
2.8968615756522476e24
2.92177383314706e24
2.946766294907345e24
2.9718314469286166e24
2.996961723561639e24
3.022149510875017e24
3.047387150051146e24
3.072666940813678e24
3.0979811448849147e24
3.123321989471164e24
3.148681670774445e24
3.1740523575285156e24
3.1994261945576e24
3.2247953063557405e24
3.2501518006850647e24
3.2754877721910085e24
3.300795306032517e24
3.3260664815254693e24
3.351293375797177e24
3.3764680674502275e24
3.4015826402334987e24
3.4266291867185487e24
3.451599811979322e24
3.4764866372731326e24
3.501281803721098e24
3.5259774759857916e24
3.5505658459443543e24
3.575039136354848e24
3.5993896045140054e24
3.6236095459042343e24
3.6476912978279676e24
3.6716272430273287e24
3.6954098132870074e24
3.719031493018545e24
3.742484822823798e24
3.765762403035803e24
3.7888568972348865e24
3.811761035738189e24
3.834467619060505e24
3.8569695213446003e24
3.879259693759008e24
3.901331167861336e24
3.923177058925297e24
3.944790569229388e24
3.966164991305515e24
3.9872937111455535e24
4.008170211364081e24
4.028788074315462e24
4.04914098516338e24
4.0692227349011974e24
4.089027223321213e24
4.108548461931233e24
4.1277805768166146e24
4.1467178114462366e24
4.165354529420599e24
4.183685217160535e24
4.2017044865349336e24
4.2194070774257933e24
4.2367878602292556e24
4.253841838290943e24
4.2705641502742835e24
4.2869500724602476e24
4.302995020977259e24
4.318694553959766e24
4.3340443736342595e24
4.349040328331441e24
4.363678414423213e24
4.377954778183434e24
4.391865717571115e24
4.4054076839350865e24
4.4185772836389367e24
4.431371279605266e24
4.443786592778246e24
4.4558203035034995e24
4.467469652824473e24
4.4787320436943856e24
4.489605042102986e24
4.5000863781173165e24
4.5101739468358445e24
4.519865809255202e24
4.5291601930490044e24
4.538055493258159e24
4.5465502728920807e24
4.5546432634404977e24
4.5623333652952665e24
4.5696196480819703e24
4.5765013509009047e24
4.5829778824772394e24
4.589048821220133e24
4.5947139151906365e24
4.5999730819783183e24
4.6048264084865275e24
4.6092741506263353e24
4.613316732919172e24
4.6169547480083174e24
4.6201889560793825e24
4.6230202841900076e24
4.625449825509058e24
4.627478838465637e24
4.6291087458083143e24
4.630341133574949e24
4.6311777499736897e24
4.6316205041755936e24
4.631671465019535e24
4.6313328596299945e24
4.630607071948462e24
4.629496641179217e24
4.6280042601502294e24
4.626132773590111e24
4.6238851763219685e24
4.6212646113751554e24
4.618274368015902e24
4.6149178796979076e24
4.6111987219339566e24
4.607120610089811e24
4.602687397101472e24
4.5979030711171256e24
4.5927717530650886e24
4.5872976941490573e24
4.58148527327208e24
4.5753389943906966e24
4.568863483800693e24
4.562063487356077e24
4.5549438676227367e24
4.5475096009684906e24
4.5397657745911243e24
4.531717583486148e24
4.523370327355969e24
4.514729407462298e24
4.505800323423539e24
4.496588669959098e24
4.487100133582394e24
4.4773404892445656e24
4.467315596930782e24
4.4570313982111647e24
4.4464939127483235e24
4.4357092347635673e24
4.424683529463809e24
4.4134230294313884e24
4.401934030978788e24
4.390222890470515e24
4.3782960206142747e24
4.366159886723655e24
4.353821002954536e24
4.3412859285174605e24
4.328561263868285e24
4.3156536468793163e24
4.302569748993252e24
4.289316271362313e24
4.27589994097478e24
4.262327506771354e24
4.2486057357536686e24
4.234741409087313e24
4.2207413182017474e24
4.206612260889437e24
4.1923610374067035e24
4.1779944465785285e24
4.1635192819098137e24
4.148942327705431e24
4.134270355201479e24
4.1195101187101216e24
4.1046683517803825e24
4.089751763377293e24
4.0747670340817884e24
4.05972081231366e24
4.044619710579966e24
4.0294703017512395e24
4.014279115367835e24
3.999052633978705e24
3.983797289514965e24
3.968519459700463e24
3.9532254645017384e24
3.9379215626194983e24
3.9226139480239324e24
3.9073087465360487e24
3.892012012457214e24
3.876729725249068e24
3.861467786265938e24
3.8462320155419097e24
3.8310281486345546e24
3.815861833527428e24
3.8007386275933305e24
3.78566399462033e24
3.770643301902471e24
3.755681817397135e24
3.7407847069508426e24
3.72595703159547e24
3.7112037449165436e24
3.6965296904954565e24
3.6819395994272977e24
3.6674380879159815e24
3.6530296549483e24
3.6387186800484757e24
3.6245094211147515e24
3.610406012339583e24
3.596412462214728e24
3.582532651622783e24
3.568770332016401e24
3.5551291236865433e24
3.5416125141209694e24
3.5282238564541774e24
3.51496636800988e24
3.501843128937183e24
3.488857080941366e24
3.47601102611032e24
3.463307625837514e24
3.450749399842336e24
3.438338725288595e24
3.4260778360019256e24
3.4139688217867385e24
3.402013627843368e24
3.3902140542859016e24
3.378571755761214e24
3.367088241169628e24
3.355764873487523e24
3.3446028696922424e24
3.333603300789479e24
3.3227670919432913e24
3.3120950227089665e24
3.301587727368591e24
3.291245695369444e24
3.281069271865049e24
3.2710586583587543e24
3.2612139134495906e24
3.25153495368012e24
3.242021554485989e24
3.2326733512466224e24
3.2234898404367204e24
3.2144703808778977e24
3.205614195089915e24
3.196920370740773e24
3.188387862194966e24
3.18001549215901e24
3.171801953423488e24
3.163745810700529e24
3.1558455025558136e24
3.1480993434340173e24
3.140505525776536e24
3.133062122230318e24
3.1257670879465534e24
3.118618262967868e24
3.1116133747027207e24
3.1047500404854635e24
3.09802577022065e24
3.0914379691099975e24
3.0849839404604e24
3.078660888571318e24
3.0724659216998253e24
3.0663960551015046e24
3.060448214145409e24
3.054619237501144e24
3.0489058803961397e24
3.043304817941156e24
3.0378126485219106e24
3.0324258972548157e24
3.027141019504602e24
3.0219544044616876e24
3.0168623787770606e24
3.0118612102523616e24
3.0069471115828737e24
3.002116244151029e24
2.9973647218680564e24
2.9926886150613e24
2.9880839544047115e24
2.9835467348900646e24
2.979072919836242e24
2.9746584449340757e24
2.970299222324081e24
2.9659911447044654e24
2.96173008946668e24
2.9575119228558756e24
2.9533325041534356e24
2.9491876898789354e24
2.945073338008644e24
2.940985312207821e24
2.936919486073982e24
2.9328717473882556e24
2.928838002372034e24
2.924814179945973e24
2.920796235988521e24
2.9167801575910373e24
2.912761967306634e24
2.908737727389769e24
2.9047035440237427e24
2.900655571533125e24
2.8965900165782045e24
2.8925031423285564e24
2.8883912726127395e24
2.884250796041313e24
2.880078170100141e24
2.875869925211152e24
2.871622668757635e24
2.867333089071175e24
2.862997959377359e24
2.858614141697398e24
2.8541785907028045e24
2.849688357520322e24
2.845140593484268e24
2.840532553833526e24
2.8358616013504255e24
2.831125209938766e24
2.8263209681382717e24
2.8214465825727894e24
2.816499881329626e24
2.8114788172673346e24
2.806381471249417e24
2.801206055301381e24
2.795950915688642e24
2.790614535912793e24
2.7851955396238194e24
2.7796926934458596e24
2.774104909714198e24
2.7684312491211563e24
2.762670923268645e24
2.756823297125201e24
2.7508878913853216e24
2.744864384729016e24
2.73875261597955e24
2.7325525861573533e24
2.726264460428194e24
2.719888569943733e24
2.713425413572646e24
2.706875659520544e24
2.700240146837038e24
2.6935198868082933e24
2.6867160642335107e24
2.679830038583838e24
2.6728633450423226e24
2.6658176954234747e24
2.658694978971202e24
2.651497263033891e24
2.644226793615457e24
2.6368859958013225e24
2.6294774740583005e24
2.622004012407441e24
2.614468574469058e24
2.6068743033790523e24
2.5992245215759386e24
2.5915227304578676e24
2.583772609909191e24
2.575978017696009e24
2.5681429887304033e24
2.5602717342030026e24
2.552368640583676e24
2.544438268490223e24
2.5364853514249836e24
2.52851479437941e24
2.520531672306701e24
2.5125412284626936e24
2.504548872615288e24
2.4965601791227406e24
2.4885808848813214e24
2.480616887142778e24
2.472674241202326e24
2.464759157957718e24
2.456878001340326e24
2.449037285618944e24
2.441243672577392e24
2.43350396856684e24
2.425825121434011e24
2.4182142173264825e24
2.410678477376283e24
2.403225254263242e24
2.3958620286594137e24
2.3885964055562334e24
2.3814361104758578e24
2.3743889855684901e24
2.3674629855973988e24
2.3606661738134364e24
2.354006717721055e24
2.34749288473772e24
2.3411330377488653e24
2.3349356305604687e24
2.3289092032515438e24
2.32306237742873e24
2.3174038513854505e24
2.3119423951680185e24
2.3066868455511697e24
2.3016461009256818e24
2.2968291161005918e24
2.2922448970228553e24
2.2879024954170967e24
2.283811003348371e24
2.2799795477107767e24
2.2764172846448964e24
2.2731333938870994e24
2.2701370730537244e24
2.2674375318633385e24
2.2650439863001872e24
2.262965652722128e24
2.2612117419162882e24
2.259791453105795e24
2.258713967910992e24
2.257988444268503e24
2.257624010311684e24
2.257629758215907e24
2.2580147380123146e24
2.258787951373513e24
2.259958345374968e24
2.2615348062356694e24
2.2635261530417385e24
2.265941131456835e24
2.268788407422927e24
2.27207656085535e24
2.2758140793358723e24
2.2800093518076114e24
2.2846706622756164e24
2.2898061835170345e24
2.2954239708046493e24
2.3015319556477112e24
2.308137939553984e24
2.3152495878168294e24
2.3228744233313405e24
2.3310198204432897e24
2.3396929988349788e24
2.3489010174517376e24
2.3586507684730614e24
2.3689489713322898e24
2.3798021667886646e24
2.3912167110556957e24
2.4031987699896983e24
2.4157543133422874e24
2.428889109080769e24
2.4426087177801553e24
2.4569184870906436e24
2.471823546284271e24
2.4873288008845747e24
2.5034389273828545e24
2.520158368044836e24
2.5374913258112313e24
2.555441759295981e24
2.5740133778855666e24
2.593209636943078e24
2.613033733120405e24
2.63348859978203e24
2.6545769025438757e24
2.6763010349304023e24
2.6986631141534054e24
2.7216649770156405e24
2.745308175942488e24
2.7695939751447906e24
2.794523346915882e24
2.820096968065854e24
2.8463152164959674e24
2.873178167916033e24
2.900685592707637e24
2.9288369529358877e24
2.957631399512322e24
2.9870677695115924e24
3.017144583644408e24
3.04786004388914e24
3.0792120312845076e24
3.111198103885468e24
3.143815494884649e24
3.177061110901303e24
3.210931530439849e24
3.2454230025198776e24
3.2805314454794933e24
3.316252445953695e24
3.352581258029487e24
3.3895128025791864e24
3.427041666773495e24
3.465162103775605e24
3.5038680326176674e24
3.543153038260725e24
3.5830103718392174e24
3.6234329510910356e24
3.664413360973933e24
3.7059438544690754e24
3.7480163535724164e24
3.7906224504744065e24
3.8337534089285037e24
3.8774001658088103e24
3.9215533328570737e24
3.966203198619217e24
4.011339730571298e24
4.05695257743495e24
4.103031071682042e24
4.1495642322281945e24
4.1965407673148437e24
4.243949077579217e24
4.2917772593116843e24
4.340013107899662e24
4.388644121457204e24
4.437657504639422e24
4.48704017264051e24
4.5367787553743276e24
4.586859601836103e24
4.637268784644023e24
4.6879921047589936e24
4.739015096381181e24
4.7903230320213586e24
4.841900927745431e24
4.893733548590097e24
4.945805414147567e24
4.998100804317304e24
5.050603765222379e24
5.103298115288207e24
5.156167451481151e24
5.209195155704354e24
5.262364401348302e24
5.315658159993172e24
5.36905920826025e24
5.42255013480933e24
5.476113347479147e24
5.529731080567607e24
5.583385402248676e24
5.637058222122413e24
5.69073129889494e24
5.744386248184701e24
5.798004550451402e24
5.851567559044047e24
5.905056508364195e24
5.958452522140657e24
6.011736621811709e24
6.064889735010718e24
6.11789270415126e24
6.170726295107418e24
6.22337120598517e24
6.275808075980438e24
6.328017494319562e24
6.379980009277716e24
6.431676137270693e24
6.483086372015709e24
6.53419119375642e24
6.584971078547616e24
6.635406507594804e24
6.685477976643963e24
6.735166005416604e24
6.784451147085385e24
6.833313997785161e24
6.881735206154807e24
6.929695482904615e24
6.977175610404343e24
7.024156452286858e24
7.070618963062276e24
7.116544197737526e24
7.161913321436211e24
7.206707619013532e24
7.250908504661257e24
7.294497531497437e24
7.337456401135716e24
7.379766973229033e24
7.421411274982488e24
7.462371510630185e24
7.502630070870828e24
7.542169542256826e24
7.580972716531736e24
7.619022599910872e24
7.656302422299799e24
7.692795646445629e24
7.728485977015937e24
7.7633573696001e24
7.797394039628097e24
7.830580471201456e24
7.862901425831511e24
7.894341951079835e24
7.92488738909583e24
7.954523385046614e24
7.983235895434187e24
8.011011196295146e24
8.037835891277908e24
8.063696919592955e24
8.088581563831094e24
8.112477457645311e24
8.135372593291425e24
8.157255329023095e24
8.178114396336703e24
8.197938907061648e24
8.216718360291724e24
8.234442649153298e24
8.251102067406166e24
8.266687315872795e24
8.281189508692123e24
8.294600179393753e24
8.306911286788786e24
8.318115220673532e24
8.328204807342212e24
8.337173314905321e24
8.345014458409875e24
8.351722404758313e24
8.357291777422651e24
8.361717660950633e24
8.36499560526093e24
8.367121629724161e24
8.368092227027025e24
8.367904366816597e24
8.366555499122302e24
8.364043557552735e24
8.360366962265172e24
8.355524622705207e24
8.349515940114367e24
8.34234080980375e24
8.3339996231914e24
8.324493269601964e24
8.313823137826519e24
8.301991117441288e24
8.288999599883513e24
8.274851479283368e24
8.259550153050534e24
8.243099522214353e24
8.225503991516817e24
8.206768469257212e24
8.186898366888158e24
8.165899598362041e24
8.143778579227868e24
8.12054222547789e24
8.096197952144025e24
8.070753671644176e24
8.044217791878229e24
8.016599214074472e24
7.987907330386309e24
7.958152021240366e24
7.927343652436107e24
7.89549307199831e24
7.86261160678295e24
7.828711058837731e24
7.793803701518674e24
7.75790227536371e24
7.721019983725319e24
7.683170488163291e24
7.644367903599934e24
7.604626793239144e24
7.56396216325182e24
7.522389457229497e24
7.479924550408572e24
7.43658374366782e24
7.392383757301303e24
7.347341724569952e24
7.301475185034072e24
7.254802077670274e24
7.207340733775527e24
7.159109869661689e24
7.110128579144026e24
7.060416325826752e24
7.009992935189752e24
6.958878586479533e24
6.907093804408898e24
6.854659450668617e24
6.801596715255721e24
6.74792710762218e24
6.693672447648292e24
6.638854856445467e24
6.583496746992324e24
6.527620814609316e24
6.471250027275922e24
6.414407615795809e24
6.357117063814243e24
6.299402097693256e24
6.24128667624917e24
6.182794980357856e24
6.123951402433075e24
6.064780535782754e24
6.005307163849222e24
5.945556249338178e24
5.885552923242639e24
5.82532247376683e24
5.764890335156087e24
5.704282076438528e24
5.643523390083917e24
5.582640080586152e24
5.521658052974685e24
5.460603301261404e24
5.399501896828495e24
5.338379976763819e24
5.277263732149486e24
5.216179396309982e24
5.155153233026167e24
5.094211524720933e24
5.033380560623278e24
4.97268662491653e24
4.912155984877587e24
4.85181487901283e24
4.7916895051976653e24
4.731806008825539e24
4.672190470972913e24
4.6128688965868144e24
4.5538672027007133e24
4.4952112066857284e24
4.436926614542911e24
4.3790390092433957e24
4.321573839122365e24
4.264556406333251e24
4.208011855368619e24
4.151965161653545e24
4.096441120218221e24
4.041464334455403e24
3.9870592049694704e24
3.9332499185225174e24
3.8800604370841935e24
3.8275144869907814e24
3.7756355482197347e24
3.724446843785675e24
3.673971329263292e24
3.6242316824435185e24
3.5752502931280953e24
3.527049253068734e24
3.479650346055984e24
3.43307503816376e24
3.387344468154581e24
3.3424794380510814e24
3.298500403879116e24
3.255427466587388e24
3.2132803631490457e24
3.172078457849806e24
3.131840733768049e24
3.092585784451112e24
3.054331805792887e24
3.0170965881172304e24
2.98089750847148e24
2.945751523134743e24
2.9116751603449274e24
2.878684513248928e24
2.8467952330797285e24
2.816022522564554e24
2.786381129567696e24
2.757885340971647e24
2.7305489768003033e24
2.704385384587189e24
2.6794074339924743e24
2.655627511671417e24
2.633057516397606e24
2.611708854443535e24
2.591592435221469e24
2.572718667186944e24
2.5550974540073893e24
2.5387381909982525e24
2.5236497618284616e24
2.5098405354975333e24
2.497318363585773e24
2.4860905777795843e24
2.4761639876730877e24
2.4675448788475465e24
2.46023901122985e24
2.4542516177308485e24
2.449587403164734e24
2.446250543449876e24
2.4442446850918905e24
2.443572944949199e24
2.444237910281394e24
2.4462416390804566e24
2.449585660684611e24
2.4542709766748636e24
2.4602980620534313e24
2.4676668667038066e24
2.476376817131463e24
2.4864268184845187e24
2.497815256853055e24
2.510540001846133e24
2.5245984094447966e24
2.539987325129812e24
2.556703087282257e24
2.5747415308550793e24
2.5940979913137276e24
2.614767308843466e24
2.63674383282123e24
2.6600214265493934e24
2.684593472248721e24
2.710452876307935e24
2.737592074786683e24
2.7660030391688944e24
2.795677282363279e24
2.826605864947505e24
2.858779401652519e24
2.8921880680833e24
2.926821607672191e24
2.9626693388608313e24
2.999720162506534e24
3.0379625695089436e24
3.077384648652388e24
3.117974094659621e24
3.1597182164520843e24
3.2026039456121194e24
3.246617845041969e24
3.2917461178147895e24
3.3379746162124116e24
3.38528885094442e24
3.4336740005435296e24
3.4831149209314673e24
3.533596155149894e24
3.5851019432506355e24
3.637616232339395e24
3.6911226867671526e24
3.745604698463088e24
3.8010453974031067e24
3.857427662207681e24
3.9147341308628177e24
3.972947211557766e24
4.03204909363312e24
4.092021758632689e24
4.1528469914527487e24
4.214506391582051e24
4.276981384425531e24
4.340253232705597e24
4.40430304793365e24
4.46911180194533e24
4.5346603384923364e24
4.600929384884144e24
4.6678995636723803e24
4.7355514043710637e24
4.803865355205548e24
4.872821794883094e24
4.94240104437805e24
5.012583378724473e24
5.083349038809131e24
5.154678243157633e24
5.226551199706679e24
5.298948117555353e24
5.371849218687916e24
5.445234749661593e24
5.5190849932517e24
5.593380280047358e24
5.668100999990477e24
5.743227613851145e24
5.818740664632232e24
5.894620788896378e24
5.970848728008258e24
6.047405339285303e24
6.12427160705001e24
6.20142865357692e24
6.278857749927691e24
6.356540326667293e24
6.43445798445509e24
6.51259250450357e24
6.590925858899014e24
6.669440220777104e24
6.748117974347277e24
6.826941724759645e24
6.90589430780815e24
6.984958799464007e24
7.064118525233311e24
7.143357069332973e24
7.222658283679202e24
7.302006296682761e24
7.38138552184553e24
7.460780666152752e24
7.540176738255799e24
7.619559056440001e24
7.698913256372752e24
7.778225298626357e24
7.857481475971453e24
7.936668420435765e24
8.01577311012382e24
8.094782875793123e24
8.17368540718255e24
8.252468759088707e24
8.331121357186307e24
8.409632003588731e24
8.487989882144972e24
8.566184563469474e24
8.644206009701523e24
8.722044578990829e24
8.799691029706342e24
8.877136524365334e24
8.954372633280208e24
9.031391337919916e24
9.108185033984391e24
9.184746534189152e24
9.261069070758258e24
9.337146297623776e24
9.412972292329978e24
9.488541557640851e24
9.563849022849493e24
9.638890044788356e24
9.713660408539264e24
9.788156327842503e24
9.862374445204373e24
9.936311831702747e24
1.000996598649049e25
1.008333483599674e25
1.0156416732825896e25
1.0229210454355162e25
1.0301715201030767e25
1.0373930594363755e25
1.0445856674626229e25
1.0517493898249103e25
1.058884313492273e25
1.0659905664401786e25
1.0730683173016147e25
1.0801177749889556e25
1.0871391882868116e25
1.0941328454160892e25
1.1010990735694917e25
1.108038238418729e25
1.1149507435937055e25
1.1218370301339997e25
1.1286975759129044e25
1.1355328950344168e25
1.1423435372034872e25
1.1491300870699042e25
1.1558931635461981e25
1.1626334190999682e25
1.1693515390210465e25
1.1760482406639339e25
1.1827242726659588e25
1.189380414141627e25
1.1960174738536486e25
1.2026362893611309e25
1.2092377261454667e25
1.2158226767144303e25
1.2223920596850555e25
1.2289468188458054e25
1.2354879221986619e25
1.2420163609816948e25
1.2485331486727075e25
1.2550393199745942e25
1.2615359297830195e25
1.2680240521370704e25
1.2745047791535324e25
1.2809792199454536e25
1.2874484995256755e25
1.2939137576960183e25
1.30037614792282e25
1.3068368361995383e25
1.3132969998971367e25
1.3197578266029798e25
1.326220512948994e25
1.3326862634297979e25
1.3391562892116188e25
1.3456318069327109e25
1.3521140374960657e25
1.358604204855195e25
1.3651035347937632e25
1.3716132536998657e25
1.37813458733575e25
1.3846687596037793e25
1.3912169913094449e25
1.397780498922247e25
1.4043604933352416e25
1.4109581786240924e25
1.4175747508064305e25
1.4242113966023554e25
1.4308692921969112e25
1.4375496020053266e25
1.4442534774418991e25
1.4509820556933148e25
1.4577364584972361e25
1.4645177909269975e25
1.4713271401832192e25
1.4781655743931735e25
1.4850341414187205e25
1.4919338676736335e25
1.4988657569511265e25
1.505830789262402e25
1.5128299196870232e25
1.5198640772359102e25
1.526934163727763e25
1.5340410526797117e25
1.5411855882129463e25
1.5483685839741499e25
1.5555908220734803e25
1.5628530520398634e25
1.5701559897943678e25
1.5775003166423934e25
1.5848866782854256e25
1.5923156838530714e25
1.5997879049561023e25
1.6073038747612122e25
1.6148640870881805e25
1.6224689955301343e25
1.6301190125975752e25
1.6378145088868328e25
1.6455558122735955e25
1.6533432071321638e25
1.6611769335810044e25
1.6690571867552717e25
1.676984116106846e25
1.6849578247324814e25
1.69297836873062e25
1.7010457565874218e25
1.709159948592542e25
1.7173208562851598e25
1.7255283419307673e25
1.7337822180291911e25
1.7420822468543061e25
1.7504281400258921e25
1.758819558114052e25
1.7672561102766052e25
1.775737353929834e25
1.7842627944529784e25
1.7928318849267737e25
1.8014440259064322e25
1.8100985652293252e25
1.818794797857676e25
1.827531965756529e25
1.8363092578072483e25
1.8451258097567624e25
1.8539807042027757e25
1.8628729706151196e25
1.8718015853934136e25
1.880765471961173e25
1.8897635008964926e25
1.8987944900993928e25
1.907857204995909e25
1.916950358778989e25
1.926072612686201e25
1.93522257631429e25
1.9443988079705663e25
1.9535998150610606e25
1.9628240545154268e25
1.9720699332484847e25
1.981335808658301e25
1.990619989160694e25
1.9999207347600005e25
2.009236257655934e25
2.0185647228863455e25
2.0279042490056577e25
2.037252908798751e25
2.046608730030009e25
2.055969696227271e25
2.06533374750036e25
2.0746987813938635e25
2.0840626537738107e25
2.0934231797478932e25
2.1027781346187935e25
2.112125254870239e25
2.1214622391853295e25
2.1307867494966707e25
2.140096412067839e25
2.149388818605678e25
2.158661527402893e25
2.1679120645104087e25
2.177137924938928e25
2.1863365738890818e25
2.195505448009616e25
2.2046419566829405e25
2.2137434833374307e25
2.2228073867858023e25
2.231831002588897e25
2.240811644444171e25
2.249746605598164e25
2.2586331602822356e25
2.2674685651708026e25
2.276250060861317e25
2.28497487337521e25
2.293640215678979e25
2.302243289224643e25
2.3107812855086957e25
2.3192513876487484e25
2.3276507719769822e25
2.335976609649545e25
2.344226068271028e25
2.352396313533078e25
2.3604845108663007e25
2.3684878271044763e25
2.376403432160193e25
2.384228500710935e25
2.391960213894694e25
2.399595761014112e25
2.4071323412482143e25
2.4145671653707324e25
2.4218974574740405e25
2.4291204566977054e25
2.436233418960644e25
2.4432336186958945e25
2.4501183505869617e25
2.4568849313047482e25
2.463530701244025e25
2.4700530262584107e25
2.476449299392858e25
2.48271694261257e25
2.488853408527354e25
2.4948561821103304e25
2.5007227824100036e25
2.5064507642546113e25
2.5120377199477503e25
2.5174812809542134e25
2.5227791195750112e25
2.5279289506105536e25
2.5329285330109313e25
2.537775671512298e25
2.5424682182583147e25
2.547004074405623e25
2.551381191712362e25
2.5555975741086875e25
2.5596512792483074e25
2.5635404200400378e25
2.5672631661583767e25
2.570817745532132e25
2.5742024458101123e25
2.577415615802939e25
2.5804556669000056e25
2.583321074460657e25
2.5860103791786516e25
2.5885221884189855e25
2.5908551775261695e25
2.593008091103077e25
2.5949797442594597e25
2.596769023829285e25
2.598374889556034e25
2.599796375245115e25
2.6010325898825825e25
2.602082718719355e25
2.6029460243201237e25
2.6036218475762155e25
2.604109608681615e25
2.6044088080714456e25
2.6045190273221575e25
2.604439930012764e25
2.6041712625464093e25
2.603712854931631e25
2.6030646215226748e25
2.602226561718244e25
2.601198760618081e25
2.5999813896368157e25
2.5985747070745367e25
2.596979058643525e25
2.595194877950681e25
2.5932226869351387e25
2.5910630962606182e25
2.5887168056620743e25
2.5861846042462325e25
2.58346737074564e25
2.5805660737258434e25
2.5774817717453843e25
2.5742156134682894e25
2.5707688377287664e25
2.5671427735478663e25
2.563338840101861e25
2.559358546642133e25
2.5552034923664208e25
2.550875366241242e25
2.5463759467753757e25
2.5417071017443225e25
2.536870787865656e25
2.5318690504252197e25
2.526704022854195e25
2.521377926256983e25
2.5158930688900195e25
2.5102518455915223e25
2.504456737162332e25
2.4985103096979167e25
2.4924152138717247e25
2.4861741841700674e25
2.479790038078722e25
2.4732656752215068e25
2.4666040764511e25
2.4598083028923743e25
2.4528814949385807e25
2.445826871200742e25
2.4386477274106047e25
2.4313474352775685e25
2.423929441300048e25
2.4163972655316646e25
2.4087545003028244e25
2.401004808898133e25
2.393151924190236e25
2.385199647230606e25
2.3771518457979086e25
2.3690124529045307e25
2.360785465261929e25
2.3524749417054665e25
2.3440850015794356e25
2.3356198230829717e25
2.3270836415775933e25
2.3184807478571773e25
2.309815486381098e25
2.301092253471386e25
2.2923154954747418e25
2.2834897068902225e25
2.2746194284635465e25
2.265709245248842e25
2.2567637846388343e25
2.2477877143643643e25
2.23878574046423e25
2.2297626052263278e25
2.2207230851010647e25
2.2116719885881536e25
2.2026141540977005e25
2.193554447786769e25
2.184497761372394e25
2.1754490099222123e25
2.1664131296237723e25
2.15739507553365e25
2.14839981930754e25
2.139432346912419e25
2.130497656322014e25
2.1216007551966723e25
2.1127466585489236e25
2.1039403863958177e25
2.0951869613993725e25
2.086491406496263e25
2.0778587425180116e25
2.069293985802973e25
2.0608021458012692e25
2.0523882226740205e25
2.044057204888072e25
2.035814066807555e25
2.0276637662834713e25
2.0196112422426847e25
2.01166141227752e25
2.0038191702372956e25
1.996089383823105e25
1.9884768921870823e25
1.9809865035375146e25
1.9736229927510283e25
1.9663910989932214e25
1.959295523348968e25
1.952340926463712e25
1.94553192619709e25
1.938873095290068e25
1.9323689590469878e25
1.9260239930337106e25
1.9198426207932036e25
1.9138292115797767e25
1.907988078113283e25
1.9023234743545022e25
1.8968395933029575e25
1.891540564818425e25
1.886430453467323e25
1.8815132563952427e25
1.8767929012267845e25
1.8722732439939243e25
1.8679580670940534e25
1.8638510772789222e25
1.8599559036755663e25
1.8562760958403995e25
1.852815121847598e25
1.8495763664128546e25
1.8465631290536233e25
1.8437786222869075e25
1.8412259698656618e25
1.8389082050548305e25
1.8368282689480481e25
1.8349890088259986e25
1.8333931765574142e25
1.8320434270436585e25
1.8309423167078335e25
1.8300923020293404e25
1.8294957381247377e25
1.829154877375825e25
1.829071868105733e25
1.8292487533038787e25
1.8296874694005648e25
1.8303898450919777e25
1.8313576002163535e25
1.832592344681994e25
1.8340955774478414e25
1.8358686855572684e25
1.8379129432257057e25
1.8402295109827239e25
1.8428194348691349e25
1.845683645689664e25
1.8488229583217073e25
1.8522380710806628e25
1.8559295651422872e25
1.8598979040225124e25
1.8641434331151112e25
1.8686663792875775e25
1.8734668505355527e25
1.8785448356961055e25
1.8839002042201224e25
1.8895327060040692e25
1.895441971281289e25
1.9016275105730654e25
1.9080887146995281e25
1.914824854850558e25
1.9218350827167447e25
1.9291184306804337e25
1.9366738120668842e25
1.9445000214554993e25
1.9525957350510875e25
1.9609595111150315e25
1.96958979045629e25
1.978484896982018e25
1.9876430383076534e25
1.9970623064262362e25
2.0067406784366786e25
2.0166760173307373e25
2.0268660728383215e25
2.0373084823308097e25
2.048000771781963e25
2.0589403567860307e25
2.070124543632583e25
2.081550530437575e25
2.0932154083301497e25
2.1051161626945938e25
2.1172496744668915e25
2.129612721485239e25
2.1422019798939038e25
2.1550140255997196e25
2.168045335780525e25
2.1812922904448295e25
2.1947511740418883e25
2.20841817712146e25
2.2222893980423503e25
2.2363608447289508e25
2.2506284364748424e25
2.2650880057926016e25
2.2797353003088203e25
2.294565984703419e25
2.3095756426922694e25
2.324759779052039e25
2.3401138216863317e25
2.3556331237319524e25
2.371312965704287e25
2.3871485576806256e25
2.4031350415203375e25
2.4192674931207292e25
2.4355409247073714e25
2.451950287157769e25
2.468490472357072e25
2.48515631558463e25
2.501942597930162e25
2.5188440487381787e25
2.535855348079443e25
2.552971129248093e25
2.5701859812831975e25
2.5874944515132476e25
2.6048910481223494e25
2.6223702427367382e25
2.6399264730301404e25
2.6575541453466817e25
2.6752476373398407e25
2.6930013006261493e25
2.7108094634520716e25
2.7286664333726875e25
2.746566499940775e25
2.764503937404732e25
2.7824730074139593e25
2.8004679617301738e25
2.81848304494325e25
2.836512497190028e25
2.8545505568746442e25
2.872591463388915e25
2.890629459831255e25
2.908658795722652e25
2.926673729718197e25
2.9446685323127286e25
2.9626374885390396e25
2.9805749006571953e25
2.9984750908334695e25
3.0163324038074677e25
3.034141209545881e25
3.0518959058814593e25
3.0695909211357653e25
3.087220716724189e25
3.1047797897418318e25
3.1222626755288073e25
3.1396639502135456e25
3.156978233232656e25
3.174200189825985e25
3.191324533505468e25
3.2083460284963843e25
3.2252594921496616e25
3.2420597973238766e25
3.2587418747356707e25
3.275300715277173e25
3.2917313722992056e25
3.3080289638589897e25
3.3241886749310527e25
3.3402057595801284e25
3.3560755430948027e25
3.371793424080763e25
3.387354876512413e25
3.4027554517417055e25
3.4179907804631035e25
3.4330565746335416e25
3.4479486293462953e25
3.462662824657692e25
3.4771951273656926e25
3.4915415927392564e25
3.505698366197588e25
3.5196616849382545e25
3.53342787951332e25
3.546993375352541e25
3.5603546942327905e25
3.573508455692911e25
3.586451378393127e25
3.599180281418328e25
3.611692085524379e25
3.623983814326895e25
3.6360525954316814e25
3.647895661506251e25
3.659510351291838e25
3.670894110555283e25
3.6820444929802944e25
3.692959160997553e25
3.703635886553233e25
3.714072551815453e25
3.7242671498183137e25
3.734217785043112e25
3.7439226739364624e25
3.75338014536499e25
3.7625886410063583e25
3.7715467156764453e25
3.7802530375924446e25
3.7887063885717867e25
3.796905664166767e25
3.8048498737348126e25
3.812538140444377e25
3.8199697012164337e25
3.8271439066016793e25
3.8340602205934683e25
3.8407182203766555e25
3.847117596012462e25
3.853258150059612e25
3.8591397971319415e25
3.864762563392761e25
3.870126585986303e25
3.875232112406581e25
3.880079499804059e25
3.884669214230559e25
3.889001829822851e25
3.8930780279254484e25
3.896898596153115e25
3.90046442739368e25
3.903776518751749e25
3.906835970433952e25
3.909643984576429e25
3.912201864015233e25
3.914511011000416e25
3.916572925854584e25
3.918389205576716e25
3.919961542392099e25
3.9212917222492885e25
3.9223816232649625e25
3.923233214117649e25
3.923848552391282e25
3.924229782869608e25
3.924379135782479e25
3.92429892500508e25
3.923991546211212e25
3.9234594749817575e25
3.922705264869443e25
3.921731545421129e25
3.920541020158807e25
3.919136464520538e25
3.917520723762591e25
3.915696710824081e25
3.913667404155383e25
3.9114358455116945e25
3.909005137713033e25
3.906378442372129e25
3.903558977591541e25
3.900550015631418e25
3.897354880549383e25
3.893976945813938e25
3.890419631892909e25
3.886686403818365e25
3.882780768729565e25
3.878706273395424e25
3.874466501718017e25
3.870065072218709e25
3.8655056355084183e25
3.860791871743621e25
3.855927488069645e25
3.850916216052869e25
3.845761809103407e25
3.8404680398898833e25
3.8350386977479226e25
3.829477586083951e25
3.823788519775973e25
3.8179753225728672e25
3.8120418244939307e25
3.805991859230241e25
3.7998292615494785e25
3.7935578647058352e25
3.787181497856663e25
3.7807039834874815e25
3.774129134846942e25
3.767460753393415e25
3.7607026262547897e25
3.7538585237030974e25
3.74693219664558e25
3.739927374133772e25
3.732847760892221e25
3.7256970348683724e25
3.71847884480524e25
3.7111968078383756e25
3.7038545071187173e25
3.696455489462782e25
3.6890032630317986e25
3.681501295041226e25
3.6739530095021234e25
3.666361784995906e25
3.6587309524838487e25
3.6510637931528466e25
3.6433635362987506e25
3.635633357248732e25
3.627876375324037e25
3.62009565184442e25
3.612294188175611e25
3.6044749238211146e25
3.596640734559592e25
3.5887944306290578e25
3.5809387549591417e25
3.573076381452557e25
3.5652099133169774e25
3.5573418814484045e25
3.5494747428671666e25
3.541610879207599e25
3.5337525952624247e25
3.5259021175828857e25
3.518061593135539e25
3.5102330880167e25
3.5024185862254268e25
3.494619988495896e25
3.486839111190032e25
3.479077685251148e25
3.4713373552194164e25
3.4636196783098472e25
3.455926123553477e25
3.448258071002411e25
3.440616810999347e25
3.433003543512135e25
3.4254193775339112e25
3.4178653305492906e25
3.4103423280670883e25
3.4028512032199703e25
3.3953926964313767e25
3.387967455150133e25
3.3805760336529166e25
3.373218892914935e25
3.365896400548934e25
3.3586088308127727e25
3.351356364685627e25
3.3441390900129225e25
3.3369570017200346e25
3.329810002094747e25
3.3226979011383985e25
3.3156204169856487e25
3.3085771763927048e25
3.301567715293852e25
3.294591479426031e25
3.287647825021234e25
3.280736019566356e25
3.273855242630242e25
3.267004586757417e25
3.2601830584281456e25
3.253389579084313e25
3.246622986220599e25
3.2398820345404004e25
3.233165397175862e25
3.2264716669714e25
3.2197993578300163e25
3.213146906121665e25
3.2065126721529105e25
3.199894941697056e25
3.1932919275839143e25
3.1867017713482967e25
3.1801225449362817e25
3.173552252468396e25
3.166988832058543e25
3.1604301576877503e25
3.153874041131627e25
3.1473182339403933e25
3.1407604294703457e25
3.134198264965573e25
3.1276293236886795e25
3.1210511370992827e25
3.1144611870789783e25
3.1078569082014448e25
3.1012356900463607e25
3.0945948795557103e25
3.0879317834310847e25
3.0812436705705346e25
3.0745277745434576e25
3.067781296102115e25
3.0610014057281066e25
3.0541852462123773e25
3.047329935267085e25
3.0404325681677754e25
3.033490220424196e25
3.026499950478131e25
3.019458802426551e25
3.0123638087683888e25
3.0052119931732476e25
2.998000373270276e25
2.990725963455467e25
2.983385777715627e25
2.9759768324672016e25
2.9684961494081933e25
2.960940758381278e25
2.9533077002464533e25
2.9455940297611695e25
2.9377968184662673e25
2.929913157575762e25
2.92194016086867e25
2.9138749675809475e25
2.9057147452956997e25
2.8974566928297633e25
2.889098043114768e25
2.8806360660707777e25
2.872068071470635e25
2.8633914117931033e25
2.854603485062905e25
2.8457017376757876e25
2.8366836672066555e25
2.8275468251990276e25
2.8182888199337693e25
2.8089073191753197e25
2.7994000528935555e25
2.7897648159593667e25
2.7799994708121704e25
2.7701019500974585e25
2.7600702592725996e25
2.7499024791790606e25
2.739596768579242e25
2.7291513666561794e25
2.7185645954742838e25
2.707834862399437e25
2.696960662476659e25
2.68594058076368e25
2.674773294618645e25
2.6634575759404486e25
2.65199229335984e25
2.640376414379842e25
2.6286090074638195e25
2.6166892440696286e25
2.604616400628328e25
2.5923898604659156e25
2.580009115666607e25
2.567473768876221e25
2.5547835350442185e25
2.5419382431030235e25
2.5289378375832637e25
2.515782380163591e25
2.502472051153818e25
2.4890071509100957e25
2.475388101180882e25
2.4616154463826397e25
2.4476898548039535e25
2.433612119737094e25
2.4193831605358957e25
2.4050040235989638e25
2.390475883277195e25
2.3758000427047062e25
2.3609779345522313e25
2.3460111217021794e25
2.3309012978445072e25
2.315650287992652e25
2.3002600489188123e25
2.28473266950789e25
2.269070371029492e25
2.2532755073273116e25
2.2373505649255614e25
2.2212981630517234e25
2.20512105357536e25
2.188822120862503e25
2.1724043815453293e25
2.1558709842068032e25
2.1392252089800517e25
2.12247046706229e25
2.1056103001431335e25
2.0886483797472494e25
2.0715885064912426e25
2.0544346092548514e25
2.037190744266485e25
2.0198610941031958e25
2.002449966605317e25
1.984961793705863e25
1.9674011301751576e25
1.949772652280757e25
1.9320811563632516e25
1.9143315573282574e25
1.8965288870550968e25
1.878678292722695e25
1.860785035053276e25
1.8428544864744647e25
1.8248921292004762e25
1.8069035532331358e25
1.7888944542834935e25
1.7708706316148647e25
1.75283798580815e25
1.7348025164504119e25
1.716770319747655e25
1.6987475860627553e25
1.6807405973798134e25
1.6627557246958105e25
1.6447994253408977e25
1.6268782402284485e25
1.6089987910361776e25
1.5911677773196152e25
1.5733919735592528e25
1.5556782261428091e25
1.5380334502839978e25
1.5204646268793277e25
1.502978799304385e25
1.4855830701512328e25
1.4682845979084911e25
1.4510905935857265e25
1.434008317283835e25
1.4170450747132162e25
1.4002082136613503e25
1.3835051204116651e25
1.3669432161155181e25
1.3505299531191074e25
1.334272811247257e25
1.318179294045943e25
1.3022569249855851e25
1.2865132436270367e25
1.2709558017523166e25
1.2555921594621217e25
1.2404298812421889e25
1.2254765320006247e25
1.2107396730782773e25
1.1962268582343596e25
1.1819456296094245e25
1.1679035136679744e25
1.1541080171228047e25
1.1405666228433928e25
1.1272867857505458e25
1.1142759286995806e25
1.101541438354303e25
1.0890906610540984e25
1.0769308986764109e25
1.065069404496959e25
1.0535133790499831e25
1.0422699659908907e25
1.031346247963611e25
1.0207492424750378e25
1.0104858977788888e25
1.0005630887713396e25
9.909876129008367e24
9.817661860943755e24
9.729054387026526e24
9.64411911466444e24
9.562920515065479e24
9.485522083396485e24
9.411986299224536e24
9.342374587264285e24
9.276747278454515e24
9.215163571387231e24
9.157681494112217e24
9.104357866340024e24
9.05524826206615e24
9.010406972639063e24
8.969886970294569e24
8.933739872178598e24
8.902015904880893e24
8.874763869501062e24
8.852031107268839e24
8.833863465739924e24
8.820305265588599e24
8.811399268018135e24
8.807186642809414e24
8.807706937028147e24
8.812998044410882e24
8.823096175449622e24
8.838035828194143e24
8.857849759791069e24
8.882568958779304e24
8.912222618158875e24
8.946838109252304e24
8.986440956375193e24
9.031054812334683e24
9.080701434770771e24
9.135400663358216e24
9.195170397884927e24
9.260026577221654e24
9.329983159199047e24
9.405052101405622e24
9.485243342922411e24
9.570564787006349e24
9.661022284736429e24
9.75661961963602e24
9.85735849328207e24
9.963238511914434e24
1.0074257174055209e25
1.019040985915044e25
1.0311689817242528e25
1.0438088159684394e25
1.05695938509033e25
1.0706193701224504e25
1.0847872360760816e25
1.099461231437645e25
1.1146393877732651e25
1.1303195194419714e25
1.1464992234182636e25
1.1631758792244108e25
1.1803466489731232e25
1.1980084775207632e25
1.2161580927315566e25
1.234792005853124e25
1.2539065120033827e25
1.2734976907691125e25
1.2935614069161587e25
1.314093311211458e25
1.3350888413566622e25
1.3565432230333504e25
1.3784514710597718e25
1.4008083906587018e25
1.4236085788362853e25
1.4468464258713938e25
1.4705161169153069e25
1.4946116337009719e25
1.519126756361521e25
1.544055065357321e25
1.5693899435110858e25
1.5951245781501122e25
1.6212519633549643e25
1.647764902313913e25
1.6746560097819525e25
1.7019177146436953e25
1.729542262578912e25
1.7575217188299417e25
1.7858479710694792e25
1.814512732367764e25
1.8435075442580005e25
1.8728237798984355e25
1.9024526473299872e25
1.9323851928278006e25
1.9626123043455265e25
1.9931247150504793e25
2.0239130069482484e25
2.054967614595258e25
2.086278828897324e25
2.117836800992643e25
2.149631546217327e25
2.181652948151842e25
2.2138907627461604e25
2.2463346225219445e25
2.2789740408495826e25
2.3117984162983217e25
2.344797037057093e25
2.3779590854240787e25
2.411273642362995e25
2.4447296921235767e25
2.478316126924299e25
2.512021751694833e25
2.545835288876198e25
2.579745383275929e25
2.6137406069760315e25
2.6478094642913975e25
2.681940396775979e25
2.716121788274432e25
2.7503419700165245e25
2.7845892257520496e25
2.818851796923296e25
2.8531178878726546e25
2.887375671082876e25
2.921613292446989e25
2.955818876565486e25
2.98998053206785e25
3.024086356956011e25
3.0581244439666247e25
3.092082885949693e25
3.12594978126059e25
3.159713239162921e25
3.193361385239159e25
3.226882366806378e25
3.260264358334411e25
3.293495566863334e25
3.3265642374176585e25
3.3594586584142535e25
3.39216716706142e25
3.4246781547459385e25
3.4569800724054364e25
3.4890614358833966e25
3.520910831263628e25
3.5525169201816905e25
3.583868445110207e25
3.6149542346155794e25
3.6457632085829504e25
3.676284383406778e25
3.706506877144444e25
3.736419914629771e25
3.7660128325440015e25
3.795275084441312e25
3.824196245726419e25
3.852766018581279e25
3.880974236838451e25
3.908810870798346e25
3.936266031987955e25
3.9633299778582e25
3.989993116417492e25
4.016246010799107e25
4.042079383759603e25
4.067484122106037e25
4.092451281049427e25
4.116972088482234e25
4.141037949177311e25
4.164640448906075e25
4.187771358473797e25
4.210422637669463e25
4.232586439128319e25
4.254255112104684e25
4.2754212061532456e25
4.296077474716462e25
4.3162168786162175e25
4.335832589447884e25
4.354917992874623e25
4.3734666918202994e25
4.391472509559032e25
4.408929492699833e25
4.425831914064413e25
4.4421742754566715e25
4.457951310322187e25
4.473157986296329e25
4.487789507639324e25
4.50184131755698e25
4.515309100405805e25
4.528188783781015e25
4.54047654048642e25
4.552168790384844e25
4.563262202128204e25
4.573753694765963e25
4.583640439231131e25
4.592919859702951e25
4.601589634845294e25
4.60964769892009e25
4.617092242775061e25
4.623921714705164e25
4.630134821187082e25
4.635730527486327e25
4.6407080581365845e25
4.645066897290787e25
4.648806788943765e25
4.651927737026157e25
4.654430005369547e25
4.656314117542587e25
4.657580856558243e25
4.658231264452115e25
4.658266641732078e25
4.657688546699313e25
4.656498794641099e25
4.654699456895672e25
4.652292859789598e25
4.649281583448074e25
4.645668460478769e25
4.641456574529859e25
4.6366492587228455e25
4.631250093961026e25
4.625262907114407e25
4.618691769081946e25
4.611540992732133e25
4.603815130722895e25
4.595518973202013e25
4.586657545389129e25
4.577236105040641e25
4.567260139798801e25
4.5567353644262965e25
4.545667717927919e25
4.534063360560612e25
4.521928670733621e25
4.509270241800287e25
4.496094878743201e25
4.48240959475443e25
4.468221607712678e25
4.453538336559171e25
4.4383673975742435e25
4.422716600556577e25
4.4065939449071266e25
4.390007615619827e25
4.372965979181212e25
4.3554775793811345e25
4.337551133036868e25
4.319195525632768e25
4.30041980687806e25
4.2812331861848565e25
4.261645028069064e25
4.241664847476546e25
4.221302305037109e25
4.200567202248843e25
4.179469476595462e25
4.158019196599234e25
4.136226556812243e25
4.114101872748647e25
4.0916555757607305e25
4.068898207861477e25
4.04584041649655e25
4.02249294926846e25
3.998866648615878e25
3.974972446450827e25
3.950821358756961e25
3.926424480151597e25
3.9017929784145984e25
3.876938088987142e25
3.8518711094432972e25
3.826603393937499e25
3.8011463476309115e25
3.775511421099788e25
3.74971010472887e25
3.7237539230928774e25
3.697654429329235e25
3.6714231995050736e25
3.6450718269816385e25
3.618611916779174e25
3.592055079945359e25
3.5654129279305816e25
3.5386970669728076e25
3.51191909249547e25
3.485090583521265e25
3.4582230971050295e25
3.431328162788703e25
3.404417277081491e25
3.3775018979682476e25
3.3505934394491103e25
3.323703266113383e25
3.2968426877506987e25
3.270022954002439e25
3.2432552490562816e25
3.216550686386934e25
3.189920303545867e25
3.163375057002906e25
3.136925817042677e25
3.110583362718524e25
3.084358376866835e25
3.0582614411844476e25
3.0323030313719086e25
3.006493512345223e25
2.9808431335187727e25
2.9553620241619636e25
2.930060188832192e25
2.9049475028866757e25
2.8800337080755295e25
2.8553284082186316e25
2.83084106496856e25
2.806580993662013e25
2.782557359261859e25
2.758779172392299e25
2.7352552854689936e25
2.711994388926543e25
2.6890050075452237e25
2.6662954968790816e25
2.6438740397872962e25
2.6217486430706846e25
2.5999271342152408e25
2.5784171582444014e25
2.557226174681831e25
2.5363614546262743e25
2.5158300779401353e25
2.495638930553261e25
2.4757947018833717e25
2.456303882374534e25
2.437172761154924e25
2.418407423815295e25
2.4000137503090742e25
2.3819974129753687e25
2.364363874685865e25
2.347118387116535e25
2.330265989145102e25
2.3138115053750113e25
2.2977595447866852e25
2.2821144995167042e25
2.2668805437655217e25
2.2520616328341794e25
2.2376615022905246e25
2.2236836672652237e25
2.2101314218779205e25
2.197007838793682e25
2.184315768909878e25
2.1720578411736446e25
2.160236462529734e25
2.148853817998788e25
2.1379118708858067e25
2.127412363118568e25
2.1173568157156512e25
2.107746529383681e25
2.0985825852432933e25
2.089865845683248e25
2.0815969553420834e25
2.073776342216581e25
2.0664042188962406e25
2.0594805839229087e25
2.0530052232746702e25
2.0469777119728662e25
2.0413974158113304e25
2.0362634932064958e25
2.0315748971672877e25
2.0273303773834144e25
2.0235284824307163e25
2.020167562092093e25
2.017245769792569e25
2.0147610651468073e25
2.0127112166174925e25
2.0110938042828643e25
2.0099062227115752e25
2.0091456839430386e25
2.008809220571364e25
2.0088936889309215e25
2.0093957723814323e25
2.010311984690503e25
2.011638673511559e25
2.0133720239547566e25
2.0155080622487723e25
2.018042659491012e25
2.020971535483999e25
2.0242902626553416e25
2.027994270058878e25
2.0320788474544957e25
2.0365391494639273e25
2.041370199799982e25
2.046566895566452e25
2.0521240116260725e25
2.0580362050336503e25
2.0642980195316147e25
2.070903890105121e25
2.0778481475938586e25
2.0851250233575817e25
2.092728653992413e25
2.1006530860949933e25
2.108892281071379e25
2.117440119987674e25
2.1262904084592816e25
2.135436881575778e25
2.1448732088581422e25
