9.669786328125007e-14
9.680070940361658e10
1.5537256298000935e12
7.907210043253601e12
2.5174139882074414e13
6.2035854350047555e13
1.3009526923741462e14
2.4420664141990478e14
4.2287735919313256e14
6.887410081255068e14
1.0691008282066995e15
1.5965425454146722e15
2.309615429610575e15
3.2535803010841535e15
4.4812230802969995e15
6.053732349589534e15
8.041639272009312e15
1.0525818091160666e16
1.3598545317242364e16
1.7364615588401504e16
2.1942512083357172e16
2.7465629251097732e16
3.408354551649346e16
4.196334351704648e16
5.1290975325873736e16
6.227267001953423e16
7.51363808566126e16
9.013326924419162e16
1.075392225846232e17
1.2765640301446896e17
1.508148239712427e17
1.7737395145177642e17
2.0772432675875082e17
2.4228920746929046e17
2.815262233016184e17
3.2592904350269997e17
3.76029052331647e17
4.323970291705089e17
4.956448297559941e17
5.664270649927371e17
6.454427737809923e17
7.33437086269167e17
8.312028739244413e17
9.395823828029e17
1.059468846394177e18
1.191808074414577e18
1.337600013927025e18
1.4979002791760893e18
1.6738216465415217e18
1.866535511034588e18
2.077273300787562e18
2.3073278460183726e18
2.558054698989374e18
2.8308734015215667e18
3.1272686966732646e18
3.4487916812451814e18
3.797060895832099e18
4.1737633492046633e18
4.5806554738732805e18
5.019564009759718e18
5.492386812980295e18
6.001093586828089e18
6.547726532129513e18
7.134400914243532e18
7.763305544069033e18
8.436703170527763e18
9.156930782096324e18
9.926399815071023e18
1.0747596266364008e19
1.1623080708747104e19
1.255548820658237e19
1.3547528130203873e19
1.4601983867244605e19
1.572171242933509e19
1.6909643952736025e19
1.8168781091606157e19
1.9502198302748017e19
2.0913041020818686e19
2.240452472313927e19
2.3979933883385766e19
2.5642620813595333e19
2.739600439407455e19
2.924356869095116e19
3.118886146126684e19
3.3235492545666097e19
3.5387132148894474e19
3.764750900847905e19
4.002040845212392e19
4.25096703445138e19
4.511918692437972e19
4.785290053284089e19
5.071480123419796e19
5.3708924330512196e19
5.683934777146475e19
6.011018946114844e19
6.3525604463601885e19
6.708978210905167e19
7.080694300298247e19
7.468133594030862e19
7.871723472706934e19
8.291893491222055e19
8.729075043224044e19
9.183701017141025e19
9.656205444077157e19
1.0147023137889917e20
1.0656589327776345e20
1.1185339283708443e20
1.1733707935070955e20
1.2302129482866857e20
1.2891037005867781e20
1.3500862061098138e20
1.413203427905274e20
1.4784980954058047e20
1.546012663019776e20
1.615789268323219e20
1.6878696898950958e20
1.762295304840614e20
1.8391070460481405e20
1.918345359226016e20
2.0000501597662246e20
2.0842607894825186e20
2.1710159732711447e20
2.260353775742831e20
2.352311557875116e20
2.446925933734497e20
2.5442327273181426e20
2.6442669295651878e20
2.7470626555878064e20
2.852653102172313e20
2.9610705056006485e20
3.07234609984251e20
3.186510075168309e20
3.303591537232998e20
3.4236184666804604e20
3.546617679317983e20
3.672614786909787e20
3.80163415863829e20
3.9336988832810644e20
4.068830732151044e20
4.207050122846673e20
4.3483760838580725e20
4.492826220074401e20
4.640416679236763e20
4.7911621193799775e20
4.945075677305558e20
5.102168938127111e20
5.262451905928225e20
5.425932975571628e20
5.592618905697194e20
5.762514792944852e20
5.935624047437193e20
6.111948369554937e20
6.291487728036914e20
6.474240339434643e20
6.660202648949786e20
6.849369312681169e20
7.041733181306155e20
7.237285285219355e20
7.436014821149782e20
7.637909140275533e20
7.842953737853209e20
8.051132244377068e20
8.262426418280995e20
8.476816140194137e20
8.69427940875887e20
8.914792338017663e20
9.138329156373027e20
9.36486220712259e20
9.59436195056888e20
9.826796967701333e20
1.0062133965445284e21
1.0300337783470807e21
1.0541371402551384e21
1.0785195954460418e21
1.1031770733390814e21
1.1281053208880676e21
1.1532999040225605e21
1.1787562092355629e21
1.2044694453152401e21
1.2304346452179888e21
1.2566466680799216e21
1.2831002013635966e21
1.3097897631365983e21
1.3367097044782893e21
1.3638542120108748e21
1.3912173105506288e21
1.418792865874943e21
1.4465745876005898e21
1.4745560321684026e21
1.5027306059293102e21
1.5310915683264844e21
1.559632035168104e21
1.588344981985061e21
1.617223247467704e21
1.6462595369755243e21
1.6754464261134932e21
1.7047763643685588e21
1.7342416787996452e21
1.7638345777742975e21
1.7935471547449614e21
1.8233713920577204e21
1.8532991647861393e21
1.8833222445827513e21
1.9134323035405303e21
1.9436209180566199e21
1.9738795726904167e21
2.0041996640080101e21
2.0345725044048818e21
2.0649893258986528e21
2.0954412838835947e21
2.1259194608385374e21
2.1564148699797337e21
2.1869184588501974e21
2.2174211128369697e21
2.2479136586077396e21
2.278386867458233e21
2.3088314585617332e21
2.3392381021121442e21
2.369597422351974e21
2.399900000476657e21
2.4301363774066676e21
2.460297056418911e21
2.490372505628949e21
2.520353160315659e21
2.550229425080056e21
2.5799916758300376e21
2.609630261582972e21
2.6391355060781433e21
2.66849770919118e21
2.6977071481428016e21
2.72675407849428e21
2.755628734922279e21
2.7843213317658394e21
2.8128220633385104e21
2.8411211039988504e21
2.8692086079726677e21
2.8970747089207144e21
2.924709519245672e21
2.952103129132629e21
2.9792456053174383e21
3.0061269895776814e21
3.032737296941227e21
3.059066513607675e21
3.085104594578341e21
3.1108414609906787e21
3.1362669971534743e21
3.161371047279416e21
3.1861434119120623e21
3.210573844044571e21
3.234652044927939e21
3.25836765956691e21
3.2817102719021047e21
3.3046693996773177e21
3.327234488991389e21
3.3493949085344565e21
3.3711399435088345e21
3.392458789235236e21
3.4133405444454933e21
3.433774204263391e21
3.4537486528757136e21
3.4732526558960555e21
3.4922748524244805e21
3.510803746806527e21
3.528827700095629e21
3.5463349212234625e21
3.563313457883282e21
3.5797511871317557e21
3.595635805715403e21
3.6109548201281564e21
3.6256955364071876e21
3.6398450496745657e21
3.6533902334328984e21
3.666317728623612e21
3.6786139324570214e21
3.6902649870239043e21
3.7012567676988026e21
3.711574871345764e21
3.7212046043378027e21
3.7301309704018445e21
3.738338658301431e21
3.7458120293699887e21
3.752535104907981e21
3.758491553457685e21
3.763664677969958e21
3.7680374028777355e21
3.7715922610915503e21
3.774311380932789e21
3.7761764730209336e21
3.7771688171314296e21
3.777269249041301e21
3.776458147380114e21
3.7747154205042174e21
3.772020493412716e21
3.7683522947239924e21
3.76368924373197e21
3.758009237561737e21
3.7512896384444903e21
3.743507261132126e21
3.7346383604721406e21
3.724658619163841e21
3.7135431357171656e21
3.7012664126357016e21
3.687802344845813e21
3.6731242083939527e21
3.6572046494346217e21
3.640015673531497e21
3.6215286352946177e21
3.601714228376544e21
3.5805424758507365e21
3.557982720995393e21
3.5340036185062197e21
3.508573126161672e21
3.481658496964246e21
3.4532262717815595e21
3.4232422725108745e21
3.3916715957908537e21
3.358478607284196e21
3.3236269365549303e21
3.287079472563897e21
3.2487983598060317e21
3.208744995112878e21
3.166880025143592e21
3.1231633445876474e21
3.077554095102171e21
3.0300106650066574e21
2.980490689757608e21
2.928951053225339e21
2.87534788979491e21
2.8196365873128627e21
2.761771790901039e21
2.7017074076584656e21
2.639396612271799e21
2.5747918535545135e21
2.507844861934433e21
2.438506657908877e21
2.3667275614860524e21
2.2924572026308468e21
2.2156445327327263e21
2.1362378371125346e21
2.054184748584885e21
1.9694322620915838e21
1.8819267504215097e21
1.7916139810310117e21
1.6984391339788591e21
1.602346820988337e21
1.5032811056489767e21
1.4011855247689782e21
1.2960031108892255e21
1.1876764159682245e21
1.0761475362471726e21
9.613581383027461e20
8.432494862949771e20
7.217624704159874e20
5.968376365449979e20
4.684152171134593e20
3.364351631837537e20
2.0083717774322434e20
6.156075021496222e19
-8.14548078150172e19
-2.282703256549804e20
-3.789467353515447e20
-5.335450323236673e20
-6.92126234791315e20
-8.547513420040613e20
-1.0214812912768081e21
-1.1923769138402374e21
-1.3674988895154377e21
-1.5469077002229016e21
-1.730663582337687e21
-1.9188264779033703e21
-2.1114559847191607e21
-2.308611305315196e21
-2.510351194833003e21
-2.716733907828723e21
-2.9278171440183556e21
-3.1436579929856263e21
-3.364312877873929e21
-3.589837498085725e21
-3.820286771013377e21
-4.055714772827418e21
-4.296174678348788e21
-4.5417187000337254e21
-4.792398026100282e21
-5.048262757827899e21
-5.30936184606155e21
-5.575743026954324e21
-5.847452756982704e21
-6.124536147270902e21
-6.407036897260965e21
-6.694997227767557e21
-6.988457813456712e21
-7.287457714789797e21
-7.592034309474471e21
-7.902223223466362e21
-8.218058261565515e21
-8.539571337653773e21
-8.866792404619369e21
-9.199749384017243e21
-9.538468095513632e21
-9.882972186165494e21
-1.0233283059585603e22
-1.0589419805045848e22
-1.0951399126571783e22
-1.1319235272082901e22
-1.1692939962633417e22
-1.2072522321810254e22
-1.245798880534469e22
-1.2849343130995958e22
-1.3246586208765256e22
-1.3649716071500014e22
-1.4058727805948174e22
-1.4473613484324133e22
-1.4894362096447519e22
-1.5320959482517562e22
-1.5753388266585644e22
-1.6191627790790095e22
-1.6635654050416716e22
-1.7085439629850059e22
-1.754095363948039e22
-1.8002161653631517e22
-1.8469025649575676e22
-1.894150394770107e22
-1.9419551152899065e22
-1.99031180972368e22
-2.0392151783982875e22
-2.088659533305206e22
-2.138638792793682e22
-2.189146476419183e22
-2.240175699953909e22
-2.2917191705659846e22
-2.343769182174061e22
-2.396317610983908e22
-2.4493559112137074e22
-2.5028751110145583e22
-2.556865808592808e22
-2.6113181685407055e22
-2.6662219183818617e22
-2.721566345337909e22
-2.7773402933227673e22
-2.833532160170748e22
-2.890129895104804e22
-2.947120996450986e22
-3.0044925096052755e22
-3.0622310252586736e22
-3.120322677886546e22
-3.178753144507908e22
-3.2375076437204394e22
-3.2965709350167183e22
-3.355927318387213e22
-3.4155606342153194e22
-3.4754542634696845e22
-3.535591128198875e22
-3.5959536923333854e22
-3.6565239627996864e22
-3.717283490951083e22
-3.778213374319765e22
-3.839294258694438e22
-3.900506340527718e22
-3.961829369677204e22
-4.023242652484135e22
-4.084725055193173e22
-4.146255007716872e22
-4.207810507747932e22
-4.269369125222449e22
-4.330908007136877e22
-4.392403882721463e22
-4.453833068972449e22
-4.515171476545416e22
-4.57639461601158e22
-4.637477604478992e22
-4.698395172579973e22
-4.759121671826284e22
-4.819631082332915e22
-4.879897020911438e22
-4.939892749533389e22
-4.99959118416409e22
-5.058964903966893e22
-5.117986160877706e22
-5.17662688954932e22
-5.234858717664813e22
-5.292652976619068e22
-5.349980712567121e22
-5.406812697837838e22
-5.463119442711058e22
-5.518871207556227e22
-5.574038015330032e22
-5.628589664430498e22
-5.682495741904571e22
-5.735725637005975e22
-5.788248555099886e22
-5.840033531910594e22
-5.8910494481080935e22
-5.941265044229288e22
-5.990648935929075e22
-6.0391696295564635e22
-6.08679553805043e22
-6.133494997150001e22
-6.179236281912801e22
-6.223987623535928e22
-6.2677172264727665e22
-6.310393285839078e22
-6.35198400510144e22
-6.392457614040726e22
-6.431782386983154e22
-6.469926661291058e22
-6.50685885610534e22
-6.542547491331175e22
-6.576961206858384e22
-6.610068782007526e22
-6.641839155192577e22
-6.672241443790665e22
-6.701244964209263e22
-6.728819252140759e22
-6.754934082994281e22
-6.77955949249423e22
-6.802665797434853e22
-6.824223616579846e22
-6.844203891695841e22
-6.862577908708304e22
-6.879317318968219e22
-6.894394160617646e22
-6.9077808800420965e22
-6.919450353397384e22
-6.929375908198469e22
-6.937531344957604e22
-6.943890958858814e22
-6.948429561455734e22
-6.95112250237944e22
-6.95194569104297e22
-6.950875618328762e22
-6.947889378245483e22
-6.942964689540177e22
-6.936079917251788e22
-6.9272140941918474e22
-6.916346942338094e22
-6.903458894126563e22
-6.888531113627674e22
-6.871545517591662e22
-6.852484796348749e22
-6.831332434549159e22
-6.808072731728254e22
-6.78269082268174e22
-6.755172697636174e22
-6.72550522219957e22
-6.69367615707723e22
-6.659674177537668e22
-6.623488892613581e22
-6.585110864022804e22
-6.5445316247941475e22
-6.501743697583227e22
-6.456740612663032e22
-6.40951692557449e22
-6.3600682344219775e22
-6.308391196798993e22
-6.254483546329128e22
-6.1983441088076935e22
-6.139972817929404e22
-6.079370730587565e22
-6.0165400417304e22
-5.951484098760252e22
-5.884207415461526e22
-5.814715685443476e22
-5.743015795083848e22
-5.669115835959903e22
-5.593025116753273e22
-5.514754174615448e22
-5.4343147859806605e22
-5.351719976813548e22
-5.266984032278786e22
-5.1801225058203615e22
-5.0911522276384126e22
-5.000091312551559e22
-4.906959167233343e22
-4.811776496811219e22
-4.7145653108173124e22
-4.615348928479793e22
-4.514151983344885e22
-4.411000427219051e22
-4.305921533421747e22
-4.19894389933914e22
-4.09009744826991e22
-3.97941343055415e22
-3.86692442397722e22
-3.7526643334403257e22
-3.6366683898904593e22
-3.518973148502276e22
-3.39961648610531e22
-3.2786375978498705e22
-3.1560769931059334e22
-3.031976490589267e22
-2.906379212709843e22
-2.779329579137702e22
-2.650873299582248e22
-2.521057365781098e22
-2.3899300426952437e22
-2.257540858907763e22
-2.123940596223606e22
-1.9891812784688113e22
-1.853316159487629e22
-1.7163997103368306e22
-1.578487605676674e22
-1.4396367093588935e22
-1.2999050592121845e22
-1.1593518510265386e22
-1.0180374217378977e22
-8.760232318156166e21
-7.333718468552617e21
-5.901469183802144e21
-4.464131638556367e21
-3.022363459194475e21
-1.5768325083494812e21
-1.2821666170699304e20
1.3227964228661286e21
2.775509543795571e21
4.2292162018074574e21
5.683200853393053e21
7.136739171651065e21
8.589098314418138e21
1.0039537199598063e22
1.1487306787590142e22
1.2931650370716521e22
1.437180386953743e22
1.5806996135943046e22
1.7236449262902601e22
1.8659378900746103e22
2.0074994579851205e22
2.148250003959879e22
2.2881093563459268e22
2.4269968320063934e22
2.5648312710113398e22
2.701531071896643e22
2.8370142274751237e22
2.9711983611833857e22
3.104000763947597e22
3.2353384315506336e22
3.365128102482885e22
3.493286296258334e22
3.619729352177269e22
3.744373468516295e22
3.867134742126132e22
3.987929208417092e22
4.106672881711898e22
4.223281795944854e22
4.337672045686215e22
4.449759827470106e22
4.559461481404089e22
4.6666935330378936e22
4.771372735468747e22
4.873416111660273e22
4.972740996951533e22
5.069265081732759e22
5.162906454263633e22
5.253583643610084e22
5.3412156626749436e22
5.4257220512980086e22
5.507022919400213e22
5.585038990147028e22
5.659691643105443e22
5.730902957369223e22
5.7985957546264e22
5.862693642143312e22
5.923121055638942e22
5.97980330202357e22
6.032666601975233e22
6.08163813232776e22
6.126646068243756e22
6.167619625146226e22
6.204489100381972e22
6.237185914590444e22
6.2656426527511795e22
6.289793104883447e22
6.3095723063714035e22
6.324916577888233e22
6.335763564892774e22
6.342052276672427e22
6.343723124905809e22
6.340717961719146e22
6.332980117210295e22
6.3204544364146e22
6.303087315686808e22
6.280826738473518e22
6.253622310450888e22
6.221425294002599e22
6.184188642013121e22
6.1418670309517935e22
6.094416893223363e22
6.041796448761203e22
5.983965735839319e22
5.9208866410799695e22
5.852522928633837e22
5.778840268510386e22
5.699806264035939e22
5.615390478417899e22
5.52556446039356e22
5.430301768942993e22
5.329577997045044e22
5.223370794456962e22
5.111659889497778e22
4.994427109816954e22
4.871656402129428e22
4.743333850899493e22
4.609447695955984e22
4.469988349022403e22
4.324948409145355e22
4.1743226770061814e22
4.018108168100613e22
3.856304124772538e22
3.688912027087786e22
3.5159356025354517e22
3.3373808345440926e22
3.153255969801748e22
2.96357152436833e22
2.7683402885706673e22
2.5675773306705457e22
2.36129999929743e22
2.1495279246374443e22
1.9322830183717474e22
1.7095894723581606e22
1.4814737560499017e22
1.2479646126471016e22
1.009093053976739e22
7.648923540982988e21
5.153980416321904e21
2.606478908098632e21
6.819112444837757e18
-2.644576635770798e21
-5.347263890807572e21
-8.100776236678145e21
-1.0904625440512146e22
-1.3758301618617224e22
-1.6661273415200128e22
-1.9612988193689704e22
-2.2612872240605117e22
-2.5660330981893113e22
-2.8754749211663265e22
-3.1895491333227593e22
-3.50819016123533e22
-3.831330444261748e22
-4.158900462275828e22
-4.49082876458935e22
-4.827042000048135e22
-5.167464948287731e22
-5.512020552134645e22
-5.860629951136908e22
-6.213212516207939e22
-6.569685885365622e22
-6.929966000549374e22
-7.2939671454954375e22
-7.661601984650948e22
-8.032781603105776e22
-8.407415547521197e22
-8.785411868032588e22
-9.166677161103673e22
-9.551116613307633e22
-9.938634046011635e22
-1.0329131960938463e23
-1.0722511586579793e23
-1.1118672925433736e23
-1.1517514802039747e23
-1.1918934911782372e23
-1.2322829870434605e23
-1.2729095264411944e23
-1.3137625701706367e23
-1.3548314863469705e23
-1.3961055556214442e23
-1.4375739764600494e23
-1.4792258704774762e23
-1.5210502878230563e23
-1.5630362126152636e23
-1.6051725684214075e23
-1.6474482237789863e23
-1.6898519977551978e23
-1.7323726655409836e23
-1.7749989640760516e23
-1.817719597701154e23
-1.860523243833969e23
-1.9033985586647625e23
-1.9463341828681547e23
-1.9893187473271e23
-2.0323408788653055e23
-2.0753892059841345e23
-2.118452364600198e23
-2.161519003779655e23
-2.204577791465319e23
-2.2476174201925626e23
-2.290626612790137e23
-2.333594128061845e23
-2.3765087664451435e23
-2.419359375642599e23
-2.4621348562222802e23
-2.50482416718303e23
-2.5474163314806453e23
-2.5899004415109245e23
-2.6322656645456495e23
-2.674501248117487e23
-2.716596525349871e23
-2.7585409202278472e23
-2.8003239528060508e23
-2.8419352443498264e23
-2.8833645224056475e23
-2.9246016257969392e23
-2.9656365095415078e23
-3.0064592496868e23
-3.0470600480591574e23
-3.087429236923437e23
-3.12755728354926e23
-3.1674347946802916e23
-3.207052520902926e23
-3.2464013609108924e23
-3.2854723656622616e23
-3.324256742425465e23
-3.3627458587109076e23
-3.4009312460849385e23
-3.43880460386288e23
-3.4763578026779965e23
-3.5135828879232506e23
-3.550472083062866e23
-3.587017792810707e23
-3.62321260617265e23
-3.65904929935007e23
-3.694520838501836e23
-3.729620382362105e23
-3.7643412847114426e23
-3.7986770966987564e23
-3.832621569011774e23
-3.866168653893737e23
-3.899312507004204e23
-3.932047489121866e23
-3.9643681676874374e23
-3.9962693181847837e23
-4.027745925358516e23
-4.0587931842664235e23
-4.089406501165228e23
-4.119581494228235e23
-4.149313994093606e23
-4.178600044242005e23
-4.207435901202652e23
-4.2358180345867347e23
-4.263743126947449e23
-4.2912080734658617e23
-4.318209981462104e23
-4.344746169731404e23
-4.3708141677046324e23
-4.3964117144331394e23
-4.421536757397844e23
-4.446187451142631e23
-4.4703621557322147e23
-4.4940594350347924e23
-4.517278054829973e23
-4.540016980742535e23
-4.562275376002712e23
-4.584052599033912e23
-4.605348200868783e23
-4.626161922394831e23
-4.646493691430747e23
-4.666343619634902e23
-4.6857119992475104e23
-4.704599299668122e23
-4.723006163870217e23
-4.740933404654864e23
-4.758382000745466e23
-4.775353092725834e23
-4.791847978823854e23
-4.807868110543271e23
-4.823415088146139e23
-4.838490655988668e23
-4.853096697713338e23
-4.867235231300241e23
-4.880908403980757e23
-4.8941184870168285e23
-4.9068678703491475e23
-4.919159057117786e23
-4.930994658058852e23
-4.9423773857808897e23
-4.9533100489248835e23
-4.963795546211846e23
-4.973836860382008e23
-4.98343705202987e23
-4.9925992533393865e23
-5.001326661723677e23
-5.0096225333738125e23
-5.017490176721285e23
-5.024932945818862e23
-5.031954233644707e23
-5.038557465334612e23
-5.044746091347402e23
-5.0505235805685954e23
-5.05589341335754e23
-5.0608590745432366e23
-5.065424046374294e23
-5.069591801428383e23
-5.073365795486725e23
-5.076749460379222e23
-5.0797461968058345e23
-5.08235936713998e23
-5.0845922882196805e23
-5.0864482241323386e23
-5.087930378999015e23
-5.089041889764149e23
-5.089785818996741e23
-5.0901651477089575e23
-5.090182768198357e23
-5.0898414769197064e23
-5.089143967392625e23
-5.0880928231511754e23
-5.086690510741616e23
-5.084939372774493e23
-5.0828416210373275e23
-5.080399329674088e23
-5.07761442843775e23
-5.074488696022095e23
-5.0710237534790746e23
-5.067221057727868e23
-5.0630818951619905e23
-5.0586073753604794e23
-5.0537984249094785e23
-5.0486557813402915e23
-5.043179987190081e23
-5.0373713841912455e23
-5.03123010759558e23
-5.024756080639161e23
-5.0179490091539965e23
-5.010808376332248e23
-5.0033334376489557e23
-4.995523215948958e23
-4.98737649670384e23
-4.978891823444433e23
-4.970067493374497e23
-4.960901553171094e23
-4.951391794976969e23
-4.941535752590363e23
-4.931330697857332e23
-4.9207736372718766e23
-4.9098613087886885e23
-4.8985901788535984e23
-4.886956439656391e23
-4.874956006610766e23
-4.8625845160659165e23
-4.849837323254225e23
-4.836709500479302e23
-4.823195835548658e23
-4.809290830454898e23
-4.794988700309433e23
-4.7802833725323954e23
-4.7651684863024215e23
-4.749637392269637e23
-4.7336831525352444e23
-4.7172985409007355e23
-4.700476043389796e23
-4.683207859045592e23
-4.665485901006137e23
-4.647301797860115e23
-4.6286468952855316e23
-4.6095122579731735e23
-4.589888671836855e23
-4.5697666465120984e23
-4.5491364181449034e23
-4.527987952471789e23
-4.506310948192363e23
-4.484094840635262e23
-4.461328805718358e23
-4.4380017642035906e23
-4.4141023862469024e23
-4.3896190962432945e23
-4.3645400779670816e23
-4.338853280006854e23
-4.31254642149483e23
-4.28560699812973e23
-4.2580222884924235e23
-4.2297793606530105e23
-4.200865079068065e23
-4.17126611176655e23
-4.140968937822396e23
-4.109959855111921e23
-4.0782249883537024e23
-4.045750297428586e23
-4.012521585976991e23
-3.978524510270736e23
-3.9437445883561284e23
-3.908167209465173e23
-3.871777643691089e23
-3.8345610519245136e23
-3.7965024960462906e23
-3.757586949372732e23
-3.717799307348736e23
-3.677124398484248e23
-3.6355469955290514e23
-3.593051826880977e23
-3.5496235882219766e23
-3.5052469543767726e23
-3.459906591388133e23
-3.413587168803091e23
-3.366273372163694e23
-3.3179499156961324e23
-3.268601555191541e23
-3.218213101071943e23
-3.1667694316341114e23
-3.114255506464456e23
-3.0606563800174123e23
-3.005957215350042e23
-2.9501432980048867e23
-2.893200050033425e23
-2.835113044151887e23
-2.775868018021425e23
-2.7154508886440023e23
-2.653847766865608e23
-2.591044971977985e23
-2.5270290464101265e23
-2.461786770500313e23
-2.3953051773397076e23
-2.327571567678032e23
-2.2585735248820784e23
-2.1882989299372238e23
-2.1167359764823726e23
-2.0438731858685758e23
-1.9696994222311616e23
-1.8942039075655046e23
-1.8173762367961108e23
-1.739206392828994e23
-1.6596847615766633e23
-1.5788021469455457e23
-1.4965497857751139e23
-1.412919362718358e23
-1.327903025052635e23
-1.2414933974103887e23
-1.1536835964188327e23
-1.0644672452378188e23
-9.738384879849628e22
-8.817920040370599e22
-7.883230221970528e22
-6.934273347152647e22
-5.97101311154167e22
-4.993419120854926e22
-4.001467026089447e22
-2.9951386568118894e22
-1.9744221524441157e22
-9.393120914327905e21
1.1019038180381285e21
1.1740774322638252e22
2.252334412190907e22
3.344939741454263e22
4.4518647905846695e22
5.573073766576564e22
6.708523601559806e22
7.858163844448468e22
9.021936555668533e22
1.0199776205071472e23
1.1391609573133487e23
1.2597355655544099e23
1.381692557128162e23
1.5050222474277979e23
1.6297141468768076e23
1.755756952842204e23
1.88313854193526e23
2.011845962709457e23
2.1418654287645266e23
2.2731823122658407e23
2.405781137887679e23
2.5396455771893926e23
2.674758443432757e23
2.8111016868486443e23
2.9486563903614044e23
3.0874027657785605e23
3.227320150453653e23
3.3683870044293806e23
3.510580908068589e23
3.65387856017978e23
3.7982557766440736e23
3.943687489549778e23
4.0901477468411895e23
4.237609712487223e23
4.386045667175827e23
4.535427009539268e23
4.6857242579157996e23
4.8369070526522614e23
4.9889441589524076e23
5.1418034702748986e23
5.2954520122853245e23
5.449855947365614e23
5.604980579684397e23
5.760790360831053e23
5.917248896016551e23
6.074318950843177e23
6.231962458645424e23
6.390140528403483e23
6.548813453231141e23
6.707940719438804e23
6.86748101617262e23
7.027392245629763e23
7.187631533850292e23
7.348155242084944e23
7.508918978738417e23
7.669877611886805e23
7.830985282368176e23
7.992195417444201e23
8.153460745031011e23
8.314733308496421e23
8.475964482021105e23
8.63710498652018e23
8.798104906121884e23
8.958913705199005e23
9.119480245949227e23
9.279752806519427e23
9.439679099668747e23
9.599206291965368e23
9.758281023510895e23
9.916849428186374e23
1.0074857154413185e24
1.0232249386422196e24
1.0388970866023715e24
1.0544965914870748e24
1.0700178457207359e24
1.0854552043094095e24
1.1008029872101521e24
1.1160554817462989e24
1.1312069450676994e24
1.1462516066549663e24
1.1611836708667042e24
1.1759973195286895e24
1.1906867145638996e24
1.2052460006623128e24
1.2196693079893055e24
1.2339507549314933e24
1.2480844508787732e24
1.262064499041369e24
1.2758849993005702e24
1.2895400510918895e24
1.303023756319283e24
1.3163302222990871e24
1.3294535647322744e24
1.3423879107036209e24
1.355127401706309e24
1.3676661966905312e24
1.3799984751345634e24
1.392118440136807e24
1.4040203215272232e24
1.4156983789966094e24
1.4271469052421148e24
1.4383602291273672e24
1.449332718855573e24
1.4600587851539366e24
1.4705328844677076e24
1.480749522162169e24
1.4907032557308164e24
1.500388698008029e24
1.5098005203844712e24
1.5189334560234176e24
1.5277823030762817e24
1.5363419278955052e24
1.5446072682430198e24
1.5525733364924442e24
1.5602352228232146e24
1.567588098404778e24
1.5746272185690245e24
1.5813479259690674e24
1.58774565372256e24
1.5938159285376355e24
1.5995543738196194e24
1.6049567127566344e24
1.6100187713822236e24
1.6147364816131082e24
1.6191058842602084e24
1.6231231320110473e24
1.626784492381657e24
1.6300863506361324e24
1.6330252126719556e24
1.635597707869227e24
1.6378005919019605e24
1.6396307495095928e24
1.6410851972268739e24
1.642161086070309e24
1.6428557041793353e24
1.6431664794104522e24
1.6430909818824944e24
1.6426269264712901e24
1.6417721752519458e24
1.640524739887018e24
1.6388827839588575e24
1.6368446252444258e24
1.6344087379308864e24
1.63157375477035e24
1.6283384691721165e24
1.624701837230796e24
1.6206629796887448e24
1.616221183831257e24
1.6113759053129665e24
1.6061267699139678e24
1.6004735752241934e24
1.594416292254579e24
1.5879550669736392e24
1.5810902217680584e24
1.573822256825968e24
1.5661518514415768e24
1.5580798652399183e24
1.549607339320451e24
1.5407354973183434e24
1.531465746382243e24
1.5217996780674614e24
1.5117390691434675e24
1.5012858823146534e24
1.4904422668533972e24
1.4792105591444543e24
1.4675932831397745e24
1.4555931507229107e24
1.443213061982144e24
1.430456105391625e24
1.4173255578997686e24
1.4038248849242308e24
1.3899577402528655e24
1.3757279658500512e24
1.3611395915678946e24
1.3461968347618312e24
1.330904099810155e24
1.3152659775371772e24
1.2992872445396412e24
1.2829728624161394e24
1.266327976899328e24
1.2493579168907668e24
1.2320681933982887e24
1.2144644983758288e24
1.1965527034657601e24
1.1783388586437161e24
1.1598291907661031e24
1.1410301020204091e24
1.1219481682785643e24
1.1025901373536168e24
1.0829629271600817e24
1.0630736237783354e24
1.0429294794235401e24
1.0225379103195474e24
1.0019064944784146e24
9.8104296938611e23
9.599552295950931e23
9.386513242245133e23
9.171394543688078e23
8.95427970415544e23
8.735253692734404e23
8.514402915114514e23
8.291815184100236e23
8.067579689255224e23
7.8417869656899e23
7.614528862003954e23
7.385898507396243e23
7.155990277954869e23
6.924899762140886e23
6.69272372547972e23
6.45956007447429e23
6.225507819755485e23
5.990667038485025e23
5.755138836026835e23
5.519025306903463e23
5.2824294950545285e23
5.0454553534146135e23
4.808207702828854e23
4.570792190323977e23
4.33331524675456e23
4.095884043843211e23
3.858606450634699e23
3.621590989384223e23
3.3849467909004854e23
3.148783549364557e23
2.9132114766462857e23
2.678341256139461e23
2.444283996138834e23
2.2111511827809776e23
1.9790546325722216e23
1.7481064445269434e23
1.518418951939906e23
1.2901046738166061e23
1.0632762659859274e23
8.380464719199415e22
6.14528073285132e22
3.928338402510377e22
1.730764815811433e22
-4.463140546807421e21
-2.601773854140804e22
-4.734492349550184e22
-6.843349934900374e22
-8.927230137263158e22
-1.0985020123468329e23
-1.3015611207110947e23
-1.5017899355624566e23
-1.6990785697146562e23
-1.8933177026903683e23
-2.0843986312843597e23
-2.2722133200239068e23
-2.4566544514986602e23
-2.6376154765331015e23
-2.8149906641730683e23
-2.9886751514593834e23
-3.158564992960768e23
-3.32455721003839e23
-3.486549839814548e23
-3.6444419838178195e23
-3.798133856277391e23
-3.947526832038893e23
-4.092523494074884e23
-4.2330276805622747e23
-4.3689445314998994e23
-4.500180534839377e23
-4.6266435721023347e23
-4.7482429634575085e23
-4.8648895122313027e23
-4.9764955488255426e23
-5.0829749740168356e23
-5.184243301611276e23
-5.280217700429434e23
-5.370817035596455e23
-5.455961909112182e23
-5.5355746996769465e23
-5.609579601748609e23
-5.677902663807063e23
-5.740471825802781e23
-5.7972169557658105e23
-5.8480698855528894e23
-5.89296444571009e23
-5.9318364994290457e23
-5.964623975575122e23
-5.99126690076683e23
-6.01170743048537e23
-6.025889879194429e23
-6.0337607494506556e23
-6.035268759985489e23
-6.0303648727397686e23
-6.0190023188331075e23
-6.001136623450267e23
-5.976725629627945e23
-5.9457295209251304e23
-5.9081108429613236e23
-5.863834523807553e23
-5.812867893215434e23
-5.755180700670061e23
-5.6907451322537636e23
-5.619535826307475e23
-5.5415298878782425e23
-5.456706901940701e23
-5.36504894538246e23
-5.2665405977428577e23
-5.161168950695788e23
-5.048923616268077e23
-4.929796733785167e23
-4.8037829755370114e23
-4.670879551157644e23
-4.531086210712157e23
-4.384405246487034e23
-4.230841493478124e23
-4.070402328573717e23
-3.9030976684294173e23
-3.728939966032703e23
-3.547944205956064e23
-3.360127898297988e23
-3.165511071311729e23
-2.9641162627237757e23
-2.755968509742467e23
-2.5410953377602664e23
-2.3195267477526306e23
-2.0912952023774954e23
-1.856435610780584e23
-1.614985312111407e23
-1.366984057757836e23
-1.1124739923046502e23
-8.5149963322544e22
-5.841078493160216e22
-3.103478378790182e22
-3.0271100669965453e21
2.560685813839432e22
5.486151746811016e22
8.473104206447941e22
1.152093864612965e23
1.4629028859030044e23
1.7796727290371658e23
2.102336536112942e23
2.4308253803020474e23
2.7650683004608487e23
3.104992336834929e23
3.450522567837931e23
3.80158214788738e23
4.1580923462760274e23
4.519972587058777e23
4.887140489933859e23
5.259511912096134e23
5.637000991040074e23
6.019520188289536e23
6.406980334029116e23
6.799290672614495e23
7.196358908935244e23
7.59809125560492e23
8.004392480952073e23
8.415165957785367e23
8.830313712905263e23
9.249736477334947e23
9.673333737240477e23
1.0101003785513206e24
1.0532643773983537e24
1.096814976623669e24
1.1407416790999705e24
1.1850338896069305e24
1.2296809202748739e24
1.2746719960762916e24
1.3199962603617854e24
1.3656427804374486e24
1.4116005531801935e24
1.45785851068783e24
1.5044055259604866e24
1.5512304186100266e24
1.598321960594099e24
1.6456688819712365e24
1.6932598766737742e24
1.7410836082949316e24
1.7891287158866587e24
1.8373838197646866e24
1.885837527317291e24
1.934478438814188e24
1.9832951532121023e24
2.0322762739532564e24
2.0814104147534553e24
2.1306862053760193e24
2.1800922973880565e24
2.229617369895491e24
2.279250135253278e24
2.3289793447472162e24
2.3787937942438836e24
2.4286823298049374e24
2.478633853262517e24
2.528637327751995e24
2.5786817831986646e24
2.6287563217548617e24
2.6788501231840106e24
2.728952450188174e24
2.779052653675721e24
2.8291401779655354e24
2.8792045659246416e24
2.929235464035721e24
2.9792226273912915e24
3.029155924611243e24
3.0790253426805276e24
3.128820991703775e24
3.178533109573767e24
3.228152066550471e24
3.2776683697478276e24
3.3270726675250913e24
3.376355753779831e24
3.425508572139696e24
3.474522220050033e24
3.5233879527546966e24
3.5720971871670684e24
3.6206415056289035e24
3.669012659554182e24
3.717202572955484e24
3.7652033458504284e24
3.813007257545728e24
3.860606769796511e24
3.907994529838734e24
3.955163373292287e24
4.002106326932915e24
4.0488166113307304e24
4.095287643353429e24
4.141513038532316e24
4.187486613289324e24
4.233202387023304e24
4.2786545840540235e24
4.323837635422155e24
4.3687461805440003e24
4.413375068719446e24
4.457719360491919e24
4.501774328859111e24
4.545535460333437e24
4.5889984558511636e24
4.632159231529383e24
4.6750139192698553e24
4.7175588672092124e24
4.7597906400147594e24
4.801706019025403e24
4.843302002237271e24
4.884575804133718e24
4.925524855359486e24
4.966146802238933e24
5.00643950613819e24
5.046401042671527e24
5.086029700751947e24
5.125323981486371e24
5.164282596915803e24
5.202904468600936e24
5.24118872605385e24
5.279134705016481e24
5.316741945586601e24
5.354010190192359e24
5.39093938141627e24
5.427529659669823e24
5.463781360719922e24
5.499695013068464e24
5.53527133518654e24
5.570511232604635e24
5.605415794860656e24
5.639986292307359e24
5.674224172781075e24
5.70813105813364e24
5.741708740629538e24
5.774959179210444e24
5.80788449562932e24
5.840486970456371e24
5.872769038959373e24
5.904733286860752e24
5.936382445974099e24
5.967719389722769e24
5.998747128543357e24
6.029468805176892e24
6.059887689850797e24
6.090007175354465e24
6.119830772011814e24
6.14936210255384e24
6.178604896894551e24
6.207562986813612e24
6.236240300549178e24
6.264640857304391e24
6.292768761671203e24
6.320628197975086e24
6.348223424544499e24
6.375558767908789e24
6.402638616928499e24
6.429467416861939e24
6.456049663372053e24
6.482389896477639e24
6.508492694453015e24
6.534362667680286e24
6.560004452458461e24
6.585422704773689e24
6.610622094034842e24
6.63560729677895e24
6.660382990350716e24
6.68495384656074e24
6.709324525326708e24
6.733499668302256e24
6.757483892497952e24
6.781281783898925e24
6.804897891083851e24
6.828336718849814e24
6.851602721847701e24
6.874700298232837e24
6.897633783335451e24
6.920407443355692e24
6.943025469087908e24
6.965491969678825e24
6.987810966424348e24
7.0099863866097e24
7.032022057397545e24
7.053921699768837e24
7.075688922520968e24
7.097327216328024e24
7.118839947867675e24
7.140230354019353e24
7.161501536138374e24
7.182656454410491e24
7.203697922291554e24
7.224628601036658e24
7.245450994323385e24
7.266167442973494e24
7.286780119777565e24
7.307291024426852e24
7.327701978556772e24
7.3480146209062e24
7.368230402596872e24
7.388350582536995e24
7.408376222953202e24
7.428308185054881e24
7.448147124834844e24
7.467893489010286e24
7.487547511107812e24
7.507109207696357e24
7.526578374771661e24
7.54595458429591e24
7.56523718089608e24
7.58442527872446e24
7.603517758484639e24
7.622513264626345e24
7.641410202712168e24
7.660206736959413e24
7.678900787959945e24
7.697490030580972e24
7.715971892049556e24
7.734343550223527e24
7.752601932051358e24
7.770743712223507e24
7.788765312017564e24
7.806662898339436e24
7.824432382962731e24
7.84206942196833e24
7.859569415386066e24
7.876927507040238e24
7.894138584600678e24
7.91119727984084e24
7.928097969104326e24
7.944834773981174e24
7.96140156219496e24
7.9777919487018e24
7.993999297002122e24
8.010016720665926e24
8.025837085072178e24
8.041453009362803e24
8.056856868611605e24
8.07204079620837e24
8.086996686458134e24
8.101716197395613e24
8.116190753814559e24
8.130411550511656e24
8.144369555744512e24
8.158055514903059e24
8.171459954393597e24
8.184573185734586e24
8.197385309863033e24
8.209886221650401e24
8.222065614626514e24
8.233912985910125e24
8.24541764134438e24
8.256568700835451e24
8.267355103892431e24
8.277765615366331e24
8.287788831386119e24
8.297413185489257e24
8.306626954944407e24
8.315418267263586e24
8.323775106901022e24
8.331685322135749e24
8.339136632135051e24
8.346116634195283e24
8.352612811157091e24
8.358612538991321e24
8.364103094552083e24
8.369071663493389e24
8.3735053483453e24
8.377391176745818e24
8.380716109824279e24
8.383467050732019e24
8.385630853316157e24
8.387194330931733e24
8.38814426538787e24
8.38846741602308e24
8.388150528905048e24
8.387180346149817e24
8.385543615355475e24
8.383227099145053e24
8.380217584813562e24
8.376501894073675e24
8.372066892894604e24
8.366899501428786e24
8.360986704020518e24
8.354315559291016e24
8.346873210293902e24
8.33864689473536e24
8.329623955252932e24
8.319791849746815e24
8.309138161757698e24
8.297650610884699e24
8.285317063237393e24
8.272125541915329e24
8.258064237508897e24
8.24312151861476e24
8.227285942359765e24
8.21054626492638e24
8.192891452073227e24
8.17431068964409e24
8.15479339405859e24
8.134329222777979e24
8.11290808473898e24
8.090520150749385e24
8.067155863838042e24
8.042805949552839e24
8.017461426199623e24
7.991113615015267e24
7.963754150268023e24
7.935374989278305e24
7.905968422352945e24
7.875527082626311e24
7.844043955801124e24
7.811512389782372e24
7.777926104197401e24
7.743279199795453e24
7.707566167719805e24
7.670781898645879e24
7.632921691778452e24
7.593981263701615e24
7.55395675707445e24
7.512844749166212e24
7.470642260224296e24
7.427346761668625e24
7.382956184105991e24
7.33746892515808e24
7.290883857096787e24
7.24320033428091e24
7.194418200387715e24
7.144537795433625e24
7.093559962578e24
7.041486054704134e24
6.988317940771688e24
6.934058011934972e24
6.878709187421289e24
6.822274920164316e24
6.764759202186624e24
6.706166569726504e24
6.64650210810379e24
6.585771456319738e24
6.523980811386107e24
6.461136932378498e24
6.39724714420975e24
6.33231934111843e24
6.26636198986837e24
6.199384132654967e24
6.131395389714209e24
6.062405961630471e24
5.992426631339407e24
5.921468765822132e24
5.849544317487685e24
5.776665825239925e24
5.70284641522616e24
5.6280998012644e24
5.552440284946458e24
5.475882755414281e24
5.398442688807145e24
5.320136147377236e24
5.240979778271958e24
5.160990811980562e24
5.080187060443702e24
4.998586914824324e24
4.916209342938486e24
4.833073886344992e24
4.7492006570929006e24
4.6646103341259707e24
4.5793241593438547e24
4.493363933319148e24
4.40675201067048e24
4.319511295091523e24
4.231665234036152e24
4.1432378130601505e24
4.0542535498201003e24
3.964737487730175e24
3.8747151892781277e24
3.784212729001299e24
3.6932566861243523e24
3.6018741368602844e24
3.510092646376507e24
3.4179402604281255e24
3.32544549666042e24
3.2326373355834153e24
3.1395452112206585e24
3.046199001435406e24
2.9526290179371656e24
2.858865995971803e24
2.7649410836987547e24
2.670885831258925e24
2.57673217953703e24
2.482512448622816e24
2.388259325974838e24
2.2940058542916822e24
2.1997854190950464e24
2.1056317360295955e24
2.01157883788454e24
1.917661061342212e24
1.8239130334588472e24
1.7303696578835274e24
1.637066100820552e24
1.5440377767414912e24
1.451320333852963e24
1.3589496393263374e24
1.2669617642959396e24
1.175392968632266e24
1.0842796854969695e24
9.936585056868598e23
9.035661617735587e23
8.140395120464367e23
7.251155242661126e23
6.368312592360874e23
5.492238542002325e23
4.6233050607401604e23
3.7618845451728814e23
2.9083496485714393e23
2.063073108686069e23
1.226427574218886e23
3.987854300457165e22
-4.194813787261058e22
-1.2280015237773354e23
-2.0264044715842653e23
-2.8143206623268828e23
-3.5913816896030717e23
-4.35722048086258e23
-5.1114714784649326e23
-5.853770821269241e23
-6.583756526662362e23
-7.301068672929564e23
-8.005349581875064e23
-8.696244001591091e23
-9.373399289285527e23
-1.0036465594065927e24
-1.0685096039584125e24
-1.1318946906443669e24
-1.193767781427039e24
-1.254095190334865e24
-1.3128436015723616e24
-1.369980087566898e24
-1.425472126942343e24
-1.4792876224093546e24
-1.5313949185625547e24
-1.5817628195744558e24
-1.630360606776351e24
-1.6771580561160152e24
-1.7221254554826677e24
-1.765233621888656e24
-1.806453918498765e24
-1.8457582714966836e24
-1.8831191867791319e24
-1.9185097664679013e24
-1.951903725229938e24
-1.9832754063960344e24
-2.01259979786843e24
-2.0398525478078013e24
-2.0650099800902686e24
-2.088049109525138e24
-2.1089476568239116e24
-2.1276840633115545e24
-2.144237505370982e24
-2.1585879086115522e24
-2.1707159617531615e24
-2.1806031302165187e24
-2.1882316694117598e24
-2.1935846377162874e24
-2.196645909133685e24
-2.197400185625684e24
-2.195833009108586e24
-2.191930773106917e24
-2.1856807340556055e24
-2.1770710222440883e24
-2.166090652393895e24
-2.152729533863215e24
-2.1369784804707452e24
-2.1188292199320706e24
-2.0982744029020338e24
-2.075307611616001e24
-2.0499233681241664e24
-2.022117142112185e24
-1.9918853583027215e24
-1.959225403431399e24
-1.9241356327923158e24
-1.886615376347144e24
-1.846664944392857e24
-1.8042856327834903e24
-1.7594797277004128e24
-1.7122505099676112e24
-1.662602258906747e24
-1.6105402557288393e24
-1.5560707864581073e24
-1.499201144384675e24
-1.439939632043108e24
-1.378295562713088e24
-1.3142792614401424e24
-1.2479020655731164e24
-1.1791763248169096e24
-1.1081154007974952e24
-1.0347336661383813e24
-9.590465030462106e23
-8.810703014045006e23
-8.008224563749242e23
-7.183213655044444e23
-6.335864253390047e23
-5.4663802754236784e23
-4.574975545213244e23
-3.6618737455648944e23
-2.7273083644034368e23
-1.771522636225638e23
-7.947694786410451e22
2.026885759817842e22
1.2205794537555046e23
2.2586216173698525e23
3.316524149032687e23
4.3939868382190924e23
5.490700274210584e23
6.606345943389611e23
7.740596331252529e23
8.893115029114551e23
1.0063556845455891e24
1.1251567921880484e24
1.2456785853630324e24
1.3678839814621784e24
1.4917350686941785e24
1.617193119476241e24
1.744218604261511e24
1.8727712057963228e24
2.0028098338023795e24
2.1342926400763222e24
2.2671770340015931e24
2.4014196984644906e24
2.5369766061688556e24
2.6738030363408427e24
2.811853591817397e24
2.9510822165103863e24
3.091442213237984e24
3.232886261916323e24
3.3753664381016636e24
3.518834231875946e24
3.6632405670655376e24
3.8085358207853196e24
3.954669843298432e24
4.101591978181837e24
4.2492510827892305e24
4.397595549000069e24
4.5465733242462383e24
4.6961319328046624e24
4.846218497347042e24
4.996779760734763e24
5.147762108049395e24
5.299111588847553e24
5.450773939628621e24
5.602694606505318e24
5.754818768064445e24
5.907091358407804e24
6.059457090360284e24
6.211860478834881e24
6.364245864341442e24
6.516557436628332e24
6.668739258444585e24
6.820735289409884e24
6.972489409981389e24
7.123945445503597e24
7.275047190330379e24
7.425738432005295e24
7.575962975488784e24
7.725664667419243e24
7.874787420394839e24
8.02327523726457e24
8.171072235414412e24
8.318122671037262e24
8.464370963372459e24
8.609761718903569e24
8.754239755500165e24
8.897750126492003e24
9.040238144662333e24
9.181649406147064e24
9.321929814228235e24
9.461025603007594e24
9.59888336094903e24
9.73545005427585e24
9.8706730502116e24
1.0004500140050621e25
1.013687956204689e25
1.0267760024108305e25
1.0397090726283708e25
1.0524821383031397e25
1.0650902245255694e25
1.0775284122100917e25
1.0897918402489395e25
1.1018757076392914e25
1.11377527558253e25
1.1254858695544296e25
1.137002881345225e25
1.1483217710683083e25
1.159438069136568e25
1.170347378205148e25
1.1810453750796677e25
1.1915278125887145e25
1.201790521419669e25
1.2118294119167882e25
1.2216404758404951e25
1.2312197880869958e25
1.240563508367122e25
1.2496678828435803e25
1.2585292457255573e25
1.2671440208198983e25
1.2755087230378623e25
1.283619959856687e25
1.291474432735092e25
1.2990689384818734e25
1.3064003705769007e25
1.3134657204436375e25
1.3202620786725694e25
1.3267866361947283e25
1.3330366854047094e25
1.3390096212325024e25
1.3447029421634801e25
1.350114251206014e25
1.3552412568060842e25
1.3600817737084005e25
1.364633723763467e25
1.3688951366801824e25
1.372864150723449e25
1.3765390133564406e25
1.3799180818271158e25
1.3829998236985776e25
1.3857828173230637e25
1.388265752259138e25
1.3904474296319482e25
1.3923267624362252e25
1.3939027757818998e25
1.3951746070821161e25
1.3961415061835607e25
1.3968028354389742e25
1.3971580697218006e25
1.3972067963829457e25
1.3969487151496155e25
1.3963836379663335e25
1.3955114887781297e25
1.394332303256073e25
1.3928462284652369e25
1.391053522475299e25
1.388954553913962e25
1.3865498014634263e25
1.3838398533002235e25
1.3808254064786554e25
1.377507266258245e25
1.3738863453755082e25
1.369963663260479e25
1.3657403451984553e25
1.3612176214373582e25
1.3563968262412848e25
1.3512793968907363e25
1.3458668726301247e25
1.3401608935631185e25
1.3341631994965057e25
1.327875628733164e25
1.3213001168149251e25
1.314438695215969e25
1.3072934899875342e25
1.2998667203547476e25
1.2921606972663453e25
1.2841778218981585e25
1.2759205841112144e25
1.2673915608653391e25
1.2585934145892484e25
1.2495288915079825e25
1.240200819928746e25
1.2306121084861124e25
1.2207657443476504e25
1.2106647913810014e25
1.200312388283516e25
1.1897117466755154e25
1.1788661491583665e25
1.1677789473384477e25
1.1564535598182263e25
1.1448934701556276e25
1.1331022247929005e25
1.121083430956229e25
1.1088407545273326e25
1.096377917888308e25
1.0836986977410696e25
1.0708069229025985e25
1.0577064720773982e25
1.0444012716084643e25
1.0308952932081267e25
1.0171925516701368e25
1.0032971025643514e25
9.89213039915478e24
9.749444938671943e24
9.604956283331082e24
9.458706386360085e24
9.310737491367746e24
9.161092108544388e24
9.009812990788344e24
8.85694310977289e24
8.702525631968282e24
8.546603894633282e24
8.389221381791674e24
8.230421700207452e24
8.07024855537423e24
7.908745727533367e24
7.745957047735583e24
7.581926373960923e24
7.416697567311788e24
7.250314468293572e24
7.082820873198235e24
6.914260510604633e24
6.744677018010795e24
6.574113918612541e24
6.402614598242904e24
6.230222282486764e24
6.056980013985086e24
5.882930629942655e24
5.708116739854218e24
5.532580703461964e24
5.356364608959072e24
5.179510251452645e24
5.002059111699826e24
4.8240523351304925e24
4.645530711169572e24
4.4665346528728905e24
4.287104176888445e24
4.1072788837566715e24
3.927097938561964e24
3.746600051947903e24
3.565823461508326e24
3.3848059135662835e24
3.203584645352265e24
3.0221963675940003e24
2.840677247528055e24
2.6590628923449566e24
2.4773883330783687e24
2.2956880089488098e24
2.1139957521721384e24
1.9323447732428145e24
1.7507676467012721e24
1.569296297395582e24
1.3879619872453717e24
1.2067953025176303e24
1.0258261416224728e24
8.450837034371049e23
6.645964761657752e23
4.8439222674329135e23
3.0449799078888136e23
1.2494006311809768e23
-5.4256011181916196e22
-2.3306544510679706e23
-4.114642175135892e23
-5.8942908031808886e23
-7.669375651059429e23
-9.439679891526973e23
-1.1204994608488187e24
-1.2965118845250263e24
-1.4719859646753062e24
-1.6469032095738076e24
-1.8212459342829746e24
-1.994997263050632e24
-2.168141131093861e24
-2.3406622857681e24
-2.512546287120548e24
-2.683779507826192e24
-2.854349132507195e24
-3.0242431564347063e24
-3.193450383613922e24
-3.361960424252981e24
-3.5297636916169636e24
-3.696851398268791e24
-3.8632155516982517e24
-4.028848949342688e24
-4.193745173001197e24
-4.357898582646015e24
-4.5213043096345245e24
-4.683958249325989e24
-4.845857053107263e24
-5.006998119832705e24
-5.167379586682637e24
-5.327000319446995e24
-5.485859902239476e24
-5.643958626648702e24
-5.801297480333313e24
-5.957878135067963e24
-6.113702934247878e24
-6.26877487986002e24
-6.423097618928494e24
-6.576675429443882e24
-6.729513205784654e24
-6.88161644364049e24
-7.03299122444706e24
-7.183644199342496e24
-7.333582572655796e24
-7.482814084938388e24
-7.631346995549131e24
-7.779190064805151e24
-7.926352535709745e24
-8.072844115269401e24
-8.218674955412682e24
-8.363855633523239e24
-8.508397132600378e24
-8.652310821060234e24
-8.795608432190949e24
-8.938302043276182e24
-9.080404054400613e24
-9.22192716695208e24
-9.362884361834791e24
-9.503288877408593e24
-9.643154187169512e24
-9.782493977186361e24
-9.921322123309767e24
-1.0059652668168597e25
-1.0197499797970328e25
-1.033487781912098e25
-1.047180113468141e25
-1.0608284220675953e25
-1.074434160227073e25
-1.08799878298374e25
-1.101523745492047e25
-1.1150105006124342e25
-1.128460496493761e25
-1.1418751741511995e25
-1.1552559650413e25
-1.1686042886360126e25
-1.1819215499974009e25
-1.1952091373547873e25
-1.208468419686154e25
-1.221700744305523e25
-1.2349074344581084e25
-1.2480897869250155e25
-1.2612490696392776e25
-1.2743865193149774e25
-1.2875033390912884e25
-1.3006006961931268e25
-1.3136797196102743e25
-1.3267414977966845e25
-1.3397870763917436e25
-1.3528174559652612e25
-1.3658335897879048e25
-1.3788363816288508e25
-1.3918266835823601e25
-1.4048052939249826e25
-1.417772955005128e25
-1.4307303511666728e25
-1.4436781067082759e25
-1.4566167838800667e25
-1.4695468809193575e25
-1.4824688301269999e25
-1.4953829959859724e25
-1.5082896733238174e25
-1.5211890855204717e25
-1.5340813827630289e25
-1.5469666403489699e25
-1.5598448570393304e25
-1.5727159534632984e25
-1.5855797705756746e25
-1.5984360681685849e25
-1.611284523438877e25
-1.6241247296125232e25
-1.636956194627354e25
-1.6497783398754383e25
-1.6625904990063502e25
-1.6753919167925513e25
-1.6881817480581095e25
-1.7009590566718541e25
-1.713722814606152e25
-1.7264719010623555e25
-1.739205101663963e25
-1.751921107718529e25
-1.7646185155492546e25
-1.7772958258972232e25
-1.7899514433951474e25
-1.8025836761134583e25
-1.8151907351795838e25
-1.8277707344711335e25
-1.8403216903837232e25
-1.8528415216741132e25
-1.86532804937927e25
-1.8777789968119505e25
-1.8901919896333427e25
-1.9025645560032155e25
-1.9148941268080666e25
-1.9271780359676283e25
-1.93941352082008e25
-1.9515977225862616e25
-1.963727686913148e25
-1.975800364496747e25
-1.9878126117846134e25
-1.9997611917580213e25
-2.0116427747938788e25
-2.023453939606374e25
-2.035191174268274e25
-2.0468508773117874e25
-2.0584293589088287e25
-2.0699228421304666e25
-2.081327464285297e25
-2.0926392783364217e25
-2.1038542543966792e25
-2.114968281301687e25
-2.125977168260252e25
-2.1368766465815935e25
-2.1476623714788453e25
-2.1583299239481687e25
-2.168874812722835e25
-2.1792924763015298e25
-2.1895782850501004e25
-2.1997275433759253e25
-2.2097354919740104e25
-2.2195973101439076e25
-2.2293081181764263e25
-2.238862979809169e25
-2.248256904749758e25
-2.2574848512656417e25
-2.2665417288393285e25
-2.2754224008877723e25
-2.2841216875446876e25
-2.2926343685044336e25
-2.300955185926141e25
-2.3090788473966267e25
-2.317000028950675e25
-2.3247133781471807e25
-2.332213517199575e25
-2.339495046159006e25
-2.3465525461485787e25
-2.3533805826470505e25
-2.3599737088202044e25
-2.3663264688982085e25
-2.3724334015971324e25
-2.3782890435828008e25
-2.3838879329751457e25
-2.3892246128911077e25
-2.3942936350242056e25
-2.399089563258751e25
-2.403606977316745e25
-2.407840476435417e25
-2.4117846830733042e25
-2.41543424664283e25
-2.4187838472672066e25
-2.421828199559544e25
-2.4245620564219732e25
-2.4269802128625838e25
-2.4290775098279245e25
-2.430848838048879e25
-2.4322891418975603e25
-2.433393423252993e25
-2.4341567453732623e25
-2.4345742367717614e25
-2.4346410950952523e25
-2.4343525910013313e25
-2.433704072032931e25
-2.432690966487502e25
-2.4313087872784573e25
-2.429553135786431e25
-2.4274197056980304e25
-2.424904286829559e25
-2.4220027689333416e25
-2.4187111454842086e25
-2.415025517443677e25
-2.4109420969994494e25
-2.40645721127772e25
-2.401567306025922e25
-2.396268949263441e25
-2.390558834897886e25
-2.3844337863045057e25
-2.3778907598663104e25
-2.3709268484725116e25
-2.363539284972922e25
-2.3557254455858496e25
-2.3474828532572105e25
-2.3388091809684312e25
-2.329702254990879e25
-2.3201600580844185e25
-2.3101807326378813e25
-2.299762583749081e25
-2.2889040822422246e25
-2.2776038676203703e25
-2.2658607509508165e25
-2.2536737176811933e25
-2.241041930384126e25
-2.22796473142833e25
-2.214441645574043e25
-2.200472382490784e25
-2.186056839195316e25
-2.1711951024079174e25
-2.155887450824941e25
-2.14013435730577e25
-2.1239364909722903e25
-2.107294719219029e25
-2.090210109632151e25
-2.072683931815611e25
-2.054717659122668e25
-2.0363129702911596e25
-2.017471750980885e25
-1.9981960952115266e25
-1.9784883066996018e25
-1.9583509000929453e25
-1.937786602101293e25
-1.9167983525216566e25
-1.8953893051570778e25
-1.8735628286275504e25
-1.8513225070719059e25
-1.8286721407394624e25
-1.8056157464703972e25
-1.782157558063751e25
-1.758302026532076e25
-1.7340538202419042e25
-1.709417824939018e25
-1.6843991436578477e25
-1.6590030965141887e25
-1.6332352203806e25
-1.6071012684438332e25
-1.5806072096437678e25
-1.5537592279933395e25
-1.5265637217791012e25
-1.499027302641975e25
-1.4711567945379548e25
-1.4429592325785512e25
-1.4144418617507663e25
-1.385612135516583e25
-1.356477714291851e25
-1.3270464638047384e25
-1.2973264533337542e25
-1.2673259538255624e25
-1.2370534358928817e25
-1.2065175676927152e25
-1.1757272126853744e25
-1.1446914272746972e25
-1.1134194583300076e25
-1.0819207405904726e25
-1.0502048939523988e25
-1.0182817206403274e25
-9.86161202262649e24
-9.538534967526731e24
-9.213689351960296e24
-8.887180185454919e24
-8.559114142241891e24
-8.229599526185039e24
-7.898746234617246e24
-7.566665721098039e24
-7.233470957105888e24
-6.899276392678655e24
-6.56419791601786e24
-6.228352812071402e24
-5.891859720111121e24
-5.554838590322571e24
-5.217410639422937e24
-4.879698305326535e24
-4.54182520087542e24
-4.203916066655105e24
-3.8660967229145715e24
-3.5284940206114254e24
-3.191235791602604e24
-2.8544507980032403e24
-2.5182686807345526e24
-2.1828199072841138e24
-1.8482357187018733e24
-1.5146480758550438e24
-1.1821896049668616e24
-8.509935424633149e23
-5.211936791534031e23
-1.9292430376923328e23
1.3367985410908865e23
4.584836817157888e23
7.813517413227147e23
1.1021483289954157e24
1.420737533854493e24
1.73698329781375e24
2.0507494757656403e24
2.3618998961861364e24
2.6702984221284136e24
2.975809012576017e24
3.2782957841249925e24
3.5776230729648403e24
3.873655497126999e24
4.1662580189705556e24
4.4552960078724034e24
4.740635303091979e24
5.022142276777434e24
5.299683897081663e24
5.573127791355965e24
5.842342309388642e24
6.10719658665617e24
6.367560607554289e24
6.623305268575387e24
6.874302441400248e24
7.120425035870311e24
7.361547062807559e24
7.597543696648747e24
7.828291337860701e24
8.053667675103419e24
8.273551747107998e24
8.487824004235221e24
8.696366369682746e24
8.899062300306967e24
9.09579684702665e24
9.286456714775256e24
9.470930321969341e24
9.649107859459748e24
9.82088134893386e24
9.986144700735003e24
1.014479377106852e25
1.0296726418561093e25
1.0441842560141962e25
1.058004422621472e25
1.0711235615087634e25
1.0835323146632575e25
1.0952215515140146e25
1.1061823741342515e25
1.1164061223572133e25
1.1258843788027854e25
1.1346089738118206e25
1.1425719902853151e25
1.1497657684256057e25
1.1561829103767098e25
1.1618162847610768e25
1.1666590311099995e25
1.170704564185057e25
1.1739465781878605e25
1.1763790508556413e25
1.1779962474400504e25
1.1787927245667287e25
1.1787633339733098e25
1.177903226123296e25
1.1762078536937593e25
1.1736729749343807e25
1.1702946568958377e25
1.1660692785252887e25
1.160993533626941e25
1.1550644336857745e25
1.1482793105523655e25
1.1406358189870958e25
1.1321319390618251e25
1.1227659784174668e25
1.112536574375632e25
1.1014426959029762e25
1.089483645426579e25
1.076659060499e25
1.0629689153117533e25
1.048413522055709e25
1.0329935321275177e25
1.016709937180649e25
9.995640700202929e24
9.815576053409028e24
9.626925603057638e24
9.429712949675939e24
9.223965125295514e24
9.009712594461078e24
8.786989253630413e24
8.555832428963629e24
8.316282872495132e24
8.068384756688426e24
7.812185667369321e24
7.547736595037429e24
7.275091924556674e24
6.994309423222924e24
6.70545022721342e24
6.408578826417002e24
6.103763047651773e24
5.791074036270846e24
5.470586236164575e24
5.14237736816232e24
4.806528406841642e24
4.463123555753598e24
4.112250221069812e24
3.7539989836642124e24
3.388463569635905e24
3.015740819288028e24
2.635930654570715e24
2.2491360450046002e24
1.8554629720956516e24
1.4550203922567405e24
1.0479201982527642e24
6.342771791821316e23
2.14208979015696e23
-2.1216394629337488e23
-6.447183731060616e23
-1.0833283557841986e24
-1.5278652737458684e24
-1.9781978798672765e24
-2.434192350212687e24
-2.89571233506557e24
-3.362619011242351e24
-3.8347711356600487e24
-4.3120251001376803e24
-4.794234987401724e24
-5.281252628272643e24
-5.772927660004651e24
-6.269107585749453e24
-6.769637835119439e24
-7.274361825817023e24
-7.783121026305157e24
-8.295755019484593e24
-8.812101567351173e24
-9.33199667659811e24
-9.855274665134405e24
-1.0381768229485781e25
-1.0911308513043505e25
-1.1443725175131564e25
-1.1978846460853046e25
-1.2516499271686662e25
-1.305650923679299e25
-1.3598700784999527e25
-1.4142897217426634e25
-1.4688920780716745e25
-1.5236592740833945e25
-1.5785733457392154e25
-1.6336162458479228e25
-1.6887698515934637e25
-1.7440159721047054e25
-1.7993363560629286e25
-1.8547126993435267e25
-1.910126652687896e25
-1.9655598294014445e25
-2.020993813074145e25
-2.0764101653192555e25
-2.1317904335266663e25
-2.1871161586264385e25
-2.2423688828590126e25
-2.2975301575476245e25
-2.3525815508692525e25
-2.4075046556199805e25
-2.462281096970536e25
-2.5168925402084266e25
-2.5713206984621337e25
-2.625547340403822e25
-2.6795542979261163e25
-2.7333234737893096e25
-2.786836849234812e25
-2.84007649156077e25
-2.8930245616562005e25
-2.9456633214892827e25
-2.9979751415462895e25
-3.0499425082168296e25
-3.1015480311219324e25
-3.152774450380724e25
-3.203604643812139e25
-3.254021634067819e25
-3.3040085956921762e25
-3.3535488621063657e25
-3.4026259325119063e25
-3.4512234787108314e25
-3.4993253518382764e25
-3.5469155890043495e25
-3.5939784198413602e25
-3.6404982729532807e25
-3.6864597822638015e25
-3.731847793259585e25
-3.7766473691255982e25
-3.8208437967689446e25
-3.864422592728357e25
-3.907369508965806e25
-3.9496705385374536e25
-3.991311921140814e25
-4.0322801485350246e25
-4.072561969831615e25
-4.1121443966526505e25
-4.15101470815379e25
-4.1891604559092525e25
-4.226569468656451e25
-4.263229856897394e25
-4.2991300173546995e25
-4.3342586372797e25
-4.368604698610308e25
-4.402157481976592e25
-4.434906570551707e25
-4.466841853746398e25
-4.497953530744839e25
-4.528232113880202e25
-4.557668431847907e25
-4.586253632755109e25
-4.6139791870046785e25
-4.640836890012106e25
-4.666818864754124e25
-4.691917564147463e25
-4.71612577325674e25
-4.739436611330172e25
-4.761843533662155e25
-4.783340333281826e25
-4.803921142466551e25
-4.823580434079915e25
-4.84231302273319e25
-4.860114065770118e25
-4.8769790640742315e25
-4.8929038626985975e25
-4.907884651317592e25
-4.921917964500619e25
-4.935000681807808e25
-4.947130027707536e25
-4.958303571316182e25
-4.968519225960175e25
-4.977775248560852e25
-4.986070238842441e25
-4.993403138363911e25
-4.999773229375148e25
-5.0051801334984396e25
-5.009623810236009e25
-5.013104555304528e25
-5.015622998797868e25
-5.0171801031790214e25
-5.017777161102692e25
-5.017415793069715e25
-5.016097944914917e25
-5.013825885129967e25
-5.010602202022766e25
-5.006429800715264e25
-5.0013118999814756e25
-4.995252028927686e25
-4.988254023516819e25
-4.980322022939192e25
-4.971460465831752e25
-4.961674086348251e25
-4.950967910082635e25
-4.939347249848156e25
-4.92681770131486e25
-4.9133851385079596e25
-4.899055709170012e25
-4.883835829989506e25
-4.86773218169898e25
-4.850751704045451e25
-4.832901590636376e25
-4.8141892836640735e25
-4.794622468512113e25
-4.774209068246598e25
-4.752957237995911e25
-4.730875359222283e25
-4.707972033888615e25
-4.684256078524182e25
-4.659736518192704e25
-4.634422580366557e25
-4.608323688710788e25
-4.581449456780713e25
-4.553809681636937e25
-4.525414337381688e25
-4.496273568620363e25
-4.466397683852293e25
-4.43579714879477e25
-4.404482579644235e25
-4.372464736279099e25
-4.339754515407884e25
-4.3063629436671816e25
-4.272301170673507e25
-4.237580462033344e25
-4.202212192315591e25
-4.166207837990733e25
-4.129578970341076e25
-4.092337248346312e25
-4.0544944115488555e25
-4.016062272903221e25
-3.97705271161393e25
-3.9374776659662145e25
-3.8973491261540465e25
-3.8566791271098e25
-3.8154797413398737e25
-3.7737630717710316e25
-3.731541244611353e25
-3.6888264022305726e25
-3.645630696064032e25
-3.6019662795446497e25
-3.5578453010672724e25
-3.5132798969897432e25
-3.468282184675014e25
-3.4228642555785856e25
-3.3770381683856004e25
-3.330815942201777e25
-3.2842095498024554e25
-3.2372309109438938e25
-3.189891885741065e25
-3.142204268115824e25
-3.0941797793199936e25
-3.045830061536817e25
-2.997166671565188e25
-2.9482010745904535e25
-2.89894463804565e25
-2.849408625567087e25
-2.799604191047979e25
-2.749542372793924e25
-2.699234087783832e25
-2.648690126039948e25
-2.59792114511049e25
-2.5469376646683676e25
-2.4957500612294063e25
-2.4443685629933704e25
-2.3928032448111245e25
-2.3410640232808833e25
-2.289160651977149e25
-2.2371027168147213e25
-2.18489963155121e25
-2.132560633430713e25
-2.0800947789714587e25
-2.0275109399001216e25
-1.974817799235381e25
-1.9220238475232664e25
-1.869137379226674e25
-1.8161664892713744e25
-1.7631190697507913e25
-1.7100028067915803e25
-1.656825177582149e25
-1.6035934475659475e25
-1.5503146678014686e25
-1.4969956724904247e25
-1.4436430766762607e25
-1.39026327411382e25
-1.336862435312095e25
-1.2834465057511502e25
-1.2300212042744483e25
-1.176592021657643e25
-1.1231642193548453e25
-1.0697428284231814e25
-1.016332648626421e25
-9.629382477182912e24
-9.095639609060094e24
-8.562138904944306e24
-8.028919057111097e24
-7.496016427124838e24
-6.96346504771042e24
-6.431296626439172e24
-5.899540551220776e24
-5.368223897603156e24
-4.837371437874533e24
-4.3070056519625386e24
-3.7771467401242186e24
-3.2478126374193364e24
-2.719019029958417e24
-2.1907793729155269e24
-1.6631049102949347e24
-1.1360046964396178e24
-6.094856192680762e23
-8.355242522543996e22
4.4179225406715134e23
9.665478734806943e23
1.4907159443842154e24
2.01430000300204e24
2.537305577149152e24
3.059740151360759e24
3.5816131304402013e24
4.102935801448057e24
4.623721294156749e24
5.143984539996069e24
5.663742229515697e24
6.183012768392604e24
6.701816232011015e24
7.220174318645101e24
7.738110301273928e24
8.255648978060723e24
8.772816621527776e24
9.28964092646234e24
9.806150956582892e24
1.0322377090006684e25
1.083835096355031e25
1.135410541590094e25
1.1869674429696305e25
1.238509307255109e25
1.290039743706906e25
1.3415624579880862e25
1.3930812459747729e25
1.4445999874772821e25
1.4961226398761753e25
1.5476532316775372e25
1.5991958559917663e25
1.650754663940309e25
1.702333857994724e25
1.7539376852527896e25
1.805570430655752e25
1.857236410151912e25
1.9089399638108195e25
1.96068544889287e25
2.0124772328791196e25
2.064319686466032e25
2.1162171765300367e25
2.168174059066734e25
2.2201946721096404e25
2.272283328633423e25
2.3244443094465275e25
2.376681856078226e25
2.4290001636650085e25
2.4814033738414007e25
2.5338955676401304e25
2.586480758406902e25
2.639162884734338e25
2.6919458034207538e25
2.74483328245835e25
2.797828994056029e25
2.850936507701891e25
2.9041592832703715e25
2.9575006641791065e25
3.0109638706004895e25
3.0645519927328914e25
3.1182679841365845e25
3.172114655139211e25
3.2260946663157954e25
3.2802105220481385e25
3.3344645641684333e25
3.388858965692096e25
3.443395724644126e25
3.498076657984357e25
3.552903395635792e25
3.607877374620911e25
3.662999833310416e25
3.718271805789045e25
3.7736941163428502e25
3.8292673740724015e25
3.884991967636263e25
3.9408680601290006e25
3.996895584097967e25
4.053074236702996e25
4.109403475023073e25
4.165882511513967e25
4.222510309620734e25
4.279285579549058e25
4.336206774198745e25
4.393272085263651e25
4.450479439501073e25
4.507826495174366e25
4.565310638672031e25
4.62292898130661e25
4.680678356296529e25
4.738555315933989e25
4.796556128941854e25
4.85467677802239e25
4.912912957600626e25
4.971260071764974e25
5.029713232407582e25
5.088267257566934e25
5.146916669974835e25
5.205655695810238e25
5.264478263661444e25
5.3233780036992605e25
5.382348247062411e25
5.441382025457117e25
5.50047207097232e25
5.559610816112022e25
5.6187903940459745e25
5.678002639079927e25
5.7372390873464495e25
5.796490977717198e25
5.855749252937426e25
5.915004560983357e25
5.974247256642841e25
6.033467403319741e25
6.092654775062298e25
6.15179885881524e25
6.210888856896031e25
6.269913689694737e25
6.3288619985972085e25
6.387722149131202e25
6.446482234334697e25
6.505130078345697e25
6.56365324021262e25
6.622039017924157e25
6.6802744526575105e25
6.738346333243577e25
6.796241200847664e25
6.853945353864152e25
6.911444853023236e25
6.968725526707988e25
7.025772976479705e25
7.0825725828091575e25
7.139109511011754e25
7.195368717383996e25
7.251334955538636e25
7.306992782935909e25
7.362326567607946e25
7.417320495073415e25
7.471958575439253e25
7.526224650686299e25
7.580102402135433e25
7.633575358090733e25
7.686626901656082e25
7.739240278721362e25
7.791398606114596e25
7.843084879915796e25
7.894281983928705e25
7.944972698305879e25
7.99513970832317e25
8.044765613298882e25
8.09383293565318e25
8.142324130103093e25
8.190221592988327e25
8.237507671723047e25
8.284164674368701e25
8.330174879322743e25
8.375520545118233e25
8.420183920328947e25
8.46414725357479e25
8.507392803621955e25
8.549902849572496e25
8.591659701137646e25
8.632645708989109e25
8.672843275182882e25
8.712234863649566e25
8.750803010745362e25
8.788530335857866e25
8.825399552060623e25
8.8613934768104e25
8.89649504268106e25
8.930687308127915e25
8.963953468276316e25
8.996276865728207e25
9.027641001380428e25
9.058029545248382e25
9.087426347288692e25
9.115815448214484e25
9.143181090296921e25
9.169507728146387e25
9.194780039467058e25
9.218982935778261e25
9.242101573096145e25
9.264121362569204e25
9.285027981061135e25
9.304807381674483e25
9.323445804208677e25
9.340929785545856e25
9.357246169958102e25
9.372382119329506e25
9.386325123286777e25
9.399063009231757e25
9.410583952269718e25
9.420876485026773e25
9.429929507350317e25
9.437732295886082e25
9.444274513525575e25
9.44954621871769e25
9.453537874638343e25
9.456240358212044e25
9.457644968979333e25
9.457743437804082e25
9.45652793541476e25
9.453991080773853e25
9.450125949269545e25
9.444926080724067e25
9.438385487213014e25
9.430498660690107e25
9.421260580411958e25
9.4106667201574e25
9.398713055236265e25
9.385396069282206e25
9.370712760824627e25
9.354660649634778e25
9.337237782840965e25
9.318442740808372e25
9.298274642778536e25
9.276733152264262e25
9.253818482195284e25
9.229531399810605e25
9.203873231293171e25
9.176845866142939e25
9.148451761284458e25
9.118693944905024e25
9.087576020020025e25
9.055102167761643e25
9.02127715038795e25
8.986106314008814e25
8.94959559102571e25
8.911751502282606e25
8.872581158924896e25
8.832092263964043e25
8.79029311354522e25
8.747192597915854e25
8.702800202092702e25
8.657126006225678e25
8.610180685656492e25
8.561975510670347e25
8.51252234593949e25
8.461833649656883e25
8.40992247235917e25
8.356802455437759e25
8.30248782933729e25
8.246993411440649e25
8.190334603640375e25
8.13252738959581e25
8.073588331676013e25
8.013534567588604e25
7.952383806694395e25
7.89015432600868e25
7.826864965889207e25
7.762535125412153e25
7.6971847574364885e25
7.630834363358184e25
7.5635049875554405e25
7.495218211526302e25
7.425996147720349e25
7.355861433066365e25
7.284837222197813e25
7.212947180378244e25
7.140215476129223e25
7.066666773562977e25
6.992326224422554e25
6.917219459832529e25
6.8413725817628415e25
6.764812154209509e25
6.687565194094987e25
6.60965916189227e25
6.531121951975911e25
6.4519818827042805e25
6.37226768623669e25
6.292008498089775e25
6.2112338464374676e25
6.129973641159017e25
6.048258162639716e25
5.966118050329041e25
5.88358429106142e25
5.8006882071444494e25
5.717461444219919e25
5.63393595890322e25
5.55014400620624e25
5.466118126749999e25
5.3818911337722e25
5.29749609993626e25
5.212966343947346e25
5.128335416982088e25
5.04363708893795e25
4.958905334508687e25
4.8741743190930545e25
4.789478384542432e25
4.704852034755139e25
4.6203299211235885e25
4.5359468278418556e25
4.451737657080337e25
4.367737414034851e25
4.28398119185766e25
4.200504156477329e25
4.117341531315482e25
4.034528581907375e25
3.9521006004345074e25
3.870092890176409e25
3.788540749889879e25
3.7074794581231255e25
3.6269442574727185e25
3.5469703387918115e25
3.467592825356766e25
3.3888467570010646e25
3.3107670742239593e25
3.233388602282518e25
3.156746035274726e25
3.08087392022232e25
3.00580664116118e25
2.93157840324771e25
2.8582232168895545e25
2.7857748819086168e25
2.714266971745071e25
2.643732817710185e25
2.5742054932967003e25
2.50571779855469e25
2.4383022445411853e25
2.371991037852259e25
2.306816065245027e25
2.242808878358528e25
2.1800006785410706e25
2.1184223017926463e25
2.058104203830087e25
1.999076445283419e25
1.9413686770311045e25
1.8850101256822618e25
1.8300295792138576e25
1.7764553727704464e25
1.7243153746345475e25
1.6736369723750332e25
1.6244470591814859e25
1.5767720203916744e25
1.5306377202201094e25
1.4860694886945422e25
1.4430921088079776e25
1.4017298038934057e25
1.3620062252281084e25
1.3239444398747878e25
1.2875669187661203e25
1.252895525039731e25
1.2199515026300274e25
1.18875546512348e25
1.159327384883806e25
1.1316865824531486e25
1.105851716235552e25
1.0818407724685544e25
1.059671055488907e25
1.0393591782979176e25
1.0209210534322268e25
1.0043718841451569e25
9.897261559040445e24
9.769976282086142e24
9.66199326735255e24
9.573435358120657e24
9.504417912291439e24
9.455048733886624e24
9.425428007988782e24
9.415648239162192e24
9.425794193393201e24
9.455942843587058e24
9.506163318656806e24
9.576516856237545e24
9.667056759057618e24
9.777828354996284e24
9.908868960855866e24
1.0060207849873838e25
1.0231866222999036e25
1.0423857183953183e25
1.0636185718098589e25
1.086884867512852e25
1.1121834755597456e25
1.1395124501303605e25
1.1688690289536592e25
1.2002496331198897e25
1.2336498672809348e25
1.269064520239402e25
1.3064875659267164e25
1.3459121647704792e25
1.3873306654508958e25
1.4307346070460162e25
1.4761147215652787e25
1.5234609368707308e25
1.5727623799848068e25
1.6240073807837248e25
1.6771834760750898e25
1.732277414058023e25
1.7892751591643075e25
1.8481618972782771e25
1.9089220413335561e25
1.971539237283971e25
2.0359963704462793e25
2.102275572211804e25
2.1703582271238678e25
2.2402249803180547e25
2.3118557453216566e25
2.3852297122087853e25
2.4603253561073105e25
2.5371204460537503e25
2.6155920541916035e25
2.6957165653090483e25
2.777469686711291e25
2.8608264584226174e25
2.9457612637135743e25
3.0322478399476654e25
3.120259289742688e25
3.209768092440768e25
3.300746115881846e25
3.393164628474323e25
3.4869943115571597e25
3.58220527204728e25
3.6787670553653384e25
3.776648658634281e25
3.875818544143097e25
3.976244653069662e25
4.07789441945511e25
4.18073478442307e25
4.2847322106362896e25
4.389852696983121e25
4.496061793486681e25
4.603324616428687e25
4.711605863680172e25
4.820869830231658e25
4.931080423913969e25
5.042201181302222e25
5.154195283794125e25
5.267025573855159e25
5.3806545714208675e25
5.495044490448722e25
5.610157255610788e25
5.7259545191179025e25
5.84239767766712e25
5.959447889503085e25
6.077066091585008e25
6.1952130168494134e25
6.313849211559976e25
6.432935052735638e25
6.552430765647033e25
6.672296441372607e25
6.792492054404731e25
6.912977480297023e25
7.033712513342823e25
7.154656884275932e25
7.275770277984148e25
7.3970123512260106e25
7.518342750341555e25
7.6397211289472914e25
7.761107165606662e25
7.882460581465712e25
8.003741157845212e25
8.124908753779402e25
8.24592332349258e25
8.366744933803472e25
8.487333781448433e25
8.607650210314592e25
8.72765472857291e25
8.84730802570264e25
8.966570989397797e25
9.085404722346677e25
9.20377055887539e25
9.321630081446315e25
9.438945137003236e25
9.555677853153553e25
9.671790654179589e25
9.787246276869895e25
9.902007786162734e25
1.001603859059253e26
1.0129302457531515e26
1.0241763528218553e26
1.035338633256658e26
1.04641358037411e26
1.0573977292501751e26
1.0682876581299567e26
1.0790799898122053e26
1.089771393007865e26
1.1003585836719677e26
1.1108383263081547e26
1.1212074352450994e26
1.1314627758841723e26
1.1416012659177177e26
1.1516198765172233e26
1.1615156334908197e26
1.1712856184094472e26
1.1809269697011447e26
1.190436883712834e26
1.1998126157390543e26
1.2090514810171487e26
1.2181508556883097e26
1.2271081777240527e26
1.2359209478175578e26
1.244586730239515e26
1.2531031536579438e26
1.2614679119215976e26
1.2696787648065851e26
1.2777335387257661e26
1.285630127400618e26
1.2933664924952016e26
1.3009406642119406e26
1.3083507418488953e26
1.3155948943182807e26
1.322671360625953e26
1.329578450311692e26
1.3363145438500144e26
1.3428780930113703e26
1.3492676211835855e26
1.3554817236533584e26
1.361519067847765e26
1.3673783935356334e26
1.3730585129887645e26
1.3785583111029286e26
1.3838767454786279e26
1.389012846461654e26
1.3939657171434323e26
1.3987345333212414e26
1.4033185434183597e26
1.4077170683642654e26
1.4119295014349907e26
1.4159553080537808e26
1.4197940255522591e26
1.4234452628922437e26
1.4269087003484814e26
1.4301840891525003e26
1.433271251097882e26
1.436170078107205e26
1.4388805317610002e26
1.4414026427890246e26
1.4437365105242326e26
1.4458823023198012e26
1.4478402529296183e26
1.4496106638526592e26
1.4511939026416834e26
1.4525904021767256e26
1.4538006599038548e26
1.4548252370397239e26
1.4556647577424224e26
1.456319908249181e26
1.456791435981506e26
1.457080148618318e26
1.4571869131377044e26
1.4571126548279175e26
1.4568583562682509e26
1.4564250562804645e26
1.4558138488514417e26
1.4550258820277604e26
1.454062356782912e26
1.4529245258578873e26
1.451613692575885e26
1.4501312096318968e26
1.4484784778579651e26
1.4466569449648842e26
1.4446681042611878e26
1.4425134933501963e26
1.4401946928060253e26
1.4377133248293456e26
1.4350710518837886e26
1.4322695753138705e26
1.429310633945311e26
1.4261960026686581e26
1.4229274910071086e26
1.4195069416694627e26
1.4159362290891285e26
1.412217257950114e26
1.408351961700959e26
1.4043423010575493e26
1.4001902624957882e26
1.3958978567350734e26
1.3914671172135762e26
1.3869000985562719e26
1.3821988750367475e26
1.377365539033728e26
1.3724021994833488e26
1.3673109803281558e26
1.3620940189638269e26
1.3567534646846303e26
1.3512914771286045e26
1.3457102247234776e26
1.340011883134311e26
1.3341986337138918e26
1.3282726619568571e26
1.3222361559585521e26
1.3160913048796349e26
1.3098402974174045e26
1.3034853202848397e26
1.2970285566983783e26
1.2904721848753492e26
1.2838183765421026e26
1.2770692954537589e26
1.2702270959265775e26
1.2632939213838776e26
1.2562719029164858e26
1.2491631578586152e26
1.2419697883801563e26
1.2346938800962723e26
1.2273375006952038e26
1.2199026985852289e26
1.2123915015616195e26
1.2048059154945183e26
1.1971479230385698e26
1.1894194823651662e26
1.1816225259181976e26
1.1737589591940569e26
1.1658306595467607e26
1.1578394750189858e26
1.1497872231997855e26
1.141675690109762e26
1.1335066291144437e26
1.1252817598666058e26
1.1170027672782434e26
1.1086713005228917e26
1.1002889720689914e26
1.0918573567449382e26
1.083377990836469e26
1.0748523712170103e26
1.066281954511585e26
1.0576681562948363e26
1.0490123503238008e26
1.0403158678058744e26
1.031579996702554e26
1.0228059810694304e26
1.0139950204329002e26
1.0051482692040588e26
9.962668361301885e25
9.873517837842519e25
9.78404128092772e25
9.694248379024487e25
9.604148345858544e25
9.51374991686496e25
9.423061346035515e25
9.332090403165212e25
9.240844371500084e25
9.149330045789066e25
9.057553730740808e25
8.965521239887605e25
8.873237894857579e25
8.780708525056143e25
8.687937467757535e25
8.594928568606876e25
8.501685182533132e25
8.408210175072825e25
8.314505924104338e25
8.220574321992162e25
8.12641677814038e25
8.03203422195423e25
7.937427106208465e25
7.842595410820954e25
7.747538647029244e25
7.652255861968979e25
7.556745643650396e25
7.461006126331328e25
7.365034996283288e25
7.268829497947586e25
7.172386440478069e25
7.075702204666652e25
6.97877275024785e25
6.881593623577995e25
6.784159965684733e25
6.6864665206820385e25
6.588507644545813e25
6.4902773142449415e25
6.391769137222254e25
6.292976361219426e25
6.193891884440956e25
6.0945082660495274e25
5.9948177369875595e25
5.894812211117778e25
5.794483296676203e25
5.6938223080303005e25
5.592820277735128e25
5.49146796888002e25
5.389755887717962e25
5.287674296569946e25
5.1852132269959455e25
5.082362493224548e25
4.979111705832398e25
4.875450285664982e25
4.771367477989966e25
4.666852366873485e25
4.561893889771371e25
4.456480852324441e25
4.350601943349429e25
4.244245750015399e25
4.137400773195864e25
4.030055442986616e25
3.922198134379226e25
3.813817183079816e25
3.7049009014627427e25
3.595437594648827e25
3.4854155766972817e25
3.374823186900751e25
3.263648806172553e25
3.1518808735152723e25
3.0395079025596493e25
2.9265184981622017e25
2.81290137305173e25
2.698645364511597e25
2.583739451087923e25
2.4681727693116167e25
2.3519346304230993e25
2.2350145370880837e25
2.1174022000929436e25
1.9990875550082545e25
1.880060778808775e25
1.7603123064383834e25
1.6398328473083876e25
1.5186134017176262e25
1.3966452771827554e25
1.2739201046672264e25
1.1504298546969643e25
1.0261668533524565e25
9.011237981240571e24
7.752937736203462e24
6.486702671177136e24
5.212471839397583e24
3.9301886265536664e24
2.639800900841868e24
1.341261160984287e24
3.4526682098537396e22
-1.2804403406896143e24
-2.603672650998548e24
-3.935197792417331e24
-5.275037972311475e24
-6.623209928314226e24
-7.979724797605229e24
-9.344587989085903e24
-1.0717799058538891e25
-1.2099351586888975e25
-1.3489233061651091e25
-1.4887424761666664e25
-1.6293901645223711e25
-1.7708632241652669e25
-1.9131578546490836e25
-2.0562695920304544e25
-2.2001932991256916e25
-2.344923156150789e25
-2.4904526517529522e25
-2.636774574441894e25
-2.7838810044289027e25
-2.9317633058813556e25
-3.080412119600222e25
-3.229817356128289e25
-3.379968189294975e25
-3.5308530502062236e25
-3.6824596216847853e25
-3.8347748331678034e25
-3.987784856067614e25
-4.141475099601664e25
-4.295830207097058e25
-4.450834052775108e25
-4.60646973902084e25
-4.762719594142236e25
-4.919565170623747e25
-5.076987243878169e25
-5.234965811500893e25
-5.393480093029959e25
-5.5525085302159085e25
-5.712028787802995e25
-5.872017754826376e25
-6.0324515464262655e25
-6.193305506181916e25
-6.354554208966947e25
-6.516171464327605e25
-6.678130320385323e25
-6.840403068264214e25
-7.002961247044298e25
-7.165775649240554e25
-7.328816326807997e25
-7.492052597672095e25
-7.655453052784133e25
-7.818985563700362e25
-7.982617290683571e25
-8.14631469132595e25
-8.310043529690028e25
-8.473768885967093e25
-8.637455166649223e25
-8.801066115212475e25
-8.964564823308051e25
-9.12791374245769e25
-9.291074696249598e25
-9.454008893030567e25
-9.616676939089973e25
-9.779038852330634e25
-9.941054076421545e25
-1.0102681495427003e26
-1.0263879448906413e26
-1.0424605747478669e26
-1.0584817688844702e26
-1.0744472074262162e26
-1.0903525225463801e26
-1.1061933002014225e26
-1.121965081909602e26
-1.1376633665718209e26
-1.1532836123338509e26
-1.1688212384891307e26
-1.184271627421253e26
-1.1996301265852542e26
-1.214892050526788e26
-1.2300526829382218e26
-1.2451072787507177e26
-1.2600510662612572e26
-1.2748792492936218e26
-1.2895870093922616e26
-1.3041695080480193e26
-1.3186218889545229e26
-1.3329392802942515e26
-1.3471167970530571e26
-1.3611495433619925e26
-1.3750326148652838e26
-1.38876110111322e26
-1.4023300879787652e26
-1.4157346600966268e26
-1.4289699033235307e26
-1.4420309072184334e26
-1.4549127675413551e26
-1.4676105887695444e26
-1.4801194866296376e26
-1.4924345906444587e26
-1.5045510466931259e26
-1.5164640195831006e26
-1.5281686956327176e26
-1.539660285262928e26
-1.5509340255967455e26
-1.561985183065024e26
-1.572809056017123e26
-1.5834009773350335e26
-1.593756317049519e26
-1.6038704849568113e26
-1.6137389332344104e26
-1.6233571590545187e26
-1.6327207071936523e26
-1.641825172636924e26
-1.650666203175563e26
-1.6592395019961537e26
-1.6675408302601582e26
-1.6755660096721583e26
-1.683310925035433e26
-1.6907715267933344e26
-1.6979438335549742e26
-1.704823934603777e26
-1.711407992387407e26
-1.717692244987601e26
-1.72367300856844e26
-1.7293466798016085e26
-1.7347097382671943e26
-1.7397587488285564e26
-1.7444903639798647e26
-1.748901326164853e26
-1.7529884700654e26
-1.756748724858481e26
-1.7601791164401793e26
-1.763276769615285e26
-1.7660389102511796e26
-1.7684628673946328e26
-1.7705460753501664e26
-1.772286075718686e26
-1.773680519395036e26
-1.7747271685232317e26
-1.7754238984080833e26
-1.775768699381975e26
-1.775759678625517e26
-1.775395061940934e26
-1.7746731954769867e26
-1.7735925474041783e26
-1.7721517095392426e26
-1.77034939891766e26
-1.7681844593132355e26
-1.7656558627035108e26
-1.762762710680131e26
-1.7595042358030587e26
-1.7558798028976215e26
-1.7518889102935098e26
-1.747531191004727e26
-1.7428064138496312e26
-1.7377144845101187e26
-1.732255446529201e26
-1.726429482246107e26
-1.7202369136680837e26
-1.7136782032782413e26
-1.706753954778642e26
-1.699464913768004e26
-1.691811968353269e26
-1.6837961496945477e26
-1.6754186324827427e26
-1.6666807353493982e26
-1.6575839212081038e26
-1.6481297975271624e26
-1.6383201165329702e26
-1.6281567753436464e26
-1.6176418160326896e26
-1.606777425622182e26
-1.595565936005368e26
-1.5840098237981783e26
-1.5721117101196656e26
-1.5598743603010678e26
-1.5473006835232881e26
-1.5343937323828327e26
-1.5211567023860073e26
-1.5075929313714464e26
-1.4937058988608188e26
-1.4794992253379517e26
-1.4649766714563581e26
-1.450142137175215e26
-1.4349996608241213e26
-1.4195534180967014e26
-1.4038077209734037e26
-1.3877670165735946e26
-1.3714358859375082e26
-1.3548190427382039e26
-1.3379213319240794e26
-1.3207477282922003e26
-1.3033033349931021e26
-1.2855933819675123e26
-1.2676232243154104e26
-1.2493983405982614e26
-1.2309243310748198e26
-1.2122069158713604e26
-1.193251933086802e26
-1.174065336833716e26
-1.1546531952158747e26
-1.135021688243044e26
-1.1151771056840993e26
-1.0951258448591504e26
-1.0748744083717398e26
-1.0544294017818721e26
-1.0337975312210941e26
-1.012985600950541e26
-9.920005108628827e25
-9.708492539294905e25
-9.495389135937763e25
-9.280766611119632e25
-9.06469752842293e25
-8.847255274841388e25
-8.62851403268059e25
-8.40854875098218e25
-8.187435116482767e25
-7.965249524123223e25
-7.742069047120889e25
-7.517971406617344e25
-7.293034940918259e25
-7.067338574337739e25
-6.84096178566332e25
-6.613984576254368e25
-6.386487437791486e25
-6.15855131969099e25
-5.930257596199117e25
-5.701688033183818e25
-5.472924754638222e25
-5.244050208913502e25
-5.015147134695271e25
-4.786298526742601e25
-4.557587601405145e25
-4.329097761933953e25
-4.100912563605569e25
-3.87311567867435e25
-3.645790861171884e25
-3.419021911568768e25
-3.1928926413188666e25
-2.9674868373016093e25
-2.7428882261813953e25
-2.519180438700143e25
-2.296446973922955e25
-2.0747711634538223e25
-1.8542361356381613e25
-1.6349247797726476e25
-1.4169197103383193e25
-1.2003032312766364e25
-9.851573003243957e24
-7.71563493428248e24
-5.596029692555967e24
-3.493564338188751e24
-1.409041052337191e24
6.567432137303832e23
2.7029970878595834e24
4.7289351243834814e24
6.733778149440866e24
8.716753604071362e24
1.0677095884923886e25
1.2614046682376494e25
1.4526855315913131e25
1.6414779066568632e25
1.8277083506288252e25
2.0113042824006216e25
2.1921940148292393e25
2.370306786638446e25
2.5455727939457164e25
2.717923221394143e25
2.8872902728740193e25
3.0536072018190157e25
3.2168083410587464e25
3.376829132213876e25
3.533606154616851e25
3.68707715374472e25
3.8371810691468946e25
3.98385806185402e25
4.1270495412543256e25
4.266698191421124e25
4.402747996879111e25
4.53514426779444e25
4.663833664576742e25
4.788764221877942e25
4.9098853719759305e25
5.027147967531376e25
5.140504303703531e25
5.249908139614689e25
5.355314719150508e25
5.456680791086362e25
5.553964628527135e25
5.647126047651063e25
5.736126425746556e25
5.8209287185334204e25
5.901497476757368e25
5.9777988620495184e25
6.049800662042813e25
6.117472304735504e25
6.180784872095014e25
6.239711112893677e25
6.294225454770414e25
6.344304015510121e25
6.389924613535155e25
6.431066777603594e25
6.467711755707417e25
6.499842523166439e25
6.527443789913066e25
6.550502006963927e25
6.5690053720738764e25
6.582943834569391e25
6.592309099358971e25
6.597094630116874e25
6.597295651639096e25
6.592909151369283e25
6.583933880094274e25
6.570370351807414e25
6.552220842740262e25
6.529489389562215e25
6.502181786749384e25
6.470305583122918e25
6.433870077558765e25
6.3928863138707795e25
6.3473670748697e25
6.2973268756002895e25
6.242781955760348e25
6.183750271305513e25
6.120251485243418e25
6.052306957622185e25
5.979939734718432e25
5.9031745374298196e25
5.822037748878455e25
5.736557401231162e25
5.646763161743821e25
5.552686318036438e25
5.45435976260686e25
5.351817976591341e25
5.245097012779573e25
5.1342344778945175e25
5.0192695141445205e25
4.900242780058734e25
4.777196430615164e25
4.650174096672054e25
4.519220863713308e25
4.384383249919245e25
4.245709183574094e25
4.103247979822297e25
3.957050316785869e25
3.8071682110553933e25
3.6536549925676964e25
3.496565278883566e25
3.3359549488790235e25
3.171881115864397e25
3.0044021001448427e25
2.833577401038273e25
2.6594676683638737e25
2.482134673417658e25
2.30164127945015e25
2.1180514116618563e25
1.9314300267327105e25
1.741843081901805e25
1.5493575036137206e25
1.3540411557485224e25
1.155962807452276e25
9.551921005853757e24
7.517995168059873e24
5.458563443065641e24
3.3743464422092213e24
1.2660721672040302e24
-8.655243318382019e23
-3.019701301118019e24
-5.195710630430938e24
-7.392798202821988e24
-9.610204246425524e24
-1.1847163688304565e25
-1.410290651009564e25
-1.6376658105272881e25
-1.8667639637833244e25
-2.0975068402213337e25
-2.3298158184245404e25
-2.5636119622954295e25
-2.7988160573004086e25
-3.0353486467597184e25
-3.2731300681632377e25
-3.5120804894929463e25
-3.752119945530969e25
-3.993168374136235e25
-4.2351456524679146e25
-4.477971633137469e25
-4.7215661802691584e25
-4.965849205450371e25
-5.21074070355166e25
-5.45616078839777e25
-5.702029728270227e25
-5.9482679812228085e25
-6.19479623019043e25
-6.44153541787282e25
-6.6884067813747125e25
-6.935331886583269e25
-7.1822326622647166e25
-7.4290314338624095e25
-7.675650956976878e25
-7.922014450511726e25
-8.16804562946636e25
-8.413668737358767e25
-8.658808578260782e25
-8.903390548428786e25
-9.147340667513151e25
-9.390585609329985e25
-9.633052732178523e25
-9.874670108688247e25
-1.0115366555180365e26
-1.0355071660527402e26
-1.0593715814496423e26
-1.0831230235560316e26
-1.106754699816383e26
-1.1302599059427683e26
-1.1536320285279749e26
-1.1768645475997392e26
-1.1999510391149058e26
-1.2228851773921379e26
-1.2456607374819659e26
-1.2682715974729658e26
-1.2907117407328373e26
-1.312975258083291e26
-1.3350563499075917e26
-1.3569493281897497e26
-1.3786486184842717e26
-1.4001487618155272e26
-1.4214444165057845e26
-1.4425303599309864e26
-1.4634014902034793e26
-1.484052827780726e26
-1.5044795169994296e26
-1.5246768275341996e26
-1.5446401557800998e26
-1.564365026158488e26
-1.583847092345487e26
-1.6030821384225924e26
-1.622066079948865e26
-1.640794964954308e26
-1.659264974853957e26
-1.6774724252823637e26
-1.6954137668481293e26
-1.713085585808247e26
-1.7304846046619867e26
-1.747607682664191e26
-1.764451816257862e26
-1.7810141394258606e26
-1.7972919239618374e26
-1.8132825796603077e26
-1.8289836544259543e26
-1.8443928343022905e26
-1.859507943419828e26
-1.8743269438639647e26
-1.8888479354628428e26
-1.9030691554954817e26
-1.9169889783205394e26
-1.9306059149261025e26
-1.943918612400938e26
-1.9569258533277128e26
-1.9696265550987072e26
-1.982019769154643e26
-1.9941046801471632e26
-2.0058806050257747e26
-2.0173469920498586e26
-2.0285034197265848e26
-2.0393495956755048e26
-2.049885355420698e26
-2.0601106611113495e26
-2.070025600171734e26
-2.0796303838815566e26
-2.088925345887677e26
-2.0979109406483197e26
-2.1065877418108338e26
-2.1149564405241833e26
-2.1230178436873246e26
-2.1307728721347206e26
-2.138222558760277e26
-2.1453680465809062e26
-2.152210586741179e26
-2.1587515364603623e26
-2.1649923569232796e26
-2.170934611116395e26
-2.1765799616106644e26
-2.1819301682926087e26
-2.1869870860451565e26
-2.1917526623798534e26
-2.1962289350219997e26
-2.2004180294503872e26
-2.2043221563932413e26
-2.207943609282095e26
-2.21128476166529e26
-2.2143480645828352e26
-2.2171360439043735e26
-2.219651297632039e26
-2.221896493170047e26
-2.223874364562764e26
-2.225587709703171e26
-2.2270393875135342e26
-2.228232315100198e26
-2.229169464884347e26
-2.229853861710697e26
