9.7684576171875e-14
9.776478673183609e10
1.5680644603171787e12
7.970639383671317e12
2.5334109015763883e13
6.2299428503289664e13
1.3032048002092339e14
2.439215512668264e14
4.2101138316701756e14
6.83253398779579e14
1.0564916556814012e15
1.5712319948299568e15
2.2631777900836345e15
3.173819634299321e15
4.3510782302674545e15
5.849999687754353e15
7.733502361660477e15
1.0073174300831674e16
1.2950120312438162e16
1.6455857583121794e16
2.0693258735364156e16
2.577754113580332e16
3.183730121158184e16
3.901559247129755e16
4.7471045868807144e16
5.737903109105159e16
6.8932857295285656e16
8.234501176665069e16
9.784843491398026e16
1.1569782997012022e17
1.3617100571292355e17
1.5957025047449533e17
1.862237356592513e17
2.1648694694596698e17
2.507441413052596e17
2.8940982792192205e17
3.329302710712303e17
3.817850129598322e17
4.364884145051096e17
4.9759121199204806e17
5.6568208751363437e17
6.413892510697235e17
7.253820321701443e17
8.183724787605914e17
9.21116961264642e17
1.0344177795119794e18
1.1591247703017052e18
1.29613691333047e18
1.4464039331979904e18
1.6109278951875438e18
1.790764792506003e18
1.98702612265717e18
2.2008804506133622e18
2.4335549564435855e18
2.6863369650520556e18
2.9605754556784794e18
3.257682548811121e18
3.579134968165598e18
3.926475475386203e18
4.3013142751326787e18
4.705330388223446e18
5.140272990516674e18
5.607962715222694e18
6.110292916356012e18
6.649230891051223e18
7.226819058486131e18
7.845176093175502e18
8.506498010421665e18
9.213059201732762e18
9.967213418045673e18
1.07713946986195e19
1.1628118243495428e19
1.2539981227451357e19
1.3509663553413575e19
1.4539928543323787e19
1.5633623564497474e19
1.6793680589548943e19
1.8023116687999873e19
1.9325034447730557e19
2.0702622324478124e19
2.2159154917631533e19
2.3697993170621465e19
2.5322584494251655e19
2.703646281136952e19
2.8843248521325752e19
3.0746648382725874e19
3.275045531303199e19
3.48585481036284e19
3.707489104902279e19
3.940353348891268e19
4.1848609261906534e19
4.441433606975015e19
4.710501475096969e19
4.992502846290662e19
5.28788417711825e19
5.597099964569646e19
5.920612636232386e19
6.258892430954961e19
6.612417269933782e19
6.981672618160565e19
7.36715133617375e19
7.7693535220645e19
8.188786343694538e19
8.625963861090281e19
9.08140683898435e19
9.555642549482961e19
1.004920456484427e20
1.0562632540360178e20
1.1096471987340881e20
1.1651274036208678e20
1.2227595189714426e20
1.2825997066297393e20
1.3447046133615795e20
1.4091313432282938e20
1.475937428985035e20
1.5451808025086578e20
1.6169197642607113e20
1.6912129517917857e20
1.7681193072941485e20
1.8476980442102546e20
1.930008612905433e20
2.015110665413688e20
2.103064019266229e20
2.1939286204129896e20
2.2877645052480622e20
2.3846317617505855e20
2.4845904897532903e20
2.587700760351481e20
2.694022574465906e20
2.8036158205735148e20
2.9165402316207325e20
3.032855341134436e20
3.152620438546427e20
3.275894523747697e20
3.402736260889408e20
3.5332039314479474e20
3.6673553865720686e20
3.805247998730496e20
3.9469386126790014e20
4.092483495766364e20
4.241938287599115e20
4.39535794908545e20
4.552796710879121e20
4.7143080212445266e20
4.879944493364691e20
5.049757852114158e20
5.223798880319265e20
5.4021173645286185e20
5.584762040316916e20
5.771780537145669e20
5.96321932280465e20
6.159123647458184e20
6.359537487320817e20
6.564503487987002e20
6.774062907439847e20
6.988255558764171e20
7.207119752589321e20
7.430692239287465e20
7.659008150953268e20
7.892100943191031e20
8.130002336735554e20
8.372742258933161e20
8.62034878510944e20
8.872848079850378e20
9.130264338223737e20
9.392619726967559e20
9.659934325672734e20
9.932226067986827e20
1.0209510682866135e21
1.0491801635903213e21
1.0779110070757099e21
1.1071444750713309e21
1.1368812000400967e21
1.1671215647694157e21
1.1978656965824741e21
1.229113461573374e21
1.2608644588688428e21
1.29311801491921e21
1.3258731778213573e21
1.3591287116763268e21
1.3928830909842627e21
1.4271344950793661e21
1.4618808026075158e21
1.4971195860492008e21
1.532848106290404e21
1.5690633072440506e21
1.605761810524635e21
1.6429399101786077e21
1.680593567473105e21
1.7187184057455726e21
1.757309705316827e21
1.7963623984700756e21
1.835871064498393e21
1.8758299248231553e21
1.9162328381858728e21
1.9570732959158824e21
1.9983444172763205e21
2.0400389448907751e21
2.082149240253001e21
2.1246672793220604e21
2.1675846482052236e21
2.2108925389309514e21
2.2545817453142493e21
2.2986426589166643e21
2.3430652651031846e21
2.387839139198257e21
2.432953442743139e21
2.4783969198567577e21
2.524157893702248e21
2.5702242630613e21
2.6165834990184447e21
2.6632226417573537e21
2.7101282974712563e21
2.7572866353894874e21
2.8046833849222536e21
2.8523038329255625e21
2.9001328210883715e21
2.948154743443875e21
2.9963535440069263e21
3.0447127145394817e21
3.093215292446033e21
3.141843858800876e21
3.1905805365091385e21
3.239406988603386e21
3.2883044166776877e21
3.3372535594609604e21
3.3862346915313924e21
3.435227622173767e21
3.4842116943814564e21
3.5331657840048713e21
3.5820682990481053e21
3.630897179115541e21
3.679629895010157e21
3.728243448485218e21
3.776714372151122e21
3.8250187295390554e21
3.873132115323191e21
3.921029655703075e21
3.968686008947918e21
4.0160753661044384e21
4.063171451869917e21
4.109947525632141e21
4.1563763826778665e21
4.2024303555714577e21
4.24808131570534e21
4.293300675023893e21
4.338059387922435e21
4.3823279533229154e21
4.4260764169279363e21
4.469274373654738e21
4.5118909702507515e21
4.553894908092358e21
4.5952544461684584e21
4.635937404250451e21
4.675911166250269e21
4.715142683768042e21
4.753598479831037e21
4.791244652825441e21
4.828046880622624e21
4.863970424901489e21
4.898980135668462e21
4.933040455976808e21
4.966115426846772e21
4.998168692388241e21
5.029163505127427e21
5.059062731539227e21
5.08782885778682e21
5.115423995670079e21
5.141809888784381e21
5.166947918891379e21
5.190799112503306e21
5.213324147682367e21
5.234483361056755e21
5.25423675505484e21
5.272544005359062e21
5.289364468581022e21
5.304657190159309e21
5.318380912481509e21
5.330494083231921e21
5.340954863966373e21
5.349721138915638e21
5.35675052401883e21
5.362000376188182e21
5.36542780280659e21
5.366989671459247e21
5.366642619900736e21
5.364343066258779e21
5.360047219476033e21
5.353711089991009e21
5.34529050065944e21
5.33474109791716e21
5.322018363185631e21
5.307077624521204e21
5.289874068509101e21
5.270362752403136e21
5.248498616512048e21
5.224236496833365e21
5.197531137935572e21
5.168337206089372e21
5.136609302648709e21
5.102301977682177e21
5.065369743855399e21
5.025767090564842e21
4.983448498323484e21
4.93836845339868e21
4.890481462702445e21
4.839742068934391e21
4.78610486597731e21
4.729524514545486e21
4.6699557580855297e21
4.607353438929638e21
4.541672514700892e21
4.472868074970201e21
4.4008953581644006e21
4.325709768724834e21
4.247266894515675e21
4.165522524481134e21
4.08043266655054e21
3.991953565790159e21
3.9000417228005195e21
3.804653912357835e21
3.705747202297986e21
3.6032789726414e21
3.4972069349570065e21
3.387489151963272e21
3.2740840573641865e21
3.1569504759179536e21
3.036047643735887e21
2.9113352288089135e21
2.782773351758862e21
2.650322606811691e21
2.513944082989339e21
2.373599385517021e21
2.2292506574424155e21
2.0808606014630485e21
1.9283925019579604e21
1.771810247219639e21
1.6110783518819536e21
1.4461619795394235e21
1.2770269655534634e21
1.1036398400403292e21
9.259678510360727e20
7.439789878327273e20
5.576420044806805e20
3.66926443450999e20
1.7180265945215114e20
-2.775815660543515e19
-2.317839535031095e20
-4.403017954729541e20
-6.533378378286005e20
-8.709173024753157e20
-1.0930644533063954e21
-1.319802571493837e21
-1.551153930680727e21
-1.7871397720838887e21
-2.0277802795145972e21
-2.2730945543265185e21
-2.5231005902990664e21
-2.777815248465849e21
-3.037254231896965e21
-3.3014320604452194e21
-3.5703620454655763e21
-3.8440562645183937e21
-4.122525536066231e21
-4.40577939417533e21
-4.6938260632320176e21
-4.98667243268563e21
-5.284324031828729e21
-5.586785004626609e21
-5.894058084607482e21
-6.20614456982585e21
-6.523044297910698e21
-6.844755621211749e21
-7.171275382055953e21
-7.5025988881274e21
-7.838719887984151e21
-8.179630546724846e21
-8.525321421819489e21
-8.875781439117616e21
-9.230997869048665e21
-9.59095630302822e21
-9.955640630085385e21
-1.032503301372535e22
-1.06991138690429e22
-1.1077861840101283e22
-1.1461253777592557e22
-1.184926471679431e22
-1.2241867855839185e22
-1.2639034534312498e22
-1.3040734212194707e22
-1.3446934449164504e22
-1.3857600884279366e22
-1.4272697216049898e22
-1.469218518292506e22
-1.5116024544204757e22
-1.5544173061397398e22
-1.5976586480038971e22
-1.64132185119916e22
-1.6854020818238395e22
-1.7298942992192637e22
-1.7747932543538428e22
-1.8200934882621077e22
-1.8657893305404422e22
-1.9118748979013494e22
-1.958344092787994e22
-2.0051906020508764e22
-2.0524078956883747e22
-2.0999892256530325e22
-2.1479276247253143e22
-2.1962159054567464e22
-2.2448466591841274e22
-2.2938122551167516e22
-2.3431048394983065e22
-2.3927163348454012e22
-2.4426384392643798e22
-2.4928626258483356e22
-2.543380142156032e22
-2.5941820097745356e22
-2.6452590239673586e22
-2.6966017534098263e22
-2.7482005400134588e22
-2.8000454988410693e22
-2.8521265181143366e22
-2.90443325931553e22
-2.956955157385119e22
-3.009681421016858e22
-3.062601033052137e22
-3.115702750975075e22
-3.168975107510118e22
-3.2224064113236047e22
-3.2759847478309784e22
-3.3296979801110682e22
-3.383533749929095e22
-3.4374794788697167e22
-3.4915223695817517e22
-3.545649407135829e22
-3.5998473604965073e22
-3.654102784110102e22
-3.7084020196096367e22
-3.76273119763812e22
-3.817076239791493e22
-3.871422860682319e22
-3.925756570125572e22
-3.980062675447432e22
-4.0343262839183726e22
-4.0885323053114256e22
-4.1426654545867054e22
-4.196710254703087e22
-4.250651039557965e22
-4.304471957055918e22
-4.358156972307085e22
-4.411689870955961e22
-4.465054262641367e22
-4.518233584588142e22
-4.571211105331205e22
-4.623969928572441e22
-4.676492997170911e22
-4.728763097266783e22
-4.780762862539287e22
-4.832474778598989e22
-4.883881187514598e22
-4.934964292474459e22
-4.98570616258274e22
-5.036088737790455e22
-5.086093833961124e22
-5.1357031480710635e22
-5.1848982635440075e22
-5.2336606557198856e22
-5.2819716974573645e22
-5.329812664869728e22
-5.3771647431936775e22
-5.4240090327904156e22
-5.470326555278425e22
-5.5160982597972135e22
-5.561305029401251e22
-5.605927687583185e22
-5.64994700492548e22
-5.693343705879345e22
-5.736098475669945e22
-5.778191967326651e22
-5.819604808837085e22
-5.860317610423617e22
-5.900310971940901e22
-5.939565490392882e22
-5.9780617675678065e22
-6.015780417789375e22
-6.052702075782529e22
-6.088807404651763e22
-6.124077103970269e22
-6.158491917977798e22
-6.192032643885135e22
-6.224680140283089e22
-6.256415335653709e22
-6.2872192369813784e22
-6.317072938461375e22
-6.345957630303438e22
-6.3738546076276715e22
-6.400745279450231e22
-6.426611177755935e22
-6.451433966655075e22
-6.4751954516214056e22
-6.4978775888084565e22
-6.51946249444097e22
-6.539932454278435e22
-6.559269933147361e22
-6.57745758453913e22
-6.5944782602699335e22
-6.610315020199424e22
-6.624951142004457e22
-6.63837013100443e22
-6.650555730034453e22
-6.661491929362649e22
-6.6711629766477285e22
-6.679553386932996e22
-6.686647952672779e22
-6.692431753787339e22
-6.696890167742011e22
-6.7000088796466376e22
-6.701773892370886e22
-6.702171536671274e22
-6.701188481325587e22
-6.698811743270153e22
-6.695028697735674e22
-6.689827088377069e22
-6.683195037392694e22
-6.675121055628382e22
-6.665594052661696e22
-6.654603346861563e22
-6.642138675418665e22
-6.6281902043416584e22
-6.612748538414523e22
-6.595804731110046e22
-6.577350294454609e22
-6.557377208839259e22
-6.535877932772124e22
-6.512845412567199e22
-6.488273091964356e22
-6.462154921675589e22
-6.434485368852416e22
-6.405259426469263e22
-6.3744726226177786e22
-6.342121029706836e22
-6.308201273563202e22
-6.272710542427556e22
-6.235646595840791e22
-6.197007773415396e22
-6.15679300348666e22
-6.115001811638605e22
-6.071634329099433e22
-6.026691301001334e22
-5.980174094499383e22
-5.932084706744526e22
-5.882425772705386e22
-5.83120057283385e22
-5.778413040569235e22
-5.724067769676043e22
-5.668170021410172e22
-5.610725731508626e22
-5.551741516997635e22
-5.491224682814268e22
-5.429183228236622e22
-5.365625853117686e22
-5.3005619639179675e22
-5.234001679532198e22
-5.16595583690527e22
-5.096435996432767e22
-5.0254544471413316e22
-4.953024211644439e22
-4.8791590508689225e22
-4.803873468547836e22
-4.727182715475248e22
-4.649102793518581e22
-4.569650459384346e22
-4.488843228132978e22
-4.406699376438777e22
-4.323237945590725e22
-4.2384787442305144e22
-4.152442350823685e22
-4.065150115860271e22
-3.9766241637811e22
-3.886887394626361e22
-3.795963485402791e22
-3.7038768911662195e22
-3.6106528458159935e22
-3.5163173625983545e22
-3.4208972343154663e22
-3.324420033237284e22
-3.2269141107132424e22
-3.128408596481229e22
-3.028933397671024e22
-2.928519197499842e22
-2.8271974536574575e22
-2.7250003963787954e22
-2.621961026201716e22
-2.518113111408068e22
-2.41349118514614e22
-2.3081305422326042e22
-2.202067235632585e22
-2.0953380726161434e22
-1.9879806105899973e22
-1.8800331526030898e22
-1.7715347425251755e22
-1.6625251598972377e22
-1.5530449144532137e22
-1.4431352403121158e22
-1.3328380898403074e22
-1.222196127183419e22
-1.1112527214678228e22
-1.0000519396714609e22
-8.88638539164321e21
-7.7705795991867e21
-6.653563163895551e21
-5.535803890659758e21
-4.417776156936476e21
-3.2999608217005384e21
-2.1828451311293856e21
-1.0669226210324434e21
4.730698395948994e19
1.1593378744318149e21
2.2686582634327772e21
3.3747504969127213e21
4.4770911673346624e21
5.575151230436139e21
6.668396125119326e21
7.756285896444512e21
8.838275321702629e21
9.913814039537528e21
1.098234668209026e22
1.2043313010134246e22
1.3096148051170188e22
1.4140282240445855e22
1.5175141564866592e22
1.6200147709759242e22
1.7214718208452583e22
1.8218266594633027e22
1.921020255743561e22
2.0189932099227204e22
2.1156857696038716e22
2.2110378460599577e22
2.3049890307928727e22
2.397478612343299e22
2.4884455933464407e22
2.5778287078283915e22
2.6655664387380142e22
2.751597035708902e22
2.835858533045984e22
2.91828876793106e22
2.998825398841571e22
3.077405924176695e22
3.1539677010847534e22
3.2284479644859017e22
3.300783846283691e22
3.370912394759328e22
3.43877059414201e22
3.5042953843489647e22
3.567423680888255e22
3.6280923949178376e22
3.686238453453752e22
3.7417988197207067e22
3.79471051363777e22
3.8449106324321825e22
3.892336371373889e22
3.936925044623669e22
3.9786141061872095e22
4.017341170967875e22
4.053044035910377e22
4.0856607012280435e22
4.115129391705581e22
4.141388578069994e22
4.164376998421513e22
4.1840336797169044e22
4.200297959297132e22
4.2131095064514375e22
4.222408344009788e22
4.228134869955773e22
4.230229879051762e22
4.228634584468254e22
4.2232906394092335e22
4.214140158725567e22
4.201125740507993e22
4.184190487651755e22
4.163278029384482e22
4.138332542749352e22
4.109298774035105e22
4.07612206014484e22
4.038748349895323e22
3.997124225238742e22
3.951196922398639e22
3.900914352911878e22
3.846225124568544e22
3.787078562241766e22
3.723424728599266e22
3.655214444688699e22
3.5823993103886773e22
3.504931724717823e22
3.4227649059936107e22
3.3358529118334265e22
3.244150658989837e22
3.147613943012719e22
3.046199457730115e22
2.9398648145406796e22
2.8285685615098306e22
2.712270202262621e22
2.5909302146654798e22
2.464510069289976e22
2.332972247651135e22
2.1962802602135737e22
2.054398664158055e22
1.9072930809019525e22
1.7549302133665342e22
1.5972778629848015e22
1.4343049464428819e22
1.2659815121488311e22
1.0922787564223535e22
9.131690393995355e21
7.286259006461251e21
5.386240744735216e21
3.4313950495206036e21
1.421493606152688e21
-6.436795114993379e20
-2.764327700328639e21
-4.94064169053343e21
-7.172799411462328e21
-9.460965860808107e21
-1.1805292977201139e22
-1.420591951624424e22
-1.6662970930040486e22
-1.9176559250251796e22
-2.1746782974734617e22
-2.4373726957787637e22
-2.7057462304056206e22
-2.979804626612578e22
-3.259552214584295e22
-3.544991919939303e22
-3.836125254617218e22
-4.132952308147917e22
-4.435471739305877e22
-4.7436807681518734e22
-5.057575168465149e22
-5.377149260567849e22
-5.702395904544226e22
-6.033306493856123e22
-6.369870949357052e22
-6.712077713706092e22
-7.059913746183258e22
-7.413364517907183e22
-7.772414007456757e22
-8.137044696897152e22
-8.50723756821117e22
-8.882972100136137e22
-9.264226265407147e22
-9.650976528406315e22
-1.0043197843218663e23
-1.0440863652093397e23
-1.0843945884311495e23
-1.1252414955458025e23
-1.1666239767099153e23
-1.2085387706862208e23
-1.2509824648918627e23
-1.293951495486801e23
-1.337442147502164e23
-1.3814505550084552e23
-1.4259727013233938e23
-1.4710044192592209e23
-1.5165413914092238e23
-1.562579150473319e23
-1.609113079622411e23
-1.656138412901287e23
-1.703650235669754e23
-1.7516434850817786e23
-1.8001129506022942e23
-1.8490532745613937e23
-1.898458952745508e23
-1.948324335025333e23
-1.9986436260200667e23
-2.0494108857976374e23
-2.1006200306104796e23
-2.1522648336665476e23
-2.204338925935081e23
-2.2568357969867757e23
-2.3097487958678407e23
-2.3630711320075865e23
-2.416795876159038e23
-2.4709159613721536e23
-2.5254241839990965e23
-2.580313204731182e23
-2.635575549666917e23
-2.6912036114107063e23
-2.7471896502016336e23
-2.8035257950718763e23
-2.8602040450341768e23
-2.917216270297897e23
-2.9745542135130174e23
-3.0322094910416435e23
-3.0901735942563946e23
-3.14843789086518e23
-3.2069936262617075e23
-3.265831924901276e23
-3.324943791701171e23
-3.3843201134652e23
-3.4439516603316757e23
-3.503829087244335e23
-3.563942935445656e23
-3.624283633991846e23
-3.68484150128909e23
-3.745606746650335e23
-3.806569471872121e23
-3.867719672830794e23
-3.929047241097591e23
-3.990541965571954e23
-4.052193534132559e23
-4.113991535305376e23
-4.175925459948308e23
-4.237984702951731e23
-4.3001585649544556e23
-4.362436254074431e23
-4.424806887653765e23
-4.48725949401738e23
-4.5497830142448656e23
-4.612366303954852e23
-4.674998135101506e23
-4.7376671977825095e23
-4.8003621020580596e23
-4.863071379780307e23
-4.92578348643281e23
-4.9884868029794286e23
-5.051169637722201e23
-5.113820228167681e23
-5.176426742901353e23
-5.238977283469513e23
-5.3014598862683234e23
-5.363862524439461e23
-5.426173109772011e23
-5.4883794946101514e23
-5.550469473766223e23
-5.612430786438775e23
-5.674251118135239e23
-5.7359181025987814e23
-5.797419323739092e23
-5.85874231756662e23
-5.919874574130023e23
-5.980803539456501e23
-6.041516617494627e23
-6.102001172059504e23
-6.162244528779846e23
-6.222233977046821e23
-6.281956771964314e23
-6.341400136300474e23
-6.400551262440202e23
-6.459397314338524e23
-6.517925429474503e23
-6.576122720805611e23
-6.633976278722413e23
-6.691473173003332e23
-6.748600454769441e23
-6.805345158439141e23
-6.861694303682619e23
-6.91763489737603e23
-6.973153935555312e23
-7.028238405369564e23
-7.082875287034017e23
-7.137051555782521e23
-7.190754183819522e23
-7.243970142271629e23
-7.296686403138699e23
-7.348889941244555e23
-7.400567736187317e23
-7.451706774289487e23
-7.502294050547855e23
-7.552316570583269e23
-7.601761352590463e23
-7.650615429288027e23
-7.698865849868634e23
-7.746499681949764e23
-7.793504013524995e23
-7.839865954916105e23
-7.885572640726155e23
-7.93061123179377e23
-7.974968917148819e23
-8.01863291596974e23
-8.061590479542751e23
-8.103828893223185e23
-8.145335478399227e23
-8.18609759445833e23
-8.226102640756552e23
-8.265338058591179e23
-8.303791333176857e23
-8.341449995625619e23
-8.378301624931039e23
-8.414333849956936e23
-8.449534351430872e23
-8.483890863942836e23
-8.517391177949449e23
-8.550023141784027e23
-8.581774663672868e23
-8.612633713758123e23
-8.642588326127618e23
-8.671626600851974e23
-8.699736706029413e23
-8.726906879838646e23
-8.75312543260012e23
-8.778380748846146e23
-8.802661289400147e23
-8.825955593465462e23
-8.848252280724063e23
-8.869540053445589e23
-8.889807698607018e23
-8.909044090023353e23
-8.927238190489689e23
-8.944379053935033e23
-8.960455827588223e23
-8.975457754156259e23
-8.989374174015396e23
-9.002194527415405e23
-9.013908356697186e23
-9.024505308524188e23
-9.033975136127831e23
-9.042307701567327e23
-9.049492978004079e23
-9.055521051991011e23
-9.060382125777075e23
-9.064066519627146e23
-9.066564674157583e23
-9.06786715268766e23
-9.067964643607056e23
-9.066847962759638e23
-9.064508055843649e23
-9.060936000828507e23
-9.056123010388373e23
-9.050060434352496e23
-9.042739762172595e23
-9.034152625407189e23
-9.024290800223122e23
-9.013146209914165e23
-9.00071092743678e23
-8.986977177963018e23
-8.971937341450622e23
-8.955583955230098e23
-8.937909716608868e23
-8.918907485492241e23
-8.89857028702126e23
-8.876891314227085e23
-8.853863930701869e23
-8.829481673285829e23
-8.803738254770408e23
-8.776627566617108e23
-8.748143681691823e23
-8.718280857014261e23
-8.687033536522304e23
-8.6543963538506e23
-8.62036413512332e23
-8.584931901760372e23
-8.548094873296842e23
-8.509848470214944e23
-8.470188316788084e23
-8.429110243936395e23
-8.386610292093268e23
-8.342684714082069e23
-8.297329978002551e23
-8.250542770126085e23
-8.202319997799235e23
-8.152658792354641e23
-8.101556512028577e23
-8.049010744884282e23
-7.995019311740315e23
-7.939580269102829e23
-7.882691912101048e23
-7.824352777424756e23
-7.764561646263112e23
-7.703317547243366e23
-7.640619759368654e23
-7.576467814953822e23
-7.510861502557873e23
-7.443800869912121e23
-7.37528622684264e23
-7.305318148186036e23
-7.233897476696918e23
-7.161025325946055e23
-7.086703083207657e23
-7.010932412334673e23
-6.933715256620367e23
-6.855053841645005e23
-6.774950678105979e23
-6.693408564630113e23
-6.610430590566326e23
-6.526020138757302e23
-6.440180888288417e23
-6.352916817212533e23
-6.264232205248696e23
-6.174131636453303e23
-6.082620001861837e23
-5.9897025020997175e23
-5.895384649960122e23
-5.799672272947291e23
-5.702571515783316e23
-5.604088842876797e23
-5.5042310407511746e23
-5.403005220431176e23
-5.300418819785178e23
-5.1964796058219026e23
-5.091195676939098e23
-4.984575465122568e23
-4.8766277380932615e23
-4.76736160140083e23
-4.656786500461131e23
-4.5449122225360324e23
-4.4317488986531964e23
-4.317307005464083e23
-4.201597367037705e23
-4.084631156588402e23
-3.9664198981352e23
-3.846975468091065e23
-3.7263100967794926e23
-3.604436369876499e23
-3.481367229776092e23
-3.3571159768766424e23
-3.231696270786422e23
-3.1051221314458674e23
-2.977407940164745e23
-2.8485684405717363e23
-2.718618739474563e23
-2.5875743076283113e23
-2.4554509804101474e23
-2.3222649583978665e23
-2.1880328078505144e23
-2.0527714610888114e23
-1.916498216773319e23
-1.779230740078289e23
-1.640987062758993e23
-1.5017855831107886e23
-1.3616450658174773e23
-1.2205846416872449e23
-1.0786238072739536e23
-9.35782424382129e22
-7.920807194532487e22
-6.475392828317658e22
-5.021790679086666e22
-3.5602139014104646e22
-2.090879259454033e22
-6.140071146317876e21
8.701785880351962e21
2.3614503348742256e22
3.859577059849866e22
5.3643241622002656e22
6.875453525439838e22
8.392723537741253e22
9.915889113716616e22
1.1444701717609752e23
1.2978909387917192e23
1.4518256763448748e23
1.6062485110845974e23
1.7611332353568692e23
1.9164533102365082e23
2.072181868723436e23
2.2282917190898466e23
2.3847553483790756e23
2.541544926057504e23
2.6986323078201982e23
2.855989039551679e23
3.0135863614425213e23
3.17139521226246e23
3.329386233791219e23
3.48752977540742e23
3.645795898836527e23
3.804154383058063e23
3.962574729373083e23
4.121026166632004e23
4.279477656623473e23
4.4378978996242335e23
4.596255340110695e23
4.7545181726320416e23
4.9126543478452316e23
5.070631578711591e23
5.228417346855421e23
5.385978909084089e23
5.543283304069741e23
5.7002973591919594e23
5.856987697541484e23
6.0133207450842144e23
6.169262737985202e23
6.324779730091746e23
6.479837600575314e23
6.634402061731172e23
6.788438666935184e23
6.941912818756457e23
7.094789777225284e23
7.2470346682549e23
7.398612492216212e23
7.549488132663745e23
7.699626365212034e23
7.84899186656055e23
7.997549223665956e23
8.145262943059702e23
8.292097460309675e23
8.438017149623785e23
8.582986333593863e23
8.726969293077498e23
8.869930277216279e23
9.011833513587858e23
9.152643218489926e23
9.292323607353371e23
9.430838905282682e23
9.568153357720822e23
9.704231241235898e23
9.839036874427234e23
9.972534628947869e23
1.0104688940640791e24
1.023546432078571e24
1.0364825367453705e24
1.0492736776966394e24
1.0619163355456571e24
1.074407003052686e24
1.0867421863003342e24
1.0989184058780367e24
1.1109321980753413e24
1.122780116083599e24
1.1344587312057294e24
1.1459646340736597e24
1.1572944358730785e24
1.1684447695750775e24
1.1794122911743328e24
1.1901936809333708e24
1.200785644632557e24
1.2111849148253317e24
1.22138825209832e24
1.2313924463358513e24
1.2411943179884621e24
1.2507907193449197e24
1.2601785358073434e24
1.2693546871689292e24
1.278316128893854e24
1.2870598533988413e24
1.2955828913359595e24
1.303882312876135e24
1.3119552289929225e24
1.3197987927460064e24
1.327410200563975e24
1.3347866935258408e24
1.341925558640801e24
1.3488241301257415e24
1.3554797906799603e24
1.3618899727565932e24
1.3680521598302295e24
1.3739638876601642e24
1.3796227455487956e24
1.3850263775946196e24
1.3901724839392647e24
1.3950588220080729e24
1.3996832077436553e24
1.4040435168318994e24
1.4081376859198613e24
1.4119637138250325e24
1.4155196627354018e24
1.418803659399804e24
1.4218138963079414e24
1.424548632859617e24
1.4270061965225607e24
1.4291849839783386e24
1.431083462255768e24
1.432700169851322e24
1.4340337178359493e24
1.4350827909477862e24
1.4358461486701946e24
1.4363226262945923e24
1.436511135967542e24
1.4364106677215483e24
1.436020290489033e24
1.435339153098946e24
1.4343664852554927e24
1.433101598498446e24
1.4315438871445153e24
1.4296928292092427e24
1.4275479873089368e24
1.4251090095421136e24
1.4223756303499284e24
1.4193476713551206e24
1.416025042178956e24
1.412407741235676e24
1.4084958565039835e24
1.4042895662750551e24
1.3997891398766391e24
1.394994938372755e24
1.3899074152385287e24
1.3845271170097224e24
1.3788546839065092e24
1.3728908504310513e24
1.3666364459384482e24
1.360092395180653e24
1.3532597188228992e24
1.3461395339322899e24
1.3387330544381018e24
1.3310415915634522e24
1.3230665542279266e24
1.3148094494208159e24
1.3062718825445895e24
1.2974555577282826e24
1.2883622781104106e24
1.27899394609114e24
1.269352563553362e24
1.2594402320523725e24
1.2492591529738678e24
1.2388116276599678e24
1.2281000575029934e24
1.2171269440067594e24
1.2058948888150878e24
1.1944065937073597e24
1.182664860560852e24
1.1706725912796528e24
1.1584327876899602e24
1.1459485514015797e24
1.1332230836354437e24
1.120259685017013e24
1.1070617553353705e24
1.0936327932679336e24
1.0799763960706221e24
1.0660962592333986e24
1.0519961761010822e24
1.0376800374593646e24
1.0231518310859598e24
1.0084156412668429e24
9.934756482775586e23
9.783361278295325e23
9.630014504814468e23
9.474760810156375e23
9.317645777795646e23
9.158715919923783e23
8.998018670166496e23
8.835602375953202e23
8.671516290539778e23
8.505810564685095e23
8.33853623798305e23
8.16974522985097e23
7.99949033017595e23
7.827825189620704e23
7.654804309590666e23
7.480483031864168e23
7.304917527887934e23
7.1281647877396e23
6.950282608760165e23
6.771329583858479e23
6.59136508949048e23
6.410449273315962e23
6.228643041535807e23
6.046008045912701e23
5.862606670478561e23
5.678502017932177e23
5.493757895730086e23
5.308438801874976e23
5.1226099104049225e23
4.936337056587522e23
4.749686721822992e23
4.56272601826042e23
4.3755226731314174e23
4.188145012805925e23
4.000661946574149e23
3.813142950160133e23
3.625658048971241e23
3.438277801088769e23
3.25107328000475e23
3.0641160571101785e23
2.8774781839399724e23
2.6912321741803713e23
2.5054509854437858e23
2.3202080008175723e23
2.1355770101919395e23
1.9516321913731956e23
1.7684480909882923e23
1.5860996051868105e23
1.4046619601466422e23
1.2242106923896441e23
1.0448216289139599e23
8.66570867148968e22
6.895347547402017e22
5.137898691704427e22
3.3941299722397644e22
1.6648111430085623e22
-4.928636411830956e20
-1.7473896490474072e22
-3.428724554397099e22
-5.092515877652663e22
-6.737987584461751e22
-8.36436302300322e22
-9.970865139352481e22
-1.1556716693770476e23
-1.3121140477840288e23
-1.4663359532377227e23
-1.6182597366033796e23
-1.7678078174528893e23
-1.91490270604175e23
-2.059467025332857e23
-2.2014235330592242e23
-2.340695143817866e23
-2.477204951187059e23
-2.610876249859152e23
-2.7416325577810735e23
-2.86939763829466e23
-2.9940955222691736e23
-3.1156505302177325e23
-3.2339872943900386e23
-3.3490307808335896e23
-3.460706311415296e23
-3.568939585795757e23
-3.673656703348359e23
-3.774784185015227e23
-3.872248995092527e23
-3.965978562936862e23
-4.055900804585278e23
-4.141944144281273e23
-4.2240375358987104e23
-4.302110484256276e23
-4.376093066314742e23
-4.4459159522494195e23
-4.5115104263904804e23
-4.572808408023259e23
-4.629742472041482e23
-4.6822458694459225e23
-4.730252547681176e23
-4.773697170803173e23
-4.812515139470677e23
-4.846642610753184e23
-4.8760165177484275e23
-4.90057458900269e23
-4.920255367726855e23
-4.9349982308014825e23
-4.944743407564284e23
-4.949431998373318e23
-4.9490059929396674e23
-4.9434082884229356e23
-4.932582707283249e23
-4.916474014883988e23
-4.895027936838798e23
-4.868191176097011e23
-4.8359114297617685e23
-4.7981374056349e23
-4.754818838483351e23
-4.705906506021129e23
-4.651352244601912e23
-4.591108964616928e23
-4.5251306655928304e23
-4.453372450984939e23
-4.375790542660759e23
-4.292342295069269e23
-4.202986209091396e23
-4.1076819455669704e23
-4.0063903384947645e23
-3.8990734079003266e23
-3.785694372368639e23
-3.666217661237187e23
-3.540608926446169e23
-3.408835054042064e23
-3.2708641753314125e23
-3.12666567768122e23
-2.9762102149638894e23
-2.8194697176425302e23
-2.656417402494875e23
-2.487027781972921e23
-2.311276673195919e23
-2.1291412065745392e23
-1.940599834063807e23
-1.7456323370438708e23
-1.5442198338255982e23
-1.3363447867802472e23
-1.121991009091742e23
-9.011436711300396e22
-6.737893064447933e22
-4.399158173783231e22
-1.995124802967536e22
4.743004956001456e21
3.009197336115176e22
5.609631458522117e22
8.275654691497108e22
1.1007304919254851e23
1.380460605218014e23
1.6667568001276183e23
1.9596186656429895e23
2.2590443868473457e23
2.5650307435050277e23
2.8775731090261435e23
3.1966654498084314e23
3.522300324955051e23
3.8544688863664704e23
4.193160879204867e23
4.538364642729592e23
4.8900671115002215e23
5.2482538169470136e23
5.6129088893048835e23
5.984015059909135e23
6.361553663849984e23
6.745504642983326e23
7.135846549294592e23
7.53255654861328e23
7.93561042467342e23
8.344982583518683e23
8.760646058247081e23
9.182572514092439e23
9.610732253838468e23
1.004509422356204e24
1.0485626018701145e24
1.0932293890444328e24
1.1385062752435697e24
1.1843896187793389e24
1.2308756456435252e24
1.2779604502708106e24
1.3256399963315622e24
1.37391011755399e24
1.422766518575293e24
1.4722047758210692e24
1.5222203384127744e24
1.5728085291025015e24
1.6239645452346415e24
1.6756834597338978e24
1.72796022211909e24
1.7807896595422109e24
1.834166477852255e24
1.8880852626830603e24
1.9425404805648674e24
1.9975264800588205e24
2.053037492913918e24
2.1090676352458173e24
2.1656109087369083e24
2.2226612018570362e24
2.2802122911044005e24
2.3382578422657675e24
2.3967914116957278e24
2.45580644761415e24
2.5152962914213144e24
2.5752541790301267e24
2.635673242214763e24
2.69654650997515e24
2.7578669099167537e24
2.819627269644829e24
2.8818203181728225e24
2.944438687344089e24
3.0074749132664225e24
3.0709214377587387e24
3.134770609809327e24
3.199014687045056e24
3.263645837210995e24
3.328656139659649e24
3.3940375868495e24
3.459782085852033e24
3.5258814598667515e24
3.59232744974359e24
3.659111715512107e24
3.7262258379170095e24
3.7936613199591536e24
3.861409588441846e24
3.929461995521574e24
3.997809820262763e24
4.06644427019598e24
4.135356482879046e24
4.204537527460533e24
4.2739784062451863e24
4.3436700562605523e24
4.4136033508246204e24
4.4837691011137227e24
4.5541580577303483e24
4.6247609122703183e24
4.695568298888927e24
4.7665707958655183e24
4.837758927166186e24
4.909123164003901e24
4.980653926395988e24
5.05234158471828e24
5.124176461255636e24
5.196148831748473e24
5.26824892693486e24
5.340466934087858e24
5.412792998547812e24
5.485217225249041e24
5.557729680240915e24
5.630320392202738e24
5.702979353952299e24
5.775696523947699e24
5.84846182778228e24
5.921265159672308e24
5.994096383937283e24
6.066945336472428e24
6.139801826213442e24
6.212655636593051e24
6.285496526989322e24
6.358314234165503e24
6.431098473701232e24
6.503838941415021e24
6.576525314777842e24
6.649147254317642e24
6.721694405014833e24
6.794156397688568e24
6.866522850373712e24
6.93878336968855e24
7.010927552193072e24
7.082944985737954e24
7.154825250804009e24
7.226557921832337e24
7.298132568545072e24
7.36953875725672e24
7.440766052176254e24
7.5118040166999e24
7.582642214694763e24
7.653270211773387e24
7.723677576559242e24
7.793853881943396e24
7.863788706332413e24
7.933471634887641e24
8.002892260756009e24
8.072040186292581e24
8.14090502427491e24
8.209476399109608e24
8.277743948031004e24
8.345697322292448e24
8.413326188350271e24
8.480620229040711e24
8.547569144750046e24
8.614162654578208e24
8.680390497496094e24
8.746242433496993e24
8.811708244742182e24
8.87677773670126e24
8.941440739287358e24
9.005687107987568e24
9.069506724988982e24
9.132889500300629e24
9.195825372871624e24
9.258304311706004e24
9.320316316974402e24
9.381851421123154e24
9.442899689981082e24
9.503451223864275e24
9.563496158679459e24
9.623024667026092e24
9.682026959297796e24
9.740493284783336e24
9.798413932767719e24
9.855779233633681e24
9.912579559964058e24
9.968805327645388e24
1.0024446996973217e25
1.0079495073759433e25
1.0133940110442225e25
1.0187772707198748e25
1.0240983513061332e25
1.0293563227037298e25
1.0345502599232976e25
1.0396792431982294e25
1.0447423580980322e25
1.0497386956422242e25
1.0546673524148089e25
1.0595274306793642e25
1.0643180384947995e25
1.0690382898318038e25
1.0736873046900355e25
1.0782642092160839e25
1.0827681358222485e25
1.0871982233061644e25
1.091553616971321e25
1.0958334687484928e25
1.1000369373181373e25
1.1041631882337815e25
1.108211394046431e25
1.112180734430038e25
1.1160703963080552e25
1.1198795739811124e25
1.1236074692558376e25
1.1272532915748521e25
1.1308162581479717e25
1.1342955940846335e25
1.1376905325275774e25
1.141000314787801e25
1.144224190480811e25
1.1473614176641984e25
1.1504112629765407e25
1.153373001777665e25
1.1562459182902807e25
1.1590293057429906e25
1.1617224665147088e25
1.164324712280476e25
1.1668353641586981e25
1.169253752859811e25
1.1715792188363708e25
1.173811112434586e25
1.1759487940472827e25
1.1779916342683068e25
1.1799390140483683e25
1.1817903248523134e25
1.183544968817828e25
1.1852023589155572e25
1.1867619191106442e25
1.188223084525659e25
1.1895853016049243e25
1.190848028280202e25
1.192010734137744e25
1.1930729005866675e25
1.1940340210286496e25
1.1948936010289048e25
1.1956511584884274e25
1.1963062238174676e25
1.1968583401102072e25
1.1973070633206106e25
1.197651962439405e25
1.1978926196721649e25
1.1980286306184486e25
1.1980596044519531e25
1.1979851641016457e25
1.1978049464338132e25
1.1975186024349972e25
1.1971257973957479e25
1.196626211095157e25
1.1960195379861073e25
1.195305487381178e25
1.1944837836391543e25
1.1935541663520775e25
1.192516390532762e25
1.1913702268027233e25
1.1901154615804428e25
1.1887518972698997e25
1.1872793524492968e25
1.185697662059902e25
1.1840066775949364e25
1.1822062672884156e25
1.180296316303875e25
1.1782767269228891e25
1.1761474187332982e25
1.1739083288170602e25
1.1715594119376292e25
1.169100640726774e25
1.1665320058707494e25
1.1638535162957035e25
1.161065199352252e25
1.1581671009990923e25
1.1551592859855791e25
1.1520418380331415e25
1.1488148600154502e25
1.1454784741372121e25
1.1420328221115084e25
1.1384780653355446e25
1.1348143850647088e25
1.1310419825848308e25
1.1271610793825223e25
1.1231719173134867e25
1.1190747587686791e25
1.1148698868381953e25
1.1105576054727898e25
1.1061382396428714e25
1.101612135494886e25
1.09697966050494e25
1.0922412036295648e25
1.087397175453474e25
1.0824480083342139e25
1.0773941565435473e25
1.072236096405497e25
1.0669743264308648e25
1.0616093674481356e25
1.0561417627306307e25
1.0505720781197751e25
1.0449009021443614e25
1.0391288461356702e25
1.0332565443383225e25
1.0272846540167512e25
1.0212138555571269e25
1.015044852564649e25
1.0087783719560428e25
1.0024151640471543e25
9.959560026355045e24
9.89401685077671e24
9.827530323613928e24
9.76010889172239e24
9.691761239547417e24
9.622496289678504e24
9.552323203346008e24
9.481251380858527e24
9.409290461979998e24
9.336450326244938e24
9.262741093211187e24
9.188173122648273e24
9.112757014660806e24
9.036503609745359e24
8.959423988779894e24
8.88152947294451e24
8.802831623572434e24
8.723342241930002e24
8.64307336892494e24
8.562037284741358e24
8.480246508400807e24
8.397713797248183e24
8.314452146361625e24
8.230474787885203e24
8.145795190283727e24
8.060427057518381e24
7.974384328142788e24
7.887681174318017e24
7.800332000746183e24
7.712351443521505e24
7.623754368898153e24
7.534555871974128e24
7.444771275290334e24
7.354416127344132e24
7.263506201016938e24
7.172057491914847e24
7.080086216621874e24
6.987608810865263e24
6.894641927592208e24
6.8012024349575e24
6.707307414221581e24
6.612974157558793e24
6.518220165775031e24
6.423063145934702e24
6.327521008896584e24
6.231611866758298e24
6.135354030209077e24
6.038766005790766e24
5.941866493066531e24
5.84467438169778e24
5.747208748428394e24
5.649488853976883e24
5.551534139836051e24
5.453364224980435e24
5.354998902481432e24
5.256458136030331e24
5.157762056369281e24
5.058930957630683e24
4.959985293584862e24
4.860945673796589e24
4.761832859690714e24
4.662667760527277e24
4.563471429286515e24
4.464265058464337e24
4.3650699757784946e24
4.265907639786591e24
4.1667996354158037e24
4.0677676694055817e24
3.968833565663681e24
3.870019260536462e24
3.771346797994154e24
3.672838324731977e24
3.5745160851878977e24
3.476402416478288e24
3.3785197432520106e24
3.28089057246428e24
3.1835374880713184e24
3.0864831456468196e24
2.9897502669216154e24
2.893361634247375e24
2.7973400849861825e24
2.701708505826675e24
2.6064898270285205e24
2.5117070165964723e24
2.4173830743854692e24
2.3235410261382996e24
2.2302039174573276e24
2.1373948077117606e24
2.0451367638824464e24
1.9534528543453503e24
1.862366142595785e24
1.7718996809150444e24
1.6820765039811797e24
1.5929196224258215e24
1.5044520163389002e24
1.4166966287230526e24
1.329676358900031e24
1.2434140558706074e24
1.1579325116303778e24
1.0732544544433892e24
9.894025420757116e23
9.063993549910954e23
8.242673895109238e23
7.430290509405064e23
6.627066466643396e23
5.833223792121355e23
5.0489833929822624e23
4.274564988366638e23
3.510187039342515e23
2.75606667864066e23
2.012419640217997e23
1.2794601886728934e23
5.574010485411327e22
-1.535466665083223e22
-8.531735245472478e22
-1.5412718463093758e23
-2.2176357761309325e23
-2.882061352886635e23
-3.534346580892466e23
-4.174291500752271e23
-4.801698260116594e23
-5.416371184332041e23
-6.018116846951681e23
-6.606744140078957e23
-7.182064344519785e23
-7.743891199713153e23
-8.292040973416464e23
-8.826332531111929e23
-9.346587405113855e23
-9.852629863343319e23
-1.0344286977744742e24
-1.082138869231728e24
-1.1283767890730686e24
-1.1731260463500862e24
-1.2163705374694816e24
-1.2580944728137594e24
-1.2982823833094553e24
-1.3369191269399436e24
-1.3739898952002008e24
-1.4094802194905776e24
-1.4433759774470103e24
-1.4756633992046652e24
-1.506329073592634e24
-1.5353599542563683e24
-1.5627433657058145e24
-1.5884670092859606e24
-1.6125189690673787e24
-1.634887717654074e24
-1.6555621219058034e24
-1.6745314485724496e24
-1.6917853698376329e24
-1.7073139687690421e24
-1.7211077446728194e24
-1.7331576183496697e24
-1.7434549372498268e24
-1.7519914805245464e24
-1.7587594639718076e24
-1.7637515448733218e24
-1.7669608267210584e24
-1.7683808638301328e24
-1.7680056658365142e24
-1.7658297020766142e24
-1.761847905846685e24
-1.7560556785399843e24
-1.7484488936590176e24
-1.7390239007013416e24
-1.727777528915994e24
-1.7147070909293404e24
-1.6998103862374966e24
-1.6830857045639663e24
-1.664531829080083e24
-1.644148039486512e24
-1.6219341149541573e24
-1.597890336922204e24
-1.572017491752034e24
-1.544316873234821e24
-1.5147902849516757e24
-1.4834400424841104e24
-1.450268975473919e24
-1.4152804295304495e24
-1.3784782679839936e24
-1.339866873484234e24
-1.2994511494416708e24
-1.2572365213116824e24
-1.213228937719086e24
-1.1674348714228779e24
-1.1198613201194209e24
-1.0705158070832648e24
-1.0194063816449404e24
-9.665416195041622e23
-9.11930622878321e23
-8.55583020484781e23
-7.975089673569932e23
-7.377191444929987e23
-6.762247583365085e23
-6.13037540089427e23
-5.481697448555457e23
-4.816341506154486e23
-4.134440570314033e23
-3.4361328408308146e23
-2.721561705328491e23
-1.9908757222151433e23
-1.2442286019354627e23
-4.8177918652675546e22
2.963085725274895e22
1.0898656381418361e23
1.898717913165914e23
2.7226862676183586e23
3.5615865676046686e23
4.415229705924592e23
5.283421634353923e23
6.165963397603148e23
7.062651168942832e23
7.97327628748579e23
8.897625297125827e23
9.835479987114482e23
1.0786617434277104e24
1.1750810046847563e24
1.2727825609921592e24
1.3717427332507048e24
1.471937389616747e24
1.5733419505243015e24
1.6759313938631485e24
1.7796802603124635e24
1.884562658827374e24
1.9905522722780655e24
2.0976223632386742e24
2.2057457799254605e24
2.3148949622814065e24
2.425041948206347e24
2.536158379930434e24
2.648215510528598e24
2.7611842105750187e24
2.8750349749343494e24
2.989737929688824e24
3.105262839197911e24
3.221579113289251e24
3.3386558145782023e24
3.4564616659133156e24
3.5749650579462705e24
3.694134056822679e24
3.813936411992468e24
3.934339564136085e24
4.0553106532051294e24
4.176816526573633e24
4.298823747298168e24
4.4212986024837504e24
4.5442071117522935e24
4.66751503581178e24
4.791187885122054e24
4.915190928655594e24
5.039489202749001e24
5.164047520043505e24
5.288830478510202e24
5.413802470557943e24
5.538927692220377e24
5.664170152418552e24
5.789493682296979e24
5.914861944628631e24
6.040238443286935e24
6.16558653278027e24
6.29086942784665e24
6.416050213104897e24
6.541091852758478e24
6.665957200349769e24
6.790609008559979e24
6.91500993905269e24
7.039122572356273e24
7.162909417783023e24
7.286332923380305e24
7.409355485911244e24
7.531939460861077e24
7.654047172465267e24
7.77564092375689e24
7.896683006628504e24
8.017135711906352e24
8.136961339431998e24
8.256122208149229e24
8.374580666191437e24
8.492299100966975e24
8.609239949238546e24
8.725365707192767e24
8.840638940497348e24
8.955022294341185e24
9.068478503455159e24
9.180970402108913e24
9.29246093408119e24
9.402913162599801e24
9.512290280247487e24
9.620555618831224e24
9.727672659210323e24
9.833605041081233e24
9.938316572714495e24
1.004177124064172e25
1.014393321928805e25
1.024476688054788e25
1.0344236803300226e25
1.0442307782860034e25
1.0538944840363272e25
1.0634113232081564e25
1.0727778458664307e25
1.0819906274304089e25
1.0910462695823568e25
1.099941401167964e25
1.1086726790882844e25
1.1172367891828794e25
1.1256304471038288e25
1.1338503991804337e25
1.141893423274201e25
1.149756329623968e25
1.1574359616807845e25
1.164929196932366e25
1.1722329477168395e25
1.1793441620254896e25
1.1862598242943283e25
1.1929769561841703e25
1.1994926173490551e25
1.2058039061926915e25
1.211907960612806e25
1.2178019587330656e25
1.2234831196224545e25
1.2289487040018522e25
1.234196014937576e25
1.2392223985218035e25
1.2440252445395389e25
1.2486019871220803e25
1.2529501053866919e25
1.2570671240624177e25
1.2609506141017765e25
1.2645981932782542e25
1.2680075267694085e25
1.2711763277254425e25
1.2741023578231344e25
1.2767834278049447e25
1.2792173980032542e25
1.2814021788495255e25
1.2833357313683603e25
1.2850160676562984e25
1.2864412513452868e25
1.2876093980507285e25
1.2885186758040054e25
1.2891673054694594e25
1.289553561145683e25
1.2896757705511516e25
1.2895323153940557e25
1.2891216317263463e25
1.288442210281967e25
1.287492596799153e25
1.2862713923268962e25
1.2847772535154422e25
1.2830088928909098e25
1.2809650791139429e25
1.2786446372224815e25
1.2760464488585664e25
1.2731694524793082e25
1.2700126435519594e25
1.2665750747331292e25
1.2628558560322453e25
1.2588541549592173e25
1.2545691966564358e25
1.2500002640151017e25
1.2451466977759776e25
1.2400078966146743e25
1.2345833172114465e25
1.2288724743056991e25
1.2228749407352054e25
1.216590347460196e25
1.2100183835723725e25
1.2031587962890065e25
1.1960113909321662e25
1.188576030893295e25
1.1808526375831672e25
1.1728411903674048e25
1.1645417264877e25
1.1559543409688503e25
1.1470791865117989e25
1.1379164733727967e25
1.1284664692288558e25
1.1187294990296922e25
1.108705944836264e25
1.0983962456461363e25
1.0878008972058071e25
1.076920451810223e25
1.0657555180896244e25
1.0543067607839327e25
1.0425749005049053e25
1.0305607134861952e25
1.018265031321559e25
1.005688740691431e25
9.928327830780307e24
9.796981544692637e24
9.662859050515887e24
9.52597138892118e24
9.386330136101322e24
9.243947400382455e24
9.09883581873491e24
8.951008553184864e24
8.800479287129602e24
8.647262221558663e24
8.491372071183185e24
8.332824060475801e24
8.171633919623666e24
8.007817880396528e24
7.841392671933344e24
7.672375516448523e24
7.500784124861249e24
7.326636692349982e24
7.149951893834585e24
6.970748879388668e24
6.789047269584573e24
6.604867150773209e24
6.418229070302041e24
6.229154031672581e24
6.037663489640666e24
5.843779345261722e24
5.647523940883486e24
5.448920055088683e24
5.247990897589774e24
5.044760104079116e24
4.839251731035721e24
4.6314902504919045e24
4.4215005447619145e24
4.2093079011349084e24
3.994938006534662e24
3.778416942148403e24
3.5597711780266445e24
3.3390275676573725e24
3.116213342515431e24
2.891356106590397e24
2.664483830894707e24
2.4356248479543246e24
2.2048078462840407e24
1.9720618648496166e24
1.7374162875184284e24
1.5009008375016888e24
1.2625455717888693e24
1.0223808755773333e24
7.804374566986968e23
5.3674634004386396e23
2.913388619886075e23
4.424666482155127e22
-2.04498308824086e23
-4.548638215322249e23
-7.068173466588466e23
-9.603260738774598e23
-1.2153569147138972e24
-1.4718765080688967e24
-1.729851225726936e24
-1.989247177849841e24
-2.2500302184542206e24
-2.5121659508702785e24
-2.7756197331822236e24
-3.0403566836479165e24
-3.30634168609705e24
-3.5735393953066403e24
-3.841914242352801e24
-4.111430439937701e24
-4.3820519876911704e24
-4.6537426774450314e24
-4.926466098480665e24
-5.200185642748084e24
-5.47486451005606e24
-5.750465713232734e24
-6.02695208325587e24
-6.304286274352772e24
-6.5824307690682e24
-6.861347883301308e24
-7.140999771310225e24
-7.421348430684275e24
-7.702355707283586e24
-7.983983300145889e24
-8.266192766360256e24
-8.548945525908157e24
-8.832202866470696e24
-9.115925948203591e24
-9.400075808478755e24
-9.684613366593236e24
-9.969499428445474e24
-1.0254694691179299e25
-1.0540159747795794e25
-1.0825855091733886e25
-1.1111741121419e25
-1.139777814478166e25
-1.1683926383745624e25
-1.1970145978686343e25
-1.2256396992860582e25
-1.254263941680762e25
-1.2828833172722961e25
-1.3114938118805583e25
-1.3400914053578542e25
-1.3686720720185358e25
-1.397231781066185e25
-1.4257664970184985e25
-1.454272180129966e25
-1.4827447868124404e25
-1.5111802700537185e25
-1.539574579834274e25
-1.5679236635421693e25
-1.5962234663863992e25
-1.6244699318087023e25
-1.6526590018939907e25
-1.6807866177795488e25
-1.7088487200631129e25
-1.7368412492100306e25
-1.7647601459595163e25
-1.7926013517303127e25
-1.820360809025792e25
-1.848034461838682e25
-1.8756182560555839e25
-1.9031081398614176e25
-1.9305000641439666e25
-1.9577899828986994e25
-1.9849738536339587e25
-2.0120476377767876e25
-2.0390073010794737e25
-2.065848814027024e25
-2.09256815224571e25
-2.119161296912869e25
-2.145624235168126e25
-2.1719529605262295e25
-2.198143473291595e25
-2.2241917809748348e25
-2.2500938987113665e25
-2.2758458496823e25
-2.3014436655377672e25
-2.3268833868228626e25
-2.3521610634063714e25
-2.3772727549124608e25
-2.402214531155449e25
-2.4269824725778963e25
-2.451572670692137e25
-2.4759812285253985e25
-2.5002042610687253e25
-2.524237895729796e25
-2.548078272789856e25
-2.571721545864881e25
-2.5951638823711098e25
-2.618401463995145e25
-2.6414304871687333e25
-2.6642471635483586e25
-2.6868477204998144e25
-2.7092284015878697e25
-2.731385467071192e25
-2.753315194402587e25
-2.7750138787347613e25
-2.7964778334316866e25
-2.8177033905856633e25
-2.8386869015402403e25
-2.8594247374190454e25
-2.87991328966068e25
-2.9001489705597354e25
-2.920128213814013e25
-2.939847475078093e25
-2.959303232523256e25
-2.978491987403894e25
-2.997410264630423e25
-3.01605461334882e25
-3.0344216075267767e25
-3.052507846546583e25
-3.0703099558047077e25
-3.0878245873181946e25
-3.1050484203378485e25
-3.121978161968242e25
-3.138610547794586e25
-3.1549423425164325e25
-3.1709703405882386e25
-3.1866913668668024e25
-3.2021022772654765e25
-3.2171999594152616e25
-3.2319813333326385e25
-3.2464433520941764e25
-3.2605830025178262e25
-3.2743973058508877e25
-3.287883318464551e25
-3.301038132554983e25
-3.3138588768508436e25
-3.3263427173271704e25
-3.33848685792556e25
-3.350288541280489e25
-3.361745049451717e25
-3.3728537046626307e25
-3.3836118700443964e25
-3.3940169503858313e25
-3.404066392888764e25
-3.413757687928839e25
-3.4230883698215156e25
-3.432056017593148e25
-3.4406582557569437e25
-3.448892755093629e25
-3.456757233436611e25
-3.4642494564614555e25
-3.4713672384794466e25
-3.4781084432350334e25
-3.4844709847069127e25
-3.490452827912523e25
-3.4960519897157145e25
-3.5012665396373185e25
-3.5060946006683803e25
-3.5105343500857737e25
-3.514584020269913e25
-3.518241899524297e25
-3.5215063328965774e25
-3.524375723000857e25
-3.5268485308408965e25
-3.528923276633937e25
-3.5305985406348014e25
-3.531872963959918e25
-3.532745249410995e25
-3.5332141622979144e25
-3.533278531260575e25
-3.5329372490892474e25
-3.532189273543156e25
-3.5310336281668206e25
-3.529469403103885e25
-3.5274957559079376e25
-3.525111912350021e25
-3.5223171672223865e25
-3.519110885138084e25
-3.515492501326013e25
-3.511461522420989e25
-3.5070175272484196e25
-3.5021601676031416e25
-3.496889169022044e25
-3.491204331549972e25
-3.485105530498502e25
-3.478592717197189e25
-3.4716659197367444e25
-3.4643252437037815e25
-3.4565708729066057e25
-3.448403070091662e25
-3.4398221776501e25
-3.4308286183140325e25
-3.4214228958420515e25
-3.4116055956934394e25
-3.401377385690732e25
-3.390739016670009e25
-3.3796913231185888e25
-3.3682352237995253e25
-3.3563717223625224e25
-3.3441019079407118e25
-3.3314269557328633e25
-3.3183481275705447e25
-3.3048667724697234e25
-3.2909843271663704e25
-3.2767023166355172e25
-3.2620223545934104e25
-3.2469461439821456e25
-3.2314754774364023e25
-3.215612237731779e25
-3.1993583982142227e25
-3.182716023210165e25
-3.165687268416783e25
-3.148274381272036e25
-3.1304797013039353e25
-3.1123056604586405e25
-3.0937547834068766e25
-3.0748296878282746e25
-3.0555330846731636e25
-3.0358677784013656e25
-3.0158366671975926e25
-2.995442743162934e25
-2.974689092482164e25
-2.9535788955662334e25
-2.9321154271697475e25
-2.910302056482868e25
-2.8881422471972995e25
-2.865639557546003e25
-2.84279764031616e25
-2.8196202428350754e25
-2.796111206928656e25
-2.772274468852045e25
-2.748114059192092e25
-2.723634102741332e25
-2.6988388183430987e25
-2.673732518707456e25
-2.648319610197639e25
-2.6226045925867095e25
-2.5965920587840863e25
-2.570286694531675e25
-2.543693278069371e25
-2.516816679769582e25
-2.4896618617405816e25
-2.4622338773984396e25
-2.434537871007223e25
-2.4065790771874114e25
-2.378362820392093e25
-2.349894514350961e25
-2.3211796614817536e25
-2.292223852269092e25
-2.263032764610479e25
-2.233612163129329e25
-2.2039678984549157e25
-2.1741059064691127e25
-2.144032207519806e25
-2.1137529056008765e25
-2.0832741874987223e25
-2.05260232190519e25
-2.021743658496936e25
-1.9907046269811302e25
-1.9594917361074537e25
-1.9281115726465313e25
-1.8965708003345906e25
-1.8648761587845614e25
-1.8330344623635238e25
-1.8010525990366642e25
-1.7689375291777057e25
-1.7366962843459812e25
-1.7043359660301856e25
-1.671863744358997e25
-1.6392868567786226e25
-1.606612606697434e25
-1.5738483620979194e25
-1.5410015541160228e25
-1.508079675588181e25
-1.4750902795661446e25
-1.4420409777999518e25
-1.4089394391891738e25
-1.3757933882027343e25
-1.3426106032676247e25
-1.3093989151267124e25
-1.2761662051660458e25
-1.2429204037119031e25
-1.2096694882979444e25
-1.17642148190289e25
-1.1431844511589474e25
-1.10996650453154e25
-1.0767757904705993e25
-1.0436204955339468e25
-1.0105088424831063e25
-9.774490883520926e24
-9.444495224895066e24
-9.115184645745873e24
-8.786642626075676e24
-8.458952908748955e24
-8.132199478898812e24
-7.806466543092408e24
-7.481838508261529e24
-7.158399960403487e24
-6.836235643058206e24
-6.515430435568242e24
-6.196069331126404e24
-5.878237414618555e24
-5.562019840267059e24
-5.247501809082127e24
-4.934768546126844e24
-4.623905277603599e24
-4.31499720776763e24
-4.008129495676203e24
-3.703387231779118e24
-3.4008554143584933e24
-3.1006189258253485e24
-2.8027625088798974e24
-2.507370742543798e24
-2.214528018071446e24
-1.9243185147483425e24
-1.636826175585052e24
-1.352134682913418e24
-1.0703274338944827e24
-7.914875159454048e23
-5.156976820941808e23
-2.4304032627026702e23
2.6402541460643048e22
2.925493197082638e23
5.553188406084863e23
8.14630394703574e23
1.0704037558435596e24
1.3225592060997098e24
1.571017560681535e24
1.8157001928480803e24
2.056529058805063e24
2.2934267225777318e24
2.526316380851847e24
2.7551218877725267e24
2.9797677796922884e24
3.2001792998590276e24
3.41628242303469e24
3.6280038800353405e24
3.8352711821838423e24
4.038012645664708e24
4.236157415773358e24
4.429635491049333e24
4.618377747284633e24
4.8023159613978397e24
4.98138283516459e24
5.155512018795258e24
5.324638134350673e24
5.488696798986043e24
5.647624648014607e24
5.801359357781362e24
5.949839668337739e24
6.093005405907987e24
6.230797505138553e24
6.363158031120686e24
6.490030201178326e24
6.611358406410709e24
6.72708823298259e24
6.837166483151873e24
6.941541196026389e24
7.040161668041242e24
7.132978473147526e24
7.219943482704809e24
7.301009885067356e24
7.376132204857629e24
7.445266321916892e24
7.508369489926192e24
7.565400354688542e24
7.616318972064738e24
7.66108682555511e24
7.699666843518892e24
7.732023416023872e24
7.758122411318543e24
7.777931191919761e24
7.791418630307731e24
7.798555124222187e24
7.799312611551804e24
7.793664584810193e24
7.781586105192446e24
7.763053816203861e24
7.738045956856547e24
7.706542374425506e24
7.668524536759709e24
7.623975544140882e24
7.572880140684644e24
7.515224725278763e24
7.450997362051853e24
7.380187790368435e24
7.302787434343879e24
7.21878941187573e24
7.128188543184742e24
7.030981358862883e24
6.927166107422354e24
6.816742762341768e24
6.699713028606358e24
6.576080348736234e24
6.445849908301537e24
6.309028640918424e24
6.165625232724972e24
6.015650126331602e24
5.859115524245225e24
5.696035391762819e24
5.526425459332415e24
5.35030322438004e24
5.167687952598758e24
4.978600678700113e24
4.783064206623963e24
4.581103109207613e24
4.372743727311096e24
4.158014168398294e24
3.9369443045739916e24
3.709565770074113e24
3.475911958211528e24
3.2360180177743366e24
2.989920848879655e24
2.7376590982802374e24
2.479273154127302e24
2.214805140187979e24
1.9442989095191628e24
1.6678000376000689e24
1.3853558149222487e24
1.0970152390418679e24
8.028290060928052e23
5.02849501765807e23
1.9713079175281457e23
-1.1427138833807052e23
-4.312996435966582e23
-7.538949309500425e23
-1.0819965708229632e24
-1.4155422593185572e24
-1.7544680809125857e24
-2.0987085216608827e24
-2.448196482912658e24
-2.802863295528271e24
-3.162638734595922e24
-3.527451034641632e24
-3.897226905330545e24
-4.2718915476509856e24
-4.6513686705798055e24
-5.035580508219993e24
-5.424447837408557e24
-5.817889995785498e24
-6.21582490032062e24
-6.618169066291096e24
-7.024837626702138e24
-7.435744352147277e24
-7.850801671097894e24
-8.269920690618936e24
-8.693011217500127e24
-9.119981779798919e24
-9.550739648784565e24
-9.985190861278575e24
-1.0423240242382629e25
-1.0864791428584887e25
-1.1309746891240074e25
-1.1758007960410768e25
-1.2209474849066393e25
-1.2664046677626692e25
-1.3121621498845157e25
-1.3582096323021883e25
-1.4045367143535834e25
-1.4511328962691057e25
-1.497987581786342e25
-1.5450900807943052e25
-1.5924296120059027e25
-1.6399953056580928e25
-1.6877762062383829e25
-1.7357612752370362e25
-1.7839393939238845e25
-1.8322993661486293e25
-1.8808299211639794e25
-1.9295197164702258e25
-1.9783573406806595e25
-2.0273313164064033e25
-2.0764301031600614e25
-2.1256421002767724e25
-2.1749556498519293e25
-2.2243590396944425e25
-2.273840506294315e25
-2.323388237803908e25
-2.372990377031333e25
-2.4226350244454246e25
-2.4723102411907814e25
-2.522004052112182e25
-2.5717044487871644e25
-2.6213993925655883e25
-2.671076817615432e25
-2.720724633973388e25
-2.770330730599597e25
-2.8198829784350154e25
-2.869369233460844e25
-2.9187773397584795e25
-2.9680951325693257e25
-3.017310441353232e25
-3.0664110928444016e25
-3.1153849141040727e25
-3.1642197355684656e25
-3.2129033940914455e25
-3.2614237359804047e25
-3.309768620024781e25
-3.3579259205157666e25
-3.405883530256547e25
-3.4536293635619013e25
-3.5011513592460845e25
-3.548437483598243e25
-3.5954757333440634e25
-3.642254138593071e25
-3.6887607657701567e25
-3.7349837205307885e25
-3.7809111506587753e25
-3.8265312489455245e25
-3.8718322560502265e25
-3.916802463339605e25
-3.961430215706799e25
-4.005703914368024e25
-4.049612019636599e25
-4.0931430536730445e25
-4.1362856032107186e25
-4.179028322256083e25
-4.221359934762566e25
-4.263269237277611e25
-4.304745101561693e25
-4.345776477178912e25
-4.386352394058049e25
-4.426461965023694e25
-4.466094388296355e25
-4.505238949961152e25
-4.543885026404248e25
-4.58202208671626e25
-4.619639695062235e25
-4.656727513017246e25
-4.693275301867304e25
-4.729272924874624e25
-4.764710349506999e25
-4.799577649630508e25
-4.833865007664986e25
-4.867562716701925e25
-4.900661182584008e25
-4.933150925946102e25
-4.965022584216886e25
-4.996266913581031e25
-5.026874790901137e25
-5.056837215599281e25
-5.086145311497723e25
-5.11479032861821e25
-5.1427636449398434e25
-5.170056768114848e25
-5.196661337142254e25
-5.222569123998832e25
-5.247772035227446e25
-5.272262113482087e25
-5.296031539029817e25
-5.319072631209134e25
-5.341377849844544e25
-5.362939796617474e25
-5.383751216392939e25
-5.403804998502315e25
-5.423094177981639e25
-5.4416119367657445e25
-5.45935160483799e25
-5.476306661335446e25
-5.492470735609778e25
-5.507837608243519e25
-5.5224012120220514e25
-5.536155632861035e25
-5.549095110689653e25
-5.561214040289398e25
-5.572506972088871e25
-5.582968612914442e25
-5.592593826696949e25
-5.601377635134746e25
-5.609315218313047e25
-5.616401915279999e25
-5.62263322457942e25
-5.628004804740772e25
-5.6325124747262445e25
-5.636152214335537e25
-5.638920164568406e25
-5.640812627945414e25
-5.64182606878714e25
-5.641957113452109e25
-5.64120255053401e25
-5.639559331018307e25
-5.63702456839882e25
-5.633595538754633e25
-5.629269680787603e25
-5.6240445958211826e25
-5.617918047760664e25
-5.6108879630155906e25
-5.602952430384615e25
-5.594109700903416e25
-5.584358187656047e25
-5.573696465550381e25
-5.562123271057967e25
-5.549637501919111e25
-5.53623821681348e25
-5.52192463499682e25
-5.506696135904561e25
-5.4905522587225945e25
-5.473492701926073e25
-5.45551732278661e25
-5.436626136848657e25
-5.416819317375593e25
-5.3960971947661e25
-5.374460255941604e25
-5.351909143705231e25
-5.328444656073103e25
-5.304067745578463e25
-5.278779518549431e25
-5.252581234360844e25
-5.225474304661207e25
-5.197460292574998e25
-5.16854091188125e25
-5.138718026169102e25
-5.107993647970835e25
-5.076369937873275e25
-5.043849203608056e25
-5.010433899121567e25
-4.9761266236252285e25
-4.94093012062672e25
-4.904847276942976e25
-4.86788112169548e25
-4.830034825288722e25
-4.791311698372335e25
-4.7517151907875775e25
-4.711248890499221e25
-4.66991652251289e25
-4.627721947779071e25
-4.5846691620841475e25
-4.540762294929319e25
-4.496005608397891e25
-4.45040349601176e25
-4.403960481577595e25
-4.356681218023468e25
-4.3085704862265325e25
-4.259633193832346e25
-4.20987437406654e25
-4.159299184539359e25
-4.107912906043784e25
-4.055720941347757e25
-4.0027288139809844e25
-3.948942167017396e25
-3.894366761853088e25
-3.8390084769809236e25
-3.7828733067620126e25
-3.7259673601948074e25
-3.6682968596821617e25
-3.6098681397970376e25
-3.5506876460472335e25
-3.490761933639744e25
-3.430097666245102e25
-3.3687016147623263e25
-3.3065806560847944e25
-3.243741771867555e25
-3.180192047296503e25
-3.115938669859858e25
-3.0509889281220866e25
-2.9853502105013483e25
-2.919030004049892e25
-2.8520358932385028e25
-2.7843755587449852e25
-2.7160567762471603e25
-2.647087415220567e25
-2.577475437741294e25
-2.507228897294092e25
-2.4363559375861555e25
-2.3648647913667117e25
-2.292763779252729e25
-2.220061308560925e25
-2.1467658721462733e25
-2.0728860472472507e25
-1.998430494337686e25
-1.923407955986118e25
-1.8478272557217723e25
-1.7716972969080678e25
-1.6950270616233856e25
-1.6178256095492983e25
-1.5401020768662964e25
-1.461865675157027e25
-1.3831256903171522e25
-1.3038914814737692e25
-1.2241724799114208e25
-1.1439781880056944e25
-1.063318178164325e25
-9.822020917758127e24
-9.006396381654166e24
-8.1864059355856e24
-7.362148000511784e24
-6.533721645877016e24
-5.701226579454892e24
-4.864763137263634e24
-4.024432273547095e24
-3.1803355508211313e24
-2.332575129982053e24
-1.481253760476576e24
-6.264747705295612e23
2.3165794257196595e23
1.0930399221412295e24
1.9575661617034874e24
2.825131114559816e24
3.6956287033059675e24
4.5689523293087793e24
5.444994882146502e24
6.323648749008944e24
7.204805824070504e24
8.0883575178331e24
8.974194766444581e24
9.862208040996853e24
1.0752287356807372e25
1.1644322282687787e25
1.2538201950204448e25
1.3433815062934553e25
1.4331049905722546e25
1.5229794353941152e25
1.61299358827615e25
1.7031361576437247e25
1.793395813760689e25
1.883761189661898e25
1.9742208820888083e25
2.0647634524278387e25
2.1553774276530567e25
2.246051301272908e25
2.3367735342817825e25
2.4275325561169373e25
2.5183167656212067e25
2.6091145320121057e25
2.699914195857795e25
2.7907040700604476e25
2.88147244084754e25
2.9722075687716266e25
3.0628976897190827e25
3.1535310159283787e25
3.2440957370184054e25
3.334580021027344e25
3.4249720154628926e25
3.5152598483636286e25
3.605431629373056e25
3.6954754508261013e25
3.7853793888488445e25
3.875131504472029e25
3.964719844758773e25
4.054132443947068e25
4.143357324607528e25
4.232382498816876e25
4.321195969347712e25
4.409785730874991e25
4.4981397711997085e25
4.586246072490295e25
4.674092612542061e25
4.761667366055526e25
4.848958305933245e25
4.935953404596643e25
5.022640635322463e25
5.109007973599592e25
5.195043398506555e25
5.280734894110158e25
5.3660704508855405e25
5.451038067158105e25
5.535625750567599e25
5.619821519554728e25
5.703613404870614e25
5.786989451109365e25
5.869937718264141e25
5.952446283306857e25
6.034503241791885e25
6.116096709484139e25
6.1972148240111884e25
6.277845746540449e25
6.357977663480999e25
6.437598788210448e25
6.516697362826959e25
6.595261659926615e25
6.673279984406146e25
6.750740675291208e25
6.827632107590228e25
6.903942694173924e25
6.979660887680465e25
7.054775182446347e25
7.12927411646296e25
7.203146273358789e25
7.276380284407214e25
7.348964830560013e25
7.420888644505923e25
7.492140512754925e25
7.56270927774747e25
7.632583839988849e25
7.701753160208276e25
7.770206261542715e25
7.837932231744988e25
7.904920225416105e25
7.971159466261362e25
8.036639249370072e25
8.101348943518422e25
8.16527799349526e25
8.228415922450362e25
8.290752334264713e25
8.35227691594269e25
8.412979440025012e25
8.4728497670229e25
8.531877847872181e25
8.590053726407248e25
8.647367541854124e25
8.703809531342137e25
8.759370032433657e25
8.814039485671133e25
8.867808437140954e25
8.920667541053328e25
8.972607562337617e25
9.02361937925227e25
9.073693986008745e25
9.122822495408625e25
9.170996141493015e25
9.218206282203822e25
9.264444402055327e25
9.309702114816126e25
9.353971166199839e25
9.39724343656409e25
9.43951094361666e25
9.48076584512793e25
9.52100044164873e25
9.56020717923244e25
9.59837865216059e25
9.635507605670657e25
9.671586938685294e25
9.706609706541754e25
9.74056912372048e25
9.77345856657187e25
9.805271576039858e25
9.836001860381611e25
9.865643297881578e25
9.89418993955946e25
9.921636011870267e25
9.947975919395759e25
9.973204247525755e25
9.99731576512823e25
1.002030542720699e26
1.0042168377545558e26
1.0062899951336183e26
1.0082495677792509e26
1.0100951282744828e26
1.011826269121641e26
1.0134426029979859e26
1.0149437630091935e26
1.0163294029405713e26
1.0175991975058633e26
1.0187528425935154e26
1.019790055510277e26
1.0207105752219792e26
1.021514162591383e26
1.0222006006129387e26
1.0227696946443437e26
1.0232212726347355e26
1.0235551853494024e26
1.0237713065908815e26
1.0238695334162751e26
1.0238497863506915e26
1.0237120095966363e26
1.0234561712392445e26
1.0230822634471992e26
1.022590302669211e26
1.0219803298259201e26
1.0212524104970815e26
1.0204066351039124e26
1.0194431190864418e26
1.0183620030757651e26
1.0171634530610321e26
1.0158476605510722e26
1.0144148427304995e26
1.0128652426101776e26
1.0111991291719295e26
1.0094167975073316e26
1.0075185689505045e26
1.005504791204742e26
1.0033758384628823e26
1.0011321115212727e26
9.987740378872344e25
9.963020718798878e25
9.93716694724223e25
9.910184146383228e25
9.882077669135841e25
9.852853139878717e25
9.822516455114512e25
9.791073784056341e25
9.758531569139972e25
9.724896526460823e25
9.690175646134996e25
9.65437619258289e25
9.617505704734927e25
9.579571996158047e25
9.540583155102422e25
9.500547544467094e25
9.459473801684187e25
9.417370838520407e25
9.37424784079518e25
9.330114268014913e25
9.284979852922147e25
9.238854600959424e25
9.191748789646647e25
9.143672967871874e25
9.094637955094318e25
9.044654840459525e25
8.993734981825791e25
8.941890004701423e25
8.889131801092534e25
8.835472528260564e25
8.780924607389561e25
8.725500722162303e25
8.669213817245616e25
8.612077096683884e25
8.554104022200883e25
8.49530831140978e25
8.435703935930709e25
8.375305119416275e25
8.314126335484401e25
8.252182305558867e25
8.189487996617087e25
8.126058618845582e25
8.061909623202792e25
7.997056698889468e25
7.931515770727e25
7.865302996443321e25
7.79843476386716e25
7.730927688030477e25
7.662798608179702e25
7.59406458469567e25
7.524742895923187e25
7.454851034910164e25
7.384406706056946e25
7.313427821676516e25
7.241932498465705e25
7.169939053888479e25
7.097466002471401e25
7.024532052012481e25
6.95115609970365e25
6.877357228167796e25
6.803154701411358e25
6.728567960692832e25
6.653616620308525e25
6.578320463296195e25
6.502699437057715e25
6.426773648901424e25
6.350563361505741e25
6.274088988304571e25
6.197371088795887e25
6.120430363774776e25
6.04328765049172e25
5.965963917737844e25
5.88848026085796e25
5.810857896693096e25
5.733118158453484e25
5.655282490523802e25
5.577372443201711e25
5.499409667371353e25
5.421415909113294e25
5.343413004252417e25
5.265422872845329e25
5.187467513608759e25
5.109568998290925e25
5.0317494659871254e25
4.954031117401459e25
4.876436209056555e25
4.798987047452666e25
4.721705983178418e25
4.644615404974537e25
4.567737733752911e25
4.491095416572358e25
4.414710920573526e25
4.33860672687445e25
4.262805324428786e25
4.187329203849204e25
4.112200851197093e25
4.0374427417414675e25
3.963077333688468e25
3.889127061884101e25
3.8156143314918736e25
3.742561511647656e25
3.669990929094042e25
3.597924861796009e25
3.5263855325405166e25
3.455395102521789e25
3.384975664914951e25
3.3151492384397847e25
3.2459377609173084e25
3.1773630828211207e25
3.1094469608257426e25
3.0422110513547776e25
2.9756769041303204e25
2.9098659557267517e25
2.844799523130622e25
2.7804987973093764e25
2.7169848367908877e25
2.6542785612564522e25
2.5924007451493354e25
2.5313720113012827e25
2.4712128245794785e25
2.4119434855559945e25
2.353584124202417e25
2.296154693611661e25
2.2396749637496086e25
2.1841645152386834e25
2.1296427331756963e25
2.0761288009866276e25
2.0236416943200773e25
1.9722001749822703e25
1.9218227849154845e25
1.8725278402225394e25
1.8243334252392965e25
1.7772573866577694e25
1.7313173277018336e25
1.6865306023578832e25
1.6429143096627733e25
1.600485288051e25
1.5592601097636116e25
1.5192550753207543e25
1.4804862080602659e25
1.4429692487441517e25
1.4067196502354651e25
1.3717525722472549e25
1.338082876165927e25
1.3057251199510307e25
1.2746935531133668e25
1.2450021117735823e25
1.2166644138030579e25
1.1896937540491714e25
1.164103099646744e25
1.1399050854175695e25
1.1171120093599593e25
1.0957358282299833e25
1.075788153216323e25
1.057280245710378e25
1.0402230131734632e25
1.02462700510261e25
1.0105024090968467e25
9.978590470253307e24
9.867063712990584e24
9.77053461247642e24
9.689090196026209e24
9.622813690888142e24
9.571784491250599e24
9.53607812635782e24
9.515766229746535e24
9.510916509616917e24
9.521592720349816e24
9.547854635182734e24
9.589758020055616e24
9.647354608637948e24
9.720692078547508e24
9.809814028771067e24
9.914759958296615e24
1.0035565245966596e25
1.017226113156052e25
1.0324874698115435e25
1.0493428855492202e25
1.067794232519419e25
1.0878429626446186e25
1.1094901063538632e25
1.1327362714444183e25
1.1575816420710682e25
1.1840259778636166e25
1.2120686131730034e25
1.241708456446346e25
1.272943989731323e25
1.3057732683101058e25
1.340193920463074e25
1.3762031473624628e25
1.4137977230961386e25
1.4529739948214253e25
1.4937278830491133e25
1.53605488205759e25
1.5799500604368811e25
1.625408061762663e25
1.672423105399812e25
1.7209889874354767e25
1.771099081741134e25
1.822746341163469e25
1.8759232988435916e25
1.9306220696640545e25
1.9868343518233412e25
2.0445514285371055e25
2.1037641698655963e25
2.164463034666613e25
2.226638072673355e25
2.2902789266962106e25
2.3553748349478575e25
2.4219146334907707e25
2.4898867588060824e25
2.559279250483107e25
2.6300797540282046e25
2.7022755237922558e25
2.775853426015308e25
2.8507999419875974e25
2.9271011713254047e25
3.0047428353607644e25
3.083710280643747e25
3.16398848255558e25
3.2455620490319393e25
3.3284152243942606e25
3.412531893288249e25
3.4978955847275292e25
3.5844894762413485e25
3.6722963981245558e25
3.761298837788105e25
3.851478944208785e25
3.942818532476132e25
4.035299088434873e25
4.128901773421465e25
4.223607429092367e25
4.319396582342688e25
4.416249450312911e25
4.514145945482538e25
4.613065680847621e25
4.712987975181104e25
4.813891858373859e25
4.9157560768539345e25
5.018559099082443e25
5.122279121123653e25
5.2268940722877285e25
5.332381620843271e25
5.438719179797932e25
5.545883912745154e25
5.653852739774217e25
5.762602343441939e25
5.872109174803392e25
5.982349459499905e25
6.093299203901453e25
6.204934201301537e25
6.317230038162308e25
6.4301621004073476e25
6.5437055797600544e25
6.657835480124952e25
6.772526624010211e25
6.8877536589882375e25
7.003491064192573e25
7.119713156848299e25
7.236394098834166e25
7.353507903273388e25
7.471028441150955e25
7.588929447955601e25
7.707184530343129e25
7.825767172819425e25
7.944650744440414e25
8.063808505526842e25
8.18321361439125e25
8.302839134074741e25
8.422658039091728e25
8.542643222179472e25
8.662767501050699e25
8.7830036251465e25
8.903324282387846e25
9.023702105922553e25
9.144109680865832e25
9.264519551032473e25
9.38490422565759e25
9.505236186104335e25
9.625487892555838e25
9.745631790689806e25
9.865640318332852e25
9.98548591209265e25
1.0105141013965834e26
1.0224578077919672e26
1.034376957644483e26
1.0462688007077421e26
1.0581305898888728e26
1.0699595818939628e26
1.0817530378698514e26
1.0935082240420073e26
1.1052224123483763e26
1.1168928810689132e26
1.1285169154506556e26
1.1400918083281828e26
1.1516148607391965e26
1.163083382535125e26
1.1744946929864832e26
1.1858461213829329e26
1.1971350076277564e26
1.2083587028266274e26
1.2195145698705519e26
1.2305999840127391e26
1.241612333439315e26
1.2525490198336757e26
1.2634074589343963e26
1.2741850810864724e26
1.2848793317858223e26
1.2954876722168473e26
1.3060075797830174e26
1.3164365486302368e26
1.3267720901629303e26
1.3370117335527678e26
1.3471530262398062e26
1.3571935344260426e26
1.367130843561194e26
1.3769625588206791e26
1.386686305575628e26
1.3962997298548546e26
1.4058004987987533e26
1.4151863011049424e26
1.4244548474656599e26
1.4336038709967643e26
1.4426311276583583e26
1.451534396666873e26
1.4603114808986032e26
1.468960207284661e26
1.4774784271972332e26
1.4858640168271379e26
1.494114877552618e26
1.5022289362993683e26
1.5102041458917056e26
1.5180384853949047e26
1.5257299604486243e26
1.5332766035914846e26
1.5406764745766824e26
1.5479276606786834e26
1.555028276991023e26
1.56197646671512e26
1.568770401440195e26
1.5754082814142294e26
1.581888335806052e26
1.588208822958495e26
1.5943680306326622e26
1.6003642762433844e26
1.6061959070858043e26
1.6118613005531928e26
1.6173588643459797e26
1.622687036672108e26
1.6278442864386777e26
1.632829113434969e26
1.63764004850692e26
1.6422756537230567e26
1.6467345225319833e26
1.6510152799114648e26
1.6551165825092097e26
1.659037118775372e26
1.662775609086885e26
1.6663308058636836e26
1.6697014936769175e26
1.672886489349225e26
1.6758846420471323e26
1.6786948333657344e26
1.6813159774056778e26
1.6837470208425897e26
1.6859869429890183e26
1.688034755849044e26
1.6898895041655888e26
1.6915502654605793e26
1.6930161500680905e26
1.6942863011605216e26
1.6953598947679775e26
1.69623613979093e26
1.6969142780063224e26
1.6973935840671943e26
1.6976733654959487e26
1.6977529626714684e26
1.6976317488100767e26
1.6973091299405798e26
1.6967845448734596e26
1.6960574651643857e26
1.6951273950721474e26
1.6939938715111625e26
1.69265646399867e26
1.6911147745967924e26
1.689368437849546e26
1.6874171207149598e26
1.6852605224924723e26
1.6828983747456865e26
1.6803304412206708e26
1.6775565177598927e26
1.6745764322120228e26
1.6713900443376186e26
1.667997245710916e26
1.664397959617864e26
1.6605921409504925e26
1.6565797760978044e26
1.6523608828332922e26
1.6479355101992573e26
1.643303738388025e26
1.6384656786202164e26
1.6334214730202256e26
1.628171294489005e26
1.6227153465743196e26
1.6170538633385836e26
1.6111871092244445e26
1.605115378918174e26
1.5988389972111088e26
1.5923583188591408e26
1.58567372844048e26
1.578785640211767e26
1.571694497962659e26
1.5644007748690434e26
1.5569049733449496e26
1.5492076248933107e26
1.5413092899556725e26
1.5332105577609759e26
1.5249120461735022e26
1.516414401540103e26
1.5077182985368217e26
1.498824440014999e26
1.4897335568469707e26
1.480446407771412e26
1.470963779238547e26
1.4612864852551392e26
1.4514153672294768e26
1.4413512938164073e26
1.4310951607624839e26
1.4206478907513204e26
1.4100104332492243e26
1.3991837643511865e26
1.38816888662729e26
1.3769668289696032e26
1.3655786464396268e26
1.3540054201163524e26
1.3422482569449824e26
1.3303082895863719e26
1.3181866762672025e26
1.3058846006310455e26
1.293403271590194e26
1.2807439231784219e26
1.2679078144046676e26
1.2548962291076626e26
1.2417104758115427e26
1.2283518875824602e26
1.2148218218862253e26
1.201121660446972e26
1.1872528091068791e26
1.1732166976869494e26
1.1590147798488404e26
1.1446485329577582e26
1.1301194579464065e26
1.1154290791799916e26
1.1005789443222147e26
1.0855706242023781e26
1.0704057126834016e26
1.05508582653086e26
1.0396126052829602e26
1.0239877111214474e26
1.0082128287433876e26
9.922896652338023e25
9.76219949939112e25
9.600054343413381e25
9.436478919330168e25
9.271491180927771e25
9.105109299615147e25
8.937351663191222e25
8.768236874617014e25
8.5977837507914e25
8.426011321331493e25
8.252938827354554e25
8.078585720262502e25
7.902971660527439e25
7.726116516477591e25
7.548040363082684e25
7.3687634807379575e25
7.1883063540459225e25
7.006689670594814e25
6.823934319732906e25
6.640061391337559e25
6.455092174578114e25
6.26904815667147e25
6.081951021629337e25
5.893822648996183e25
5.704685112576026e25
5.514560679148746e25
5.323471807172327e25
5.131441145471698e25
4.938491531912222e25
4.7446459920567805e25
4.549927737805064e25
4.354360166014128e25
4.157966857098605e25
3.96077157360954e25
3.7627982587904604e25
3.5640710351093786e25
3.364614202765433e25
3.1644522381688857e25
2.9636097923930432e25
2.7621116895969877e25
2.5599829254169973e25
2.3572486653271506e25
2.153934242965317e25
1.950065158424993e25
1.7456670765109355e25
1.5407658249573447e25
1.3353873926072177e25
1.1295579275515568e25
9.2330373522706e24
7.166512764709648e24
5.096271655316756e24
3.0225816803391366e24
9.457119889700758e23
-1.1340667979499939e24
-3.2164826097253346e24
-5.301261948110798e24
-7.388129910125044e24
-9.476810211409456e24
-1.156702521012584e25
-1.3658495931413016e25
-1.5750942092413228e25
-1.7844082127879897e25
-1.9937633216378684e25
-2.203131130709345e25
-2.4124831147247906e25
-2.621790631015497e25
-2.8310249223902817e25
-3.040157120068999e25
-3.249158246681867e25
-3.4579992193356496e25
-3.6666508527474726e25
-3.875083862448011e25
-4.083268868053075e25
-4.291176396606911e25
-4.498776885996162e25
-4.7060406884361425e25
-4.912938074029966e25
-5.119439234401146e25
-5.325514286400666e25
-5.531133275888768e25
-5.736266181592423e25
-5.9408829190387e25
-6.14495334456487e25
-6.348447259405479e25
-6.551334413856921e25
-6.753584511519904e25
-6.955167213619969e25
-7.156052143407146e25
-7.356208890633082e25
-7.555607016108322e25
-7.754216056338088e25
-7.952005528237296e25
-8.14894493392482e25
-8.345003765596867e25
-8.540151510479639e25
-8.734357655860852e25
-8.927591694200165e25
-9.119823128318347e25
-9.311021476664579e25
-9.501156278661987e25
-9.690197100130683e25
-9.878113538787999e25
-1.0064875229825855e26
-1.0250451851563243e26
-1.04348131311753e26
-1.0617928850496815e26
-1.0799768851899778e26
-1.0980303044244416e26
-1.115950140890282e26
-1.133733400585396e26
-1.1513770979849543e26
-1.1688782566649432e26
-1.1862339099325696e26
-1.2034411014633957e26
-1.2204968859451085e26
-1.237398329727797e26
-1.2541425114805722e26
-1.2707265228544301e26
-1.2871474691512512e26
-1.3034024699986408e26
-1.319488660030644e26
-1.3354031895740533e26
-1.3511432253402008e26
-1.366705951122003e26
-1.382088568496161e26
-1.3972882975302704e26
-1.4123023774946969e26
-1.427128067578976e26
-1.4417626476125955e26
-1.456203418789907e26
-1.470447704399007e26
-1.4844928505543005e26
-1.4983362269326111e26
-1.5119752275125585e26
-1.5254072713170084e26
-1.5386298031582794e26
-1.5516402943860022e26
-1.564436243637283e26
-1.577015177588941e26
-1.5893746517115843e26
-1.6015122510252863e26
-1.6134255908565214e26
-1.6251123175961886e26
-1.6365701094583882e26
-1.6477966772397125e26
-1.6587897650787236e26
-1.6695471512154004e26
-1.6800666487502262e26
-1.6903461064026093e26
-1.7003834092684265e26
-1.7101764795762497e26
-1.7197232774421304e26
-1.7290218016224703e26
-1.7380700902648043e26
-1.746866221656094e26
-1.7554083149682928e26
-1.7636945310007798e26
-1.7717230729194436e26
-1.7794921869920414e26
-1.787000163319488e26
-1.7942453365628257e26
-1.8012260866654742e26
-1.8079408395705058e26
-1.81438806793252e26
-1.8205662918238904e26
-1.826474079435039e26
-1.83211004776826e26
-1.8374728633250003e26
-1.8425612427860635e26
-1.8473739536845303e26
-1.8519098150709388e26
-1.8561676981705192e26
-1.8601465270320868e26
-1.8638452791682082e26
-1.8672629861864143e26
-1.8703987344110414e26
-1.8732516654954296e26
-1.875820977024052e26
-1.8781059231043686e26
-1.8801058149479693e26
-1.8818200214407823e26
-1.883247969701851e26
-1.8843891456305543e26
-1.8852430944418508e26
-1.8858094211891627e26
-1.886087791274712e26
-1.886077930946901e26
-1.8857796277844798e26
-1.8851927311671018e26
-1.884317152732071e26
-1.883152866816934e26
-1.8816999108875385e26
-1.8799583859513983e26
-1.8779284569559557e26
-1.875610353171548e26
-1.873004368558649e26
-1.8701108621192932e26
-1.8669302582322608e26
-1.8634630469717697e26
-1.859709784409488e26
-1.8556710928995132e26
-1.8513476613461306e26
-1.8467402454539972e26
-1.8418496679606413e26
-1.836676818850917e26
-1.831222655553275e26
-1.825488203117489e26
-1.8194745543737607e26
-1.813182870072924e26
-1.8066143790074538e26
-1.799770378113233e26
-1.792652232551741e26
-1.7852613757726004e26
-1.777599309556102e26
-1.7696676040357582e26
-1.7614678977005993e26
-1.753001897376971e26
-1.7442713781898628e26
-1.7352781835034478e26
-1.726024224840844e26
-1.7165114817827655e26
-1.7067420018451525e26
-1.696717900335566e26
-1.6864413601881543e26
-1.6759146317772566e26
-1.665140032709427e26
-1.6541199475938864e26
-1.6428568277911765e26
-1.6313531911401467e26
-1.6196116216630562e26
-1.6076347692488637e26
-1.5954253493144975e26
-1.5829861424442672e26
-1.5703199940073043e26
-1.5574298137529237e26
-1.5443185753840987e26
-1.5309893161088753e26
-1.5174451361698905e26
-1.503689198351817e26
-1.4897247274669885e26
-1.4755550098191384e26
-1.4611833926452191e26
-1.4466132835355494e26
-1.431848149832191e26
-1.4168915180057769e26
-1.4017469730106772e26
-1.3864181576188326e26
-1.3709087717322474e26
-1.3552225716741685e26
-1.3393633694592714e26
-1.323335032042829e26
-1.3071414805491277e26
-1.2907866894790991e26
-1.2742746858975779e26
-1.2576095486001529e26
-1.2407954072599362e26
-1.2238364415542688e26
-1.2067368802717594e26
-1.1895010003997817e26
-1.1721331261925235e26
-1.1546376282200624e26
-1.1370189223984792e26
-1.1192814690014352e26
-1.1014297716532395e26
-1.0834683763039246e26
-1.0654018701864723e26
-1.047234880756377e26
-1.0289720746140466e26
-1.0106181564101557e26
-9.921778677343981e25
-9.736559859877527e25
-9.550573232388198e25
-9.363867250644397e25
-9.176490693748298e25
-8.988492652238007e25
-8.799922516042301e25
-8.610829962292755e25
-8.421264942995103e25
-8.231277672566022e25
-8.040918615237122e25
-7.850238472331461e25
-7.65928816941473e25
-7.4681188433272415e25
-7.276781829099726e25
-7.085328646756173e25
-6.8938109880099174e25
-6.702280702855527e25
-6.510789786062093e25
-6.319390363570493e25
-6.12813467880125e25
-5.937075078876253e25
-5.746264000758237e25
-5.555753957314236e25
-5.365597523306203e25
-5.17584732131469e25
-4.986556007598381e25
-4.797776257896596e25
-4.609560753178301e25
-4.42196216534158e25
-4.235033142870509e25
-4.048826296452526e25
-3.863394184562567e25
-3.6787892990170998e25
-3.495064050505291e25
-3.312270754100541e25
-3.1304616147585867e25
-2.94968871280574e25
-2.770003989424055e25
-2.591459232137761e25
-2.4141060603049443e25
-2.237995910621671e25
-2.0631800226419245e25
-1.8897094243197473e25
-1.717634917576947e25
-1.5470070639035729e25
-1.3778761699952975e25
-1.2102922734318027e25
-1.0443051284033416e25
-8.799641914888726e24
-7.17318607492103e24
-5.56417195338806e24
-3.973084340425151e24
-2.4004044874269338e24
-8.466099681936645e23
6.878254590866797e23
2.202431988988385e24
3.6967439050678155e24
5.170299715120183e24
6.622642285404067e24
8.053318973801229e24
9.461881761851836e24
1.0847887385632388e25
1.2210897465410745e25
1.3550478634039981e25
1.4866202664052775e25
1.6157646593392304e25
1.742439284974902e25
1.8666029373446928e25
1.988214973884971e25
2.1072353274224562e25
2.2236245180029154e25
2.337343664558643e25
2.448354496408778e25
2.5566193645897557e25
2.6621012530106724e25
2.7647637894309587e25
2.8645712562547047e25
2.961488601138553e25
3.0554814474100416e25
3.1465161042910567e25
3.234559576924056e25
3.3195795761964744e25
3.401544528360967e25
3.4804235844467097e25
3.556186629459306e25
3.6288042913653453e25
3.698247949859533e25
3.7644897449098343e25
3.827502585078345e25
3.8872601556155374e25
3.943736926323693e25
3.9969081591879285e25
4.046749915771286e25
4.09323906437243e25
4.136353286942173e25
4.1760710857571215e25
4.212371789848657e25
4.245235561183961e25
4.274643400597777e25
4.300577153472722e25
4.323019515166531e25
4.3419540361838305e25
4.3573651270911865e25
4.369238063174247e25
4.377558988834599e25
4.382314921725755e25
4.383493756626451e25
4.381084269050905e25
4.375076118593947e25
4.365459852010927e25
4.352226906031034e25
4.335369609903931e25
4.314881187678341e25
4.290755760212502e25
4.262988346916177e25
4.231574867223844e25
4.196512141798629e25
4.157797893467135e25
4.1154307478855205e25
4.069410233936284e25
4.019736783856456e25
3.9664117330977204e25
3.909437319918396e25
3.8488166847083413e25
3.78455386904711e25
3.7166538144966024e25
3.6451223611285646e25
3.56996624578822e25
3.491193100095403e25
3.4088114481835268e25
3.322830704179128e25
3.2332611694217463e25
3.1401140294270158e25
3.043401350593789e25
2.943136076657374e25
2.8393320248905116e25
2.73200388205422e25
2.621167200100277e25
2.5068383916275467e25
2.3890347250944978e25
2.2677743197899267e25
2.1430761405645055e25
2.014959992325508e25
1.8834465142973476e25
1.7485571740506346e25
1.610314261301956e25
1.4687408814885674e25
1.3238609491191094e25
1.175699180904681e25
1.0242810886728046e25
8.696329720675298e24
7.117819110388946e24
5.507557581250829e24
3.8658313053056866e24
2.1929340200381487e24
4.89166945179727e23
-1.245161302418148e24
-3.0097347958088954e24
-4.8042303868350596e24
-6.628317796835841e24
-8.481659709136346e24
-1.0363911863288432e25
-1.227472315100616e25
-1.421373571377572e25
-1.6180585042086985e25
-1.8174900076247983e25
-2.0196303308742117e25
-2.2244410888084105e25
-2.431883272413558e25
-2.641917259483274e25
-2.85450282542857e25
-3.0695991542206523e25
-3.2871648494619166e25
-3.507157945580906e25
-3.729535919146591e25
-3.954255700297756e25
-4.181273684283057e25
-4.4105457431059145e25
-4.642027237272014e25
-4.875673027632704e25
-5.111437487320873e25
-5.349274513774018e25
-5.589137540840632e25
-5.830979550964455e25
-6.074753087442506e25
-6.320410266751934e25
-6.567902790941443e25
-6.817181960082095e25
-7.068198684773091e25
-7.320903498698239e25
-7.575246571227792e25
-7.831177720061457e25
-8.088646423908213e25
-8.347601835197275e25
-8.607992792817061e25
-8.869767834876411e25
-9.132875211484254e25
-9.397262897542668e25
-9.662878605549243e25
-9.929669798403785e25
-1.0197583702215725e26
-1.0466567319106904e26
-1.0736567440005691e26
-1.1007530657428643e26
-1.1279403378244374e26
-1.1552131836416195e26
-1.1825662105718605e26
-1.209994011242485e26
-1.2374911647958768e26
-1.265052238150989e26
-1.292671787260543e26
-1.3203443583636642e26
-1.348064489233455e26
-1.3758267104191665e26
-1.4036255464826204e26
-1.431455517228412e26
-1.4593111389276117e26
-1.4871869255345323e26
-1.5150773898962739e26
-1.542977044954619e26
-1.5708804049399644e26
-1.598781986556991e26
-1.626676310161647e26
-1.6545579009292537e26
-1.6824212900131956e26
-1.7102610156941816e26
-1.738071624519515e26
-1.7658476724321903e26
-1.793583725889553e26
-1.8212743629711565e26
-1.848914174475621e26
-1.8764977650061606e26
-1.9040197540446177e26
-1.9314747770136422e26
-1.9588574863268596e26
-1.9861625524267377e26
-2.0133846648100056e26
-2.0405185330403144e26
-2.0675588877479703e26
-2.094500481616643e26
-2.1213380903566145e26
-2.1480665136646756e26
-2.174680576170272e26
-2.2011751283678935e26
-2.2275450475354344e26
-2.2537852386384253e26
-2.2798906352200496e26
-2.3058562002767223e26
-2.3316769271191782e26
-2.3573478402189083e26
-2.3828639960399316e26
-2.4082204838556994e26
-2.4334124265510886e26
-2.4584349814094683e26
-2.4832833408847098e26
-2.5079527333580347e26
-2.5324384238797735e26
-2.5567357148959418e26
-2.5808399469595408e26
-2.604746499426655e26
-2.6284507911372515e26
-2.6519482810807567e26
-2.675234469046339e26
-2.6983048962579194e26
-2.7211551459940012e26
-2.7437808441922404e26
-2.766177660038866e26
-2.788341306542953e26
-2.8102675410956516e26
-2.8319521660143527e26
-2.8533910290719337e26
-2.8745800240111006e26
-2.8955150910439467e26
-2.9161922173368092e26
-2.9366074374804817e26
-2.9567568339459662e26
-2.9766365375257995e26
-2.996242727761077e26
-3.0155716333543825e26
-3.0346195325686345e26
-3.0533827536120767e26
-3.0718576750094962e26
-3.090040725959896e26
-3.107928386680673e26
-3.125517188738561e26
-3.14280371536742e26
-3.159784601773157e26
-3.176456535425808e26
-3.1928162563390814e26
-3.2088605573375316e26
-3.224586284311511e26
-3.23999033646012e26
-3.255069666522368e26
-3.26982128099677e26
-3.2842422403495196e26
