4.746089003906246e-13
4.743622259511329e11
7.57785121210097e12
3.826223116233046e13
1.204825650518354e14
2.9275123061208794e14
6.035151823614526e14
1.1103580959180606e15
1.8790294935567242e15
2.982303409127588e15
4.4986696052575305e15
6.510860805428707e15
9.10421984730147e15
1.236491110075886e16
1.6377980923843538e16
2.1225272351291748e16
2.6983199623010984e16
3.3720388562877584e16
4.149518921094098e16
5.0353067493819016e16
6.0323883088076776e16
7.1419060989035544e16
8.362866464211643e16
9.691837882485386e16
1.1122641078451262e17
1.264603184382153e17
1.4249377472906854e17
1.5916327750241715e17
1.7626481452053062e17
1.9355049347123008e17
2.1072514704572045e17
2.2744292336274246e17
2.4330387219967578e17
2.5785053765599507e17
2.7056456802013418e17
2.8086335373700163e17
2.8809670447975786e17
2.915435764157619e17
2.904088608225148e17
2.838202452547293e17
2.708251584881728e17
2.5038781046940058e17
2.213863384828706e17
1.826100707079721e17
1.3275691827823136e17
7.04309068732224e16
-5.860141229468672e15
-9.77067638394958e16
-2.0679984361955674e17
-3.349324104425029e17
-4.840012510391752e17
-6.560083158462104e17
-8.53061913193854e17
-1.0773776812254203e18
-1.33127932821216e18
-1.6171991322198285e18
-1.9376781913957025e18
-2.295366416477097e18
-2.6930222574739917e18
-3.133512156849072e18
-3.619809721907648e18
-4.1549946095174185e18
-4.742251116703079e18
-5.384866471103146e18
-6.086228815735443e18
-6.849824882992839e18
-7.679237353281657e18
-8.578141894220904e18
-9.550303876840657e18
-1.0599574765751738e19
-1.1729888180805624e19
-1.2945255628322922e19
-1.4249761900539384e19
-1.5647560142500258e19
-1.7142866586225447e19
-1.8739954952569287e19
-2.0443150521808015e19
-2.225682387460594e19
-2.418538430563471e19
-2.623327291275099e19
-2.8404955365272707e19
-3.070491435553357e19
-3.313764173853873e19
-3.5707630365189014e19
-3.841936561518881e19
-4.127731663639916e19
-4.4285927298044576e19
-4.744960686582816e19
-5.0772720407652024e19
-5.425957893928034e19
-5.79144293199176e19
-6.174144390830544e19
-6.57447099905648e19
-6.992821899162794e19
-7.429585548271265e19
-7.885138599789103e19
-8.359844767339443e19
-8.854053672387432e19
-9.368099677040475e19
-9.902300703556572e19
-1.04569570421485e20
-1.1032350148724028e20
-1.162874143425324e20
-1.2246371047503023e20
-1.288545665292617e20
-1.3546192205538273e20
-1.422874672465871e20
-1.4933263068433718e20
-1.5659856711099112e20
-1.6408614524977054e20
-1.7179593569236058e20
-1.7972819887476638e20
-1.8788287316233788e20
-1.962595630651649e20
-2.0485752760527985e20
-2.136756688573388e20
-2.2271252068463994e20
-2.319662376925089e20
-2.4143458442121904e20
-2.511149248007232e20
-2.610042118895536e20
-2.7109897792029678e20
-2.8139532467406838e20
-2.9188891420640012e20
-3.025749599469079e20
-3.134482181950336e20
-3.2450298003404364e20
-3.357330636853274e20
-3.4713180732486386e20
-3.5869206238351655e20
-3.7040618735257826e20
-3.8226604211570816e20
-3.942629828281016e20
-4.0638785736338453e20
-4.186310013483534e20
-4.309822348052677e20
-4.4343085942096305e20
-4.55965656461569e20
-4.685748853511119e20
-4.8124628293173274e20
-4.939670634226727e20
-5.0672391909457343e20
-5.195030216749908e20
-5.3229002450033915e20
-5.450700654287946e20
-5.5782777052791806e20
-5.7054725855001575e20
-5.8321214620743487e20
-5.958055542591662e20
-6.08310114419268e20
-6.207079770967309e20
-6.329808199754881e20
-6.451098574423291e20
-6.570758508695041e20
-6.688591197578055e20
-6.804395537448963e20
-6.917966254825975e20
-7.029094043857904e20
-7.137565712544848e20
-7.243164337694943e20
-7.345669428610347e20
-7.44485709948388e20
-7.540500250476299e20
-7.632368757432068e20
-7.720229670179596e20
-7.803847419349682e20
-7.882984031633574e20
-7.95739935338969e20
-8.026851282495401e20
-8.091096008327742e20
-8.149888259744157e20
-8.202981560921617e20
-8.25012849489959e20
-8.291080974659547e20
-8.325590521560767e20
-8.353408550939207e20
-8.374286664663555e20
-8.387976950429416e20
-8.394232287560037e20
-8.392806659068985e20
-8.383455469727648e20
-8.365935869867658e20
-8.340007084635998e20
-8.305430748407949e20
-8.261971244050974e20
-8.209396046720297e20
-8.147476071855254e20
-8.075986027033366e20
-7.994704767327931e20
-7.903415653803136e20
-7.801906914769985e20
-7.689972009415048e20
-7.567409993403814e20
-7.434025886049683e20
-7.289631038629999e20
-7.134043503420435e20
-6.967088403009845e20
-6.788598299448545e20
-6.598413562774256e20
-6.39638273845176e20
-6.18236291325403e20
-5.956220079105393e20
-5.7178294944001e20
-5.467076042302493e20
-5.2038545855295966e20
-4.92807031711016e20
-4.639639106609703e20
-4.3384878413055046e20
-4.024554761791918e20
-3.697789791491672e20
-3.358154859546317e20
-3.005624216555752e20
-2.6401847426342224e20
-2.261836247249443e20
-1.8705917603091756e20
-1.466477813960116e20
-1.0495347145630302e20
-6.198168043096075e19
-1.7739271194673635e19
2.7765440792320606e19
7.452266474961035e19
1.2252111308998394e20
1.7174798123312644e20
2.2218892877143933e20
2.7382806203937672e20
3.2664791813703926e20
3.806294504582378e20
4.357520157724547e20
4.91993362909467e20
5.4932962309448375e20
6.077353019808649e20
6.671832734264226e20
7.276447750584195e20
7.890894056711573e20
8.514851244990443e20
9.147982524066785e20
9.789934750363362e20
1.0440338479518076e21
1.1098808038161782e21
1.1764941616396913e21
1.243832138132227e21
1.311851361193434e21
1.380506885571814e21
1.4497522107224052e21
1.5195393008908747e21
1.5898186074500728e21
1.6605390935131071e21
1.731648260845175e21
1.8030921790942452e21
1.8748155173587473e21
1.946761578108227e21
2.018872333470816e21
2.0910884638991028e21
2.1633493992237926e21
2.2355933621021432e21
2.3077574138659157e21
2.3797775027710633e21
2.451588514649056e21
2.523124325957136e21
2.5943178592224e21
2.6651011408719197e21
2.7354053614386534e21
2.805160938130134e21
2.874297579744396e21
2.9427443539148307e21
3.010429756662973e21
3.077281784235527e21
3.143228007199107e21
3.2081956467634896e21
3.272111653301292e21
3.3349027870292726e21
3.396495700813544e21
3.456817025058275e21
3.5157934546345106e21
3.5733518378030035e21
3.6294192670820464e21
3.683923172008535e21
3.736791413737551e21
3.787952381423094e21
3.8373350903196077e21
3.884869281541309e21
3.930485523413415e21
3.9741153143467184e21
4.0156911871641093e21
4.0551468148050525e21
4.09241711733122e21
4.1274383701539165e21
4.160148313401276e21
4.190486262340611e21
4.218393218768801e21
4.2438119832810443e21
4.266687268325892e21
4.286965811952053e21
4.304596492150102e21
4.319530441689952e21
4.3317211633526584e21
4.3411246454530035e21
4.3476994775471337e21
4.3514069662175325e21
4.352211250825556e21
4.350079419119933e21
4.344981622587708e21
4.336891191432469e21
4.3257847490628414e21
4.311642325972883e21
4.294447472894245e21
4.2741873730987995e21
4.250852953728859e21
4.2244389960311264e21
4.194944244369147e21
4.1623715138881947e21
4.1267277967054267e21
4.0880243664974334e21
4.04627688135646e21
4.0015054847860885e21
3.953734904706533e21
3.9029945503393697e21
3.849318606841227e21
3.7927461275557754e21
3.7333211237533053e21
3.671092651727249e21
3.606114897117191e21
3.538447256328188e21
3.4681544149167175e21
3.3953064228140236e21
3.3199787662584164e21
3.242252436308807e21
3.1622139938127337e21
3.0799556307031876e21
2.995575227499742e21
2.9091764068908107e21
2.820868583275299e21
2.7307670081435263e21
2.638992811179016e21
2.5456730369645116e21
2.450940677177746e21
2.3549346981643378e21
2.2578000637777795e21
2.15968775337841e21
2.0607547748863034e21
1.961164172785144e21
1.8610850309773024e21
1.7606924703929692e21
1.6601676412594637e21
1.5596977099397655e21
1.4594758402527776e21
1.3597011691911292e21
1.2605787769559696e21
1.1623196512317226e21
1.0651406456277067e21
9.692644322172731e20
8.749194481093092e20
7.823398359908735e20
6.917653785842182e20
6.034414269655742e20
5.1761882269778706e20
4.345538137332321e20
3.545079640483221e20
2.777480569755659e20
2.0454599220412075e20
1.351786764246555e20
6.992790759955497e19
9.080252844464931e18
-4.707308008730368e19
-9.823637772098549e19
-1.4410956217491076e20
-1.8438833886593968e20
-2.1876435059249303e20
-2.4692533797645923e20
-2.68555306239463e20
-2.8333469828323685e20
-2.9094057403803553e20
-2.910467960371869e20
-2.8332422116989626e20
-2.674408985585097e20
-2.430622735004981e20
-2.098513974092046e20
-1.6746914368162156e20
-1.1557442941504874e20
-5.382444288870921e19
1.8125123280029352e19
1.0061983340105774e20
1.9400626450113076e20
2.98631756746185e20
4.148441586112497e20
5.4299156691869814e20
6.834220618719381e20
8.364834372175056e20
1.0025229256747988e21
1.1818869197785187e21
1.3749206882850285e21
1.581968088299746e21
1.803371273288453e21
2.039470397141601e21
2.2906033144659512e21
2.557105277284274e21
2.8393086283286944e21
3.137542491119757e21
3.4521324570278153e21
3.7834002695197284e21
4.1316635057981673e21
4.4972352560470856e21
4.880423800501063e21
5.281532284561875e21
5.700858392190417e21
6.138694017806541e21
6.595324936934448e21
7.071030475835436e21
7.566083180374654e21
8.080748484371977e21
8.615284377692006e21
9.169941074331547e21
9.74496068076725e21
1.034057686482899e22
1.0957014525368599e22
1.1594489462996737e22
1.2253208052163416e22
1.2933366914861274e22
1.3635152596232594e22
1.4358741242364335e22
1.510429828055721e22
1.5871978102357762e22
1.6661923749643164e22
1.7474266604051221e22
1.8309126080049204e22
1.9166609321936376e22
2.004681090507624e22
2.0949812541655186e22
2.1875682791265302e22
2.282447677660927e22
2.379623590462503e22
2.479098759332856e22
2.5808745004672334e22
2.684950678371666e22
2.7913256804410263e22
2.8999963922275173e22
3.0109581734290202e22
3.124204834626566e22
3.2397286147999584e22
3.3575201596504363e22
3.477568500759011e22
3.599861035608871e22
3.7243835084999475e22
3.851119992383396e22
3.980052871643547e22
4.111162825854285e22
4.2444288145367765e22
4.379828062944618e22
4.517336048902492e22
4.656926490723538e22
4.7985713362306e22
4.942240752905479e22
5.087903119190321e22
5.235525016964198e22
5.385071225217861e22
5.5365047149484954e22
5.689786645296144e22
5.844876360942426e22
6.00173139079183e22
6.160307447954785e22
6.32055843105128e22
6.482436426852868e22
6.645891714280201e22
6.810872769772335e22
6.97732627404329e22
7.145197120240482e22
7.314428423518766e22
7.484961532042916e22
7.656736039430439e22
7.829689798645774e22
8.003758937355773e22
8.178877874755715e22
8.354979339873649e22
8.53199439136032e22
8.709852438770494e22
8.888481265340864e22
9.067807052268127e22
9.247754404490278e22
9.428246377972705e22
9.609204508499714e22
9.790548841970904e22
9.972197966200788e22
1.0154069044218703e23
1.0336077849065226e23
1.0518138800079666e23
1.070016500067248e23
1.0882068277574979e23
1.106375922155757e23
1.1245147229606573e23
1.1426140548548474e23
1.1606646320109112e23
1.1786570627394257e23
1.196581854277668e23
1.214429417717354e23
1.2321900730696866e23
1.2498540544658417e23
1.2674115154909178e23
1.2848525346492392e23
1.3021671209587782e23
1.319345219672346e23
1.3363767181230718e23
1.3532514516915677e23
1.3699592098920573e23
1.3864897425746147e23
1.402832766240563e23
1.4189779704679208e23
1.434915024443712e23
1.4506335835997978e23
1.4661232963487951e23
1.4813738109165225e23
1.4963747822672912e23
1.5111158791182656e23
1.5255867910389856e23
1.5397772356320425e23
1.553676965790795e23
1.5672757770298908e23
1.5805635148842783e23
1.59353008237226e23
1.606165447518068e23
1.618459650929323e23
1.6304028134246517e23
1.6419851437066416e23
1.6531969460752187e23
1.6640286281764525e23
1.6744707087816988e23
1.6845138255919084e23
1.6941487430618555e23
1.703366360238962e23
1.7121577186113098e23
1.720514009959373e23
1.7284265842059376e23
1.735886957258592e23
1.742886818839134e23
1.7494180402941733e23
1.755472682381143e23
1.7610430030239155e23
1.7661214650321236e23
1.7707007437782973e23
1.7747737348268518e23
1.7783335615089346e23
1.78137358243713e23
1.7838873989539516e23
1.7858688625080815e23
1.78731208195225e23
1.7882114307566672e23
1.7885615541318965e23
1.788357376055048e23
1.7875941061931854e23
1.786267246717827e23
1.784372599004448e23
1.781906270210878e23
1.778864679728529e23
1.7752445655004084e23
1.7710429901998745e23
1.766257347264159e23
1.7608853667766786e23
1.7549251211922436e23
1.7483750308992694e23
1.741233869613177e23
1.7335007695952174e23
1.7251752266910156e23
1.716257105183191e23
1.7067466424524615e23
1.696644453441777e23
1.685951534918012e23
1.6746692695259263e23
1.662799429629106e23
1.6503441809327608e23
1.6373060858833203e23
1.623688106839842e23
1.6094936090124465e23
1.5947263631629685e23
1.579390548063283e23
1.5634907527067567e23
1.5470319782684857e23
1.5300196398100523e23
1.512459567724728e23
1.4943580089191283e23
1.4757216277275233e23
1.456557506555087e23
1.4368731462466209e23
1.416676466177334e23
1.3959758040625034e23
1.3747799154829438e23
1.3530979731234504e23
1.33093956572147e23
1.308314696723511e23
1.2852337826469022e23
1.2617076511447763e23
1.2377475387722685e23
1.2133650884521588e23
1.1885723466383365e23
1.1633817601757145e23
1.1378061728553701e23
1.1118588216639145e23
1.0855533327263088e23
1.0589037169414988e23
1.0319243653105443e23
1.0046300439570217e23
9.770358888397981e22
9.49157400158375e22
9.210104364513584e22
8.926112083886973e22
8.63976272258662e22
8.351225231506596e22
8.060671878353153e22
7.7682781734338e22
7.474222792453279e22
7.178687496336453e22
6.881857048101701e22
6.5839191268093915e22
6.285064238613346e22
5.985485624944598e22
5.685379167860139e22
5.384943292590569e22
5.084378867323784e22
4.78388910026327e22
4.483679434002907e22
4.183957437261462e22
3.884932694023104e22
3.586816690131648e22
3.289822697389624e22
2.9941656552144573e22
2.7000620499069343e22
2.4077297915892236e22
2.1173880888715748e22
1.8292573213097095e22
1.5435589097163613e22
1.2605151843930775e22
9.803492513499945e21
7.0328485658412e21
4.295462484879369e21
1.5935803846279488e21
-1.0705494018709772e21
-3.694677750014718e21
-6.276556186718529e21
-8.813938348282826e21
-1.1304581452214307e22
-1.3746247782140412e22
-1.6136706184946844e22
-1.8473733579244776e22
-2.075511647426306e22
-2.297865249823782e22
-2.514215193536219e22
-2.724343927033991e22
-2.928035473957494e22
-3.1250755888010536e22
-3.315251913062198e22
-3.498354131755247e22
-3.674174130186717e22
-3.842506150889389e22
-4.003146950610004e22
-4.155895957245259e22
-4.30055542661902e22
-4.436930598993696e22
-4.564829855206587e22
-4.6840648723225075e22
-4.794450778692161e22
-4.895806308306112e22
-4.9879539543324655e22
-5.0707201217269825e22
-5.143935278802925e22
-5.207434107648515e22
-5.261055653278514e22
-5.304643471407298e22
-5.338045774729707e22
-5.3611155775968026e22
-5.37371083897263e22
-5.3756946035592755e22
-5.366935140976715e22
-5.347306082884911e22
-5.316686557935643e22
-5.274961324441809e22
-5.222020900652678e22
-5.157761692524429e22
-5.082086118875086e22
-4.9949027338147015e22
-4.896126346341665e22
-4.785678136997745e22
-4.663485771474477e22
-4.529483511065498e22
-4.383612319859914e22
-4.225819968573702e22
-4.056061134916711e22
-3.87429750039479e22
-3.6804978434477937e22
-3.4746381288262953e22
-3.2567015931104566e22
-3.0266788262773604e22
-2.784567849224181e22
-2.5303741871571362e22
-2.264110938757205e22
-1.985798841036673e22
-1.695466329801802e22
-1.3931495956402502e22
-1.0788926353527011e22
-7.527472987518859e21
-4.14773330753628e21
-6.50384086882161e20
2.9638182523868293e21
6.694037364019357e21
1.0539356751947274e22
1.4498779595089172e22
1.857122862317942e22
2.275554604416983e22
2.705049352374065e22
3.1454752217407993e22
3.5966922855705223e22
4.058552588286402e22
4.53090016494025e22
5.0135710658981135e22
5.506393386987145e22
6.009187305133139e22
6.521765119515732e22
7.043931298263818e22
7.57548253071145e22
8.116207785230063e22
8.665888372648386e22
9.224298015270018e22
9.791202921492514e22
1.0366361866029801e23
1.0949526275734387e23
1.1540440321013745e23
1.2138841012829961e23
1.2744458305268739e23
1.3357015203658774e23
1.3976227878220625e23
1.4601805783217927e23
1.5233451781581762e23
1.587086227497314e23
1.6513727339246724e23
1.7161730865272974e23
1.7814550705073175e23
1.8471858823216648e23
1.9133321453426883e23
1.9798599260337945e23
2.0467347506339557e23
2.113921622344379e23
2.181385039010478e23
2.249089011291595e23
2.3169970813108077e23
2.385072341776456e23
2.4532774555669857e23
2.52157467577001e23
2.5899258661662706e23
2.6582925221487087e23
2.72663579206658e23
2.7949164989840612e23
2.8630951628425163e23
2.931132023015068e23
2.998987061242017e23
3.066620024935026e23
3.133990450837796e23
3.2010576890305104e23
3.2677809272651034e23
3.3341192156179424e23
3.400031491446275e23
3.46547660463437e23
3.5304133431151216e23
3.594800458652412e23
3.658596692869278e23
3.721760803506708e23
3.7842515908974924e23
3.846027924639365e23
3.9070487704512825e23
3.9672732171966195e23
4.026660504056572e23
4.0851700478370444e23
4.142761470391799e23
4.1993946261447523e23
4.255029629693751e23
4.309626883478206e23
4.3631471054925794e23
4.415551357027755e23
4.466801070421863e23
4.516858076802275e23
4.565684633800044e23
4.6132434532181545e23
4.6594977286346994e23
4.704411162922001e23
4.747947995662559e23
4.7900730304427433e23
4.8307516620048916e23
4.869949903238542e23
4.907634411991347e23
4.943772517680358e23
4.978332247684129e23
5.011282353496224e23
5.0425923366205904e23
5.072232474189424e23
5.100173844284004e23
5.1263883509391056e23
5.1508487488116384e23
5.173528667494209e23
5.194402635454389e23
5.213446103580542e23
5.2306354683151644e23
5.245948094356877e23
5.2593623369122445e23
5.2708575634787715e23
5.280414175140643e23
5.288013627358848e23
5.2936384502376273e23
5.2972722682492274e23
5.298899819399371e23
5.2985069738158625e23
5.2960807517431534e23
5.2916093409258246e23
5.285082113364314e23
5.276489641426484e23
5.265823713298756e23
5.253077347761129e23
5.2382448082705046e23
5.221321616337138e23
5.202304564179404e23
5.1811917266424104e23
5.157982472366346e23
5.132677474190929e23
5.105278718782492e23
5.075789515470997e23
5.044214504284375e23
5.010559663168199e23
4.974832314379077e23
4.937041130040649e23
4.897196136851493e23
4.8553087199347966e23
4.8113916258200935e23
4.7654589645477415e23
4.717526210887704e23
4.667610204664248e23
4.615729150179055e23
4.561902614725603e23
4.5061515261882996e23
4.448498169720369e23
4.38896618349516e23
4.327580553525834e23
4.264367607549461e23
4.199355007971632e23
4.132571743868645e23
4.0640481220447485e23
3.993815757142629e23
3.921907560805894e23
3.848357729893011e23
3.773201733742536e23
3.6964763004905734e23
3.6182194024415285e23
3.5384702404942244e23
3.4572692276259e23
3.374657971437382e23
3.2906792557632864e23
3.20537702135181e23
3.11879634561939e23
3.030983421485888e23
2.9419855352971087e23
2.8518510438416738e23
2.7606293504701158e23
2.6683708803247726e23
2.5751270546896088e23
2.480950264469841e23
2.385893842811918e23
2.2900120368748186e23
2.1933599787647915e23
2.095993655645767e23
1.9979698790386737e23
1.899346253323414e23
1.8001811434578993e23
1.7005336419292117e23
1.600463534952662e23
1.5000312679347995e23
1.399297910217673e23
1.2983251191216387e23
1.1971751033049735e23
1.0959105854590437e23
9.94594764358392e22
8.932912762856912e22
7.920641558521519e22
6.909777962342603e22
5.900969088488086e22
4.894864824881833e22
3.8921174193873625e22
2.8933810610550245e22
1.8993114566700957e22
9.105654028452515e21
-7.219964609558206e20
-1.0483260141881526e22
-2.0171562435988907e22
-2.9780335378307807e22
-3.9303022081009034e22
-4.8733081226177036e22
-5.806399158483997e22
-6.728925655947242e22
-7.64024087471495e22
-8.539701452048417e22
-9.426667862347827e22
-1.0300504877932842e23
-1.1160582030725474e23
-1.2006274074535196e23
-1.2836961447645083e23
-1.3652030735394825e23
-1.4450875132454063e23
-1.523289490447633e23
-1.599749784882479e23
-1.674409975405419e23
-1.7472124857836684e23
-1.8181006303014587e23
-1.8870186591463005e23
-1.9539118035444195e23
-2.0187263206134015e23
-2.0814095379001022e23
-2.141909897571718e23
-2.2001770002280846e23
-2.2561616483029633e23
-2.3098158890223657e23
-2.3610930568879173e23
-2.4099478156532222e23
-2.456336199761413e23
-2.5002156552121023e23
-2.5415450798260386e23
-2.580284862876058e23
-2.6163969240528713e23
-2.6498447517346263e23
-2.6805934405292913e23
-2.7086097280591246e23
-2.7338620309568142e23
-2.7563204800431225e23
-2.7759569546561238e23
-2.792745116102565e23
-2.8066604402020438e23
-2.817680248895279e23
-2.825783740887915e23
-2.8309520213019265e23
-2.833168130306919e23
-2.8324170707042458e23
-2.828685834437207e23
-2.8219634280011862e23
-2.812240896728007e23
-2.799511347919435e23
-2.7837699728052063e23
-2.765014067301607e23
-2.7432430515471706e23
-2.7184584881928048e23
-2.6906640994240936e23
-2.659865782694384e23
-2.6260716251477586e23
-2.5892919167119156e23
-2.549539161841427e23
-2.50682808989279e23
-2.461175664113324e23
-2.4126010892268162e23
-2.3611258175994853e23
-2.3067735539707828e23
-2.2495702587341804e23
-2.1895441497542096e23
-2.1267257027065158e23
-2.0611476499288484e23
-1.9928449777716248e23
-1.921854922437689e23
-1.8482169643017056e23
-1.771972820700605e23
-1.693166437187462e23
-1.611843977242018e23
-1.5280538104321522e23
-1.4418464990214825e23
-1.3532747830192369e23
-1.2623935636696692e23
-1.1692598853790746e23
-1.0739329160796405e23
-9.764739260303268e22
-8.769462650559162e22
-7.75415338226566e22
-6.719485799810222e22
-5.6661542669794404e22
-4.594872877205237e22
-3.5063751484095666e22
-2.401413702520918e22
-1.280759929749562e22
-1.4520363771440293e21
1.0044473144692814e22
2.167367397026397e22
3.3427138051538158e22
4.529626869310839e22
5.727230480018167e22
6.934632527007078e22
8.150925352548197e22
9.375186218779354e22
1.0606477788843407e23
1.1843848621632088e23
1.30863336799256e23
1.4332954851706095e23
1.5582721484412044e23
1.6834630931891733e23
1.8087669113802222e23
1.934081108719188e23
2.0593021629994933e23
2.184325583615342e23
2.3090459722076082e23
2.4333570844132536e23
2.5571518926870922e23
2.6803226501639514e23
2.802760955528155e23
2.9243578188565234e23
3.045003728400244e23
3.164588718269759e23
3.283002436986334e23
3.400134216862988e23
3.515873144176572e23
3.6301081300921134e23
3.74272798229962e23
3.853621477322955e23
3.962677433459387e23
4.0697847843081125e23
4.1748326528447726e23
4.2777104259988816e23
4.378307829690079e23
4.476515004278567e23
4.572222580384572e23
4.66532175503096e23
4.755704368062656e23
4.843262978796057e23
4.927890942850885e23
5.009482489116745e23
5.087932796805986e23
5.163138072544167e23
5.234995627448955e23
5.3034039541479656e23
5.368262803685684e23
5.4294732622694214e23
5.4869378278037525e23
5.5405604861627947e23
5.59024678714962e23
5.635903920091493e23
5.677440789019885e23
5.7147680873838824e23
5.74779837224561e23
5.776446137906128e23
5.8006278889103795e23
5.8202622123796516e23
5.8352698496201656e23
5.8455737669563966e23
5.851099225737876e23
5.851773851468381e23
5.84752770200661e23
5.838293334787588e23
5.824005873014366e23
5.804603070769785e23
5.780025376998552e23
5.750215998309954e23
5.7151209605521963e23
5.6746891691095395e23
5.628872467874146e23
5.577625696844624e23
5.520906748304221e23
5.4586766215318015e23
5.3908994759996735e23
5.3175426830125655e23
5.2385768757430955e23
5.153975997619444e23
5.063717349021984e23
4.9677816322460044e23
4.8661529946887224e23
4.7588190702196484e23
4.645771018693883e23
4.527003563569196e23
4.402515027588309e23
4.272307366489194e23
4.1363862007065926e23
3.994760845029512e23
3.847444336180067e23
3.69445345828059e23
3.535808766176351e23
3.371534606583123e23
3.201659137029152e23
3.026214342563284e23
2.8452360502010703e23
2.6587639410828285e23
2.4668415603183192e23
2.2695163244944773e23
2.066839526823264e23
1.8588663399088576e23
1.6456558161138258e23
1.4272708855064558e23
1.2037783513715165e23
9.752488832691761e22
7.417570076276454e22
5.033810958570308e22
2.602033499727186e22
1.2309785718823982e21
-2.402097868168283e22
-4.972617851027989e22
-7.587488785845588e22
-1.0245700156290902e23
-1.2946204529957558e23
-1.568791787833715e23
-1.8469719922052448e23
-2.129045450131989e23
-2.4148929971600698e23
-2.7043919624380145e23
-2.9974162133002027e23
-3.2938362023465233e23
-3.5935190170076876e23
-3.896328431583406e23
-4.2021249617398325e23
-4.510765921450426e23
-4.8221054823624404e23
-5.1359947355709255e23
-5.452281755778697e23
-5.770811667820662e23
-6.091426715527995e23
-6.413966332907084e23
-6.738267217605759e23
-7.064163406638075e23
-7.391486354336978e23
-7.720065012503043e23
-8.049725912715592e23
-8.380293250770715e23
-8.71158897320939e23
-9.043432865897442e23
-9.375642644617219e23
-9.708034047629561e23
-1.0040420930162758e24
-1.0372615360784268e24
-1.0704427719608972e24
-1.103566679829661e24
-1.1366139901788891e24
-1.16956529517367e24
-1.2024010591564883e24
-1.235101629312188e24
-1.2676472464859193e24
-1.30001805614852e24
-1.3321941195035987e24
-1.3641554247304615e24
-1.3958818983568978e24
-1.427353416755769e24
-1.4585498177591322e24
-1.4894509123836195e24
-1.5200364966605617e24
-1.5502863635643627e24
-1.580180315032424e24
-1.6096981740698786e24
-1.638819796932226e24
-1.6675250853789668e24
-1.6957939989911272e24
-1.7236065675455862e24
-1.750942903438914e24
-1.7777832141534815e24
-1.804107814758425e24
-1.8298971404379908e24
-1.8551317590397957e24
-1.8797923836353527e24
-1.9038598850852692e24
-1.9273153046013683e24
-1.9501398662980264e24
-1.9723149897248969e24
-1.9938223023732116e24
-2.014643652147735e24
-2.034761119796526e24
-2.054157031290522e24
-2.0728139701450263e24
-2.0907147896750742e24
-2.1078426251767518e24
-2.1241809060264213e24
-2.1397133676898807e24
-2.154424063633451e24
-2.1682973771289974e24
-2.1813180329449288e24
-2.1934711089151887e24
-2.204742047378312e24
-2.2151166664786346e24
-2.2245811713217912e24
-2.233122164976639e24
-2.2407266593158222e24
-2.2473820856872246e24
-2.2530763054086198e24
-2.257797620077882e24
-2.261534781691163e24
-2.2642770025615579e24
-2.2660139650308075e24
-2.2667358309666955e24
-2.2664332510388635e24
-2.2650973737658615e24
-2.262719854326358e24
-2.2592928631275245e24
-2.2548090941236878e24
-2.2492617728785015e24
-2.2426446643639724e24
-2.234952080489785e24
-2.2261788873565272e24
-2.2163205122265208e24
-2.2053729502060803e24
-2.1933327706332326e24
-2.1801971231649642e24
-2.165963743558317e24
-2.150630959139721e24
-2.1341976939571637e24
-2.11666347360993e24
-2.0980284297508388e24
-2.0782933042559802e24
-2.05745945305731e24
-2.0355288496334297e24
-2.0125040881542134e24
-1.988388386275044e24
-1.9631855875766536e24
-1.936900163646729e24
-1.9095372157996842e24
-1.8811024764310822e24
-1.8516023100035942e24
-1.8210437136613804e24
-1.789434317470124e24
-1.756782384280101e24
-1.7230968092099053e24
-1.688387118748656e24
-1.6526634694747785e24
-1.6159366463895397e24
-1.5782180608639646e24
-1.5395197481977868e24
-1.4998543647894066e24
-1.4592351849160711e24
-1.4176760971236968e24
-1.3751916002259912e24
-1.3317967989127875e24
-1.2875073989677672e24
-1.2423397020958547e24
-1.1963106003610524e24
-1.1494375702354806e24
-1.1017386662607778e24
-1.0532325143232222e24
-1.0039383045441705e24
-9.538757837876695e23
-9.030652477873778e23
-8.515275328950365e23
-7.992840074532314e23
-7.463565627951726e23
-6.927676038746314e23
-6.385400395293483e23
-5.836972723815085e23
-5.282631883790803e23
-4.722621459821642e23
-4.1571896499850334e23
-3.586589150729137e23
-3.011077038352727e23
-2.430914647121734e23
-1.8463674440749153e23
-1.257704900573805e23
-6.6520036065432765e22
-6.913090623973802e21
5.302227807225863e22
1.1325765591375819e23
1.7376429725838116e23
2.3451313960121863e23
2.9547481852507985e23
3.5661968292427176e23
4.179178104941649e23
4.793390234788139e23
5.408529046686543e23
6.024288136402719e23
6.640359032297274e23
7.256431362310384e23
7.872193023110579e23
8.48733035131847e23
9.101528296714595e23
9.714470597338793e23
1.0325839956386311e24
1.0935318220805977e24
1.1542586561500961e24
1.214732565503425e24
1.274921586673767e24
1.3347937435122263e24
1.394317065748645e24
1.4534596076617022e24
1.5121894668476742e24
1.5704748030770593e24
1.6282838572283257e24
1.6855849702876234e24
1.742346602403508e24
1.7985373519854378e24
1.8541259748347628e24
1.909081403296849e24
1.9633727654228864e24
2.0169694041298063e24
2.0698408963468606e24
2.1219570721370118e24
2.1732880337815793e24
2.223804174816329e24
2.2734761990072174e24
2.3222751392539665e24
2.370172376409633e24
2.4171396580042308e24
2.463149116860669e24
2.5081732895909417e24
2.552185134960802e24
2.595158052111011e24
2.63706589862331e24
2.677883008419263e24
2.717584209480205e24
2.7561448413765085e24
2.793540772594442e24
2.8297484176490493e24
2.864744753971325e24
2.8985073385582427e24
2.9310143243742024e24
2.9622444764924625e24
2.992177187965352e24
3.020792495412051e24
3.048071094312884e24
3.0739943539992203e24
3.098544332328068e24
3.1217037900307315e24
3.143456204724963e24
3.163785784580162e24
3.182677481625385e24
3.200117004690038e24
3.2160908319673186e24
3.230586223190663e24
3.243591231413558e24
3.2550947143833315e24
3.2650863454997597e24
3.273556624349416e24
3.2804968868069686e24
3.285899314694907e24
3.289756944993227e24
3.292063678590989e24
3.292814288571843e24
3.292004428025832e24
3.289630637380038e24
3.2856903512409184e24
3.280181904741374e24
3.273104539385962e24
3.2644584083877924e24
3.2542445814910166e24
3.242465049273075e24
3.229122726921184e24
3.214221457477714e24
3.19776601454957e24
3.17976210447684e24
3.160216367956426e24
3.1391363811164503e24
3.1165306560378744e24
3.092408640719734e24
3.066780718484939e24
3.0396582068238804e24
3.0110533556732985e24
2.980979345128364e24
2.949450282586093e24
2.916481199318636e24
2.8820880464754446e24
2.846287690513303e24
2.809097908053977e24
2.770537380169283e24
2.7306256860938674e24
2.689383296366295e24
2.6468315653993914e24
2.602992723481093e24
2.5578898682076563e24
2.511546955350965e24
2.463988789162516e24
2.4152410121167342e24
2.365330094096693e24
2.3142833210257393e24
2.262128782948662e24
2.208895361566862e24
2.1546127172316543e24
2.0993112754008575e24
2.0430222125637403e24
1.9857774416399488e24
1.927609596858324e24
1.8685520181218808e24
1.8086387348654839e24
1.7479044494134187e24
1.6863845198438426e24
1.6241149423679954e24
1.561132333232067e24
1.4974739101500277e24
1.4331774732761173e24
1.368281385725929e24
1.302824553655324e24
1.2368464059070457e24
1.1703868732346023e24
1.1034863671139478e24
1.0361857581534241e24
9.685263541127597e23
9.005498775424039e23
8.322984430545224e23
7.638145342373926e23
6.951409802253952e23
6.26320931936588e23
5.573978379906392e23
4.884154203198846e23
4.19417649486537e23
3.504487197194297e23
2.8155302368385056e23
2.1277512699816238e23
1.441597425115208e23
7.575170435657823e22
7.595941791908999e21
-6.0262547151272205e22
-1.2777872220321425e23
-1.94907527555494e23
-2.6160391871138185e23
-3.278228894713778e23
-3.935194990380988e23
-4.586488992251099e23
-5.23166361753557e23
-5.870273056206703e23
-6.501873245239755e23
-7.126022143249184e23
-7.742280005356048e23
-8.350209658119127e23
-8.949376774367595e23
-9.539350147765612e23
-1.0119701966942826e24
-1.0690008089022418e24
-1.1249848312378145e24
-1.1798806648451424e24
-1.2336471592459775e24
-1.286243639282505e24
-1.3376299319154638e24
-1.387766392860382e24
-1.4366139330450536e24
-1.484134044871283e24
-1.5302888282640093e24
-1.5750410164908953e24
-1.6183540017356724e24
-1.6601918604082167e24
-1.7005193781750037e24
-1.7393020746930745e24
-1.776506228031087e24
-1.8120988987610366e24
-1.8460479537043222e24
-1.8783220893159813e24
-1.908890854691106e24
-1.937724674177362e24
-1.9647948695781175e24
-1.9900736819304035e24
-2.0135342928423865e24
-2.0351508453751137e24
-2.054898464453512e24
-2.0727532767918416e24
-2.0886924303190045e24
-2.1026941130892592e24
-2.1147375716643697e24
-2.1248031289531583e24
-2.1328722014948904e24
-2.138927316173136e24
-2.1429521263469772e24
-2.1449314273868578e24
-2.1448511716024092e24
-2.1426984825501922e24
-2.1384616687094195e24
-2.1321302365140595e24
-2.123694902730118e24
-2.1131476061671786e24
-2.1004815187136592e24
-2.085691055685611e24
-2.0687718854791706e24
-2.0497209385172272e24
-2.0285364154812884e24
-2.005217794819748e24
-1.9797658395243227e24
-1.9521826031667316e24
-1.9224714351881206e24
-1.890636985434217e24
-1.856685207929463e24
-1.8206233638839414e24
-1.782460023927357e24
-1.742205069564637e24
-1.6998696938482807e24
-1.6554664012629898e24
-1.6090090068185717e24
-1.5605126343476004e24
-1.5099937140046807e24
-1.457469978964847e24
-1.4029604613187444e24
-1.346485487163147e24
-1.2880666708855106e24
-1.227726908641877e24
-1.1654903710279385e24
-1.1013824949435259e24
-1.0354299746512703e24
-9.676607520307961e23
-8.981040060299799e23
-8.267901413158076e23
-7.537507761273696e23
-6.790187293343244e23
-6.0262800670457136e23
-5.246137863853554e23
-4.450124036025699e23
-3.638613345835424e23
-2.811991797088702e23
-1.9706564589980367e23
-1.1150152824771211e23
-2.4548690892941014e22
6.374995283923723e22
1.5335046103735585e23
2.4420788452847788e23
3.3627628891974293e23
4.2950877734697626e23
5.238575139204431e23
6.192737478568317e23
7.157078382865893e23
8.131092797249903e23
9.11426728194887e23
1.0106080279887273e24
1.1106002390568836e24
1.2113496650088534e24
1.312801881713731e24
1.4149017664854287e24
1.5175935278381675e24
1.6208207357970984e24
1.7245263527485022e24
1.828652764813719e24
1.933141813730482e24
2.037934829224853e24
2.1429726618569291e24
2.248195716322546e24
2.3535439851933754e24
2.458957083077188e24
2.5643742811796944e24
2.669734542249186e24
2.774976555884746e24
2.880038774188517e24
2.984859447742169e24
3.089376661887645e24
3.193528373291495e24
3.297252446772372e24
3.400486692370613e24
3.503168902638792e24
3.6052368901317726e24
3.7066285250746314e24
3.8072817731864925e24
3.9071347336383844e24
4.00612567712262e24
4.1041930840113474e24
4.201275682581714e24
4.297312487284753e24
4.3922428370351516e24
4.486006433498842e24
4.578543379355191e24
4.669794216510707e24
4.7596999642406874e24
4.848202157235527e24
4.935242883528205e24
5.020764822279365e24
5.10471128139647e24
5.187026234963466e24
5.267654360457285e24
5.346541075727796e24
5.423632575717469e24
5.498875868897352e24
5.572218813395895e24
5.643610152797243e24
5.712999551585665e24
5.780337630212974e24
5.845575999765793e24
5.90866729620972e24
5.969565214187637e24
6.028224540349376e24
6.084601186190327e24
6.138652220376698e24
6.190335900535235e24
6.239611704485574e24
6.286440360893524e24
6.330783879323852e24
6.372605579671432e24
6.411870120949797e24
6.448543529416543e24
6.482593226015218e24
6.51398805311371e24
6.54269830051948e24
6.568695730752215e24
6.591953603555038e24
6.612446699625535e24
6.630151343548428e24
6.645045425912014e24
6.657108424590925e24
6.666321425178202e24
6.672667140550043e24
6.676129929547097e24
6.676695814756604e24
6.674352499380106e24
6.669089383172005e24
6.66089757743467e24
6.649769919056331e24
6.635700983578483e24
6.618687097280063e24
6.598726348266183e24
6.575818596549735e24
6.5499654831148e24
6.52117043795117e24
6.48943868705014e24
6.454777258352063e24
6.417194986636831e24
6.376702517349118e24
6.333312309350649e24
6.287038636592548e24
6.237897588701378e24
6.185907070472928e24
6.131086800268824e24
6.073458307311262e24
6.013044927872082e24
5.949871800352915e24
5.883965859253853e24
5.815355828028682e24
5.744072210825549e24
5.670147283112167e24
5.593615081186169e24
5.51451139057065e24
5.43287373329711e24
5.348741354077238e24
5.262155205366585e24
5.173157931323871e24
5.081793850669405e24
4.988108938448273e24
4.892150806702919e24
4.7939686840622713e24
4.6936133942532846e24
4.5911373335434846e24
4.4865944471218884e24
4.380040204427636e24
4.271531573436186e24
4.1611269939125386e24
4.0488863496435237e24
3.9348709396595867e24
3.81914344845955e24
3.7017679152501063e24
3.582809702214726e24
3.4623354618254243e24
3.3404131032124875e24
3.2171117576081897e24
3.092501742879633e24
2.9666545271687464e24
2.8396426916555294e24
2.7115398924638736e24
2.582420821727455e24
2.4523611678354683e24
2.3214375748782554e24
2.1897276013122817e24
2.0573096778666476e24
1.9242630647112873e24
1.790667807910278e24
1.6566046951814699e24
1.5221552109868333e24
1.3874014909761773e24
1.2524262758086416e24
1.1173128643771486e24
9.821450664597187e23
8.470071548246316e23
7.119838168139741e23
5.771601054334764e23
4.4262138997404544e23
3.084533061936916e23
1.747417060863691e23
4.157260726626009e22
-9.0967858003673e22
-2.2279349411116834e23
-3.5381809369173555e23
-4.8395548949530004e23
-6.13119606491338e23
-7.412245141835813e23
-8.681844791036053e23
-9.939140174523084e23
-1.1183279478596324e24
-1.2413414442301787e24
-1.362870088644963e24
-1.4828299242865046e24
-1.6011375083571954e24
-1.717709964957853e24
-1.8324650378958093e24
-1.9453211433901619e24
-2.0561974226417658e24
-2.165013794237006e24
-2.2716910063518636e24
-2.3761506887254982e24
-2.4783154043698936e24
-2.5781087009846086e24
-2.67545516204338e24
-2.7702804575213925e24
-2.8625113942308127e24
-2.95207596573229e24
-3.038903401791525e24
-3.1229242173479403e24
-3.2040702609652653e24
-3.282274762731239e24
-3.357472381576284e24
-3.4295992519796743e24
-3.498593030032075e24
-3.5643929388247157e24
-3.626939813133859e24
-3.6861761433715353e24
-3.742046118771918e24
-3.794495669784725e24
-3.843472509645758e24
-3.888926175096559e24
-3.930808066224534e24
-3.9690714853953135e24
-4.0036716752504773e24
-4.034565855742638e24
-4.06171326018227e24
-4.085075170268929e24
-4.1046149500822184e24
-4.120298079006378e24
-4.132092183564474e24
-4.139967068137754e24
-4.1438947445462283e24
-4.143849460468335e24
-4.1398077266760897e24
-4.131748343064912e24
-4.1196524234560817e24
-4.10350341915179e24
-4.0832871412226394e24
-4.058991781508076e24
-4.030607932311557e24
-3.9981286047722813e24
-3.961549245896361e24
-3.9208677542307813e24
-3.876084494164747e24
-3.827202308842965e24
-3.774226531676985e24
-3.7171649964409784e24
-3.656028045938974e24
-3.590828539232379e24
-3.521581857415753e24
-3.4483059079313016e24
-3.3710211274121687e24
-3.2897504830461333e24
-3.2045194724518404e24
-3.115356122060571e24
-3.022290983997481e24
-2.925357131457337e24
-2.8245901525699606e24
-2.720028142752264e24
-2.6117116955441827e24
-2.499683891926786e24
-2.383990288121831e24
-2.2646789018728755e24
-2.1418001972087106e24
-2.015407067691641e24
-1.8855548181526496e24
-1.7523011449177815e24
-1.6157061145301602e24
-1.4758321409732135e24
-1.3327439614017395e24
-1.1865086103878273e24
-1.0371953926906753e24
-8.848758545586955e23
-7.29623753574628e23
-5.715150270545657e23
-4.106277590127655e23
-2.4704214570529122e23
-8.084045976618562e22
8.789298704942886e22
2.590718824989287e23
4.326079538471072e23
6.084110092041741e23
7.863889801891643e23
9.664479658993266e23
1.1484922781658642e24
1.3324244880748572e24
1.5181454737323065e24
1.7055544692499377e24
1.8945491149294173e24
2.085025508620277e24
2.2768782582267026e24
2.4700005353377387e24
2.664284129954022e24
2.859619506284155e24
3.055895859582599e24
3.253001173999931e24
3.45082228141679e24
3.649244921230508e24
3.8481538010640887e24
4.0474326583655623e24
4.2469643228658427e24
4.446630779861752e24
4.6463132342913177e24
4.845892175566313e24
5.045247443128151e24
5.244258292691394e24
5.442803463138888e24
5.640761244032446e24
5.838009543701747e24
6.03442595787429e24
6.229887838808416e24
6.424272364890587e24
6.617456610658828e24
6.809317617212354e24
6.999732462968165e24
7.188578334724287e24
7.375732598989442e24
7.561072873538461e24
7.744477099151967e24
7.925823611499638e24
8.104991213124989e24
8.281859245490089e24
8.456307661037921e24
8.62821709523045e24
8.797468938519731e24
8.963945408209848e24
9.127529620166346e24
9.288105660331337e24
9.445558656000692e24
9.599774846820817e24
9.750641655462007e24
9.898047757925567e24
1.0041883153441764e25
1.0182039233916138e25
1.0318408852880765e25
1.0450886393908854e25
1.0579367838449448e25
1.0703750833040303e25
1.0823934755856828e25
1.093982078255506e25
1.105131195136723e25
1.1158313227408475e25
1.12607315661534e25
1.1358475976042127e25
1.1451457580175167e25
1.1539589677057043e25
1.1622787800349035e25
1.170096977759205e25
1.1774055787860312e25
1.1841968418308294e25
1.1904632719572057e25
1.1961976259988843e25
1.2013929178597237e25
1.206042423688209e25
1.2101396869228739e25
1.2136785232051014e25
1.2166530251559568e25
1.2190575670135508e25
1.220886809127796e25
1.2221357023091676e25
1.222799492028448e25
1.222873722464267e25
1.2223542403954852e25
1.2212371989355176e25
1.2195190611056796e25
1.2171966032448794e25
1.2142669182528972e25
1.2107274186647666e25
1.2065758395536334e25
1.2018102412598164e25
1.1964290119436485e25
1.1904308699599228e25
1.1838148660518694e25
1.176580385362501e25
1.1687271492615874e25
1.1602552169862386e25
1.1511649870935604e25
1.141457198723615e25
1.1311329326712373e25
1.1201936122653586e25
1.1086410040543966e25
1.0964772182966937e25
1.0837047092547565e25
1.0703262752925076e25
1.0563450587745055e25
1.0417645457665882e25
1.0265885655371536e25
1.0108212898586283e25
9.944672321088096e24
9.775312461716133e24
9.600185251373059e24
9.419345998019323e24
9.232853369662623e24
9.040769375341994e24
8.843159344112178e24
8.640091902030545e24
8.431638947152955e24
8.217875622546082e24
7.998880287322114e24
7.774734485707508e24
7.545522914153457e24
7.311333386502243e24
7.072256797220042e24
6.828387082710969e24
6.579821180728355e24
6.326658987897339e24
6.069003315369006e24
5.806959842621831e24
5.540637069433181e24
5.270146266038865e24
4.995601421505783e24
4.717119190338558e24
4.434818837345565e24
4.1488221807907435e24
3.8592535338555316e24
3.5662396444416053e24
3.269909633340177e24
2.970394930800869e24
2.667829211528027e24
2.362348328139491e24
2.0540902431185415e24
1.7431949592939183e24
1.42980444888412e24
1.1140625811395013e24
7.961150486223212e23
4.761092921594825e23
1.541944245100716e23
-1.6947884721514207e23
-4.9475830034030866e23
-8.21490276574821e23
-1.1495197630873197e24
-1.478690474657005e24
-1.808844936861491e24
-2.1398245702530023e24
-2.471469775480661e24
-2.8036200193093554e24
-3.1361139214905697e24
-3.4687893424366536e24
-3.801483471648888e24
-4.134032916853064e24
-4.466273793789664e24
-4.798041816611776e24
-5.129172388836757e24
-5.459500694803502e24
-5.788861791580566e24
-6.117090701275367e24
-6.444022503690782e24
-6.769492429275108e24
-7.093335952314413e24
-7.415388884310438e24
-7.735487467493124e24
-8.053468468410244e24
-8.369169271542072e24
-8.682427972885222e24
-8.993083473449572e24
-9.30097557261562e24
-9.605945061293883e24
-9.907833814833932e24
-1.0206484885624793e25
-1.0501742595333895e25
-1.0793452626726462e25
-1.108146211501209e25
-1.1365619738662215e25
-1.1645775809642318e25
-1.1921782363006022e25
-1.2193493245793317e25
-1.2460764205180957e25
-1.272345297582787e25
-1.2981419366363953e25
-1.3234525344965726e25
-1.3482635123967494e25
-1.3725615243453743e25
-1.396333465377939e25
-1.4195664796967307e25
-1.4422479686928995e25
-1.4643655988459342e25
-1.4859073094952327e25
-1.5068613204789272e25
-1.5272161396349176e25
-1.5469605701591425e25
-1.5660837178164273e25
-1.584574997998923e25
-1.6024241426276513e25
-1.619621206892357e25
-1.6361565758252828e25
-1.6520209707042602e25
-1.6672054552808695e25
-1.6817014418293407e25
-1.6955006970119216e25
-1.7085953475567752e25
-1.7209778857442258e25
-1.7326411746976078e25
-1.7435784534747585e25
-1.7537833419566158e25
-1.763249845529175e25
-1.7719723595554409e25
-1.7799456736339644e25
-1.787164975640641e25
-1.7936258555507864e25
-1.7993243090382819e25
-1.8042567408490693e25
-1.808419967946071e25
-1.8118112224229902e25
-1.8144281541844358e25
-1.8162688333899468e25
-1.817331752659716e25
-1.8176158290398481e25
-1.817120405725174e25
-1.8158452535377546e25
-1.8137905721593924e25
-1.8109569911165208e25
-1.8073455705160984e25
-1.8029578015311825e25
-1.7977956066350107e25
-1.7918613395826815e25
-1.7851577851394592e25
-1.7776881585550934e25
-1.7694561047835421e25
-1.7604656974477112e25
-1.750721437548951e25
-1.740228251921196e25
-1.72899149142978e25
-1.71701692891518e25
-1.7043107568819544e25
-1.690879584933447e25
-1.676730436952873e25
-1.6618707480316205e25
-1.6463083611457211e25
-1.6300515235815653e25
-1.613108883112252e25
-1.5954894839258258e25
-1.5772027623071237e25
-1.5582585420748701e25
-1.5386670297759538e25
-1.5184388096388708e25
-1.497584838288576e25
-1.4761164392249876e25
-1.4540452970677403e25
-1.431383451569719e25
-1.4081432914021818e25
-1.3843375477144347e25
-1.3599792874710536e25
-1.3350819065699449e25
-1.3096591227445233e25
-1.2837249682535478e25
-1.2572937823622734e25
-1.2303802036185944e25
-1.202999161928211e25
-1.175165870432742e25
-1.1468958171950677e25
-1.1182047566960985e25
-1.0891087011475105e25
-1.0596239116248827e25
-1.0297668890260366e25
-9.995543648593109e24
-9.69003291866669e24
-9.381308344867702e24
-9.069543591630337e24
-8.754914245020759e24
-8.437597712877768e24
-8.117773123565317e24
-7.79562122339258e24
-7.471324272757444e24
-7.145065941072653e24
-6.817031200531572e24
-6.487406218774799e24
-6.156378250516428e24
-5.824135528192873e24
-5.490867151694372e24
-5.156762977244443e24
-4.822013505488419e24
-4.4868097688567425e24
-4.151343218267987e24
-3.815805609236151e24
-3.4803888874497714e24
-3.1452850738877335e24
-2.810686149541351e24
-2.4767839398081096e24
-2.1437699986258855e24
-1.8118354924179054e24
-1.4811710839142776e24
-1.1519668159214182e24
-8.244119951085628e23
-4.986950758800982e23
-1.7500354440500288e23
1.4647619712826219e23
4.65558945959034e23
7.820608138361734e23
1.0957993416617957e24
1.4065936136281567e24
1.7142643707770307e24
2.0186341239110404e24
2.3195272657879826e24
2.616770182527438e24
2.910191364160551e24
3.199621514253581e24
3.4848936585364136e24
3.7658432524672965e24
4.042308287665235e24
4.314129397143057e24
4.5811499592727644e24
4.843216200417744e24
5.100177296163772e24
5.351885471085246e24
5.598196096979963e24
5.838967789509119e24
6.074062503178718e24
6.303345624599208e24
6.526686063962329e24
6.743956344672541e24
6.955032691074484e24
7.159795114215722e24
7.358127495587374e24
7.549917668784668e24
7.735057499031495e24
7.913442960513607e24
8.084974211466396e24
8.249555666964098e24
8.407096069359038e24
8.557508556320161e24
8.70071072642153e24
8.836624702232999e24
8.965177190866274e24
9.086299541931106e24
9.199927802857936e24
9.306002771544015e24
9.404470046282668e24
9.495280072935667e24
9.578388189310907e24
9.653754666708966e24
9.721344748603533e24
9.781128686422446e24
9.83308177239792e24
9.87718436945531e24
9.913421938112938e24
9.941785060365485e24
9.96226946052671e24
9.974876023007646e24
9.979610807009514e24
9.976485058111075e24
9.965515216732946e24
9.946722923462755e24
9.920135021226675e24
9.885783554295497e24
9.843705764113937e24
9.793944081945425e24
9.73654611832489e24
9.67156464931492e24
9.599057599562699e24
9.519088022155875e24
9.43172407527923e24
9.337038995673876e24
9.235111068904845e24
9.126023596442595e24
9.009864859568163e24
8.886728080111605e24
8.756711378036597e24
8.61991772588607e24
8.476454900104138e24
8.326435429254132e24
8.169976539151353e24
8.007200094934464e24
7.838232540097858e24
7.663204832512677e24
7.482252377463235e24
7.295514957728955e24
7.103136660744284e24
6.90526580286873e24
6.702054850804164e24
6.49366034019497e24
6.280242791451853e24
6.061966622838767e24
5.83900006086656e24
5.611515048038008e24
5.379687147989376e24
5.143695448078229e24
4.903722459465281e24
4.65995401474368e24
4.412579163166834e24
4.161790063531291e24
3.9077818747697736e24
3.650752644312436e24
3.390903194276853e24
3.128437005545906e24
2.8635600997981214e24
2.5964809195523884e24
2.3274102062944144e24
2.0565608767495884e24
1.784147897372704e24
1.5103881571219228e24
1.2355003385886882e24
9.597047875561785e23
6.832233810578398e23
4.062793940124448e23
1.2909736450895353e23
-1.4809704217977589e23
-4.250771707789756e23
-7.016155143099173e23
-9.77483853423715e23
-1.252453396692011e24
-1.5262949217711768e24
-1.7987789173597358e24
-2.0696757258641967e24
-2.3387556866910483e24
-2.605789280079163e24
-2.870547271388598e24
-3.132800855759682e24
-3.392321803055584e24
-3.6488826030029797e24
-3.9022566104421183e24
-4.1522181906003536e24
-4.3985428642994434e24
-4.6410074530103827e24
-4.879390223665597e24
-5.11347103314116e24
-5.343031472319867e24
-5.567855009645818e24
-5.787727134082881e24
-6.002435497386968e24
-6.211770055604307e24
-6.415523209706483e24
-6.613489945274371e24
-6.805467971142493e24
-6.991257856915741e24
-7.170663169271533e24
-7.3434906069595e24
-7.509550134412961e24
-7.668655113884857e24
-7.820622436023822e24
-7.965272648804326e24
-8.102430084727269e24
-8.231922986207121e24
-8.353583629062768e24
-8.467248444030335e24
-8.572758136216479e24
-8.669957802412341e24
-8.758697046188721e24
-8.8388300906944e24
-8.910215889080503e24
-8.972718232474928e24
-9.026205855432112e24
-9.07055253878466e24
-9.105637209824298e24
-9.131344039741697e24
-9.14756253825511e24
-9.154187645360175e24
-9.151119820133852e24
-9.138265126527415e24
-9.115535316085314e24
-9.082847907527217e24
-9.040126263133687e24
-8.98729966187602e24
-8.924303369234306e24
-8.85107870364743e24
-8.767573099542829e24
-8.673740166893664e24
-8.56953974725393e24
-8.454937966224637e24
-8.329907282303827e24
-8.194426532078514e24
-8.048480971714953e24
-7.892062314709496e24
-7.725168765860573e24
-7.54780505142822e24
-7.359982445446388e24
-7.161718792157424e24
-6.953038524540662e24
-6.733972678906521e24
-6.504558905534198e24
-6.264841475328032e24
-6.01487128247547e24
-5.754705843086913e24
-5.484409289803013e24
-5.204052362357627e24
-4.913712394083603e24
-4.6134732943562585e24
-4.3034255269657e24
-3.983666084418043e24
-3.654298458161293e24
-3.3154326047407753e24
-2.9671849078854814e24
-2.6096781365328923e24
-2.2430413988022943e24
-1.8674100919251864e24
-1.4829258481502186e24
-1.0897364766351117e24
-6.879959013483012e23
-2.778640949975311e23
1.4049299098711832e23
5.6690350039256734e23
1.0011897500549125e24
1.4431683115518498e24
1.8926500967253995e24
2.3494404469947954e24
2.8133392264257826e24
3.2841409185112535e24
3.761634726623879e24
4.2456046780938003e24
4.7358297318623333e24
5.232083889665297e24
5.734136310689031e24
6.241751429649359e24
6.754689078231713e24
7.272704609838381e24
7.795549027576752e24
8.322969115428925e24
8.85470757253578e24
9.390503150525985e24
9.930090793824412e24
1.0473201782862849e25
1.1019563880124853e25
1.1568901478943202e25
1.2120935754978026e25
1.267538482029036e25
1.3231963879934265e25
1.3790385390982324e25
1.435035922389783e25
1.4911592826171158e25
1.547379138812653e25
1.6036658010814746e25
1.659989387589457e25
1.7163198417414162e25
1.7726269495396015e25
1.8288803571127516e25
1.8850495884063913e25
1.9411040630239586e25
1.997013114209291e25
2.0527460069597855e25
2.1082719562605305e25
2.1635601454285127e25
2.2185797445568657e25
2.273299929048404e25
2.3276898982276163e25
2.3817188940208036e25
2.4353562196929797e25
2.488571258631193e25
2.541333493162723e25
2.593612523397685e25
2.645378086084377e25
2.6966000734666966e25
2.747248552132208e25
2.7972937818395084e25
2.846706234314026e25
2.895456612000449e25
2.9435158667610207e25
2.9908552185078654e25
3.0374461737584386e25
3.083260544102619e25
3.1282704645699675e25
3.172448411886279e25
3.2157672226076268e25
3.2582001111211848e25
3.299720687501141e25
3.3403029752089712e25
3.3799214286265435e25
3.4185509504113424e25
3.4561669086626674e25
3.4927451538877403e25
3.528262035757228e25
3.562694419638947e25
3.596019702899594e25
3.628215830963366e25
3.6592613131175206e25
3.6891352380540448e25
3.7178172891375165e25
3.745287759388901e25
3.771527566175125e25
3.7965182655949415e25
3.8202420665508777e25
3.8426818444981675e25
3.8638211548608054e25
3.883644246105796e25
3.902136072466355e25
3.919282306305046e25
3.935069350108339e25
3.949484348103773e25
3.962515197491577e25
3.974150559282321e25
3.984379868732919e25
3.993193345372877e25
4.00058200261351e25
4.00653765693266e25
4.011052936627679e25
4.0141212901300925e25
4.015736993874892e25
4.0158951597183775e25
4.014591741898084e25
4.0118235435290905e25
4.0075882226307925e25
4.00188429767891e25
3.994711152677388e25
3.986069041745393e25
3.9759590932146775e25
3.96438331323295e25
3.951344588869203e25
3.936846690717065e25
3.920894274992728e25
3.903492885124158e25
3.884648952828483e25
3.864369798675176e25
3.842663632132247e25
3.819539551093654e25
3.7950075408859354e25
3.769078472752671e25
3.7417641018154947e25
3.7130770645107237e25
3.6830308755011786e25
3.6516399240626263e25
3.6189194699450852e25
3.584885638709195e25
3.54955541653831e25
3.5129466445272506e25
3.475078012448957e25
3.435969052000547e25
3.3956401295308215e25
3.3541124382511264e25
3.3114079899322895e25
3.2675496060903017e25
3.222560908663911e25
3.1764663101875003e25
3.129291003463025e25
3.081060950734932e25
3.031802872372601e25
2.9815442350647044e25
2.930313239530584e25
2.8781388077538567e25
2.825050569743749e25
2.7710788498300625e25
2.716254652497841e25
2.660609647768147e25
2.6041761561318306e25
2.54698713304299e25
2.4890761529796935e25
2.4304773930793064e25
2.3712256163564376e25
2.311356154511435e25
2.250904890337984e25
2.1899082397382324e25
2.1284031333546364e25
2.0664269978273906e25
2.0040177366870033e25
1.9412137108916854e25
1.8780537190193606e25
1.8145769771245346e25
1.750823098270297e25
1.686832071746072e25
1.6226442419820688e25
1.5583002871711887e25
1.4938411976099115e25
1.4293082537694022e25
1.3647430041086413e25
1.3001872426412672e25
1.2356829862682487e25
1.1712724518886112e25
1.1069980333004918e25
1.0429022779051359e25
9.790278632265067e24
9.154175732594315e24
8.521142746591507e24
7.891608927855753e24
7.266003876152984e24
6.644757295351059e24
6.028298750300761e24
5.417057422801936e24
4.8114618667911904e24
4.2119397628885495e24
3.618917672443342e24
3.032820791218111e24
2.4540727028511724e24
1.8830951322403267e24
1.3203076989871256e24
7.661276710458098e23
2.2096971871821276e23
-3.1475433086147815e23
-8.406357386101744e23
-1.3562690976031313e24
-1.8612525762635482e24
-2.3551881604882953e24
-2.8376818945703594e24
-3.308344120772171e24
-3.7667897174086514e24
-4.212638335297269e24
-4.645514632433331e24
-5.065048506749207e24
-5.470875326817565e24
-5.86263616035657e24
-6.23997800040087e24
-6.60255398899761e24
-6.950023638291325e24
-7.282053048861205e24
-7.598315125175134e24
-7.898489788027822e24
-8.182264183827815e24
-8.449332890605309e24
-8.69939812060811e24
-8.932169919359162e24
-9.147366361048e24
-9.344713740131133e24
-9.523946759018956e24
-9.684808711726537e24
-9.827051663369464e24
-9.950436625387006e24
-1.0054733726377803e25
-1.0139722378433289e25
-1.0205191438859683e25
-1.0250939367178192e25
-1.0276774377297362e25
-1.0282514584755216e25
-1.026798814892606e25
-1.0233033410097694e25
-1.0177499021318279e25
-1.010124407492302e25
-1.0004138223647067e25
-9.886061796237736e24
-9.746905907481986e24
-9.586572562564522e24
-9.404974755680049e24
-9.202036562820907e24
-8.97769322867034e24
-8.731891247527386e24
-8.464588438201399e24
-8.175754012809021e24
-7.865368639414952e24
-7.533424498461841e24
-7.179925332931245e24
-6.804886492191825e24
-6.408334969482354e24
-5.990309432992519e24
-5.550860250496515e24
-5.09004950750938e24
-4.607951018929432e24
-4.104650334140203e24
-3.580244735549095e24
-3.0348432305369366e24
-2.468566536807312e24
-1.8815470611155499e24
-1.2739288713742003e24
-6.458676621236514e23
2.469286632017369e21
6.709031572201932e23
1.3592436487257709e24
2.067289038031886e24
2.7948262474693816e24
3.541630919050499e24
4.307467495273494e24
5.092089306465912e24
5.895238664644063e24
6.716646963853585e24
7.556034786952525e24
8.413112018802923e24
9.28757796581906e24
1.0179121481832894e25
1.1087421100216665e25
1.2012145172215884e25
1.2952952011425359e25
1.3909490044351775e25
1.4881397966994297e25
1.5868304907369486e25
1.6869830593914132e25
1.7885585529679486e25
1.891517117224511e25
1.995818011925866e25
2.1014196299521053e25
2.208279516952182e25
2.3163543915327538e25
2.4256001659731705e25
2.535971967455526e25
2.6474241598002457e25
2.7599103656953876e25
2.8733834894095104e25
2.987795739975709e25
3.103098654835757e25
3.2192431239320766e25
3.3361794142347964e25
3.4538571946920512e25
3.5722255615896066e25
3.6912330643076127e25
3.810827731460048e25
3.930957097403991e25
4.0515682291039225e25
4.17260775333747e25
4.294021884227876e25
4.415756451088101e25
4.537756926562485e25
4.659968455049755e25
4.782335881393132e25
4.9048037798208364e25
5.027316483122227e25
5.149818112043161e25
5.272252604884238e25
5.394563747286415e25
5.516695202186572e25
5.638590539927472e25
5.760193268504455e25
5.881446863932852e25
6.002294800718397e25
6.122680582414222e25
6.242547772246923e25
6.361840023794281e25
6.480501111697848e25
6.598474962392215e25
6.7157056848343885e25
6.8321376012147436e25
6.9477152776330055e25
7.062383554720767e25
7.1760875781935245e25
7.288772829314493e25
7.4003851552521105e25
7.510870799314461e25
7.620176431042095e25
7.728249176142489e25
7.835036646247923e25
7.940486968479852e25
8.04454881480215e25
8.147171431145587e25
8.248304666286953e25
8.347899000464866e25
8.445905573715998e25
8.542276213913947e25
8.636963464494781e25
8.729920611851723e25
8.82110171238311e25
8.910461619176894e25
8.997956008315302e25
9.083541404784124e25
9.167175207970077e25
9.248815716731205e25
9.328422154024256e25
9.405954691074301e25
9.481374471071032e25
9.554643632377356e25
9.62572533123549e25
9.694583763956153e25
9.761184188577077e25
9.825492945976671e25
9.887477480429685e25
9.94710635959128e25
1.0004349293896824e26
1.0059177155364722e26
1.0111561995789719e26
1.0161477064315071e26
1.020889682437145e26
1.0253796969971623e26
1.029615444134956e26
1.0335947439933596e26
1.0373155442643092e26
1.0407759215498803e26
1.0439740826537374e26
1.0469083658020633e26
1.0495772417931043e26
1.0519793150744748e26
1.054113324747427e26
1.0559781454973157e26
1.0575727884495437e26
1.058896401950296e26
1.0599482722714376e26
1.0607278242389633e26
1.0612346217844528e26
1.0614683684190205e26
1.061428907629287e26
1.0611162231949533e26
1.060530439427592e26
1.0596718213303299e26
1.0585407746781182e26
1.0571378460183636e26
1.055463722591698e26
1.0535192321727604e26
1.0513053428308533e26
1.0488231626104438e26
1.0460739391314621e26
1.0430590591094628e26
1.0397800477956904e26
1.0362385683372069e26
1.0324364210572354e26
1.0283755426559322e26
1.0240580053318773e26
1.0194860158245602e26
1.0146619143782545e26
1.0095881736276593e26
1.0042673974057709e26
9.987023194744883e25
9.928958021784752e25
9.868508350229002e25
9.805705331756524e25
9.740581358947594e25
9.673170048816826e25
9.603506225613152e25
9.531625902894506e25
9.457566264886121e25
9.381365647131507e25
9.303063516445217e25
9.222700450177902e25
9.140318114803339e25
9.055959243838847e25
8.969667615109593e25
8.881488027369009e25
8.791466276286887e25
8.69964912981756e25
8.60608430296135e25
8.510820431931827e25
8.413907047743071e25
8.315394549230249e25
8.215334175518433e25
8.113777977953597e25
8.010778791511529e25
7.906390205699419e25
7.800666534965861e25
7.693662788635962e25
7.585434640386687e25
7.476038397280268e25
7.365530968371624e25
7.253969832907861e25
7.141413008136684e25
7.027919016741777e25
6.9135468539234695e25
6.798355954142268e25
6.682406157544734e25
6.565757676089458e25
6.44847105939317e25
6.330607160315177e25
6.2122271003004865e25
6.0933922345004935e25
5.974164116691181e25
5.8546044640094146e25
5.7347751215262465e25
5.6147380266787415e25
5.4945551735796325e25
5.374288577226306e25
5.2540002376287696e25
5.1337521038782435e25
5.0136060381765045e25
4.893623779847074e25
4.773866909349594e25
4.65439681231759e25
4.535274643641628e25
4.416561291617951e25
4.298317342184653e25
4.180603043265702e25
4.063478269244113e25
3.947002485585939e25
3.8312347136348963e25
3.7162334955999124e25
3.6020568597553764e25
3.4887622858759605e25
3.376406670925796e25
3.265046295023612e25
3.1547367877036556e25
3.045533094493117e25
2.937489443826675e25
2.8306593143175903e25
2.725095402406247e25
2.620849590405058e25
2.5179729149603147e25
2.416515535949443e25
2.316526705834027e25
2.2180547394866026e25
2.1211469845105853e25
2.0258497920720193e25
1.9322084882608508e25
1.8402673460005562e25
1.7500695575231009e25
1.6616572074274898e25
1.5750712463384429e25
1.4903514651823993e25
1.4075364700975677e25
1.3266636579937166e25
1.247769192778295e25
1.1708879822637096e25
1.0960536557716456e25
1.0232985424485026e25
9.526536503071768e24
8.84148646008511e24
8.178118353964131e24
7.536701448000175e24
6.917491031152275e24
6.320728246786265e24
5.746639929451187e24
5.195438449814002e24
4.667321567857718e24
4.162472294454186e24
3.6810587614089443e24
3.223234100076654e24
2.7891363286402704e24
2.3788882481375818e24
1.9925973473216415e24
1.6303557164278143e24
1.2922399699238892e24
9.783111783068242e23
6.886148090095166e23
4.23180676475362e23
1.8202290144923816e23
-3.486012046562542e22
-2.274857409471956e23
-3.9588707175216824e23
-5.4011298814441715e23
-6.602281229267742e23
-7.56312851059493e23
-8.284632648504498e23
-8.767911397086762e23
-9.014238904600233e23
-9.025045182258192e23
-8.801915478757041e23
-8.346589560657974e23
-7.660960898842878e23
-6.747075761281311e23
-5.6071322124255206e23
-4.243479019594203e23
-2.6586144667634137e23
-8.551850762446911e22
1.1640157612238156e23
3.3960492473828135e23
5.837832727715155e23
8.486141332368738e23
1.1337609705989522e24
1.4388733825658137e24
1.7635872906069577e24
2.107525139105192e24
2.470296103043603e24
2.851496304128461e24
3.250709035239052e24
3.6675049930925023e24
4.1014425190064235e24
4.552067847636688e24
5.018915363562238e24
5.501507865585528e24
5.999356838609662e24
6.511962732951506e24
7.03881525094225e24
7.579393640665265e24
8.133166996673256e24
8.699594567525054e24
9.278126069977667e24
9.868202009659753e24
1.046925400805871e25
1.1080705135638072e25
1.1701970250906282e25
1.2332456345248436e25
1.2971562893332653e25
1.3618682208896611e25
1.4273199805715722e25
1.4934494763554065e25
1.5601940098890653e25
1.6274903140216102e25
1.6952745907685527e25
1.763482549691626e25
1.8320494466710213e25
1.9009101230482764e25
1.969999045117572e25
2.0392503439424017e25
2.1085978554755394e25
2.177975160958576e25
2.247315627578197e25
2.3165524493553927e25
2.3856186882441792e25
2.4544473154156966e25
2.5229712527038356e25
2.59112341418809e25
2.658836747889199e25
2.7260442775533023e25
2.7926791444997475e25
2.8586746495080713e25
2.9239642947191532e25
2.9884818255258123e25
3.0521612724279735e25
3.1149369928270108e25
3.176743712734923e25
3.2375165683726997e25
3.2971911476332643e25
3.3557035313837023e25
3.412990334582008e25
3.4689887471832284e25
3.5236365748102446e25
3.5768722791643265e25
3.628635018150695e25
3.6788646856945673e25
3.727501951223067e25
3.7744882987887124e25
3.81976606581017e25
3.8632784814063754e25
3.904969704299771e25
3.944784860265416e25
3.982670079102135e25
4.018572531102544e25
4.052440462998913e25
4.084223233362037e25
4.113871347430589e25
4.14133649134871e25
4.166571565789844e25
4.189530718945122e25
4.2101693788550415e25
4.228444285063264e25
4.244313519572028e25
4.257736537078681e25
4.268674194473532e25
4.277088779579371e25
4.282944039113418e25
4.28620520585313e25
4.2868390249872735e25
4.284813779634592e25
4.280099315512313e25
4.272667064737797e25
4.262490068746436e25
4.249543000310048e25
4.2338021846398635e25
4.2152456195593245e25
4.1938529947318485e25
4.1696057099295726e25
4.142486892329727e25
4.112481412825241e25
4.079575901337597e25
4.043758761119587e25
4.005020182037002e25
3.963352152818262e25
3.9187484722618044e25
3.871204759391922e25
3.8207184625535215e25
3.767288867438047e25
3.7109171040320995e25
3.65160615248226e25
3.589360847868858e25
3.524187883883449e25
3.456095815404138e25
3.3850950599642846e25
3.311197898110855e25
3.2344184726483756e25
3.1547727867665704e25
3.0722787010487725e25
2.9869559293605105e25
2.8988260336166464e25
2.8079124174278183e25
2.714240318626029e25
2.617836800670873e25
2.518730742938585e25
2.4169528298956965e25
2.3125355391614726e25
2.20551312846196e25
2.0959216214812228e25
1.983798792614113e25
1.869184150626783e25
1.7521189212318005e25
1.632646028584188e25
1.5108100757072628e25
1.386657323855753e25
1.260235670826318e25
1.1315946282241949e25
1.000785297697532e25
8.678603461495104e24
7.328739799403445e24
5.958819180918887e24
4.569413645067871e24
3.161109792169909e24
1.734508486745269e24
2.9022455100574935e23
-1.1711135509305461e24
-2.6488640379282196e24
-4.142372145672044e24
-5.650970469277846e24
-7.173979314496066e24
-8.710707057334513e24
-1.0260450511901795e25
-1.1822495306290096e25
-1.3396116266285943e25
-1.4980577806716484e25
-1.6575134330217636e25
-1.8179030633206405e25
-1.9791502318850306e25
-2.1411776216795544e25
-2.303907080944232e25
-2.4672596664518628e25
-2.6311556873732128e25
-2.7955147497243256e25
-2.9602558013727872e25
-3.1252971775774617e25
-3.29055664703592e25
-3.4559514584152358e25
-3.6213983873385407e25
-3.7868137838025516e25
-3.952113619997899e25
-4.1172135385067365e25
-4.28202890084893e25
-4.446474836350418e25
-4.61046629130543e25
-4.773918078404046e25
-4.936744926397898e25
-5.098861529974096e25
-5.260182599810067e25
-5.420622912778993e25
-5.580097362277845e25
-5.738521008648455e25
-5.8958091296615e25
-6.051877271035393e25
-6.206641296958766e25
-6.360017440588484e25
-6.511922354491895e25
-6.662273161004997e25
-6.810987502475233e25
-6.957983591360259e25
-7.103180260152249e25
-7.246497011097647e25
-7.3878540656834255e25
-7.5271724138589634e25
-7.664373862965118e25
-7.799381086339597e25
-7.932117671570492e25
-8.062508168367259e25
-8.19047813602108e25
-8.315954190425078e25
-8.438864050625073e25
-8.559136584873249e25
-8.676701856155043e25
-8.791491167162222e25
-8.90343710468296e25
-9.012473583382198e25
-9.11853588894438e25
-9.221560720551103e25
-9.321486232667689e25
-9.41825207611116e25
-9.511799438374465e25
-9.60207108318016e25
-9.68901138923908e25
-9.772566388188144e25
-9.852683801683287e25
-9.929313077623123e25
-1.000240542547933e26
-1.0071913850711067e26
-1.0137793188239932e26
-1.0200000134963778e26
-1.0258493281286928e26
-1.0313233141646147e26
-1.0364182184010905e26
-1.0411304858338256e26
-1.045456762396243e26
-1.0493938975899804e26
-1.0529389470051244e26
-1.0560891747283289e26
-1.0588420556371339e26
-1.0611952775787802e26
-1.0631467434319332e26
-1.0646945730497592e26
-1.0658371050828723e26
-1.0665728986807599e26
-1.0669007350703081e26
-1.0668196190101902e26
-1.0663287801198645e26
-1.0654276740820876e26
-1.0641159837178353e26
-1.062393619932672e26
-1.060260722533614e26
-1.0577176609156544e26
-1.0547650346171758e26
-1.0514036737435199e26
-1.0476346392581406e26
-1.0434592231407342e26
-1.0388789484118984e26
-1.0338955690239296e26
-1.0285110696174172e26
-1.0227276651434021e26
-1.0165478003509393e26
-1.0099741491399595e26
-1.0030096137794443e26
-9.956573239909597e25
-9.87920635897719e25
-9.798031308393853e25
-9.713086140529267e25
-9.62441113219916e25
-9.532048768807302e25
-9.43604372716182e25
-9.336442856972521e25
-9.233295161035639e25
-9.126651774114078e25
-9.016565940521935e25
-8.903092990422235e25
-8.786290314848298e25
-8.666217339459668e25
-8.542935497043985e25
-8.416508198777702e25
-8.287000804258262e25
-8.154480590322331e25
-8.019016718664136e25
-7.880680202269931e25
-7.739543870684283e25
-7.595682334125331e25
-7.449171946466508e25
-7.300090767103261e25
-7.148518521723485e25
-6.994536562001376e25
-6.838227824235548e25
-6.679676786951887e25
-6.51896942749309e25
-6.356193177617592e25
-6.191436878130115e25
-6.024790732568413e25
-5.856346259969466e25
-5.68619624674098e25
-5.514434697662592e25
-5.341156786043791e25
-5.166458803064369e25
-4.990438106324511e25
-4.8131930676333065e25
-4.634823020061969e25
-4.4554282042922194e25
-4.275109714287647e25
-4.093969442318729e25
-3.91211002337078e25
-3.729634778965661e25
-3.546647660428546e25
-3.363253191630244e25
-3.179556411237857e25
-2.9956628145047955e25
-2.8116782946337075e25
-2.6277090837440218e25
-2.44386169347825e25
-2.260242855279688e25
-2.07695946037521e25
-1.8941184994982376e25
-1.7118270023841609e25
-1.5301919770744585e25
-1.349320349062768e25
-1.169318900318755e25
-9.902942082237637e24
-8.123525844542688e24
-6.356000138476197e24
-4.601420932856828e24
-2.8608397063208506e24
-1.1353028375779126e24
5.741490030856136e23
2.2664814607101485e24
3.9406671006084644e24
5.595686011005531e24
7.230526403017741e24
8.844185207607419e24
1.0435668669176547e25
1.2003992935431032e25
1.354818464317726e25
1.5067281499691526e25
1.6560332859323883e25
1.8026400294981814e25
1.946455816415714e25
2.0873894169151457e25
2.2253509911159115e25
2.360252143787757e25
2.4920059784303988e25
2.6205271506395964e25
2.745731920726102e25
2.867538205556135e25
2.9858656295801625e25
3.1006355750196733e25
3.2117712311800004e25
3.319197642858487e25
3.4228417578181512e25
3.522632473296404e25
3.618500681520111e25
3.710379314197556e25
3.798203385959465e25
3.881910036721107e25
3.961438572938091e25
4.036730507729644e25
4.1077295998427955e25
4.174381891432496e25
4.236635744632415e25
4.294441876892716e25
4.347753395060678e25
4.396525828181917e25
4.440717158999676e25
4.4802878541307385e25
4.515200892897398e25
4.545421794795229e25
4.570918645577607e25
4.591662121938248e25
4.60762551477418e25
4.6187847510120724e25
4.6251184139817805e25
4.626607762321748e25
4.62323674740165e25
4.61499202924863e25
4.601862990964133e25
4.583841751619386e25
4.5609231776182496e25
4.53310489251716e25
4.500387285292632e25
4.4627735170478765e25
4.42026952615064e25
4.372884031795696e25
4.320628535985823e25
4.263517323926586e25
4.2015674628304645e25
4.134798799127554e25
4.063233954080248e25
3.986898317800719e25
3.905820041670923e25
3.8200300291653104e25
3.7295619250780462e25
3.63445210315695e25
3.5347396521475423e25
3.430466360251241e25
3.3216766980033302e25
3.2084177995763506e25
3.0907394425161517e25
2.9686940259188175e25
2.8423365470567904e25
2.711724576464752e25
2.576918231495232e25
2.437980148356372e25
2.294975452643802e25
2.147971728380334e25
1.9970389855781593e25
1.842249626338163e25
1.683678409503124e25
1.5214024138816102e25
1.3555010000605015e25
1.1860557708246797e25
1.013150530204139e25
8.368712411683449e24
6.573059819893925e24
4.745449012965027e24
2.8868017184396666e24
9.980594301732451e23
-9.198170789872021e23
-2.8658482566423693e24
-4.839036282148685e24
-6.838365589515317e24
-8.862803401622698e24
-1.091130027547945e25
-1.2982790658214714e25
-1.5076193453529645e25
-1.7190412598283982e25
-1.932433764892228e25
-2.1476844377410527e25
-2.364679537636931e25
-2.5833040673070006e25
-2.8034418351954967e25
-3.0249755185349275e25
-3.2477867272009084e25
-3.4717560683155144e25
-3.6967632115643992e25
-3.9226869551899e25
-4.149405292624669e25
-4.37679547972766e25
-4.604734102586468e25
-4.833097145845551e25
-5.061760061523927e25
-5.290597838283204e25
-5.51948507110577e25
-5.748296031344789e25
-5.976904737105268e25
-6.205185023917394e25
-6.433010615660272e25
-6.660255195696193e25
-6.886792478175339e25
-7.112496279468401e25
-7.33724058968726e25
-7.560899644251399e25
-7.783347995459872e25
-8.004460584025796e25
-8.224112810532775e25
-8.442180606771325e25
-8.658540506913442e25
-8.873069718483908e25
-9.085646193086112e25
-9.296148696841796e25
-9.504456880501867e25
-9.71045134918783e25
-9.914013731721773e25
-1.0115026749504612e26
-1.0313374284900512e26
-1.0508941449087106e26
-1.0701614649331502e26
-1.089128165565045e26
-1.1077831666815588e26
-1.126115537566357e26
-1.14411450336714e26
-1.1617694514758221e26
-1.1790699378274159e26
-1.1960056931138673e26
-1.2125666289089327e26
-1.2287428437004267e26
-1.2445246288260709e26
-1.2599024743093368e26
-1.2748670745915963e26
-1.2894093341570625e26
-1.3035203730470238e26
-1.317191532259873e26
-1.330414379033575e26
-1.3431807120072224e26
-1.355482566258426e26
-1.3673122182133381e26
-1.3786621904261148e26
-1.3895252562248434e26
-1.3998944442208723e26
-1.409763042678631e26
-1.4191246037431016e26
-1.4279729475221697e26
-1.4363021660211449e26
-1.4441066269268605e26
-1.4513809772388038e26
-1.458120146744829e26
-1.464319351339105e26
-1.4699740961800147e26
-1.4750801786857983e26
-1.4796336913658838e26
-1.4836310244858769e26
-1.4870688685642779e26
-1.4899442166991406e26
-1.4922543667229322e26
-1.4939969231839858e26
-1.4951697991529672e26
-1.4957712178529899e26
-1.4957997141120013e26
-1.4952541356362524e26
-1.4941336441036502e26
-1.4924377160760685e26
-1.4901661437296122e26
-1.4873190354020831e26
-1.4838968159568614e26
-1.4799002269626729e26
-1.4753303266887298e26
-1.470188489914784e26
-1.4644764075559013e26
-1.4581960861017269e26
-1.4513498468702229e26
-1.4439403250758075e26
-1.4359704687121942e26
-1.4274435372501202e26
-1.4183631001502607e26
-1.4087330351919493e26
-1.3985575266181802e26
-1.38784106309767e26
-1.3765884355046544e26
-1.3648047345174937e26
-1.3524953480370412e26
-1.3396659584258e26
-1.3263225395693094e26
-1.3124713537609245e26
-1.2981189484115857e26
-1.2832721525859503e26
-1.2679380733667695e26
-1.2521240920491039e26
-1.235837860166379e26
-1.2190872953500809e26
-1.2018805770253753e26
-1.1842261419447342e26
-1.1661326795617347e26
-1.1476091272476328e26
-1.1286646653530005e26
-1.1093087121171381e26
-1.0895509184277267e26
-1.069401162433732e26
-1.0488695440142804e26
-1.027966379106362e26
-1.0067021938946063e26
-9.850877188660772e25
-9.631338827334322e25
-9.408518062295349e25
-9.182527957771472e25
-8.953483370370507e25
-8.721500883379854e25
-8.486698739923122e25
-8.249196775008448e25
-8.009116346507947e25
-7.766580265104345e25
-7.521712723246669e25
-7.274639223152512e25
-7.025486503898955e25
-6.774382467640586e25
-6.521456104999574e25
-6.26683741966804e25
-6.0106573522645415e25
-5.75304770349069e25
-5.494141056629311e25
-5.2340706994302805e25
-4.972970545426348e25
-4.710975054727028e25
-4.448219154334892e25
-4.184838158028775e25
-3.9209676858632475e25
-3.6567435833285477e25
-3.3923018402199136e25
-3.127778509261023e25
-2.8633096245321506e25
-2.5990311197491994e25
-2.3350787464406153e25
-2.0715879920727553e25
-1.8086939981698574e25
-1.5465314784787994e25
-1.2852346372246264e25
-1.0249370875085423e25
-7.6577176989442e24
-5.078708712343357e24
-2.5136574377919727e24
3.613175374108905e22
2.5693644445201673e24
5.084756967430313e24
7.581037198549163e24
1.005694534444691e25
1.2511234723719788e25
1.494267254230105e25
1.7350040662053149e25
1.9732136362180674e25
2.2087773093009927e25
2.4415781221644915e25
2.671500876906136e25
2.8984322138165834e25
3.122260683239004e25
3.342876816434618e25
3.560173195411335e25
3.7740445216728732e25
3.984387683842595e25
4.191101824121466e25
4.394088403536505e25
4.593251265940201e25
4.788496700717631e25
4.979733504162855e25
5.166873039483911e25
5.349829295399268e25
5.528518943285539e25
5.702861392840238e25
5.872778846223975e25
6.038196350644347e25
6.199041849348365e25
6.355246230988112e25
6.506743377328151e25
6.653470209260464e25
6.7953667310965236e25
6.932376073106983e25
7.064444532277657e25
7.191521611254909e25
7.313560055451861e25
7.430515888290397e25
7.542348444551857e25
7.649020401812916e25
7.75049780994401e25
7.846750118646584e25
7.937750203009358e25
8.023474387062652e25
8.103902465313093e25
8.179017722239571e25
8.248806949734937e25
8.313260462477358e25
8.372372111217992e25
8.426139293970877e25
8.474562965093794e25
8.517647642249797e25
8.555401411239336e25
8.587835928695288e25
8.614966422633642e25
8.63681169085477e25
8.653394097190087e25
8.66473956559135e25
8.670877572060925e25
8.671841134421799e25
8.667666799928468e25
8.658394630720275e25
8.644068187120796e25
8.624734508787208e25
8.600444093715713e25
8.571250875110056e25
8.53721219612121e25
8.498388782467806e25
8.454844712948513e25
8.406647387857926e25
8.353867495319647e25
8.296578975551124e25
8.234858983076121e25
8.16878784690189e25
8.098449028679452e25
8.023929078866617e25
7.945317590914432e25
7.862707153499247e25
7.776193300823518e25
7.68587446100989e25
7.591851902614008e25
7.4942296792830745e25
7.393114572587766e25
7.2886160330571305e25
7.180846119446035e25
7.0699194362669625e25
6.955953069618529e25
6.839066521343935e25
6.7193816415543646e25
6.597022559552805e25
6.472115613194604e25
6.344789276723104e25
6.215174087118449e25
6.08340256899961e25
5.949609158119736e25
5.813930123496928e25
5.676503488222598e25
5.537468948990472e25
5.396967794390716e25
5.255142822014513e25
5.11213825441419e25
4.968099653965806e25
4.823173836681966e25
4.677508785022431e25
4.531253559751857e25
4.384558210893488e25
4.237573687829803e25
4.090451748600492e25
3.94334486844887e25
3.7964061476694248e25
3.6497892188084104e25
3.5036481532709794e25
3.358137367387748e25
3.2134115279956333e25
3.0696254575865486e25
2.926934039079402e25
2.7854921202700278e25
2.6454544180148895e25
2.5069754222043553e25
2.370209299581154e25
2.2353097974609417e25
2.102430147411184e25
1.97172296894468e25
1.843340173285227e25
1.7174328672617582e25
1.5941512573883426e25
1.4736445541865844e25
1.356060876808041e25
1.241547158013232e25
1.1302490495642675e25
1.0223108280881662e25
9.178753014671931e24
8.170837158132049e24
7.200756630819045e24
6.269889893836008e24
5.379597040460241e24
4.531218894849668e24
3.726076119377886e24
2.9654683311494197e24
2.2506732282384975e24
1.5829457261919423e24
9.635171053333192e23
3.935941693988309e23
-1.2564158396894856e23
-5.9303478034860114e23
-1.0074569727761671e24
-1.3678074325773015e24
-1.6730139262990353e24
-1.9220334782423492e24
-2.1138531181087777e24
-2.2474906132812602e24
-2.32199518526405e24
-2.3364482098204207e24
-2.2899639003484784e24
-2.1816899740503323e24
-2.010808300451086e24
-1.7765355318428914e24
-1.4781237152318254e24
-1.1148608853730749e24
-6.86071638500464e23
-1.9111768635384883e23
3.7060160987008855e23
9.996487260218581e23
1.6965474823059185e24
2.461782571742252e24
3.2957991101235247e24
4.199002207781765e24
5.171756563485531e24
6.214386080760541e24
7.327173506932227e24
8.510360095153429e24
9.764145289684846e24
1.1088686434686158e25
1.2484098506739975e25
1.3950453871344327e25
1.5487782063574762e25
1.7096069593126738e25
1.8775259773902514e25
2.052525257832868e25
2.234590451654605e25
2.4237028540630226e25
2.6198393973951156e25
2.822972646579244e25
3.0330707971339585e25
3.2500976757100453e25
3.474012743184456e25
3.7047711003102422e25
3.942323495928392e25
4.18661633774187e25
4.437591705653864e25
4.6951873676710586e25
4.959336798367486e25
5.229969199907855e25
5.507009525623191e25
5.790378506135437e25
6.079992678019841e25
6.3757644149971775e25
6.677601961646211e25
6.985409469621263e25
7.2990870363633075e25
7.61853074628749e25
7.943632714432639e25
8.274281132551427e25
8.610360317623885e25
8.951750762771083e25
9.298329190549011e25
9.649968608595374e25
1.0006538367605173e26
1.0367904221610046e26
1.0733928390528868e26
1.110446962496381e26
1.1479383273207753e26
1.1858521350433741e26
1.2241732610029255e26
1.2628862617041697e26
1.3019753823700263e26
1.3414245646973009e26
1.3812174548123012e26
1.4213374114220974e26
1.461767514157593e26
1.5024905721037577e26
1.543489132512805e26
1.5847454896959645e26
1.6262416940889106e26
1.6679595614862862e26
1.7098806824404232e26
1.7519864318194632e26
1.7942579785195058e26
1.836676295325912e26
1.8792221689182605e26
1.9218762100139346e26
1.9646188636444832e26
2.007430419559425e26
2.0502910227520078e26
2.093180684100864e26
2.1360792911220614e26
2.178966618825449e26
2.221822340669651e26
2.264626039609322e26
2.307357219228783e26
2.349995314955943e26
2.3925197053500805e26
2.4349097234573987e26
2.4771446682278422e26
2.5192038159870763e26
2.5610664319568625e26
2.602711781817507e26
2.6441191433060436e26
2.6852678178432376e26
2.726137142183137e26
2.7667065000783293e26
2.8069553339545353e26
2.846863156587556e26
2.8864095627761363e26
2.925574241003907e26
2.964336985083853e26
3.0026777057784158e26
3.0405764423885853e26
3.078013374305425e26
3.114968832517019e26
3.151423311064417e26
3.18735747843967e26
3.2227521889195607e26
3.257588493828068e26
3.291847652721103e26
3.325511144487023e26
3.35856067835611e26
3.390978204812686e26
3.4227459264032465e26
3.4538463084343485e26
3.484262089553637e26
3.513976292207736e26
3.542972232970883e26
3.571233532737807e26
3.598744126774876e26
3.625488274623291e26
3.6514505698484425e26
3.676615949629292e26
3.700969704182033e26
3.7244974860121286e26
3.74718531898916e26
3.7690196072386794e26
3.7899871438456256e26
3.8100751193638995e26
3.8292711301266546e26
3.847563186352135e26
3.864939720039891e26
3.881389592652373e26
3.8969021025769464e26
3.9114669923635355e26
3.9250744557332525e26
3.937715144353371e26
3.949380174374259e26
3.96006113272392e26
3.969750083155985e26
3.978439572047058e26
3.98612263393952e26
3.9927927968260094e26
3.9984440871718885e26
4.0030710346722476e26
4.006668676740047e26
4.009232562722176e26
4.0107587578403866e26
4.0112438468541715e26
4.010684937442821e26
4.009079663304033e26
4.0064261869666484e26
4.002723202315216e26
3.9979699368242e26
3.9921661534999245e26
3.985312152528382e26
3.9774087726273284e26
3.968457392101057e26
3.9584599295966825e26
3.9474188445607156e26
3.9353371373948836e26
3.9222183493105274e26
3.9080665618808035e26
3.8928863962903624e26
3.876683012281996e26
3.859462106800363e26
3.841229912332752e26
3.821993194946964e26
3.801759252026981e26
3.780535909706758e26
3.758331520003063e26
3.7351549576480505e26
3.7110156166229515e26
3.685923406393902e26
3.6598887478515445e26
3.6329225689557526e26
3.605036300087564e26
3.5762418691101496e26
3.546551696140749e26
3.5159786880362644e26
3.484536232594618e26
3.4522381924747734e26
3.419098898837914e26
3.385133144713075e26
3.350356178090234e26
3.3147836947439195e26
3.2784318307912075e26
3.241317154987376e26
3.2034566607632485e26
3.1648677580077875e26
3.1255682646004554e26
3.0855763976973664e26
3.044910764775405e26
3.0035903544392475e26
2.9616345269956787e26
2.9190630048001876e26
2.8758958623804912e26
2.832153516342552e26
2.787856715063915e26
2.7430265281800366e26
2.6976843358687077e26
2.6518518179386324e26
2.6055509427277365e26
2.5588039558167812e26
2.511633368564801e26
2.4640619464720207e26
2.4161126973767923e26
2.3678088594924256e26
2.319173889290872e26
2.2702314492394823e26
2.2210053953973288e26
2.1715197648781843e26
2.1217987631866202e26
2.07186675143442e26
2.0217482334438313e26
1.971467842745241e26
1.921050329476169e26
1.870520547188487e26
1.819903439571716e26
1.7692240270992315e26
1.7185073936051452e26
1.6677786727988182e26
1.6170630347250974e26
1.5663856721773464e26
1.5157717870711778e26
1.4652465767861166e26
1.4148352204833043e26
1.3645628654067325e26
1.3144546131754359e26
1.2645355060749242e26
1.2148305133551368e26
1.1653645175430236e26
1.1161623007770592e26
1.0672485311719982e26
1.018647749221395e26
9.703843542453698e25
9.22482590891931e25
8.749665356991253e25
8.27860083726073e25
7.81186935260132e25
7.349705826083644e25
6.892342969807473e25
6.440011154723803e25
5.992938281528412e25
5.5513496526971695e25
5.115467845741073e25
4.685512587750545e25
4.261700631307923e25
3.8442456318364973e25
3.433358026461445e25
3.029244914449715e25
2.6321099393045646e25
2.2421531725820533e25
1.8595709994961834e25
1.4845560063855981e25
1.1172968701048661e25
7.579782494094518e24
4.0678067839567693e24
6.388046206427479e23
-2.705504259316322e24
-5.963444432944103e24
-9.13338576780429e24
-1.221374437533531e25
-1.5202983539924617e25
-1.8099614623188365e25
-2.0902197942857863e25
-2.360934362575014e25
-2.6219712434311966e25
-2.8732016566181768e25
-3.1145020426303084e25
-3.3457541371078608e25
-3.566845042412461e25
-3.7776672963134972e25
-3.978118937744065e25
-4.168103569582258e25
-4.347530418419759e25
-4.516314391275236e25
-4.674376129216796e25
-4.821642057859225e25
-4.958044434698792e25
-5.083521393256092e25
-5.198016983994445e25
-5.301481211987701e25
-5.393870071307527e25
-5.475145576106717e25
-5.545275788376397e25
-5.604234842353179e25
-5.652002965558703e25
-5.688566496453398e25
-5.71391789868939e25
-5.728055771947489e25
-5.730984859347299e25
-5.722716051421426e25
-5.7032663866439476e25
-5.672659048508769e25
-5.63092335915281e25
-5.578094769523398e25
-5.514214846088035e25
-5.439331254089948e25
-5.353497737352287e25
-5.256774094638182e25
-5.149226152573098e25
-5.0309257351402275e25
-4.901950629760552e25
-4.7623845499720816e25
-4.612317094722701e25
-4.451843704295472e25
-4.281065612886333e25
-4.1000897978549645e25
-3.909028925673217e25
-3.70800129459663e25
-3.497130774086246e25
-3.2765467410104554e25
-3.0463840126580315e25
-2.806782776595845e25
-2.5578885174059687e25
-2.299851940339476e25
-2.0328288919256755e25
-1.7569802775764802e25
-1.472471976230727e25
-1.1794747520794094e25
-8.781641634201059e24
-5.68720468687353e24
-2.513285297084126e24
7.382228776432082e23
4.0653821619206286e24
7.466211910046096e24
1.093868957915966e25
1.4480751827433385e25
1.8090295636699389e25
2.176517945891592e25
2.5503224385847254e25
2.9302215341328827e25
3.3159902295460306e25
3.707400150007937e25
4.104219674481554e25
4.506214063306629e25
4.913145587717212e25
5.324773661208317e25
5.740854972679903e25
6.161143621283479e25
6.585391252896949e25
7.013347198152628e25
7.444758611940237e25
7.879370614308133e25
8.316926432683253e25
8.757167545331159e25
9.199833825974314e25
9.64466368948847e25
1.0091394238594044e26
1.053976141146197e26
1.09895001301464e26
1.1440344449764786e26
1.1892027708338323e26
1.2344282677207586e26
1.2796841711938693e26
1.3249436903632964e26
1.3701800230555054e26
1.4153663709991293e26
1.4604759550252092e26
1.5054820302731543e26
1.5503579013935793e26
1.5950769377393612e26
1.639612588536085e26
1.683938398023183e26
1.728028020557038e26
1.7718552356670382e26
1.815393963056291e26
1.8586182775378873e26
1.901502423898227e26
1.9440208316786236e26
1.986148129866686e26
2.0278591614887334e26
2.0691289980947944e26
2.109932954127631e26
2.1502466011673826e26
2.1900457820433963e26
2.2293066248049115e26
2.268005556542394e26
2.306119317051268e26
2.343624972329948e26
2.3804999279042467e26
2.416721941969975e26
2.4522691383461896e26
2.487120019231136e26
2.5212534777533036e26
2.554648810310055e26
2.5872857286863913e26
2.6191443719465455e26
2.6502053180912134e26
2.6804495954733397e26
2.709858693965543e26
2.7384145758723473e26
2.766099686580562e26
2.7928969649412938e26
2.818789853377181e26
2.8437623077086916e26
2.867798806693211e26
2.8908843612712753e26
2.913004523513992e26
2.9341453952660724e26
2.9542936364791114e26
2.9734364732298356e26
2.991561705418168e26
3.0086577141403066e26
3.024713468732021e26
3.0397185334776817e26
3.0536630739805718e26
3.066537863190439e26
3.0783342870842817e26
3.0890443499964834e26
3.098660679594898e26
3.107176531499413e26
3.114585793539795e26
3.120882989649861e26
3.126063283395299e26
3.130122481132522e26
3.133057034796109e26
3.134864044312928e26
3.135541259640827e26
3.135087082430365e26
3.133500567307852e26
3.130781422778752e26
3.126930011750129e26
3.121947351671551e26
3.1158351142935424e26
3.108595625043527e26
3.100231862018982e26
3.090747454597698e26
3.0801466816657096e26
3.0684344694632236e26
3.0556163890494347e26
3.0416986533868906e26
3.026688114046974e26
3.0105922575377137e26
2.993419201255393e26
2.9751776890621638e26
2.9558770864914353e26
2.9355273755835747e26
2.914139149354079e26
2.891723605897369e26
2.8682925421289687e26
2.8438583471690037e26
2.818433995370881e26
2.7920330389982796e26
2.7646696005546646e26
2.736358364768852e26
2.7071145702413664e26
2.676954000755638e26
2.6458929762589478e26
2.6139483435175402e26
2.5811374664514497e26
2.5474782161539993e26
2.5129889606011613e26
2.477688554056902e26
2.4415963261798597e26
2.4047320708376776e26
2.3671160346346885e26
2.3287689051598375e26
2.289711798961093e26
2.249966249252769e26
2.2095541933631532e26
2.1684979599290023e26
2.12682025584442e26
2.0845441529709546e26
2.041693074617008e26
1.9982907817938656e26
1.9543613592558728e26
1.9099292013332425e26
1.8650189975650423e26
1.8196557181409208e26
1.773864599159354e26
1.727671127711484e26
1.6811010267985637e26
1.6341802400920637e26
1.5869349165446516e26
1.5393913948615535e26
1.491576187840929e26
1.4435159665920316e26
1.3952375446409062e26
1.3467678619323117e26
1.298133968737552e26
1.2493630094770658e26
1.200482206467805e26
