1.6823454785156247e-13
1.682681367920554e11
2.693864771274897e12
1.3651012346876176e13
4.320291204419136e13
1.0566099502700423e14
2.1956787722305456e14
4.0780402049450894e14
6.977181035965148e14
1.1212811066621309e15
1.7152641130438288e15
2.5214398321416635e15
3.5868078463126195e15
4.963843584041636e15
6.710771020220338e15
8.891859102582963e15
1.1577741901050042e16
1.4845762473889064e16
1.878034044117978e16
2.3473363252030908e16
2.9024601127300556e16
3.5542145654187388e16
4.3142872002950376e16
5.195292472915035e16
6.2108227117153336e16
7.375501401216522e16
8.705038807875318e16
1.0216289941362101e17
1.192731484293221e17
1.3857441191359198e17
1.602732921560353e17
1.8459038901999984e17
2.1176099482258675e17
2.420358118698686e17
2.7568169247750307e17
3.1298240128903034e17
3.5423939968520314e17
3.997726520577382e17
4.4992145369986246e17
5.0504528004397344e17
5.655246569536352e17
6.317620517529775e17
7.041827846513887e17
7.832359601951579e17
8.693954183504785e17
9.631607047939474e17
1.0650580599574246e18
1.1756414263438484e18
1.2954934735993516e18
1.4252266407948575e18
1.5654841953371538e18
1.7169413078954698e18
1.8803061426945923e18
2.0563209624898578e18
2.2457632475026688e18
2.449446827557884e18
2.668223026626216e18
2.902981818935944e18
3.1546529957786906e18
3.4242073420938583e18
3.7126578218754816e18
4.021060771404042e18
4.350517099263841e18
4.70217349206438e18
5.07722362474143e18
5.476909374270538e18
5.902522035582356e18
6.355403538425687e18
6.836947663880419e18
7.348601259178727e18
7.891865449448987e18
8.468296844953096e18
9.079508742344057e18
9.727172318427036e18
1.041301781486374e19
1.113883571221691e19
1.1906477891688616e19
1.2717858782864263e19
1.3574956495731745e19
1.4479813935204317e19
1.5434539896335063e19
1.6441310138370646e19
1.7502368435753409e19
1.8620027604141986e19
1.9796670499484066e19
2.1034750988137923e19
2.233679488600467e19
2.370540086459904e19
2.514324132195368e19
2.665306321622074e19
2.823768885980436e19
2.9900016671829385e19
3.1643021886724334e19
3.3469757216672096e19
3.538335346565728e19
3.738702009281825e19
3.948404572279166e19
4.167779860071883e19
4.397172698956896e19
4.6369359507417825e19
4.8874305402311655e19
5.14902547623343e19
5.4220978658489655e19
5.707032921800678e19
6.004223962567142e19
6.3140724050789655e19
6.636987749739019e19
6.973387557527859e19
7.323697418956401e19
7.688350914628926e19
8.067789567180977e19
8.462462784358176e19
8.872827793004028e19
9.299349563726963e19
9.742500726019283e19
1.0202761473603617e20
1.0680619459785563e20
1.1176569682594472e20
1.1691114359498344e20
1.2224762791482574e20
1.27780312162868e20
1.3351442650598726e20
1.3945526721008914e20
1.45608194835356e20
1.519786323153464e20
1.5857206291815232e20
1.653940280878871e20
1.724501251648421e20
1.7974600498271774e20
1.8728736934141274e20
1.9507996835392396e20
2.0312959766599608e20
2.1144209554723717e20
2.200233398525051e20
2.2887924485245878e20
2.3801575793225738e20
2.474388561574899e20
2.5715454270651302e20
2.6716884316847774e20
2.7748780170642938e20
2.8811747708497278e20
2.9906393856210665e20
3.103332616449395e20
3.2193152370912225e20
3.338647994819462e20
3.461391563891781e20
3.5876064976582803e20
3.7173531793117413e20
3.850691771284929e20
3.9876821633008284e20
4.1283839190829e20
4.272856221733986e20
4.4211578177936746e20
4.573346959985505e20
4.729481348666693e20
4.889618071994572e20
5.0538135448253537e20
5.222123446362319e20
5.3946026565719864e20
5.571305191388385e20
5.752284136726991e20
5.937591581331427e20
6.127278548477628e20
6.321394926561616e20
6.519989398598654e20
6.723109370663059e20
6.930800899299544e20
7.143108617938512e20
7.36007566234928e20
7.581743595166807e20
7.808152329529027e20
8.039340051863484e20
8.275343143863488e20
8.51619610369562e20
8.761931466481912e20
9.01257972410157e20
9.268169244358645e20
9.5287261895636e20
9.794274434578146e20
1.0064835484374324e21
1.0340428391160126e21
1.0621069671125554e21
1.0906773220864346e21
1.1197550233528052e21
1.1493409114770497e21
1.1794355398542059e21
1.210039166279455e21
1.2411517445158687e21
1.2727729158657577e21
1.3049020007520697e21
1.3375379903164284e21
1.3706795380404988e21
1.4043249513974991e21
1.438472183540775e21
1.4731188250364674e21
1.5082620956474042e21
1.5438988361754403e21
1.5800255003695713e21
1.61663814690723e21
1.6537324314562614e21
1.6913035988251488e21
1.7293464752091392e21
1.767855460539988e21
1.8068245209471058e21
1.846247181337936e21
1.886116518105473e21
1.926425151970848e21
1.967165240968969e21
2.0083284735852264e21
2.049906062051318e21
2.0918887358082552e21
2.13426673514464e21
2.1770298050183053e21
2.220167189069417e21
2.2636676238331478e21
2.307519333159988e21
2.3517100228517872e21
2.396226875521556e21
2.4410565456850625e21
2.486185155092187e21
2.531598288305991e21
2.5772809885373694e21
2.62321775374312e21
2.66939253299519e21
2.71578872312879e21
2.762389165676977e21
2.80917614409923e21
2.8561313813114404e21
2.9032360375246384e21
2.950470708399668e21
2.997815423524901e21
3.045249645223966e21
3.0927522677003093e21
3.1403016165253044e21
3.187875448476454e21
3.235450951732061e21
3.283004746428624e21
3.330512885586995e21
3.3779508564132065e21
3.4252935819796525e21
3.472515423292133e21
3.5195901817480896e21
3.5664911019911115e21
3.613190875166633e21
3.659661642583468e21
3.7058749997856604e21
3.7518020010388357e21
3.7974131642350473e21
3.842678476219851e21
3.887567398545062e21
3.9320488736504535e21
3.9760913314773016e21
4.019662696516521e21
4.062730395293745e21
4.1052613642935143e21
4.1472220583244045e21
4.1885784593266277e21
4.2292960856233885e21
4.269340001616904e21
4.308674827929766e21
4.347264751991952e21
4.385073539073506e21
4.4220645437625645e21
4.4582007218881456e21
4.4934446428866735e21
4.527758502611007e21
4.5611041365803087e21
4.593443033668808e21
4.624736350231167e21
4.6549449246617633e21
4.684029292384946e21
4.711949701272876e21
4.738666127487323e21
4.764138291741314e21
4.788325675976281e21
4.811187540449977e21
4.832682941230012e21
4.852770748087598e21
4.871409662785692e21
4.888558237755367e21
4.904174895153881e21
4.918217946297628e21
4.930645611462682e21
4.941416040045429e21
4.950487331075316e21
4.957817554071498e21
4.9633647702347e21
4.967087053965445e21
4.968942514699235e21
4.96888931904915e21
4.966885713245833e21
4.962890045864614e21
4.956860790829107e21
4.948756570680393e21
4.938536180100475e21
4.92615860967846e21
4.911583069907589e21
4.894769015400939e21
4.875676169313306e21
4.854264547956515e21
4.830494485595129e21
4.804326659409169e21
4.775722114610336e21
4.744642289697817e21
4.7110490418395873e21
4.6749046723648474e21
4.636171952353006e21
4.5948141483043565e21
4.5507950478774465e21
4.504078985677816e21
4.4546308690826945e21
4.4024162040859675e21
4.3474011211475583e21
4.2895524010312393e21
4.228837500614661e21
4.1652245786552613e21
4.098682521495577e21
4.0291809686913417e21
3.9566903385456404e21
3.8811818535322334e21
3.8026275655911604e21
3.721000381279517e21
3.636274086760362e21
3.548423372612502e21
3.457423858444001e21
3.363252117292066e21
3.265885699792091e21
3.165303158098461e21
3.0614840695398733e21
2.954409059991814e21
2.8440598269489683e21
2.730419162280237e21
2.6134709746492496e21
2.493200311583157e21
2.369593381172728e21
2.242637573386694e21
2.112321480983508e21
1.9786349200038612e21
1.841568949827086e21
1.7011158927753027e21
1.5572693532486213e21
1.4100242363755982e21
1.2593767661626267e21
1.1053245031268294e21
9.478663613965439e20
7.870026252643693e20
6.227349651773726e20
4.5506645314990296e20
2.8400157758405712e20
1.0954625748387234e20
-6.829214395122293e19
-2.495048063669738e20
-4.3408143994276125e20
-6.22010273740642e20
-8.13278044728102e20
-1.0078699874865321e21
-1.2057698246179396e21
-1.406959757861036e21
-1.61142045992855e21
-1.819131067076084e21
-2.0300691724135566e21
-2.2442108199687233e21
-2.4615304995130153e21
-2.6820011421582434e21
-2.9055941167335263e21
-3.132279226950178e21
-3.3620247093628345e21
-3.594797232133721e21
-3.8305618946073124e21
-4.069282227701308e21
-4.310920195120241e21
-4.555436195396483e21
-4.802789064764012e21
-5.052936080868835e21
-5.30583296731983e21
-5.56143389908355e21
-5.819691508725081e21
-6.080556893497622e21
-6.343979623281798e21
-6.609907749376159e21
-6.878287814138793e21
-7.149064861480352e21
-7.422182448207213e21
-7.697582656214028e21
-7.975206105523157e21
-8.254991968169009e21
-8.536877982923669e21
-8.820800470860743e21
-9.10669435175244e21
-9.394493161295744e21
-9.684129069161557e21
-9.975532897861326e21
-1.026863414242403e22
-1.056336099087672e22
-1.0859640345520431e22
-1.1157397844993363e22
-1.1456557887112033e22
-1.1757043652481186e22
-1.2058777128861935e22
-1.2361679136287848e22
-1.2665669352917106e22
-1.2970666341609685e22
-1.3276587577216227e22
-1.358334947456661e22
-1.3890867417143738e22
-1.4199055786429504e22
-1.4507827991907463e22
-1.481709650170785e22
-1.5126772873878762e22
-1.5436767788268e22
-1.5746991078998228e22
-1.6057351767519333e22
-1.6367758096219324e22
-1.6678117562576863e22
-1.6988336953835947e22
-1.7298322382184784e22
-1.7607979320418738e22
-1.7917212638067993e22
-1.8225926637969893e22
-1.8534025093265026e22
-1.884141128479667e22
-1.914798803889163e22
-1.945365776550183e22
-1.9758322496683547e22
-2.006188392539324e22
-2.036424344457634e22
-2.0665302186527096e22
-2.0964961062495575e22
-2.1263120802519267e22
-2.1559681995454812e22
-2.1854545129187138e22
-2.214761063099086e22
-2.243877890802104e22
-2.2727950387907645e22
-2.301502555943053e22
-2.3299905013249414e22
-2.358248948266482e22
-2.386267988438464e22
-2.414037735927221e22
-2.4415483313050245e22
-2.4687899456936643e22
-2.495752784818622e22
-2.522427093051465e22
-2.548803157437882e22
-2.574871311708954e22
-2.6006219402731397e22
-2.6260454821865625e22
-2.6511324350991064e22
-2.67587335917395e22
-2.7002588809780565e22
-2.7242796973412724e22
-2.747926579181635e22
-2.7711903752945507e22
-2.794062016103498e22
-2.816532517369971e22
-2.838592983860383e22
-2.860234612967678e22
-2.8814486982854804e22
-2.9022266331325404e22
-2.9225599140254255e22
-2.942440144097271e22
-2.9618590364606392e22
-2.980808417512341e22
-2.999280230178382e22
-3.0172665370970333e22
-3.0347595237381926e22
-3.051751501457165e22
-3.0682349104811827e22
-3.084202322826846e22
-3.0996464451469244e22
-3.1145601215048358e22
-3.1289363360753174e22
-3.1427682157697987e22
-3.1560490327850413e22
-3.1687722070737137e22
-3.180931308735608e22
-3.192520060328291e22
-3.203532339096012e22
-3.213962179115838e22
-3.223803773359952e22
-3.2330514756732306e22
-3.241699802665211e22
-3.2497434355156874e22
-3.257177221693196e22
-3.2639961765857928e22
-3.2701954850435644e22
-3.2757705028324003e22
-3.280716757998607e22
-3.28502995214411e22
-3.2887059616119883e22
-3.2917408385821907e22
-3.294130812077371e22
-3.295872288878892e22
-3.2969618543531044e22
-3.297396273188032e22
-3.2971724900408727e22
-3.2962876300965e22
-3.2947389995376097e22
-3.292524085926878e22
-3.2896405585018896e22
-3.2860862683834403e22
-3.2818592486980613e22
-3.2769577146156596e22
-3.2713800633032037e22
-3.2651248737955013e22
-3.2581909067842577e22
-3.2505771043265737e22
-3.242282589474246e22
-3.233306665825187e22
-3.223648816998515e22
-3.21330870603479e22
-3.2022861747230983e22
-3.1905812428566265e22
-3.1781941074185844e22
-3.1651251417002858e22
-3.1513748943533976e22
-3.1369440883782917e22
-3.1218336200506835e22
-3.106044557788657e22
-3.089578140962358e22
-3.0724357786486486e22
-3.05461904833305e22
-3.0361296945615097e22
-3.016969627544434e22
-2.9971409217155395e22
-2.9766458142481946e22
-2.955486703531923e22
-2.9336661476117775e22
-2.9111868625934742e22
-2.888051721016957e22
-2.8642637502015114e22
-2.8398261305651854e22
-2.8147421939216274e22
-2.789015421757276e22
-2.762649443492051e22
-2.7356480347266215e22
-2.708015115479374e22
-2.67975474841626e22
-2.6508711370767615e22
-2.6213686240991393e22
-2.5912516894482695e22
-2.5605249486492816e22
-2.529193151030339e22
-2.4972611779778165e22
-2.464734041207221e22
-2.43161688105313e22
-2.397914964781513e22
-2.3636336849277176e22
-2.3287785576634757e22
-2.2933552211962387e22
-2.257369434204091e22
-2.2208270743096336e22
-2.1837341365960184e22
-2.146096732168483e22
-2.1079210867645124e22
-2.0692135394159433e22
-2.0299805411661253e22
-1.990228653845339e22
-1.9499645489074827e22
-1.9091950063312293e22
-1.8679269135885898e22
-1.8261672646839007e22
-1.7839231592661355e22
-1.741201801817446e22
-1.6980105009207584e22
-1.6543566686091469e22
-1.610247819799689e22
-1.5656915718144497e22
-1.5206956439911356e22
-1.475267857385876e22
-1.4294161345705824e22
-1.3831484995271425e22
-1.3364730776407268e22
-1.2893980957943626e22
-1.2419318825667944e22
-1.1940828685355937e22
-1.1458595866874252e22
-1.0972706729371852e22
-1.0483248667576951e22
-9.99031011921467e21
-9.493980573560392e21
-8.994350581141519e21
-8.491511764600207e21
-7.985556830727554e21
-7.476579583679391e21
-6.964674939381852e21
-6.449938941134286e21
-5.932468776414789e21
-5.412362794893761e21
-4.889720527658139e21
-4.364642707648702e21
-3.8372312913103563e21
-3.307589481455109e21
-2.775821751335275e21
-2.2420338699228487e21
-1.7063329283904908e21
-1.168827367786455e21
-6.296270078964757e20
-8.884307728186265e19
4.534117555164959e20
9.970233496219513e20
1.5418760583269948e21
2.0878526944758632e21
2.634834494741677e21
3.182701082817824e21
3.7313304315433184e21
4.28059882398484e21
4.830380813498949e21
5.380549182800162e21
5.930974902061309e21
6.481527086075074e21
7.032072950506609e21
7.582477767269436e21
8.132604819057232e21
8.682315353066836e21
9.231468533948925e21
9.77992139602453e21
1.032752879480653e22
1.087414335786791e22
1.1419615435098878e22
1.1963793048397865e22
1.2506521840841256e22
1.304764502537985e22
1.3587003333110479e22
1.4124434961172695e22
1.465977552032309e22
1.5192857982239173e22
1.5723512626608159e22
1.6251566988055791e22
1.6776845802973367e22
1.7299170956300352e22
1.7818361428323141e22
1.8334233241550705e22
1.8846599407729853e22
1.9355269875062935e22
1.986005147569324e22
2.036074787352348e22
2.0857159512434804e22
2.134908356497359e22
2.183631388157547e22
2.2318640940396298e22
2.2795851797821286e22
2.3267730039723482e22
2.3734055733544704e22
2.4194605381272147e22
2.4649151873384865e22
2.509746444384496e22
2.5539308626208962e22
2.5974446210935794e22
2.6402635203967386e22
2.682362978666013e22
2.723718027714369e22
2.764303309318605e22
2.8040930716642443e22
2.843061165956779e22
2.881181043207026e22
2.9184257511986085e22
2.9547679316453827e22
2.9901798175468413e22
3.02463323074927e22
3.0580995797206813e22
3.090549857547341e22
3.1219546401598417e22
3.1522840847964476e22
3.1815079287116827e22
3.209595488137739e22
3.236515657506661e22
3.2622369089407448e22
3.2867272920189653e22
3.3099544338268137e22
3.3318855392971417e22
3.3524873918493583e22
3.3717263543342616e22
3.389568370291725e22
3.4059789655284195e22
3.4209232500224787e22
3.4343659201620605e22
3.4462712613245165e22
3.4566031508029097e22
3.4653250610862827e22
3.47240006350009e22
3.4777908322129907e22
3.4814596486161058e22
3.4833684060806004e22
3.483478615099304e22
3.4817514088179526e22
3.478147548961441e22
3.4726274321602465e22
3.4651510966819813e22
3.455678229572892e22
3.44416817421392e22
3.4305799382956264e22
3.4148722022161228e22
3.3970033279059416e22
3.3769313680835905e22
3.3546140759450907e22
3.3300089152908397e22
3.3030730710926058e22
3.2737634605035126e22
3.2420367443132615e22
3.207849338850883e22
3.171157428336789e22
3.1319169776858887e22
3.0900837457629112e22
3.0456132990910876e22
2.9984610260148636e22
2.9485821513171925e22
2.8959317512913863e22
2.8404647692674944e22
2.782136031592623e22
2.7209002640645575e22
2.656712108817353e22
2.5895261416576543e22
2.519296889849807e22
2.445978850347913e22
2.369526508472088e22
2.2898943570263608e22
2.207036915855162e22
2.1209087518347293e22
2.0314644992958765e22
1.9386588808737886e22
1.8424467287806346e22
1.742783006495826e22
1.6396228308690264e22
1.5329214946301696e22
1.4226344893008413e22
1.3087175285004856e22
1.1911265716410901e22
1.0698178480031962e22
9.447478811862034e21
8.158735139249599e21
6.831519332648996e21
5.465406960871684e21
4.05997754975244e21
2.6148148441367687e21
1.1295070730977322e21
-3.963527817174576e20
-1.963166714709762e21
-3.571331422027495e21
-5.221238024447826e21
-6.913271787554144e21
-8.647811839321426e21
-1.0425230885231555e22
-1.2245894921036545e22
-1.4110162943298e22
-1.6018386657826287e22
-1.7970910186156002e22
-1.996806977018777e22
-2.2010193475136934e22
-2.4097600890926245e22
-2.623060283217051e22
-2.8409501036895686e22
-3.0634587864144844e22
-3.290614599061964e22
-3.5224448106516703e22
-3.758975661071302e22
-4.000232330546291e22
-4.246238909076664e22
-4.497018365857951e22
-4.752592518702811e22
-5.012982003480056e22
-5.278206243588815e22
-5.548283419485026e22
-5.82323043827794e22
-6.103062903414435e22
-6.387795084469375e22
-6.677439887060182e22
-6.972008822904022e22
-7.2715119800360276e22
-7.575957993207635e22
-7.88535401448366e22
-8.199705684057234e22
-8.519017101301543e22
-8.843290796077965e22
-9.172527700319704e22
-9.506727119910501e22
-9.845886706877722e22
-1.0190002431919817e23
-1.0539068557287393e23
-1.089307761003809e23
-1.125202035568433e23
-1.1615885772254447e23
-1.1984661024786408e23
-1.2358331440274386e23
-1.2736880483087343e23
-1.3120289730880066e23
-1.350853885101578e23
-1.3901605577520543e23
-1.4299465688588362e23
-1.470209298465717e23
-1.5109459267074814e23
-1.5521534317374502e23
-1.593828587717863e23
-1.635967962875063e23
-1.6785679176213285e23
-1.721624602745281e23
-1.7651339576726746e23
-1.809091708799476e23
-1.8534933678990197e23
-1.898334230605085e23
-1.943609374972621e23
-1.989313660117947e23
-2.03544172494015e23
-2.0819879869253495e23
-2.1289466410355766e23
-2.176311658683889e23
-2.224076786797383e23
-2.2722355469696317e23
-2.320781234704221e23
-2.3697069187508083e23
-2.419005440535309e23
-2.4686694136855578e23
-2.5186912236539777e23
-2.569063027438578e23
-2.6197767534036594e23
-2.6708241012015113e23
-2.7221965417963983e23
-2.7738853175920126e23
-2.8258814426636505e23
-2.8781757030961377e23
-2.9307586574286855e23
-2.983620637207668e23
-3.036751747648334e23
-3.0901418684063686e23
-3.143780654460225e23
-3.1976575371050505e23
-3.251761725058997e23
-3.306082205682643e23
-3.360607746312211e23
-3.4153268957072054e23
-3.470227985613038e23
-3.5252991324391244e23
-3.580528239052954e23
-3.6359029966904764e23
-3.691410886983156e23
-3.747039184101978e23
-3.802774957018598e23
-3.858605071883781e23
-3.914516194523262e23
-3.97049479305096e23
-4.026527140599612e23
-4.0825993181686434e23
-4.138697217589141e23
-4.1948065446056816e23
-4.250912822074729e23
-4.307001393279205e23
-4.363057425358839e23
-4.419065912855757e23
-4.475011681374766e23
-4.5308793913577176e23
-4.58665354197118e23
-4.64231847510673e23
-4.697858379492958e23
-4.753257294918363e23
-4.8084991165640326e23
-4.8635675994452076e23
-4.918446362960514e23
-4.9731188955477615e23
-5.02756855944498e23
-5.081778595555438e23
-5.135732128415273e23
-5.189412171262213e23
-5.242801631203931e23
-5.2958833144844265e23
-5.348639931846787e23
-5.4010541039906146e23
-5.453108367122329e23
-5.504785178596474e23
-5.556066922646218e23
-5.606935916200909e23
-5.6573744147887664e23
-5.707364618522588e23
-5.7568886781662625e23
-5.8059287012799056e23
-5.8544667584412946e23
-5.9024848895412953e23
-5.949965110150854e23
-5.996889417957073e23
-6.043239799265884e23
-6.088998235568727e23
-6.134146710170583e23
-6.178667214876736e23
-6.222541756735425e23
-6.265752364833722e23
-6.308281097143657e23
-6.350110047415859e23
-6.391221352117601e23
-6.431597197412431e23
-6.47121982617821e23
-6.51007154506065e23
-6.548134731559037e23
-6.585391841141195e23
-6.621825414384293e23
-6.657418084138451e23
-6.692152582709732e23
-6.726011749059274e23
-6.758978536015225e23
-6.791036017494124e23
-6.822167395728285e23
-6.852356008495811e23
-6.881585336349727e23
-6.909839009842844e23
-6.937100816744736e23
-6.963354709247433e23
-6.988584811156168e23
-7.012775425061756e23
-7.035911039490896e23
-7.057976336030943e23
-7.078956196425419e23
-7.098835709636795e23
-7.117600178872832e23
-7.135235128572909e23
-7.151726311350679e23
-7.167059714889506e23
-7.181221568786984e23
-7.194198351344949e23
-7.205976796301372e23
-7.216543899500553e23
-7.225886925497942e23
-7.233993414096132e23
-7.240851186808249e23
-7.246448353245463e23
-7.250773317424788e23
-7.253814783993841e23
-7.25556176436903e23
-7.256003582783635e23
-7.25512988224241e23
-7.252930630379212e23
-7.249396125214369e23
-7.244517000808301e23
-7.238284232808221e23
-7.230689143884445e23
-7.221723409053312e23
-7.211379060883245e23
-7.199648494580987e23
-7.186524472954778e23
-7.172000131251503e23
-7.156068981864683e23
-7.138724918910414e23
-7.119962222668287e23
-7.099775563884509e23
-7.078160007934311e23
-7.055111018840983e23
-7.030624463148754e23
-7.004696613647075e23
-6.977324152943514e23
-6.948504176882952e23
-6.918234197810543e23
-6.886512147676205e23
-6.85333638097819e23
-6.818705677543729e23
-6.782619245144364e23
-6.745076721944238e23
-6.706078178779017e23
-6.665624121263799e23
-6.623715491728039e23
-6.580353670975898e23
-6.535540479870198e23
-6.489278180738553e23
-6.441569478600082e23
-6.392417522211463e23
-6.341825904930876e23
-6.289798665398686e23
-6.236340288033733e23
-6.181455703344304e23
-6.125150288052626e23
-6.0674298650323e23
-6.008300703057708e23
-5.947769516364971e23
-5.8858434640236864e23
-5.822530149119116e23
-5.757837617744546e23
-5.691774357803357e23
-5.624349297620866e23
-5.555571804365708e23
-5.48545168228104e23
-5.413999170725433e23
-5.341224942023948e23
-5.2671400991295924e23
-5.191756173095789e23
-5.115085120360213e23
-5.0371393198408264e23
-4.957931569844772e23
-4.877475084791151e23
-4.79578349174846e23
-4.71287082678791e23
-4.6287515311537245e23
-4.543440447251851e23
-4.456952814458251e23
-4.369304264748429e23
-4.280510818149684e23
-4.190588878017928e23
-4.0995552261406637e23
-4.007427017668142e23
-3.9142217758746216e23
-3.819957386751964e23
-3.7246520934375275e23
-3.62832449047882e23
-3.5309935179371515e23
-3.432678455332988e23
-3.333398915435261e23
-3.233174837897555e23
-3.132026482743713e23
-3.029974423705987e23
-2.92703954141831e23
-2.8232430164679748e23
-2.718606322308651e23
-2.6131512180381415e23
-2.5068997410438472e23
-2.3998741995195835e23
-2.292097164856904e23
-2.1835914639147673e23
-2.0743801711708058e23
-1.9644866007579756e23
-1.8539342983904852e23
-1.7427470331824877e23
-1.6309487893636697e23
-1.518563757895468e23
-1.4056163279921594e23
-1.29213107855059e23
-1.178132769492897e23
-1.0636463330262116e23
-9.486968648238304e22
-8.333096151318249e22
-7.1750997980564674e22
-6.013234912810447e22
-4.8477580948368934e22
-3.6789271268204013e22
-2.507000882878436e22
-1.3322392360904143e22
-1.5490296559375703e21
1.0247463367045573e22
2.2064463597563946e22
3.389934167291387e22
4.574946291982967e22
5.761218829811346e22
6.9484875345783595e22
8.136487912523941e22
9.324955316999752e22
1.0513625043149833e23
1.1702232422552175e23
1.2890512917770961e23
1.4078202216774713e23
1.5265036327169976e23
1.645075167020466e23
1.7635085174490667e23
1.8817774369401565e23
1.9998557478095016e23
2.1177173510114712e23
2.2353362353522135e23
2.3526864866514303e23
2.4697422968478476e23
2.5864779730439173e23
2.7028679464849057e23
2.8188867814681033e23
2.9345091841773814e23
3.049710011438773e23
3.164464279392394e23
3.278747172076591e23
3.392534049919808e23
3.505800458135749e23
3.6185221350178624e23
3.730675020128729e23
3.842235262380378e23
3.953179228001239e23
4.0634835083860376e23
4.1731249278244315e23
4.282080551104727e23
4.390327690988642e23
4.497843915553692e23
4.604607055399349e23
4.710595210713561e23
4.815786758195967e23
4.920160357834715e23
5.023694959533313e23
5.126369809584555e23
5.228164456988106e23
5.3290587596091e23
5.42903289017455e23
5.52806734210494e23
5.6261429351780716e23
5.723240821022837e23
5.819342488440193e23
5.914429768549095e23
6.008484839754898e23
6.101490232538336e23
6.193428834062779e23
6.284283892598038e23
6.374039021758574e23
6.462678204554795e23
6.550185797255558e23
6.63654653306058e23
6.721745525581228e23
6.805768272128696e23
6.888600656808263e23
6.970228953418884e23
7.050639828156924e23
7.129820342123715e23
7.207757953636067e23
7.284440520339431e23
7.359856301123197e23
7.43399395783815e23
7.506842556815914e23
7.578391570190336e23
7.648630877021176e23
7.717550764220365e23
7.785141927281254e23
7.851395470811451e23
7.916302908869973e23
7.979856165109605e23
8.042047572725401e23
8.102869874210387e23
8.162316220919885e23
8.220380172445581e23
8.277055695801124e23
8.33233716442062e23
8.38621935697196e23
8.43869745598682e23
8.48976704630935e23
8.539424113365605e23
8.587665041256184e23
8.634486610674209e23
8.67988599665141e23
8.723860766134704e23
8.766408875396214e23
8.807528667279458e23
8.847218868284811e23
8.88547858549714e23
8.922307303359101e23
8.957704880293087e23
8.991671545175604e23
9.024207893667254e23
9.055314884402263e23
9.084993835041076e23
9.11324641819e23
9.140074657191703e23
9.165480921790709e23
9.189467923677975e23
9.212038711918695e23
9.233196668267694e23
9.2529455023768e23
9.271289246898619e23
9.288232252491261e23
9.30377918272862e23
9.317935008920913e23
9.330705004850307e23
9.3420947414262e23
9.352110081265393e23
9.360757173201806e23
9.36804244673095e23
9.373972606393958e23
9.378554626106572e23
9.381795743437969e23
9.383703453844861e23
9.384285504865738e23
9.383549890280967e23
9.381504844243651e23
9.378158835386835e23
9.373520560912168e23
9.367598940665602e23
9.360403111205347e23
9.351942419867551e23
9.342226418835115e23
9.331264859214905e23
9.319067685128946e23
9.305645027824949e23
9.291007199811422e23
9.275164689022888e23
9.258128153020573e23
9.239908413233799e23
9.220516449247514e23
9.19996339314109e23
9.178260523883863e23
9.155419261792481e23
9.131451163055242e23
9.106367914328623e23
9.080181327411066e23
9.052903333999008e23
9.024545980530244e23
8.99512142311933e23
8.964641922590167e23
8.93311983961031e23
8.900567629931802e23
8.866997839743175e23
8.83242310113722e23
8.796856127698846e23
8.76030971021754e23
8.722796712528773e23
8.68433006748829e23
8.644922773083684e23
8.604587888687074e23
8.563338531452817e23
8.521187872864014e23
8.47814913543151e23
8.434235589548873e23
8.389460550506943e23
8.343837375670939e23
8.297379461823648e23
8.250100242677561e23
8.20201318655885e23
8.153131794266077e23
8.103469597106164e23
8.053040155110176e23
8.001857055431343e23
7.949933910927287e23
7.897284358928817e23
7.843922060196994e23
7.789860698070254e23
7.735113977803227e23
7.679695626098619e23
7.623619390833476e23
7.566899040980981e23
7.509548366728494e23
7.451581179792973e23
7.39301131393407e23
7.333852625665479e23
7.274118995164776e23
7.213824327381805e23
7.152982553345572e23
7.09160763166932e23
7.029713550253471e23
6.967314328185529e23
6.904424017836552e23
6.841056707152846e23
6.777226522141945e23
6.712947629551419e23
6.648234239739048e23
6.583100609732598e23
6.51756104647746e23
6.451629910269764e23
6.385321618373123e23
6.318650648816286e23
6.251631544369164e23
6.184278916694475e23
6.116607450671994e23
6.04863190889224e23
5.9803671363163815e23
5.9118280650985856e23
5.843029719567483e23
5.7739872213626046e23
5.704715794721898e23
5.635230771916035e23
5.565547598825237e23
5.495681840653962e23
5.425649187778811e23
5.355465461724814e23
5.285146621264896e23
5.214708768637536e23
5.144168155877132e23
5.073541191251591e23
5.002844445801499e23
4.9320946599750536e23
4.8613087503527485e23
4.790503816455892e23
4.719697147632386e23
4.64890623001377e23
4.57814875353675e23
4.507442619022672e23
4.436805945308179e23
4.366257076420135e23
4.2958145887877965e23
4.2254972984852356e23
4.155324268496489e23
4.0853148159964944e23
4.0154885196400174e23
3.945865226851267e23
3.876465061106434e23
3.807308429201506e23
3.738416028497525e23
3.669808854135397e23
3.601508206212404e23
3.533535696912154e23
3.4659132575801676e23
3.398663145736781e23
3.3318079520192e23
3.2653706070444747e23
3.1993743881850947e23
3.133842926248858e23
3.068800212054778e23
3.0042706028963505e23
2.940278828884142e23
2.8768499991590276e23
2.8140096079677364e23
2.751783540592247e23
2.690198079124633e23
2.6292799080788955e23
2.569056119831487e23
2.5095542198818808e23
2.4508021319251594e23
2.39282820272808e23
2.335661206800364e23
2.279330350852998e23
2.223865278035334e23
2.1692960719428815e23
2.1156532603876573e23
2.062967818923191e23
2.0112711741160905e23
1.9605952065565072e23
1.9109722535996603e23
1.862435111830696e23
1.8150170392454344e23
1.7687517571394294e23
1.723673451698099e23
1.6798167752806547e23
1.6372168473906105e23
1.5959092553261455e23
1.555930054503301e23
1.5173157684452872e23
1.480103388431508e23
1.4443303727998015e23
1.4100346458956565e23
1.3772545966624377e23
1.3460290768665217e23
1.316397398951889e23
1.2883993335184352e23
1.2620751064186947e23
1.2374653954678426e23
1.2146113267620782e23
1.1935544706004242e23
1.1743368370056522e23
1.1570008708398623e23
1.141589446510569e23
1.1281458622634621e23
1.1167138340582231e23
1.1073374890238467e23
1.1000613584904152e23
1.0949303705941915e23
1.0919898424534839e23
1.0912854719128405e23
1.0928633288531629e23
1.0967698460660157e23
1.1030518096903669e23
1.1117563492102798e23
1.1229309270126148e23
1.1366233275034759e23
1.1528816457832906e23
1.1717542758798083e23
1.1932898985391007e23
1.217537468574951e23
1.2445462017768864e23
1.2743655613779435e23
1.3070452440830542e23
1.3426351656595627e23
1.3811854460917165e23
1.4227463943006254e23
1.4673684924326948e23
1.515102379718488e23
1.5659988359053238e23
1.6201087642665876e23
1.6774831741913505e23
1.7381731633580247e23
1.802229899496413e23
1.86970460174196e23
1.9406485215877573e23
2.0151129234386148e23
2.0931490647729042e23
2.174808175917674e23
2.2601414394429772e23
2.3491999691818122e23
2.442034788881703e23
2.5386968104955197e23
2.6392368121180702e23
2.7437054155761e23
2.8521530636794716e23
2.9646299971414817e23
3.081186231176624e23
3.201871531784618e23
3.326735391728967e23
3.4558270062200995e23
3.589195248311867e23
3.7268886440214364e23
3.8689553471824084e23
4.015443114041641e23
4.1663992776101235e23
4.321870721778983e23
4.4819038552110934e23
4.64654458502041e23
4.815838290250014e23
4.9898297951608824e23
5.168563342343387e23
5.352082565663863e23
5.540430463058678e23
5.733649369188879e23
5.931780927967523e23
6.13486606497404e23
6.342944959768111e23
6.556057018117024e23
6.774240844150174e23
6.99753421245475e23
7.225974040126667e23
7.459596358791367e23
7.698436286608165e23
7.942528000273984e23
8.191904707040309e23
8.446598616758801e23
8.706640913970402e23
8.97206173005347e23
9.24289011544587e23
9.519154011957164e23
9.800880225185284e23
1.0088094397054833e24
1.0380820978491677e24
1.067908320225013e24
1.0982903055908559e24
1.1292301255049312e24
1.1607297216639521e24
1.192790903262763e24
1.2254153443773435e24
1.2586045813726517e24
1.2923600103369844e24
1.3266828845444494e24
1.361574311947189e24
1.3970352526989513e24
1.4330665167116838e24
1.4696687612466322e24
1.506842488541736e24
1.5445880434767881e24
1.5829056112780239e24
1.621795215263713e24
1.6612567146323634e24
1.701289802295072e24
1.7418940027537045e24
1.7830686700262664e24
1.8248129856212422e24
1.8671259565622833e24
1.9100064134648293e24
1.9534530086661648e24
1.9974642144104068e24
2.0420383210898924e24
2.08717343554449e24
2.1328674794201318e24
2.1791181875881815e24
2.2259231066269217e24
2.2732795933665713e24
2.3211848134992158e24
2.3696357402549773e24
2.418629153145736e24
2.468161636777766e24
2.518229579734389e24
2.568829173530096e24
2.61995641163721e24
2.6716070885863143e24
2.7237767991416344e24
2.776460937552449e24
2.829654696881718e24
2.883353068412828e24
2.937550841135712e24
2.9922426013131745e24
3.0474227321284427e24
3.103085413414917e24
3.159224621468949e24
3.215834128946555e24
3.2729075048449387e24
3.3304381145694203e24
3.388419120086803e24
3.4468434801656535e24
3.5057039507042847e24
3.564993085147025e24
3.6247032349894147e24
3.6848265503728034e24
3.745354980768969e24
3.806280275755042e24
3.867593985879375e24
3.9292874636185867e24
3.991351864426142e24
4.0537781478727886e24
4.1165570788790776e24
4.179679229040149e24
4.243134978042994e24
4.306914515176188e24
4.371007840932278e24
4.435404768702773e24
4.5000949265657183e24
4.5650677591657323e24
4.630312529686449e24
4.6958183219151195e24
4.7615740423992283e24
4.8275684226946907e24
4.893790021705515e24
4.960227228114421e24
5.026868262904005e24
5.093701181968028e24
5.160713878812279e24
5.227894087344424e24
5.295229384752315e24
5.362707194469915e24
5.430314789230326e24
5.498039294205037e24
5.565867690228592e24
5.633786817107831e24
5.701783377014794e24
5.769843937962375e24
5.837954937361541e24
5.906102685659347e24
5.974273370056392e24
6.042453058302697e24
6.110627702570784e24
6.178783143404684e24
6.246905113743631e24
6.314979243019107e24
6.382991061323755e24
6.450926003650932e24
6.518769414203232e24
6.586506550768619e24
6.654122589162511e24
6.721602627734316e24
6.788931691936635e24
6.856094738955691e24
6.923076662400932e24
6.989862297052384e24
7.056436423663758e24
7.122783773819482e24
7.188889034843856e24
7.254736854760404e24
7.320311847299368e24
7.38559859695158e24
7.450581664066408e24
7.515245589991991e24
7.57957490225553e24
7.643554119781561e24
7.707167758146046e24
7.770400334864161e24
7.83323637470951e24
7.8956604150626e24
7.957657011286229e24
8.019210742125629e24
8.080306215130961e24
8.140928072099882e24
8.201060994537776e24
8.260689709133361e24
8.31979899324726e24
8.37837368041099e24
8.436398665834188e24
8.493858911917413e24
8.550739453768191e24
8.607025404717759e24
8.662701961836087e24
8.717754411442621e24
8.772168134610324e24
8.825928612660363e24
8.879021432645092e24
8.931432292816677e24
8.983147008078888e24
9.034151515419518e24
9.084431879320852e24
9.133974297145726e24
9.182765104496596e24
9.23079078054502e24
9.278037953329168e24
9.324493405016705e24
9.370144077130584e24
9.41497707573524e24
9.458979676580658e24
9.502139330201818e24
9.544443666971137e24
9.585880502101206e24
9.626437840595672e24
9.666103882145593e24
9.704867025968943e24
9.742715875590847e24
9.779639243562175e24
9.815626156114134e24
9.8506658577465e24
9.88474781574718e24
9.917861724640843e24
9.94999751056434e24
9.981145335566669e24
1.0011295601831278e25
1.004043895581856e25
1.0068566292326396e25
1.0095668758466545e25
1.0121737757554997e25
1.0146764952914022e25
1.017074227158408e25
1.0193661907943572e25
1.0215516327234468e25
1.0236298268991986e25
1.0256000750376455e25
1.0274617069405542e25
1.0292140808085108e25
1.0308565835436976e25
1.0323886310421933e25
1.033809668475635e25
1.0351191705620867e25
1.0363166418259577e25
1.0374016168468282e25
1.0383736604970354e25
1.0392323681678894e25
1.0399773659843773e25
1.0406083110082386e25
1.0411248914292869e25
1.0415268267448595e25
1.041813867927293e25
1.041985797579308e25
1.0420424300772236e25
1.0419836117018844e25
1.0418092207572383e25
1.041519167676465e25
1.0411133951155908e25
1.0405918780345196e25
1.039954623765416e25
1.0392016720683782e25
1.0383330951743713e25
1.0373489978153466e25
1.0362495172415388e25
1.0350348232258868e25
1.0337051180555734e25
1.0322606365106487e25
1.030701645829733e25
1.029028445662796e25
1.0272413680110118e25
1.0253407771536937e25
1.023327069562324e25
1.0212006738017074e25
1.0189620504182624e25
1.0166116918154984e25
1.0141501221167032e25
1.011577897014904e25
1.0088956036101475e25
1.006103860234151e25
1.0032033162624113e25
1.000194651913823e25
9.970785780379018e24
9.938558358896864e24
9.905271968924194e24
9.870934623881072e24
9.83555463376052e24
9.799140602394836e24
9.7617014246039e24
9.723246283226927e24
9.683784646038712e24
9.643326262551995e24
9.60188116070707e24
9.559459643450395e24
9.516072285203607e24
9.47172992822443e24
9.426443678861417e24
9.380224903703901e24
9.333085225629211e24
9.285036519748739e24
9.236090909254904e24
9.186260761170862e24
9.13555868200489e24
9.083997513311632e24
9.031590327162056e24
8.978350421524521e24
8.924291315558859e24
8.869426744825958e24
8.813770656414779e24
8.757337203989606e24
8.700140742759353e24
8.642195824371647e24
8.583517191734149e24
8.524119773765321e24
8.464018680077513e24
8.403229195594573e24
8.341766775106818e24
8.279647037765949e24
8.216885761522375e24
8.153498877507938e24
8.089502464366437e24
8.024912742535003e24
7.959746068478813e24
7.894018928882103e24
7.827747934798326e24
7.760949815762155e24
7.693641413866326e24
7.625839677806033e24
7.557561656894082e24
7.488824495049291e24
7.419645424761528e24
7.350041761035784e24
7.280030895318944e24
7.209630289411383e24
7.138857469367115e24
7.067730019384923e24
6.996265575693713e24
6.924481820435088e24
6.852396475545907e24
6.780027296644036e24
6.707392066920163e24
6.634508591038655e24
6.561394689050392e24
6.488068190320558e24
6.41454692747446e24
6.340848730363999e24
6.266991420058124e24
6.192992802859697e24
6.118870664352264e24
6.04464276347892e24
5.970326826656695e24
5.895940541928951e24
5.821501553158709e24
5.747027454265762e24
5.672535783510138e24
5.5980440178248e24
5.523569567200284e24
5.449129769123841e24
5.374741883075711e24
5.300423085085288e24
5.226190462349551e24
5.15206100791639e24
5.078051615435236e24
5.004179073977594e24
4.930460062929689e24
4.856911146959635e24
4.783548771061566e24
4.71038925567883e24
4.6374487919085213e24
4.5647434367896225e24
4.492289108676587e24
4.4201015827009004e24
4.34819648632207e24
4.276589294970488e24
4.205295327783714e24
4.134329743438288e24
4.063707536078672e24
3.9934435313451355e24
3.9235523825022014e24
3.854048566669387e24
3.7849463811555826e24
3.716259939898664e24
3.648003170011797e24
3.5801898084376596e24
3.5128333987119553e24
3.445947287837441e24
3.3795446232694617e24
3.3136383500144127e24
3.2482412078417025e24
3.183365728610498e24
3.119024233711958e24
3.055228831627819e24
2.991991415606019e24
2.9293236614540433e24
2.8672370254505e24
2.805742742375641e24
2.7448518236609775e24
2.684575055658542e24
2.624922998030052e24
2.565905982256133e24
2.507534110265849e24
2.449817253186384e24
2.3927650502132218e24
2.336386907600356e24
2.2806919977706e24
2.2256892585457185e24
2.1713873924960195e24
2.1177948664090883e24
2.0649199108771629e24
2.012770520002553e24
1.9613544512207346e24
1.9106792252401038e24
1.8607521260978756e24
1.8115802013312353e24
1.763170262262809e24
1.7155288843995237e24
1.668662407943812e24
1.6225769384159438e24
1.577278347386571e24
1.5327722733178712e24
1.4890641225122479e24
1.4461590701670667e24
1.4040620615340314e24
1.362777813181612e24
1.3223108143590382e24
1.282665328460013e24
1.2438453945847606e24
1.205854829198264e24
1.1686972278830763e24
1.1323759671847804e24
1.096894206548064e24
1.0622548903414905e24
1.0284607499688165e24
9.955143060647156e23
9.634178707729212e23
9.321735501042297e23
9.017832463723759e23
8.72248660705264e23
8.435712956293036e23
8.157524577242827e23
7.887932603464759e23
7.626946264172385e23
7.374572912748418e23
7.130818055866657e23
6.895685383192129e23
6.669176797633832e23
6.451292446120821e23
6.242030750876674e23
6.041388441161702e23
5.8493605854587666e23
5.665940624070022e23
5.4911204020994216e23
5.3248902027907714e23
5.167238781191936e23
5.018153398117426e23
4.8776198543781054e23
4.745622525249953e23
4.6221443951516356e23
4.507167092500685e23
4.400670924719177e23
4.3026349133575126e23
4.213036829308353e23
4.131853228077879e23
4.05905948508718e23
3.9946298309702036e23
3.9385373868423956e23
3.8907541995052115e23
3.851251276560227e23
3.819998621401342e23
3.796965268054489e23
3.7821193158372314e23
3.7754279638061784e23
3.776857544964958e23
3.786373560202006e23
3.803940711930216e23
3.829522937398393e23
3.8630834416473326e23
3.904584730081656e23
3.953988640628364e23
4.0112563754570166e23
4.076348532230382e23
4.1492251348631534e23
4.2298456637573745e23
4.318169085491756e23
4.41415388193792e23
4.517758078776893e23
4.6289392733935806e23
4.74765466212114e23
4.873861066815509e23
5.007514960731772e23
5.148572493683907e23
5.2969895164614936e23
5.4527216044843356e23
5.615724080672661e23
5.785952037510675e23
5.963360358286287e23
6.147903737484245e23
6.339536700316855e23
6.538213621370572e23
6.74388874235485e23
6.956516188932205e23
7.176049986616745e23
7.402444075724062e23
7.635652325356421e23
7.8756285464131e23
8.122326503607439e23
8.375699926483114e23
8.635702519413541e23
8.902287970576549e23
9.175409959893109e23
9.455022165919283e23
9.74107827168596e23
1.0033531969475045e24
1.0332336964528886e24
1.0637446977682952e24
1.0948815746920805e24
1.1266397027842671e24
1.1590144593047849e24
1.1920012230426695e24
1.2255953740358992e24
1.2597922931821984e24
1.2945873617402723e24
1.3299759607221234e24
1.3659534701761062e24
1.4025152683614678e24
1.439656730814323e24
1.4773732293058342e24
1.5156601306930033e24
1.554512795662607e24
1.593926577369296e24
1.6338968199682658e24
1.6744188570438677e24
1.7154880099346727e24
1.757099585956484e24
1.7992488765242745e24
1.8419311551742087e24
1.8851416754874502e24
1.9288756689167224e24
1.9731283425176594e24
2.017894876586054e24
2.0631704222032059e24
2.108950098690667e24
2.1552289909766537e24
2.20200214687594e24
2.249264574285073e24
2.297011238295473e24
2.345237058226096e24
2.393936904578477e24
2.4431055959159823e24
2.4927378956702465e24
2.542828508876786e24
2.593372078842816e24
2.644363183749756e24
2.6957963331929924e24
2.747665964662144e24
2.799966439964175e24
2.8526920415928475e24
2.905836969047006e24
2.959395335101186e24
3.013361162031541e24
3.0677283778000957e24
3.1224908122010285e24
3.1776421929717667e24
3.233176141872835e24
3.289086170739315e24
3.34536567750795e24
3.4020079422229195e24
3.459006123024251e24
3.516353252122358e24
3.574042231762168e24
3.6320658301810045e24
3.6904166775634044e24
3.749087261997261e24
3.808069925434467e24
3.8673568596605707e24
3.926940102276676e24
3.986811532698005e24
4.0469628681728575e24
4.1073856598256984e24
4.1680712887288596e24
4.2290109620062287e24
4.2901957089735315e24
4.3516163773186675e24
4.4132636293265206e24
4.475127938152185e24
4.537199584146352e24
4.5994686512374453e24
4.661925023373861e24
4.724558381031055e24
4.787358197786771e24
4.850313736969156e24
4.913414048381029e24
4.976647965104891e24
5.040004100392378e24
5.10347084464191e24
5.167036362468979e24
5.230688589872324e24
5.294415231500508e24
5.358203758022091e24
5.422041403603853e24
5.485915163500148e24
5.549811791757721e24
5.613717799039318e24
5.677619450569673e24
5.741502764207855e24
5.805353508648906e24
5.869157201758943e24
5.932899109046456e24
5.996564242273705e24
6.060137358211352e24
6.123602957539257e24
6.186945283897272e24
6.250148323088364e24
6.313195802437819e24
6.376071190310867e24
6.438757695792175e24
6.501238268529445e24
6.563495598744296e24
6.625512117412971e24
6.687269996619034e24
6.748751150081228e24
6.809937233858077e24
6.870809647232287e24
6.931349533776366e24
6.991537782602307e24
7.051355029796616e24
7.110781660043103e24
7.169797808435086e24
7.228383362478315e24
7.286517964286954e24
7.344181012973164e24
7.40135166723256e24
7.458008848125969e24
7.514131242059203e24
7.569697303961702e24
7.624685260664631e24
7.679073114479797e24
7.732838646979458e24
7.78595942297811e24
7.838412794716061e24
7.89017590624584e24
7.941225698020785e24
7.991538911686576e24
8.041092095075299e24
8.089861607401629e24
8.137823624661465e24
8.184954145231692e24
8.23122899567132e24
8.276623836722551e24
8.321114169511585e24
8.364675341947543e24
8.407282555318983e24
8.44891087108638e24
8.489535217869291e24
8.529130398626867e24
8.567671098029719e24
8.60513189002189e24
8.641487245570396e24
8.676711540600924e24
8.710779064117147e24
8.743664026501382e24
8.775340567994481e24
8.80578276735183e24
8.834964650673559e24
8.862860200405253e24
8.889443364507142e24
8.914688065787903e24
8.938568211400362e24
8.961057702495869e24
8.982130444033289e24
9.001760354739898e24
9.019921377219662e24
9.036587488205887e24
9.051732708953586e24
9.065331115768226e24
9.077356850665928e24
9.087784132161714e24
9.096587266180777e24
9.103740657088356e24
9.109218818834102e24
9.11299638620549e24
9.115048126186253e24
9.115348949414182e24
9.113873921733797e24
9.11059827583877e24
9.10549742299836e24
9.098546964863298e24
9.089722705345096e24
9.079000662563806e24
9.0663570808582e24
9.051768442853212e24
9.03521148157828e24
9.016663192631585e24
8.996100846383611e24
8.973502000214268e24
8.948844510777864e24
8.922106546289303e24
8.893266598825913e24
8.862303496638159e24
8.82919641646336e24
8.793924895835985e24
8.756468845387974e24
8.71680856113297e24
8.674924736727614e24
8.630798475703876e24
8.584411303665336e24
8.535745180441272e24
8.484782512191811e24
8.431506163457358e24
8.375899469145857e24
8.317946246451085e24
8.257630806695339e24
8.194937967089824e24
8.129853062405874e24
8.062361956550622e24
7.992451054039987e24
7.920107311362538e24
7.845318248227576e24
7.768071958690485e24
7.688357122148801e24
7.606163014202379e24
7.521479517371034e24
7.434297131662824e24
7.344606984986748e24
7.252400843402739e24
7.157671121203369e24
7.060410890819658e24
6.960613892545403e24
6.858274544073369e24
6.75338794983687e24
6.645949910150769e24
6.535956930145422e24
6.423406228487456e24
6.308295745881675e24
6.19062415334747e24
6.07039086026424e24
5.947596022179884e24
5.822240548376564e24
5.694326109188042e24
5.563855143062917e24
5.430830863368694e24
5.295257264930634e24
5.15713913030056e24
5.016482035750297e24
4.873292356984627e24
4.72757727456881e24
4.579344779065904e24
4.4286036758787494e24
4.2753635897928434e24
4.1196349692145696e24
3.9614290901011565e24
3.800758059577854e24
3.6376348192382626e24
3.4720731481238595e24
3.3040876653789276e24
3.1336938325769276e24
2.960907955715527e24
2.7857471868758654e24
2.6082295255436085e24
2.428373819588373e24
2.2461997658986733e24
2.0617279106695926e24
1.874979649340625e24
1.6859772261809475e24
1.4947437335205993e24
1.301303110624429e24
1.105680142207598e24
9.079004565906509e23
7.079905234924671e23
5.059776514597951e23
3.0188998493208328e23
9.575650094022563e22
-1.1239299456079333e23
-3.225278707272798e23
-5.34616676229815e23
-7.486271440246572e23
-9.64526196493535e23
-1.1822799509519151e24
-1.4018537255254683e24
-1.623212045394592e24
-1.8463186494057034e24
-2.071136497049507e24
-2.297627775804602e24
-2.525753908845435e24
-2.7554755631134047e24
-2.986752657749333e24
-3.219544372886104e24
-3.453809158798628e24
-3.689504745410126e24
-3.926588152151751e24
-4.1650156981732307e24
-4.404743012901984e24
-4.645725046947692e24
-4.887916083349443e24
-5.131269749162333e24
-5.375739027379425e24
-5.621276269186623e24
-5.867833206545643e24
-6.115360965101756e24
-6.363810077411798e24
-6.613130496488395e24
-6.86327160965565e24
-7.114182252712109e24
-7.365810724395227e24
-7.618104801143391e24
-7.871011752149675e24
-8.124478354702005e24
-8.37845090980448e24
-8.632875258073784e24
-8.88769679590524e24
-9.142860491902316e24
-9.398310903562999e24
-9.653992194217659e24
-9.90984815021098e24
-1.0165822198321933e25
-1.0421857423414677e25
-1.0677896586313743e25
-1.0933882141896123e25
-1.11897562573937e25
-1.1445460830897558e25
-1.1700937510058055e25
-1.1956127710972207e25
-1.221097263725084e25
-1.246541329925795e25
-1.2719390533513857e25
-1.2972845022254969e25
-1.3225717313140533e25
-1.347794783909981e25
-1.3729476938310118e25
-1.3980244874297656e25
-1.4230191856152735e25
-1.4479258058850363e25
-1.4727383643667896e25
-1.4974508778690804e25
-1.5220573659397282e25
-1.5465518529313427e25
-1.5709283700729599e25
-1.59518095754688e25
-1.6193036665698162e25
-1.6432905614774231e25
-1.6671357218112814e25
-1.6908332444074354e25
-1.714377245485489e25
-1.7377618627374076e25
-1.7609812574150334e25
-1.7840296164153765e25
-1.806901154362782e25
-1.8295901156869622e25
-1.8520907766960174e25
-1.8743974476434688e25
-1.8965044747883324e25
-1.918406242447348e25
-1.940097175038384e25
-1.961571739114081e25
-1.9828244453847985e25
-2.0038498507299224e25
-2.0246425601966143e25
-2.045197228985072e25
-2.0655085644193337e25
-2.0855713279027733e25
-2.1053803368573223e25
-2.1249304666455197e25
-2.144216652474496e25
-2.1632338912809662e25
-2.1819772435963974e25
-2.200441835391386e25
-2.2186228598984413e25
-2.2365155794122868e25
-2.254115327066798e25
-2.271417508587768e25
-2.288417604020628e25
-2.305111169432318e25
-2.321493838586499e25
-2.3375613245912526e25
-2.3533094215185397e25
-2.3687340059945996e25
-2.383831038760521e25
-2.3985965662022492e25
-2.4130267218492607e25
-2.427117727841219e25
-2.440865896361851e25
-2.454267631039374e25
-2.467319428312787e25
-2.480017878763369e25
-2.4923596684106985e25
-2.5043415799726027e25
-2.515960494088391e25
-2.5272133905047692e25
-2.538097349223896e25
-2.548609551612933e25
-2.558747281474636e25
-2.5685079260783864e25
-2.577888977151193e25
-2.586888031828156e25
-2.5955027935619366e25
-2.6037310729907555e25
-2.6115707887645295e25
-2.619019968328689e25
-2.6260767486653167e25
-2.632739376991251e25
-2.639006211412745e25
-2.644875721536436e25
-2.6503464890362542e25
-2.655417208176006e25
-2.6600866862874154e25
-2.6643538442032767e25
-2.6682177166456387e25
-2.671677452568701e25
-2.6747323154563357e25
-2.6773816835740282e25
-2.6796250501751557e25
-2.6814620236614676e25
-2.6828923276976785e25
-2.6839158012801686e25
-2.684532398759685e25
-2.684742189818103e25
-2.684545359399184e25
-2.683942207593445e25
-2.682933149477117e25
-2.6815187149053527e25
-2.6796995482597188e25
-2.677476408150131e25
-2.674850167071409e25
-2.6718218110145638e25
-2.668392439033077e25
-2.664563262764339e25
-2.6603356059065376e25
-2.65571090365123e25
-2.6506907020718753e25
-2.645276657468705e25
-2.639470535670169e25
-2.6332742112914157e25
-2.6266896669500685e25
-2.619718992439836e25
-2.612364383862232e25
-2.604628142716978e25
-2.596512674951462e25
-2.588020489969769e25
-2.5791541996018256e25
-2.569916517033112e25
-2.560310255695563e25
-2.550338328120161e25
-2.5400037447518766e25
-2.5293096127274723e25
-2.5182591346169122e25
-2.5068556071289137e25
-2.4951024197813335e25
-2.483003053537161e25
-2.470561079406632e25
-2.4577801570163954e25
-2.444664033146259e25
-2.43121654023445e25
-2.41744159485201e25
-2.4033431961471707e25
-2.388925424260544e25
-2.374192438711832e25
-2.3591484767590126e25
-2.3437978517307134e25
-2.3281449513327403e25
-2.3121942359295383e25
-2.295950236801543e25
-2.2794175543792365e25
-2.262600856454861e25
-2.2455048763727155e25
-2.2281344111988957e25
-2.210494319871514e25
-2.1925895213322024e25
-2.1744249926400364e25
-2.156005767068644e25
-2.1373369321876446e25
-2.1184236279292783e25
-2.0992710446412387e25
-2.0798844211267717e25
-2.060269042672908e25
-2.0404302390679557e25
-2.020373382609173e25
-2.0001038861016937e25
-1.9796272008496704e25
-1.958948814640665e25
-1.938074249724361e25
-1.917009060786513e25
-1.895758832919285e25
-1.8743291795888431e25
-1.852725740601431e25
-1.8309541800687218e25
-1.8090201843736717e25
-1.786929460137744e25
-1.7646877321906086e25
-1.7423007415433254e25
-1.719774243365953e25
-1.6971140049706872e25
-1.674325803801458e25
-1.6514154254310306e25
-1.628388661566541e25
-1.605251308064538e25
-1.5820091629564297e25
-1.558668024485332e25
-1.5352336891553116e25
-1.5117119497939256e25
-1.4881085936290578e25
-1.4644294003808996e25
-1.4406801403701216e25
-1.41686657264304e25
-1.3929944431147142e25
-1.3690694827309258e25
-1.3450974056497763e25
-1.3210839074439611e25
-1.2970346633243584e25
-1.2729553263859567e25
-1.2488515258767935e25
-1.224728865490836e25
-1.2005929216855023e25
-1.1764492420246345e25
-1.152303343547699e25
-1.1281607111659253e25
-1.1040267960861366e25
-1.079907014262933e25
-1.0558067448799842e25
-1.0317313288610261e25
-1.0076860674112844e25
-9.836762205899027e24
-9.597070059139812e24
-9.357835969949154e24
-9.119111222074423e24
-8.880946633921059e24
-8.643392545915431e24
-8.406498808211994e24
-8.170314768748787e24
-7.934889261656326e24
-7.70027059602426e24
-7.466506545029928e24
-7.23364433543275e24
-7.001730637437994e24
-6.770811554933921e24
-6.54093261610476e24
-6.312138764423527e24
-6.084474350026264e24
-5.857983121471331e24
-5.632708217885489e24
-5.40869216149846e24
-5.18597685056875e24
-4.964603552701105e24
-4.74461289855795e24
-4.526044875964952e24
-4.3089388244120664e24
-4.093333429950646e24
-3.879266720486207e24
-3.666776061467851e24
-3.455898151973225e24
-3.246669021189351e24
-3.039124025287795e24
-2.8332978446940663e24
-2.6292244817490613e24
-2.426937258762093e24
-2.22646881645299e24
-2.0278511127815422e24
-1.8311154221623353e24
-1.6362923350620386e24
-1.4434117579768866e24
-1.2525029137870617e24
-1.0635943424848999e24
-8.767139022737523e23
-6.918887710332364e23
-5.0914544814763066e23
-3.285097566927142e23
-1.5000684597718879e23
2.6338805566362263e22
2.0050338714541185e23
3.7246375203181166e23
5.421974136510774e23
7.096825413428663e23
8.748979557978792e23
1.0378231241770847e24
1.1984381549196155e24
1.3567237922453221e24
1.5126614103587249e24
1.6662330073610429e24
1.817421198876778e24
1.9662092114025827e24
2.112580875385066e24
2.2565206180352717e24
2.398013455887264e24
2.5370449871086345e24
2.673601383570957e24
2.807669382687791e24
2.9392362790291554e24
3.068289915720269e24
3.194818675633299e24
3.3188114723806806e24
3.4402577411188433e24
3.5591474291711297e24
3.6754709864791257e24
3.7892193558910534e24
3.900383963297102e24
4.0089567076204493e24
4.114929950673749e24
4.2182965068903657e24
4.3190496329401103e24
4.417183017238951e24
4.5126907693627995e24
4.6055674093744733e24
4.6958078570745416e24
4.78340742118529e24
4.868361788478027e24
4.950667012853726e24
5.030319504386808e24
5.107316018342393e24
5.181653644176837e24
5.253329794531627e24
5.322342194230786e24
5.388688869291893e24
5.452368135960539e24
5.513378589778413e24
5.5717190946951e24
5.62738877223322e24
5.680386990717451e24
5.73071335457644e24
5.778367693728421e24
5.823350053059612e24
5.865660682005301e24
5.905300024243555e24
5.942268707510487e24
5.976567533547464e24
6.008197468188489e24
6.037159631598308e24
6.0634552886693e24
6.087085839587126e24
6.108052810573434e24
6.126357844814755e24
6.142002693586418e24
6.154989207579702e24
6.165319328440934e24
6.172995080530596e24
6.178018562910892e24
6.18039194156919e24
6.180117441885806e24
6.177197341353132e24
6.171633962553798e24
6.163429666405486e24
6.152586845678547e24
6.139107918794438e24
6.122995323910569e24
6.104251513298958e24
6.082878948024203e24
6.05888009292718e24
6.032257411920457e24
6.003013363600447e24
5.971150397182349e24
5.936670948762293e24
5.899577437912434e24
5.859872264612644e24
5.817557806524194e24
5.772636416608848e24
5.725110421097463e24
5.674982117812223e24
5.622253774844862e24
5.566927629595234e24
5.509005888171865e24
5.448490725158168e24
5.385384283745602e24
5.31968867623674e24
5.25140598491929e24
5.180538263312754e24
5.107087537789298e24
5.031055809568889e24
4.952445057090377e24
4.871257238757697e24
4.787494296062388e24
4.701158157081185e24
4.612250740348601e24
4.520773959103942e24
4.4267297259107127e24
4.3301199576482307e24
4.2309465808723394e24
4.1292115375446225e24
4.0249167911263833e24
3.9180643330361716e24
3.8086561894668355e24
3.69669442855932e24
3.5821811679302326e24
3.4651185825482117e24
3.3455089129564813e24
3.223354473835734e24
3.0986576629041784e24
2.971420970148353e24
2.841646987380916e24
2.7093384181187446e24
2.5744980877760306e24
2.437128954166823e24
2.2972341183094363e24
2.1548168355276714e24
2.0098805268404164e24
1.862428790633954e24
1.7124654146084344e24
1.5599943879912804e24
1.4050199140101627e24
1.2475464226160795e24
1.0875785834497798e24
9.251213190411658e23
7.601798182344742e23
5.927595498284703e23
4.228662764238773e23
2.505060684672601e23
7.568531848190798e22
-1.0158924452349418e23
-2.8131054048019608e23
-4.634711235272984e23
-6.4806316713467e23
-8.350784490898888e23
-1.0245083363619597e24
-1.2163437698512605e24
-1.4105752490383973e24
-1.607192816543017e24
-1.806186042603456e24
-2.007544009490779e24
-2.211255295866972e24
-2.4173079611016804e24
-2.625689529557452e24
-2.8363869748577315e24
-3.0493867041491276e24
-3.2646745423701283e24
-3.4822357165404065e24
-3.7020548400815213e24
-3.9241158971839095e24
-4.148402227231117e24
-4.374896509296242e24
-4.603580746721655e24
-4.8344362517968574e24
-5.067443630546774e24
-5.302582767643309e24
-5.539832811454752e24
-5.779172159244483e24
-6.020578442534234e24
-6.264028512643012e24
-6.509498426417306e24
-6.756963432163495e24
-7.006397955797537e24
-7.257775587224484e24
-7.511069066960099e24
-7.766250273009825e24
-8.023290208015556e24
-8.282158986685803e24
-8.542825823519844e24
-8.805259020840518e24
-9.069425957147768e24
-9.335293075804773e24
-9.60282587407111e24
-9.871988892493194e24
-1.0142745704666527e25
-1.0415058907379615e25
-1.0688890111154172e25
-1.0964199931190881e25
-1.1240947978734575e25
-1.1519092852869654e25
-1.179859213275612e25
-1.2079402370319832e25
-1.2361479083405088e25
-1.2644776749403349e25
-1.2929248799365889e25
-1.3214847612613493e25
-1.3501524511850741e25
-1.37892297587973e25
-1.4077912550344422e25
-1.4367521015246098e25
-1.465800221135552e25
-1.4949302123413688e25
-1.5241365661401416e25
-1.5534136659460273e25
-1.582755787539343e25
-1.612157099075264e25
-1.6416116611518596e25
-1.6711134269383987e25
-1.7006562423643383e25
-1.7302338463699653e25
-1.7598398712190208e25
-1.7894678428742143e25
-1.8191111814359017e25
-1.8487632016447014e25
-1.8784171134484562e25
-1.9080660226339027e25
-1.9377029315237527e25
-1.9673207397392306e25
-1.996912245028792e25
-2.0264701441630057e25
-2.0559870338962064e25
-2.085455411994863e25
-2.1148676783331396e25
-2.1442161360556857e25
-2.1734929928077454e25
-2.202690362032884e25
-2.2318002643381167e25
-2.2608146289267628e25
-2.289725295098691e25
-2.3185240138181806e25
-2.3472024493491418e25
-2.375752180957522e25
-2.4041647046809204e25
-2.432431435164893e25
-2.4605437075660397e25
-2.4884927795212005e25
-2.5162698331827765e25
-2.5438659773194927e25
-2.571272249482372e25
-2.5984796182354515e25
-2.6254789854505437e25
-2.6522611886657967e25
-2.6788170035071695e25
-2.705137146172482e25
-2.7312122759770716e25
-2.7570329979606853e25
-2.782589865554506e25
-2.8078733833078512e25
-2.8328740096735434e25
-2.857582159851019e25
-2.8819882086865514e25
-2.9060824936292678e25
-2.9298553177423823e25
-2.9532969527682304e25
-2.976397642246353e25
-2.9991476046834534e25
-3.0215370367739134e25
-3.0435561166700282e25
-3.0651950073004174e25
-3.086443859735698e25
-3.107292816599792e25
-3.127732015525952e25
-3.147751592655748e25
-3.1673416861799994e25
-3.186492439920059e25
-3.2051940069479247e25
-3.223436553243996e25
-3.2412102613905905e25
-3.25850533430007e25
-3.275311998975637e25
-3.2916205103035816e25
-3.30742115487498e25
-3.3227042548355115e25
-3.3374601717615316e25
-3.3516793105607383e25
-3.365352123395788e25
-3.3784691136288837e25
-3.3910208397859184e25
-3.4029979195379584e25
-3.414391033698595e25
-3.4251909302351597e25
-3.4353884282918724e25
-3.4449744222232808e25
-3.4539398856357877e25
-3.4622758754356593e25
-3.4699735358812723e25
-3.477024102637982e25
-3.4834189068333126e25
-3.489149379110778e25
-3.4942070536801744e25
-3.4985835723624148e25
-3.502270688626924e25
-3.505260271619425e25
-3.5075443101783493e25
-3.509114916837561e25
-3.5099643318136124e25
-3.5100849269752417e25
-3.509469209793289e25
-3.5081098272688554e25
-3.5059995698376303e25
-3.5031313752484908e25
-3.499498332414096e25
-3.495093685231695e25
-3.4899108363718194e25
-3.483943351033082e25
-3.477184960660815e25
-3.4696295666277454e25
-3.461271243874512e25
-3.452104244508019e25
-3.442123001355782e25
-3.4313221314740546e25
-3.419696439607976e25
-3.4072409216015456e25
-3.393950767755676e25
-3.3798213661322962e25
-3.3648483058025016e25
-3.349027380037051e25
-3.3323545894371027e25
-3.3148261450035276e25
-3.2964384711427726e25
-3.277188208607538e25
-3.257072217370614e25
-3.23608757942976e25
-3.2142316015422273e25
-3.1915018178869394e25
-3.1678959926528525e25
-3.143412122551626e25
-3.1180484392531503e25
-3.0918034117421574e25
-3.064675748594458e25
-3.036664400171255e25
-3.007768560729894e25
-2.9779876704497677e25
-2.9473214173717617e25
-2.9157697392499716e25
-2.883332825314233e25
-2.8500111179420674e25
-2.815805314239108e25
-2.7807163675262097e25
-2.744745488732499e25
-2.7078941476929064e25
-2.670164074349266e25
-2.6315572598536737e25
-2.592075957573282e25
-2.5517226839953684e25
-2.510500219531829e25
-2.468411609222115e25
-2.42546016333381e25
-2.381649457860035e25
-2.3369833349128284e25
-2.2914659030119328e25
-2.245101537268194e25
-2.19789487946088e25
-2.1498508380087798e25
-2.100974587833913e25
-2.051271570117893e25
-2.0007474919503073e25
-1.949408325868812e25
-1.8972603092905778e25
-1.8443099438348974e25
-1.7905639945366527e25
-1.7360294889505957e25
-1.6807137161462327e25
-1.6246242255933445e25
-1.5677688259381128e25
-1.5101555836698872e25
-1.451792821678822e25
-1.3926891177042084e25
-1.3328533026744201e25
-1.272294458937867e25
-1.2110219183859538e25
-1.1490452604681335e25
-1.086374310099581e25
-1.023019135461933e25
-9.589900456976896e24
-8.942975884988336e24
-8.289525475903685e24
-7.62965940109438e24
-6.963490138808337e24
-6.291132445896613e24
-5.612703328520962e24
-4.928322011850825e24
-4.238109908760467e24
-3.542190587533613e24
-2.8406897385931145e24
-2.1337351402580776e24
-1.421456623546913e24
-7.039860360359446e23
1.8542795213095853e22
7.45994101643477e23
1.478230212097786e24
2.2151115926020767e24
2.956496887025009e24
3.702242958596569e24
4.452204932270998e24
5.206236237917391e24
5.964188654321659e24
6.725912353982203e24
7.491255948684377e24
8.260066535829542e24
9.032189745508621e24
9.80746978829544e24
1.058574950374273e25
1.1366870409561327e25
1.215067275146222e25
1.293699555364145e25
1.372567666988694e25
1.4516552835286363e25
1.5309459718514677e25
1.6104231974679522e25
1.6900703298702566e25
1.769870647921432e25
1.8498073452939906e25
1.929863535955215e25
2.0100222596971855e25
2.0902664877084587e25
2.1705791281859554e25
2.250943031983958e25
2.331340998298085e25
2.4117557803817285e25
2.492170091292527e25
2.5725666096663296e25
2.652927985516198e25
2.733236846053922e25
2.813475801531444e25
2.8936274510997523e25
2.973674388682567e25
3.0535992088623232e25
3.1333845127757974e25
3.2130129140168e25
3.292467044543538e25
3.3717295605874015e25
3.4507831485614357e25
3.5296105309652058e25
3.608194472283705e25
3.6865177848776356e25
3.7645633348624286e25
3.842314047973378e25
3.919752915414288e25
3.996862999686994e25
4.073627440399155e25
4.150029460047712e25
4.226052369775416e25
4.301679575097857e25
4.376894581598322e25
4.451681000588271e25
4.5260225547301285e25
4.599903083620806e25
4.673306549332741e25
4.746217041910243e25
4.8186187848185925e25
4.890496140343476e25
4.961833614938269e25
5.0326158645168065e25
5.10282769968921e25
5.172454090938411e25
5.241480173735086e25
5.309891253588608e25
5.377672811031834e25
5.444810506537366e25
5.511290185363177e25
5.5770978823254965e25
5.642219826496338e25
5.706642445824303e25
5.770352371675968e25
5.833336443296105e25
5.895581712184644e25
5.957075446388489e25
6.017805134706176e25
6.077758490803593e25
6.136923457238869e25
6.195288209394673e25
6.252841159316175e25
6.3095709594529436e25
6.3654665063032085e25
6.4205169439588e25
6.4747116675492525e25
6.528040326583691e25
6.5804928281886684e25
6.632059340241091e25
6.682730294394461e25
6.732496388997382e25
6.781348591902893e25
6.82927814316769e25
6.8762765576398275e25
6.922335627434116e25
6.967447424293905e25
7.011604301838564e25
7.054798897695551e25
7.097024135516314e25
7.138273226875303e25
7.178539673051139e25
7.2178172666897e25
7.256100093347852e25
7.293382532918037e25
7.329659260932652e25
7.364925249748082e25
7.399175769607933e25
7.432406389585122e25
7.464612978402745e25
7.49579170513328e25
7.525939039776317e25
7.555051753714442e25
7.5831269200475764e25
7.610161913805586e25
7.636154412039452e25
7.6611023937911636e25
7.685004139942472e25
7.707858232943116e25
7.729663556418357e25
7.750419294656945e25
7.770124931979413e25
7.78878025198766e25
7.806385336696198e25
7.822940565545843e25
7.838446614300674e25
7.852904453828789e25
7.866315348768097e25
7.87868085607766e25
7.890002823475927e25
7.900283387766564e25
7.909524973053246e25
7.917730288844385e25
7.924902328048965e25
7.931044364865031e25
7.93615995256161e25
7.940252921156076e25
7.943327374987745e25
7.945387690189731e25
7.946438512060105e25
7.946484752334204e25
7.945531586359738e25
7.943584450176085e25
7.940649037499853e25
7.936731296618109e25
7.931837427191442e25
7.925973876968349e25
7.919147338413164e25
7.911364745249262e25
7.902633268919537e25
7.892960314966317e25
7.882353519332529e25
7.870820744586556e25
7.858370076072466e25
7.845009817988284e25
7.830748489394028e25
7.815594820152174e25
7.799557746802495e25
7.782646408373686e25
7.76487014213426e25
7.7462384792847e25
7.7267611405937085e25
7.706448031980511e25
7.685309240046032e25
7.663355027555119e25
7.640595828872381e25
7.6170422453542724e25
7.592705040699617e25
7.567595136261491e25
7.541723606322619e25
7.515101673337203e25
7.48774070314141e25
7.459652200135431e25
7.430847802439422e25
7.401339277026015e25
7.371138514832214e25
7.34025752585281e25
7.308708434218509e25
7.276503473260801e25
7.2436549805667496e25
7.210175393025756e25
7.176077241871429e25
7.141373147720771e25
7.10607581561341e25
7.070198030053649e25
7.033752650057516e25
6.996752604207873e25
6.95921088571963e25
6.921140547518115e25
6.882554697332726e25
6.8434664928085506e25
6.803889136638574e25
6.763835871718609e25
6.7233199763278456e25
6.682354759336999e25
6.640953555446907e25
6.599129720459507e25
6.5568966265840585e25
6.514267657780486e25
6.471256205142332e25
6.427875662321778e25
6.384139420998518e25
6.340060866395254e25
6.295653372841403e25
6.25093029938772e25
6.2059049854733975e25
6.160590746648188e25
6.11500087035121e25
6.069148611748538e25
6.0230471896316765e25
5.976709782378465e25
5.9301495239786875e25
5.88337950012571e25
5.836412744376464e25
5.789262234380966e25
5.741940888183306e25
5.6944615605958075e25
5.646837039647584e25
5.599080043109434e25
5.551203215096097e25
5.503219122747712e25
5.455140252991412e25
5.406979009384729e25
5.358747709041799e25
5.310458579643592e25
5.262123756533507e25
5.213755279899061e25
5.165365092041004e25
5.116965034730587e25
5.0685668466561185e25
5.020182160959289e25
4.971822502862495e25
4.923499287387482e25
4.875223817166141e25
4.827007280344164e25
4.778860748577742e25
4.730795175124237e25
4.682821393026772e25
4.634950113393484e25
4.587191923771443e25
4.5395572866155395e25
4.492056537852637e25
4.4446998855408e25
4.397497408623907e25
4.350459055781423e25
4.303594644373394e25
4.256913859480253e25
4.210426253037566e25
4.164141243065131e25
4.118068112990163e25
4.072216011064329e25
4.026593949873834e25
3.981210805942387e25
3.9360753194260924e25
3.891196093899952e25
3.846581596234945e25
3.802240156565202e25
3.7581799683441812e25
3.7144090884890912e25
3.6709354376126123e25
3.627766800340829e25
3.5849108257163826e25
3.542375027685595e25
3.5001667856685825e25
3.4582933452109133e25
3.416761818715612e25
3.3755791862542534e25
3.334752296455518e25
3.2942878674700637e25
3.2541924880098844e25
3.214472618460931e25
3.17513459206711e25
3.136184616184253e25
3.0976287736022115e25
3.0594730239333107e25
3.0217232050656664e25
2.984385034679092e25
2.9474641118221657e25
2.9109659185482007e25
2.8748958216084626e25
2.839259074200426e25
2.8040608177691473e25
2.7693060838597553e25
2.7349997960187848e25
2.7011467717424826e25
2.667751724469654e25
2.6348192656171327e25
2.6023539066554187e25
2.570360061222445e25
2.538842047273085e25
2.507804089262073e25
2.4772503203582604e25
2.4471847846875245e25
2.4176114396022963e25
2.3885341579750895e25
2.3599567305138597e25
2.3318828680965766e25
2.3043162041227847e25
2.27726029687959e25
2.2507186319196762e25
2.224694624448972e25
2.199191621721376e25
2.174212905438248e25
2.1497616941500317e25
2.1258411456577266e25
2.102454359411598e25
2.0796043789046928e25
2.057294194058866e25
2.035526743600565e25
2.014304917424231e25
1.9936315589406476e25
1.973509467407986e25
1.9539414002429803e25
1.9349300753099676e25
1.9164781731852994e25
1.898588339394801e25
1.8812631866219608e25
1.8645052968844267e25
1.8483172236766073e25
1.8327014940759924e25
1.8176606108110384e25
1.8031970542882337e25
1.7893132845763422e25
1.7760117433454468e25
1.7632948557587632e25
1.7511650323151e25
1.739624670639845e25
1.7286761572224832e25
1.7183218690986017e25
1.7085641754744534e25
1.6994054392921182e25
1.6908480187333947e25
1.6828942686605987e25
1.6755465419924303e25
1.6688071910132087e25
1.6626785686137184e25
1.6571630294620761e25
1.6522629311029341e25
1.6479806349835643e25
1.6443185074052174e25
1.6412789203983894e25
1.6388642525205672e25
1.6370768895751177e25
1.635919225250047e25
1.6353936616754029e25
1.6355026098981618e25
1.6362484902734837e25
1.6376337327713141e25
1.6396607771973284e25
1.642332073327323e25
1.6456500809541747e25
1.6496172698466036e25
1.6542361196189957e25
1.6595091195116331e25
1.6654387680807413e25
1.672027572797824e25
1.6792780495578376e25
1.6871927220957972e25
1.695774121311524e25
1.7050247845022477e25
1.7149472545029252e25
1.725544078734117e25
1.7368178081574416e25
1.7487709961385753e25
1.761406197217948e25
1.7747259657892999e25
1.7887328546863213e25
1.8034294136777296e25
1.8188181878711494e25
1.8349017160262586e25
1.8516825287777435e25
1.8691631467686875e25
1.8873460786950087e25
1.906233819261772e25
1.9258288470521666e25
1.9461336223099948e25
1.9671505846367395e25
1.9888821506041263e25
2.0113307112833972e25
2.03449862969237e25
2.058388238161603e25
2.0830018356209615e25
2.108341684807906e25
2.134410009399068e25
2.161208991066531e25
2.1887407664604284e25
2.217007424119522e25
2.246011001311501e25
2.2757534808046955e25
2.306236787573131e25
2.337462785436809e25
2.3694332736391217e25
2.4021499833635437e25
2.4356145741915415e25
2.469828630504005e25
2.5047936578282353e25
2.5405110791329295e25
2.5769822310732956e25
2.614208360188786e25
2.652190619055906e25
2.6909300623983234e25
2.7304276431571852e25
2.7706842085238224e25
2.81170049593779e25
2.8534771290526268e25
2.8960146136722575e25
2.9393133336606912e25
2.98337354682775e25
3.028195380793831e25
3.0737788288363872e25
3.120123745721082e25
3.1672298435207366e25
3.215096687424708e25
3.263723691542024e25
3.3131101147010126e25
3.3632550562489108e25
3.414157451853977e25
3.4658160693136295e25
3.5182295043717488e25
3.5713961765480006e25
3.625314324982625e25
3.679982004299686e25
3.735397080492272e25
3.7915572268324942e25
3.848459919809683e25
3.906102435100229e25
3.9644818435718615e25
4.0235950073260195e25
4.083438575781253e25
4.14400898180126e25
4.205302437870416e25
4.26731493232027e25
4.330042225610281e25
4.393479846665852e25
4.457623089277077e25
4.522467008561143e25
4.588006417492049e25
4.654235883500267e25
4.72114972514593e25
4.788742008868394e25
4.857006545815685e25
4.925936888756479e25
4.995526329077857e25
5.065767893872208e25
5.136654343115687e25
5.208178166941711e25
5.280331583012152e25
5.3531065339893805e25
5.4264946851118e25
5.500487421875709e25
5.57507584782669e25
5.650250782462643e25
5.726002759251673e25
5.802322023767107e25
5.879198531942766e25
5.956621948450405e25
6.034581645202161e25
6.113066699980666e25
6.192065895198714e25
6.271567716791183e25
6.351560353241234e25
6.432031694743381e25
6.512969332505083e25
6.594360558189233e25
6.676192363499378e25
6.758451439910039e25
6.841124178543344e25
6.924196670194127e25
7.007654705505493e25
7.091483775295875e25
7.175669071039662e25
7.260195485502527e25
7.345047613533423e25
7.430209753013852e25
7.515665905966086e25
7.601399779821754e25
7.687394788851206e25
7.773634055755348e25
7.860100413420171e25
7.946776406835716e25
8.033644295179302e25
8.120686054064018e25
8.207883377953506e25
8.29521768274264e25
8.382670108505205e25
8.470221522408333e25
8.55785252179454e25
8.645543437430722e25
8.733274336924668e25
8.821025028308605e25
8.908775063790191e25
8.996503743669918e25
9.084190120424946e25
9.171813002959264e25
9.259350961018723e25
9.346782329771183e25
9.434085214550228e25
9.521237495762488e25
9.60821683395673e25
9.69500067505399e25
9.781566255738104e25
9.867890609004498e25
9.953950569866641e25
1.003972278121809e26
1.012518369984951e26
1.021030960261795e26
1.0295076592767249e26
1.037946060639807e26
1.0463437419084783e26
1.0546982652637967e26
1.0630071782009856e26
1.0712680142341246e26
1.079478293614674e26
1.0876355240636591e26
1.0957372015172199e26
1.103780810885344e26
1.1117638268234274e26
1.1196837145164327e26
1.127537930475412e26
1.1353239233460022e26
1.1430391347286856e26
1.1506810000104397e26
1.1582469492075416e26
1.16573440781912e26
1.173140797691157e26
1.180463537890649e26
1.1877000455894946e26
1.1948477369578252e26
1.2019040280663659e26
1.2088663357975312e26
1.215732078764796e26
1.2224986782399978e26
1.2291635590882302e26
1.2357241507098376e26
1.2421778879891953e26
1.2485222122498017e26
1.2547545722153532e26
1.2608724249762872e26
1.2668732369614435e26
1.2727544849143687e26
1.278513656873884e26
1.2841482531584194e26
1.2896557873536875e26
1.2950337873033004e26
1.3002797961017984e26
1.3053913730896962e26
1.310366094850042e26
1.3152015562060961e26
1.3198953712195759e26
1.3244451741890461e26
1.3288486206480134e26
1.3331033883621789e26
1.3372071783254312e26
1.341157715754059e26
1.3449527510787686e26
1.3485900609339448e26
1.3520674491437018e26
1.3553827477043084e26
1.3585338177623812e26
1.3615185505884585e26
1.3643348685454152e26
1.3669807260512852e26
1.3694541105359472e26
1.371753043391236e26
1.3738755809139588e26
1.3758198152413926e26
1.3775838752787116e26
1.3791659276178973e26
1.3805641774476902e26
1.3817768694540355e26
1.3828022887106126e26
1.3836387615589175e26
1.3842846564775355e26
1.3847383849400063e26
1.3849984022609042e26
1.3850632084296875e26
1.384931348931804e26
1.3846014155566522e26
1.3840720471919217e26
1.3833419306039244e26
1.3824098012034143e26
1.381274443796505e26
1.3799346933202811e26
1.378389435562633e26
1.3766376078659471e26
1.3746781998142146e26
1.3725102539032067e26
1.3701328661932389e26
1.367545186944257e26
1.3647464212327347e26
1.3617358295501307e26
1.3585127283824572e26
1.3550764907706359e26
1.3514265468513162e26
1.3475623843777648e26
1.3434835492205434e26
1.3391896458476095e26
1.3346803377835823e26
1.3299553480478045e26
1.3250144595709416e26
1.3198575155898472e26
1.3144844200203749e26
1.3088951378079062e26
1.3030896952552902e26
1.2970681803280575e26
1.290830742936521e26
1.2843775951946417e26
1.27770901165543e26
1.2708253295226441e26
1.2637269488386247e26
1.2564143326480552e26
1.2488880071375154e26
1.2411485617506227e26
1.2331966492786433e26
1.225032985926421e26
1.2166583513535133e26
1.2080735886904037e26
1.199279604529693e26
1.1902773688921683e26
1.1810679151677352e26
1.1716523400310343e26
1.162031803331778e26
1.1522075279597427e26
1.1421807996843669e26
1.1319529669689596e26
1.1215254407595056e26
1.1108996942480728e26
1.1000772626108463e26
1.0890597427208148e26
1.077848792835165e26
1.0664461322574276e26
1.0548535409744501e26
1.0430728592682863e26
1.0311059873030879e26
1.0189548846870725e26
1.006621570009796e26
9.941081203547164e25
9.814166707872867e25
9.685494138187146e25
9.555085988455425e25
9.42296531565247e25
9.289155733680304e25
9.153681407050281e25
9.016567044331368e25
8.877837891366967e25
8.737519724262687e25
8.595638842147526e25
8.452222059711238e25
8.307296699520545e25
8.160890584116644e25
8.013032027898382e25
7.86374982879218e25
7.713073259713528e25
7.561032059822562e25
7.407656425577478e25
7.252977001589044e25
7.09702487128007e25
6.939831547353421e25
6.781428962072411e25
6.6218494573575805e25
6.461125774703814e25
6.299291044921912e25
6.136378777708866e25
5.9724228510511346e25
5.807457500465359e25
5.641517308080452e25
5.474637191567117e25
5.306852392917392e25
5.138198467080497e25
4.968711270459159e25
4.798426949271409e25
4.6273819277827665e25
4.455612896413862e25
4.283156799728604e25
4.1100508243079885e25
3.936332386514812e25
3.7620391201545446e25
3.5872088640377357e25
3.411879649449282e25
3.236089687530016e25
3.0598773565763087e25
2.883281189262413e25
2.706339859792866e25
2.5290921709884147e25
2.3515770413126703e25
2.173833491844632e25
1.9959006332028314e25
1.8178176524269331e25
1.6396237998225182e25
1.461358375774905e25
1.283060717537798e25
1.1047701860026398e25
9.265261524545319e24
7.483679853205306e24
5.703350369163467e24
3.924666301972421e24
2.1480204551855817e24
3.7380507413243804e23
-1.3975882860981038e24
-3.1657688923918484e24
-4.930346965008162e24
-6.690933808584777e24
-8.447141942689161e24
-1.0198585231859227e25
-1.1944879015074538e25
-1.3685640234601016e25
-1.542048756415169e25
-1.7149041536305544e25
-1.88709246691287e25
-2.0585761591941443e25
-2.229317917017447e25
-2.3992806629258076e25
-2.5684275677495957e25
-2.73672206278528e25
-2.9041278518622727e25
-3.0706089232909273e25
-3.2361295616870545e25
-3.400654359667622e25
-3.564148229412379e25
-3.726576414086482e25
-3.887904499118875e25
-4.04809842333173e25
-4.207124489915719e25
-4.364949377246667e25
-4.52154014953864e25
-4.6768642673288125e25
-4.830889597789738e25
-4.983584424864223e25
-5.1349174592192585e25
-5.284857848012918e25
-5.433375184472347e25
-5.580439517277068e25
-5.7260213597441465e25
-5.870091698811411e25
-6.012622003814726e25
-6.153584235055871e25
-6.292950852157061e25
-6.430694822199077e25
-6.566789627639416e25
-6.701209274007035e25
-6.833928297371013e25
-6.964921771579628e25
-7.0941653152672965e25
-7.221635098626664e25
-7.3473078499422644e25
-7.471160861884787e25
-7.593171997562306e25
-7.713319696326438e25
-7.831582979331614e25
-7.947941454845217e25
-8.06237532330642e25
-8.174865382132469e25
-8.28539303027036e25
-8.393940272492664e25
-8.500489723435756e25
-8.60502461137963e25
-8.707528781768054e25
-8.80798670046772e25
-8.906383456766077e25
-9.002704766107118e25
-9.096936972563755e25
-9.189067051047365e25
-9.279082609253673e25
-9.366971889345053e25
-9.452723769368644e25
-9.536327764411237e25
-9.617774027490548e25
-9.69705335018365e25
-9.774157162992518e25
-9.849077535448154e25
-9.921807175953322e25
-9.99233943136545e25
-1.0060668286319985e26
-1.0126788362296237e26
-1.0190694916426565e26
-1.0252383840050415e26
-1.0311851657014518e26
-1.0369095521721715e26
-1.042411321692977e26
-1.047690315130167e26
-1.0527464356710545e26
-1.0575796485300866e26
-1.062189980630785e26
-1.0665775202638527e26
-1.0707424167216229e26
-1.0746848799091836e26
-1.0784051799323779e26
-1.0819036466630756e26
-1.0851806692819737e26
-1.0882366957991879e26
-1.0910722325531122e26
-1.093687843687691e26
-1.0960841506086595e26
-1.0982618314189267e26
-1.1002216203336145e26
-1.1019643070750496e26
-1.1034907362481622e26
-1.1048018066965999e26
-1.105898470840082e26
-1.1067817339933555e26
-1.1074526536671348e26
-1.1079123388515733e26
-1.1081619492826153e26
-1.108202694691756e26
-1.1080358340395783e26
-1.1076626747336393e26
-1.1070845718311694e26
-1.1063029272269257e26
-1.105319188826918e26
-1.1041348497083285e26
-1.1027514472662307e26
-1.101170562347513e26
-1.0993938183726461e26
-1.0974228804457585e26
-1.095259454453479e26
-1.0929052861532106e26
-1.09036216025126e26
-1.0876318994714476e26
-1.0847163636146275e26
-1.0816174486097954e26
-1.0783370855572431e26
-1.0748772397643832e26
-1.071239909774666e26
-1.0674271263903261e26
-1.0634409516894218e26
-1.0592834780376622e26
-1.0549568270957386e26
-1.0504631488225943e26
-1.045804620475286e26
-1.0409834456058844e26
-1.0360018530561203e26
-1.0308620959502618e26
-1.0255664506867325e26
-1.0201172159291635e26
-1.0145167115973207e26
-1.0087672778585547e26
-1.0028712741202161e26
-9.968310780237288e25
-9.90649084440784e25
-9.843277044721745e25
-9.778693644499234e25
-9.712765049431417e25
-9.64551579768233e25
-9.576970550038728e25
-9.507154080114112e25
-9.4360912646114e25
-9.363807073649903e25
-9.290326561160897e25
-9.215674855357929e25
-9.139877149286448e25
-9.062958691456845e25
-8.984944776567287e25
-8.905860736319823e25
-8.82573193033553e25
-8.744583737171942e25
-8.662441545448989e25
-8.57933074508696e25
-8.495276718660503e25
-8.410304832874155e25
-8.32444043016255e25
-8.237708820420293e25
-8.150135272864301e25
-8.06174500803403e25
-7.972563189932682e25
-7.882614918312466e25
-7.791925221109008e25
-7.700519047027124e25
-7.608421258282437e25
-7.5156566235007425e25
-7.422249810779956e25
-7.328225380916461e25
-7.233607780799736e25
-7.138421336976873e25
-7.042690249391161e25
-6.946438585296664e25
-6.849690273350554e25
-6.752469097887057e25
-6.654798693373937e25
-6.556702539054642e25
-6.458203953776754e25
-6.359326091010144e25
-6.260091934055731e25
-6.160524291445939e25
-6.060645792539496e25
-5.960478883310901e25
-5.860045822336549e25
-5.759368676977312e25
-5.65846931976009e25
-5.557369424958175e25
-5.456090465370686e25
-5.354653709302785e25
-5.2530802177459055e25
-5.151390841759229e25
-5.04960622005111e25
-4.94774677676211e25
-4.8458327194481285e25
-4.743884037264202e25
-4.641920499347513e25
-4.539961653400162e25
-4.438026824470492e25
-4.336135113931452e25
-4.2343053986562555e25
-4.13255633038918e25
-4.0309063353110775e25
-3.92937361379696e25
-3.8279761403656428e25
-3.7267316638190212e25
-3.6256577075686294e25
-3.5247715701488902e25
-3.424090325913839e25
-3.3236308259160515e25
-3.2234096989644035e25
-3.123443352859401e25
-3.0237479758031224e25
-2.924339537980363e25
-2.825233793309526e25
-2.7264462813593294e25
-2.6279923294290856e25
-2.529887054788342e25
-2.4321453670740763e25
-2.334781970840913e25
-2.2378113682618173e25
-2.141247861974616e25
-2.0451055580719527e25
-1.94939836923027e25
-1.8541400179735464e25
-1.759344040068876e25
-1.6650237880489524e25
-1.5711924348580534e25
-1.477862977616317e25
-1.385048241499206e25
-1.2927608837271326e25
-1.2010133976604395e25
-1.109818116996102e25
-1.0191872200607977e25
-9.291327341962283e24
-8.396665402311213e24
-7.508003770361277e24
-6.625458461562922e24
-5.74914416515605e24
-4.879174291897644e24
-4.0156610224121024e24
-3.158715356120388e24
-2.3084471606873607e24
-1.4649652219472663e24
-6.283772942466992e23
2.012098488419971e23
1.0236903634961312e24
1.8389592843516065e24
2.6469124730022256e24
3.447446566347701e24
4.240458924834231e24
5.025847580649141e24
5.803511185917634e24
6.573348960963501e24
7.335260642677759e24
8.089146433053964e24
8.834906947948203e24
9.572443166108153e24
1.030165637853275e25
1.1022448138209677e25
1.1734720210292207e25
1.24383745227589e25
1.3133313117612901e25
1.3819438102678474e25
1.4496651604036921e25
1.516485571916159e25
1.5823952470797678e25
1.6473843761645154e25
1.7114431329885694e25
1.7745616705611117e25
1.836730116819718e25
1.8979385704678542e25
1.958177096916466e25
2.017435724334789e25
2.0757044398155015e25
2.132973185657929e25
2.1892318557745905e25
2.244470292224977e25
2.2986782818816653e25
2.35184555323219e25
2.403961773321321e25
2.455016544838157e25
2.504999403351332e25
2.553899814696877e25
2.6017071725220486e25
2.6484107959895434e25
2.6939999276448838e25
2.738463731450878e25
2.7817912909928903e25
2.823971607857445e25
2.8649936001879632e25
2.9048461014202102e25
2.943517859200943e25
2.9809975344919296e25
3.017273700862435e25
3.0523348439724064e25
3.0861693612493184e25
3.118765561760264e25
3.1501116662817766e25
3.1801958075697216e25
3.2090060308304445e25
3.2365302943954956e25
3.2627564706010915e25
3.2876723468743343e25
3.3112656270268307e25
3.3335239327571927e25
3.354434805363738e25
3.373985707667628e25
3.392164026147601e25
3.408957073286747e25
3.424352090131876e25
3.438336249065427e25
3.450896656790204e25
3.4620203575271973e25
3.471694336425688e25
3.4799055231858e25
3.486640795892608e25
3.4918869850616482e25
3.495630877894376e25
3.497859222743103e25
3.4985587337839367e25
3.4977160958968626e25
3.495317969751013e25
3.4913509970938263e25
3.485801806242391e25
3.478657017774938e25
3.4699032504204107e25
3.4595271271438763e25
3.4475152814257222e25
3.433854363731625e25
3.4185310481709204e25
3.4015320393406864e25
3.3828440793521555e25
3.362453955036748e25
3.3403485053281194e25
3.3165146288172567e25
3.290939291476557e25
3.2636095345495088e25
3.234512482602255e25
3.2036353517325494e25
3.1709654579328014e25
3.13649022560207e25
3.1001971962034207e25
3.062074037061594e25
3.0221085502966747e25
2.9802886818887965e25
2.936602530869256e25
2.8910383586327364e25
2.8435845983656928e25
2.7942298645857442e25
2.742962962786505e25
2.6897728991825766e25
2.634648890549047e25
2.5775803741499175e25
2.5185570177496347e25
2.457568729701612e25
2.3946056691085644e25
2.3296582560475273e25
2.2627171818542465e25
2.1937734194603345e25
2.122818233777042e25
2.0498431921191426e25
1.9748401746625425e25
1.8978013849290925e25
1.8187193602919597e25
1.7375869824949328e25
1.6543974881789371e25
1.5691444794089766e25
1.4818219341946856e25
1.3924242169975964e25
1.3009460892183035e25
1.2073827196561894e25
1.1117296949355378e25
1.0139830298899977e25
9.141391778990421e24
8.12195041169109e24
7.081479809523399e24
6.01995827695882e24
4.937368911144361e24
3.833699701791994e24
2.708943630158716e24
1.5630987670461967e24
3.961683697498423e23
-7.918390221151282e23
-2.000909491979937e24
-3.2310236529535924e24
-4.482156555790545e24
-5.754277598257093e24
-7.047350435980025e24
-8.361332894834948e24
-9.696176884949798e24
-1.1051828316389407e25
-1.2428227016592063e25
-1.38253066496226e25
-1.5242994637311313e25
-1.668121208234326e25
-1.8139873693367155e25
-1.9618887712184543e25
-2.111815584308515e25
-2.263757318439537e25
-2.4177028162296423e25
-2.5736402466978245e25
-2.7315570991190574e25
-2.89144017712455e25
-3.0532755930538693e25
-3.2170487625639097e25
-3.3827443995011347e25
-3.550346511041963e25
-3.719838393107291e25
-3.891202626056037e25
-4.064421070663525e25
-4.239474864389117e25
-4.416344417938326e25
-4.595009412124586e25
-4.775448795034696e25
-4.957640779503042e25
-5.141562840898434e25
-5.327191715228965e25
-5.514503397566994e25
-5.703473140800455e25
-5.894075454712489e25
-6.086284105394366e25
-6.280072114994133e25
-6.4754117618047265e25
-6.67227458069509e25
-6.870631363886454e25
-7.0704521620772265e25
-7.2717062859185855e25
-7.474362307844035e25
-7.678388064254176e25
-7.883750658059275e25
-8.090416461581958e25
-8.298351119820754e25
-8.507519554077169e25
-8.717885965946e25
-8.929413841672288e25
-9.142065956873819e25
-9.3558043816307e25
-9.570590485943201e25
-9.786384945557004e25
-1.0003147748156994e26
-1.0220838199928869e26
-1.043941493248929e26
-1.0658835910182885e26
-1.0879058437746539e26
-1.1100039168339282e26
-1.1321734111937851e26
-1.1544098644095359e26
-1.176708751506229e26
-1.1990654859269015e26
-1.221475420516579e26
-1.2439338485420613e26
-1.2664360047470836e26
-1.2889770664427546e26
-1.3115521546328762e26
-1.3341563351739091e26
-1.3567846199693577e26
-1.3794319681980959e26
-1.4020932875764152e26
-1.424763435653337e26
-1.4474372211389242e26
-1.4701094052650394e26
-1.4927747031782051e26
-1.5154277853641711e26
-1.5380632791036266e26
-1.5606757699586025e26
-1.5832598032890993e26
-1.6058098857994413e26
-1.6283204871137205e26
-1.6507860413798747e26
-1.6732009489017426e26
-1.695559577798628e26
-1.7178562656916167e26
-1.7400853214161015e26
-1.7622410267599055e26
-1.7843176382262598e26
-1.8063093888210195e26
-1.8282104898633833e26
-1.8500151328195013e26
-1.8717174911581183e26
-1.8933117222276053e26
-1.9147919691536156e26
-1.9361523627565654e26
-1.957387023488206e26
-1.9784900633864208e26
-1.999455588047556e26
-2.0202776986153508e26
-2.0409504937856523e26
-2.061468071826187e26
-2.0818245326103575e26
-2.1020139796643308e26
-2.1220305222264496e26
-2.1418682773181876e26
-2.1615213718256256e26
-2.1809839445906163e26
-2.2002501485106813e26
-2.2193141526468038e26
-2.2381701443380253e26
-2.2568123313220234e26
-2.2752349438607464e26
-2.2934322368700147e26
-2.311398492052256e26
-2.329128020031318e26
-2.34661516248849e26
-2.3638542942986295e26
