2.072097070312513e-14
2.0933065097889076e10
3.451031399584493e11
1.8329034760898657e12
6.172409057496331e12
1.6259863673685635e13
3.673107752883738e13
7.46424536782161e13
1.4029999898071225e14
2.482343153477712e14
4.183192104451428e14
6.770312142517062e14
1.0588469395807929e15
1.6077748813995402e15
2.3790179121100825e15
3.4407623984440315e15
4.876089540822139e15
6.78500421848847e15
9.286576313977504e15
1.2521189189036764e16
1.6652889691520962e16
2.187183378949551e16
2.8396821655328204e16
3.647791575938036e16
4.639913528049793e16
5.84812198992905e16
7.308445581060955e16
9.061155657410862e16
1.1151059121668397e17
1.3627795180835134e17
1.654613525540526e17
1.9966285227838422e17
2.3954189202859632e17
2.8581833938376045e17
3.39275530935013e17
4.007633042935522e17
4.712010108898091e17
5.515805007491947e17
6.429690703672244e17
7.465123647598545e17
8.634372247336636e17
9.950544704052493e17
1.1427616119999945e18
1.3080454789772797e18
1.4924847585623754e18
1.697752434814663e18
1.9256181194275748e18
2.1779502655376827e18
2.456718255918688e18
2.763994357050684e18
3.1019555306858214e18
3.472885094678427e18
3.879174225010464e18
4.3233232911220296e18
4.807943016850995e18
5.335755459495871e18
5.909594799741329e18
6.532407935426127e18
7.207254872388502e18
7.937308905893904e18
8.725856586433953e18
9.576297463983766e18
1.0492143605116252e19
1.1477018877697241e19
1.2534657998222793e19
1.3668905337210905e19
1.4883713478421697e19
1.618314152805465e19
1.7571353170456586e19
1.9052614467269804e19
2.063129139735627e19
2.2311847135249203e19
2.409883906630872e19
2.5996915537191334e19
2.8010812340685107e19
3.014534893441112e19
3.2405424393347654e19
3.479601309659613e19
3.7322160149275116e19
3.9988976540901695e19
4.2801634042097115e19
4.576535984193322e19
4.888543092872159e19
5.216716821753214e19
5.56159304282166e19
5.923710771820076e19
6.3036115074798354e19
6.701838547228809e19
7.118936279948307e19
7.555449456400666e19
8.011922437997255e19
8.488898424624547e19
8.986918662293537e19
9.506521631424784e19
1.004824221662789e20
1.061261085888014e20
1.1200152691054182e20
1.1811386657788994e20
1.244682462074216e20
1.3106970450303774e20
1.3792319104894308e20
1.4503355699009228e20
1.5240554561212537e20
1.600437828331989e20
1.6795276762048777e20
1.7613686234449134e20
1.846002830846168e20
1.9334708989984558e20
2.0238117707859745e20
2.1170626338220635e20
2.2132588229669994e20
2.3124337230784188e20
2.4146186721463655e20
2.5198428649672907e20
2.628133257513347e20
2.739514472155285e20
2.8540087038988953e20
2.9716356277964544e20
3.09241230769592e20
3.216353106491661e20
3.3434695980413977e20
3.4737704809146253e20
3.607261494138222e20
3.743945335105114e20
3.883821579811809e20
4.026886605590341e20
4.173133516499629e20
4.322552071540501e20
4.4751286158575954e20
4.630846015090182e20
4.789683593032324e20
4.951617072761216e20
5.1166185213903766e20
5.284656298602298e20
5.455695009112527e20
5.629695459214514e20
5.80661461755155e20
5.986405580258827e20
6.169017540615285e20
6.354395763341054e20
6.542481563672427e20
6.733212291342019e20
6.926521319587324e20
7.122338039306207e20
7.320587858472881e20
7.521192206922805e20
7.72406854660946e20
7.929130387430474e20
8.136287308714499e20
8.34544498645442e20
8.556505226365968e20
8.769366002844493e20
8.983921503885825e20
9.200062182030356e20
9.417674811382282e20
9.636642550748815e20
9.856845012936511e20
1.0078158340234464e21
1.0300455286106124e21
1.0523605303103681e21
1.0747474637010739e21
1.0971926427210821e21
1.119682081327087e21
1.1422015047720293e21
1.16473636149976e21
1.1872718356527857e21
1.20979286018853e21
1.232284130598659e21
1.2547301192251204e21
1.2771150901656124e21
1.299423114760323e21
1.3216380876508137e21
1.343743743401035e21
1.3657236736695132e21
1.3875613449208133e21
1.4092401166634703e21
1.4307432602006313e21
1.4520539778787272e21
1.473155422818568e21
1.4940307191123264e21
1.5146629824689605e21
1.5350353412896897e21
1.555130958154284e21
1.574933051697943e21
1.5944249188577515e21
1.613589957466716e21
1.632411689172617e21
1.6508737826579661e21
1.6689600771365916e21
1.6866546061014938e21
1.703941621297835e21
1.7208056168941245e21
1.7372313538238813e21
1.7532038842693137e21
1.7687085762578193e21
1.7837311383413874e21
1.798257644328313e21
1.8122745580359642e21
1.8257687580327042e21
1.8387275623364588e21
1.8511387530368414e21
1.862990600807199e21
1.8742718892723987e21
1.8849719391977e21
1.8950806324635988e21
1.9045884357910816e21
1.9134864241813595e21
1.9217663040337645e21
1.9294204359052003e21
1.936441856874222e21
1.942824302472588e21
1.9485622281469263e21
1.9536508302129438e21
1.958086066264541e21
1.9618646750000364e21
1.9649841954277213e21
1.96744298541289e21
1.9692402395286062e21
1.970376006172457e21
1.970851203911761e21
1.9706676370197835e21
1.9698280101657914e21
1.968335942221985e21
1.966195979150701e21
1.9634136059355718e21
1.959995257520795e21
1.9559483287230297e21
1.9512811830810216e21
1.9460031606084917e21
1.9401245844165147e21
1.9336567661721525e21
1.92661201036088e21
1.9190036173209713e21
1.9108458850188824e21
1.9021541095354236e21
1.8929445842334216e21
1.8832345975784661e21
1.8730424295853185e21
1.8623873468635677e21
1.8512895962371357e21
1.83977039691342e21
1.8278519311789075e21
1.8155573335993722e21
1.8029106787039385e21
1.7899369671336224e21
1.7766621102362426e21
1.763112913090987e21
1.749317055947301e21
1.7353030740642407e21
1.7211003359378646e21
1.7067390199058326e21
1.6922500891198664e21
1.6776652648783814e21
1.6630169983131918e21
1.6483384404258946e21
1.6336634104711765e21
1.6190263626861146e21
1.604462351366177e21
1.590006994290563e21
1.5756964345011972e21
1.5615673004416615e21
1.5476566644641222e21
1.53400199971427e21
1.520641135406168e21
1.5076122105008318e21
1.494953625804372e21
1.48270399450341e21
1.4709020911575682e21
1.459586799170737e21
1.4487970567648953e21
1.4385718014822593e21
1.4289499132435542e21
1.4199701559922453e21
1.4116711179566137e21
1.4040911505635656e21
1.3972683060401548e21
1.3912402737407837e21
1.38604431524012e21
1.38171719823377e21
1.3782951292907904e21
1.3758136855040958e21
1.3743077450868672e21
1.3738114169649842e21
1.3743579694175326e21
1.3759797578193437e21
1.378708151541459e21
1.382573460067328e21
1.3876048583844042e21
1.3938303117126738e21
1.401276499633455e21
1.4099687396836122e21
1.4199309104820577e21
1.4311853744571618e21
1.4437529002453526e21
1.4576525848328227e21
1.4729017755138733e21
1.4895159917409615e21
1.5075088469430297e21
1.5268919703901433e21
1.547674929183879e21
1.5698651504542372e21
1.5934678438451717e21
1.6184859243720404e21
1.644919935735484e21
1.6727679741773304e21
1.7020256129652102e21
1.7326858275935127e21
1.7647389217892755e21
1.7981724544124233e21
1.832971167340566e21
1.8691169144292683e21
1.9065885916393568e21
1.9453620684233423e21
1.9854101204635814e21
2.026702363855152e21
2.0692051908267475e21
2.112881707093177e21
2.1576916709331307e21
2.2035914340860528e21
2.2505338845618236e21
2.298468391456977e21
2.347340751870879e21
2.397093140015101e21
2.447664058608787e21
2.4989882926523943e21
2.550996865671612e21
2.603616998522637e21
2.656772070849199e21
2.710381585280964e21
2.764361134461943e21
2.8186223709965716e21
2.873072980399928e21
2.9276166571374517e21
2.9821530838380613e21
3.036577913763328e21
3.090782756613687e21
3.144655167751221e21
3.198078640916707e21
3.2509326045169236e21
3.3030924215562923e21
3.3544293932848723e21
3.4048107666327963e21
3.4540997454988386e21
3.5021555059587673e21
3.5488332154565527e21
3.593984056039214e21
3.637455251693381e21
3.679090099839174e21
3.7187280070340803e21
3.7562045289368576e21
3.791351414578451e21
3.8239966549840285e21
3.853964536187028e21
3.88107569667312e21
3.905147189288518e21
3.925992547644015e21
3.9434218570424197e21
3.957241829953923e21
3.967255886060007e21
3.973264236883243e21
3.975063975016336e21
3.9724491679602206e21
3.9652109565770376e21
3.953137658160064e21
3.9360148741185727e21
3.91362560227177e21
3.885750353741673e21
3.8521672744309626e21
3.812652271067328e21
3.7669791417920127e21
3.714919711265609e21
3.6562439702602496e21
3.5907202197026326e21
3.518115219128309e21
3.4381943395030155e21
3.3507217203624516e21
3.2554604312176634e21
3.152172637168347e21
3.040619768662354e21
2.9205626953347246e21
2.791761903855522e21
2.653977679710791e21
2.5069702928368554e21
2.3505001870232901e21
2.1843281729957292e21
2.0082156250848722e21
1.8219246813838364e21
1.6252184472912805e21
1.4178612023335505e21
1.1996186101543563e21
9.70257931556494e20
7.295482404752599e20
4.772606427595208e20
2.131684976313856e20
-6.295235830802337e19
-3.513233846642137e20
-6.521631085671177e20
-9.656868938668625e20
-1.2921067083562693e21
-1.6316308891738854e21
-1.9844639065440644e21
-2.350806126015666e21
-2.7308535693634217e21
-3.1247976743206943e21
-3.532825053315158e21
-3.955117251382974e21
-4.3918505034397946e21
-4.843195491090782e21
-5.309317099164714e21
-5.790374172160197e21
-6.286519270795103e21
-6.79789842885335e21
-7.324650910525423e21
-7.866908968442119e21
-8.424797602602906e21
-8.998434320403408e21
-9.58792889796767e21
-1.0193383142994202e22
-1.0814890659325504e22
-1.1452536613453387e22
-1.2106397503173601e22
-1.277654092860532e22
-1.3463025365791541e22
-1.4165899943098265e22
-1.488520422063139e22
-1.5620967972890567e22
-1.637321097488072e22
-1.714194279190153e22
-1.7927162573236583e22
-1.8728858849963384e22
-1.9547009337105565e22
-2.03815807403486e22
-2.1232528567540034e22
-2.2099796945194617e22
-2.2983318440224e22
-2.3883013887109852e22
-2.4798792220738236e22
-2.573055031511182e22
-2.6678172828155024e22
-2.7641532052825275e22
-2.8620487774742654e22
-2.961488713654699e22
-3.062456450919046e22
-3.1649341370370007e22
-3.2689026190303243e22
-3.3743414325045946e22
-3.4812287917550004e22
-3.589541580665339e22
-3.6992553444193956e22
-3.810344282043262e22
-3.922781239797041e22
-4.036537705433661e22
-4.151583803342464e22
-4.267888290594508e22
-4.385418553906336e22
-4.5041406075381995e22
-4.624019092142541e22
-4.745017274577804e22
-4.86709704870229e22
-4.9902189371620745e22
-5.11434209418655e22
-5.239424309404599e22
-5.36542201269371e22
-5.49229028007382e22
-5.619982840656997e22
-5.748452084663478e22
-5.87764907251385e22
-6.007523545006577e22
-6.138023934589254e22
-6.269097377731441e22
-6.400689728405979e22
-6.532745572685248e22
-6.665208244457739e22
-6.798019842269877e22
-6.931121247296918e22
-7.064452142446384e22
-7.197951032596201e22
-7.331555265969301e22
-7.465201056645356e22
-7.598823508209748e22
-7.732356638538624e22
-7.865733405718527e22
-7.998885735097775e22
-8.131744547466258e22
-8.264239788359104e22
-8.396300458479107e22
-8.527854645231604e22
-8.658829555364876e22
-8.789151548707956e22
-8.91874617299709e22
-9.047538199780913e22
-9.175451661393767e22
-9.302409888985331e22
-9.428335551594176e22
-9.553150696251552e22
-9.676776789101168e22
-9.799134757519415e22
-9.920145033219884e22
-1.0039727596324858e23
-1.0157802020385721e23
-1.0274287518333132e23
-1.0389102989337011e23
-1.0502167066555445e23
-1.0613398165750665e23
-1.0722714534749364e23
-1.083003430372378e23
-1.0935275536268944e23
-1.1038356281250777e23
-1.1139194625398664e23
-1.1237708746615446e23
-1.1333816967976735e23
-1.1427437812390748e23
-1.151849005788896e23
-1.1606892793517056e23
-1.1692565475794848e23
-1.1775427985713038e23
-1.1855400686233941e23
-1.1932404480262445e23
-1.2006360869052823e23
-1.2077192011016288e23
-1.2144820780893256e23
-1.2209170829253908e23
-1.2270166642289678e23
-1.2327733601857891e23
-1.238179804574077e23
-1.2432287328079845e23
-1.247912987994592e23
-1.2522255270004164e23
-1.2561594265233586e23
-1.259707889165927e23
-1.262864249505562e23
-1.2656219801578065e23
-1.2679746978280417e23
-1.269916169347454e23
-1.27144031768887e23
-1.272541227958044e23
-1.2732131533559638e23
-1.2734505211076931e23
-1.2732479383532556e23
-1.272600197996027e23
-1.2715022845040891e23
-1.2699493796599642e23
-1.2679368682541595e23
-1.2654603437178978e23
-1.2625156136904468e23
-1.2590987055164049e23
-1.2552058716683404e23
-1.2508335950901412e23
-1.2459785944564725e23
-1.2406378293437199e23
-1.2348085053078059e23
-1.2284880788642935e23
-1.2216742623662094e23
-1.2143650287750171e23
-1.206558616320207e23
-1.1982535330430111e23
-1.1894485612197507e23
-1.1801427616603944e23
-1.1703354778778944e23
-1.1600263401239684e23
-1.1492152692869863e23
-1.1379024806477077e23
-1.1260884874886353e23
-1.1137741045528345e23
-1.1009604513481109e23
-1.0876489552925074e23
-1.073841354697131e23
-1.059539701582425e23
-1.0447463643240408e23
-1.0294640301245538e23
-1.0136957073073585e23
-9.974447274291246e22
-9.807147472073475e22
-9.635097502595444e22
-9.458340486508009e22
-9.276922842464138e22
-9.090894298665496e22
-8.9003079023986e22
-8.705220027531768e22
-8.505690379944395e22
-8.301782000862268e22
-8.093561268072663e22
-7.881097894995084e22
-7.664464927584024e22
-7.443738739042053e22
-7.218999022322101e22
-6.99032878039992e22
-6.75781431429809e22
-6.521545208845321e22
-6.281614316155351e22
-6.0381177368117326e22
-5.79115479874575e22
-5.540828033796663e22
-5.287243151944654e22
-5.030509013208294e22
-4.770737597200336e22
-4.508043970336336e22
-4.242546250693332e22
-3.97436557051623e22
-3.7036260363721087e22
-3.4304546869533592e22
-3.154981448533275e22
-2.8773390880782644e22
-2.597663164023506e22
-2.3160919747194966e22
-2.03276650455985e22
-1.7478303678012143e22
-1.4614297500888487e22
-1.173713347702179e22
-8.848323045374212e21
-5.949401468451051e21
-3.041927157428244e21
-1.2748097524473843e20
2.79233448209999e21
5.715895625796374e21
8.641558635750126e21
1.1567660243100713e22
1.4492518533423637e22
1.7414433770300458e22
2.0331689238914467e22
2.3242552109321427e22
2.6145274319017926e22
2.9038093474422275e22
3.19192337708601e22
3.4786906930631756e22
3.763931315872483e22
4.047464211571256e22
4.32910739073692e22
4.608678009051222e22
4.88599246945709e22
5.160866525835752e22
5.433115388150961e22
5.7025538290050776e22
5.968996291550792e22
6.232256998700114e22
6.492150063571476e22
6.748489601113896e22
7.001089840846201e22
7.249765240647371e22
7.494330601533286e22
7.734601183353483e22
7.970392821340648e22
8.201522043443784e22
8.427806188375357e22
8.649063524301211e22
8.865113368101217e22
9.07577620512715e22
9.280873809383605e22
9.480229364056734e22
9.673667582314246e22
9.861014828299975e22
1.004209923824448e23
1.0216750841613234e23
1.0384801682212489e23
1.0546085939172878e23
1.0700440047729252e23
1.0847702819715627e23
1.0987715563692622e23
1.1120322204625137e23
1.1245369403026643e23
1.136270667348686e23
1.1472186502498625e23
1.1573664465500008e23
1.1666999343046815e23
1.1752053236031189e23
1.1828691679861092e23
1.1896783757516289e23
1.1956202211395357e23
1.2006823553869373e23
1.2048528176457083e23
1.2081200457537324e23
1.21047288685141e23
1.2119006078350226e23
1.2123929056385718e23
1.2119399173357913e23
1.2105322300539907e23
1.2081608906915352e23
1.2048174154307488e23
1.2004937990381718e23
1.1951825239440787e23
1.188876569093329e23
1.1815694185596345e23
1.1732550699155005e23
1.1639280423500865e23
1.1535833845274286e23
1.1422166821775141e23
1.1298240654128653e23
1.1164022157633454e23
1.101948372922078e23
1.0864603411954742e23
1.0699364956505441e23
1.0523757879527344e23
1.0337777518877615e23
1.014142508561018e23
9.934707712683444e22
9.717638500320269e22
9.490236557961939e22
9.252527042758e22
9.00454119453768e22
8.746316367208298e22
8.477896056529805e22
8.199329924215547e22
7.910673818312256e22
7.611989789813228e22
7.303346105461922e22
6.984817256704655e22
6.656483964754163e22
6.318433181726788e22
5.9707580878197596e22
5.613558084496319e22
5.246938783650194e22
4.8710119927214995e22
4.485895695740512e22
4.091714030277066e22
3.6885972602769688e22
3.2766817447680435e22
2.856109902422226e22
2.427030171962965e22
1.989596968408403e22
1.543970635145409e22
1.0903173918307601e22
6.288092781201274e21
1.5962409322648625e21
-3.170546686859338e21
-8.010378872642043e21
-1.2921308888739705e22
-1.7901335236382672e22
-2.294840246590017e22
-2.8060402029188847e22
-3.3235173172888035e22
-3.847050387201364e22
-4.376413180375467e22
-4.911374536111901e22
-5.451698470607694e22
-5.997144286183145e22
-6.5474666843803625e22
-7.102415882890172e22
-7.661737736259993e22
-8.225173860334267e22
-8.792461760374042e22
-9.363334962801039e22
-9.937523150506939e22
-1.051475230166781e23
-1.1094744831998692e23
-1.1677219740382068e23
-1.2261892757799377e23
-1.2848476499494341e23
-1.3436680620291486e23
-1.4026211972992561e23
-1.461677476976892e23
-1.5208070746467556e23
-1.5799799329743335e23
-1.6391657806929504e23
-1.6983341498553804e23
-1.757454393340748e23
-1.816495702606967e23
-1.875427125678874e23
-1.9342175853618473e23
-1.992835897670612e23
-2.0512507904626027e23
-2.109430922264967e23
-2.1673449012842855e23
-2.2249613045876352e23
-2.2822486974435978e23
-2.3391756528114203e23
-2.3957107709665973e23
-2.451822699250684e23
-2.507480151933186e23
-2.5626519301729966e23
-2.617306942066893e23
-2.6714142227722822e23
-2.7249429546913022e23
-2.777862487703172e23
-2.830142359431691e23
-2.8817523155344706e23
-2.9326623300005352e23
-2.982842625442595e23
-3.032263693370483e23
-3.080896314431857e23
-3.128711578606398e23
-3.175680905339476e23
-3.2217760636013456e23
-3.266969191857787e23
-3.311232817938028e23
-3.354539878785784e23
-3.396863740079241e23
-3.438178215705718e23
-3.4784575870767714e23
-3.51767662226945e23
-3.555810594979506e23
-3.59283530327228e23
-3.6287270881170466e23
-3.663462851690627e23
-3.697020075436149e23
-3.729376837862844e23
-3.760511832072857e23
-3.7904043830010825e23
-3.819034464354225e23
-3.846382715235213e23
-3.8724304564393655e23
-3.8971597064086694e23
-3.920553196830794e23
-3.9425943878695015e23
-3.9632674830132644e23
-3.982557443529122e23
-4.000450002508893e23
-4.016931678495111e23
-4.0319897886741006e23
-4.0456124616240094e23
-4.057788649605652e23
-4.068508140384237e23
-4.077761568570399e23
-4.085540426469076e23
-4.091837074425054e23
-4.096644750654248e23
-4.099957580550039e23
-4.101770585454308e23
-4.102079690883043e23
-4.100881734196636e23
-4.098174471705423e23
-4.093956585201216e23
-4.0882276879059064e23
-4.080988329828586e23
-4.072240002522925e23
-4.061985143236915e23
-4.050227138447412e23
-4.036970326772333e23
-4.0222200012535365e23
-4.005982411004128e23
-3.988264762213951e23
-3.9690752185076714e23
-3.948422900650068e23
-3.926317885593748e23
-3.902771204864696e23
-3.8777948422816906e23
-3.8514017310057714e23
-3.823605749916748e23
-3.794421719313756e23
-3.763865395937656e23
-3.7319534673132394e23
-3.6987035454098474e23
-3.6641341596193505e23
-3.628264749050995e23
-3.5911156541428354e23
-3.552708107590364e23
-3.513064224592963e23
-3.472206992419581e23
-3.430160259295347e23
-3.3869487226114286e23
-3.342597916460803e23
-3.2971341985031565e23
-3.250584736162668e23
-3.202977492162668e23
-3.1543412094020546e23
-3.104705395178424e23
-3.0541003047636036e23
-3.002556924337703e23
-2.950106953288236e23
-2.89678278588141e23
-2.842617492313176e23
-2.7876447991479368e23
-2.7318990691536316e23
-2.6754152805420426e23
-2.618229005623847e23
-2.5603763888883606e23
-2.5018941245183797e23
-2.4428194333509935e23
-2.3831900392957956e23
-2.3230441452220855e23
-2.2624204083276022e23
-2.2013579150012873e23
-2.1398961551933226e23
-2.0780749963060054e23
-2.0159346566195172e23
-1.9535156782670055e23
-1.890858899773935e23
-1.8280054281768442e23
-1.764996610737404e23
-1.7018740062677474e23
-1.638679356083613e23
-1.5754545546021644e23
-1.5122416196017573e23
-1.4490826621612873e23
-1.3860198562970522e23
-1.323095408315579e23
-1.2603515259008733e23
-1.1978303869553716e23
-1.1355741082136976e23
-1.073624713648959e23
-1.0120241026915033e23
-9.508140182803344e22
-8.900360147676956e22
-8.297314256976255e22
-7.699413314793701e22
-7.107065269770824e22
-6.520674890371673e22
-5.940643439750026e22
-5.367368350429698e22
-4.801242899018412e22
-4.24265588117819e22
-3.6919912870768164e22
-3.1496279775452286e22
-2.6159393611693557e22
-2.0912930725437213e22
-1.5760506519166254e22
-1.0705672264573585e22
-5.751911933763826e21
-9.026390513031357e20
3.838806430561975e21
8.469161231184344e21
1.2985241812982626e22
1.7383947422748006e22
2.1662263100480514e22
2.581726265342239e22
2.9846111592976394e22
3.3746070032192746e22
3.7514495541522932e22
4.114884596054045e22
4.4646682163353366e22
4.800567077542612e22
5.122358683956127e22
5.429831642879495e22
5.722785920398458e22
6.001033091388163e22
6.264396583550667e22
6.512711915266083e22
6.745826927044203e22
6.963602006364574e22
7.165910305696863e22
7.352637953495785e22
7.523684257967837e22
7.678961903410438e22
7.818397138927231e22
7.941929959327112e22
8.049514278017825e22
8.141118091709214e22
8.216723636744686e22
8.276327536884084e22
8.319940942365024e22
8.347589660074504e22
8.359314274666727e22
8.355170260468357e22
8.33522808401683e22
8.299573297082391e22
8.248306620029932e22
8.181544015381772e22
8.099416751447763e22
8.002071455895051e22
7.889670159135092e22
7.762390327411488e22
7.620424885478286e22
7.463982228763712e22
7.293286224921604e22
7.1085762046779225e22
6.9101069418868345e22
6.698148622716941e22
6.472986803895011e22
6.234922359941144e22
5.984271419336048e22
5.7213652895683916e22
5.446550371015829e22
5.160188059622506e22
4.8626546383407706e22
4.554341157313525e22
4.235653302779944e22
3.9070112546954035e22
3.568849533063124e22
3.2216168329834893e22
2.865775848432554e22
2.5018030847917453e22
2.130188660155633e22
1.7514360954535851e22
1.3660620934288966e22
9.74596306526068e21
5.775810937451155e21
1.755712665296929e21
-2.3086617623777593e21
-6.411523240503653e21
-1.0546966413115988e22
-1.4708972644932319e22
-1.889141309810164e22
-2.308805191299626e22
-2.729254949183384e22
-3.1498465883847576e22
-3.569926427063035e22
-3.988831455022897e22
-4.405889701844948e22
-4.82042061457987e22
-5.231735444838004e22
-5.639137645100629e22
-6.041923274070473e22
-6.439381410872926e22
-6.8307945779098366e22
-7.215439172164238e22
-7.592585904742392e22
-7.961500248436945e22
-8.321442893084754e22
-8.671670208488057e22
-9.011434714659314e22
-9.339985559145037e22
-9.656569001174716e22
-9.960428902378543e22
-1.0250807223805923e23
-1.0526944528975793e23
-1.0788080492679799e23
-1.103345441525542e23
-1.1262305742039412e23
-1.1473874587707047e23
-1.1667402265195795e23
-1.1842131818907666e23
-1.1997308561879603e23
-1.2132180616604724e23
-1.2245999459183501e23
-1.2338020466478587e23
-1.240750346594366e23
-1.2453713287789964e23
-1.2475920319152487e23
-1.2473401059911296e23
-1.2445438679823406e23
-1.2391323576611404e23
-1.2310353934657128e23
-1.2201836283941799e23
-1.2065086058873481e23
-1.189942815663716e23
-1.170419749470314e23
-1.1478739567124425e23
-1.1222410999254329e23
-1.0934580100510393e23
-1.0614627414811316e23
-1.026194626831299e23
-9.875943314064111e22
-9.456039073206146e22
-9.001668472337573e22
-8.512281376665272e22
-7.987343118561316e22
-7.4263350211479754e22
-6.828754916530055e22
-6.194117658297658e22
-5.521955627919495e22
-4.811819234650674e22
-4.063277408578081e22
-3.275918086430744e22
-2.4493486897796036e22
-1.583196595257905e22
-6.771095964318985e21
2.6924364304248403e21
1.2561731453430723e22
2.2839671838438186e22
3.3528918582750865e22
4.463190680033632e22
5.615084167995638e22
6.808769455176768e22
8.044419906583323e22
9.322184748589666e22
1.0642188710178251e23
1.2004531676367688e23
1.3409288354153722e23
1.4856507951277961e23
1.6346213868139268e23
1.7878403403152164e23
1.9453047471850367e23
2.107009034003208e23
2.2729449371230494e23
2.443101478879241e23
2.617464945283333e23
2.7960188652339174e23
2.9787439912668948e23
3.16561828187108e23
3.35661688539303e23
3.5517121255548946e23
3.75087348860746e23
3.9540676121404326e23
4.161258275570278e23
4.3724063923260576e23
4.587470003751848e23
4.806404274744075e23
5.029161491140462e23
5.255691058877211e23
5.4859395049290485e23
5.719850480046761e23
5.957364763304621e23
6.198420268470492e23
6.44295205220905e23
6.690892324128432e23
6.942170458678685e23
7.196713008910276e23
7.45444372209892e23
7.715283557242403e23
7.979150704433615e23
8.245960606113203e23
8.51562598020376e23
8.788056845126634e23
9.063160546700708e23
9.340841786922201e23
9.621002654622441e23
9.90354265800003e23
1.0188358759022093e24
1.0475345409688639e24
1.0764394590152356e24
1.1055395848685368e24
1.134823634348268e24
1.1642800886291634e24
1.1938971987854858e24
1.2236629905152755e24
1.2535652690431508e24
1.283591624199983e24
1.3137294356777736e24
1.343965878457839e24
1.374287928410389e24
1.4046823680633615e24
1.435135792538338e24
1.4656346156511738e24
1.496165076174921e24
1.52671324426247e24
1.557265028026212e24
1.587806180271906e24
1.618322305383859e24
1.64879886635836e24
1.679221191982226e24
1.709574484153173e24
1.7398438253386686e24
1.7700141861697522e24
1.8000704331662515e24
1.8299973365896443e24
1.8597795784198146e24
1.889401760451745e24
1.918848412508154e24
1.9481040007639255e24
1.9771529361781583e24
2.005979583029485e24
2.03456826755028e24
2.0629032866552106e24
2.0909689167595924e24
2.1187494226828252e24
2.146229066632175e24
2.1733921172620037e24
2.2002228588035743e24
2.2267056002603635e24
2.2528246846638478e24
2.278564498384541e24
2.3039094804931038e24
2.3288441321662034e24
2.3533530261317592e24
2.377420816148139e24
2.401032246511831e24
2.4241721615880655e24
2.4468255153587295e24
2.468977380982004e24
2.490612960357972e24
2.511717593694509e24
2.532276769067608e24
2.5522761319704164e24
2.5717014948450573e24
2.5905388465914126e24
2.608774362046909e24
2.6263944114314394e24
2.6433855697514157e24
2.6597346261570317e24
2.6754285932467247e24
2.69045471631287e24
2.704800482522711e24
2.7184536300285396e24
2.731402157001113e24
2.7436343305803415e24
2.755138695737274e24
2.7659040840414016e24
2.775919622327345e24
2.785174741254991e24
2.793659183757203e24
2.801363013369202e24
2.8082766224338003e24
2.814390740176664e24
2.8196964406458743e24
2.824185150510049e24
2.827848656709325e24
2.8306791139536486e24
2.8326690520627427e24
2.8338113831422833e24
2.834099408590837e24
2.83352682593216e24
2.8320877354675904e24
2.829776646743285e24
2.826588484827125e24
2.8225185963902583e24
2.8175627555882723e24
2.8117171697370894e24
2.8049784847787953e24
2.7973437905326995e24
2.7888106257269766e24
2.7793769828064354e24
2.769041312511975e24
2.757802528227473e24
2.745660010089877e24
2.732613608858501e24
2.7186636495395353e24
2.703810934761995e24
2.6880567479013575e24
2.6714028559473953e24
2.653851512112725e24
2.6354054581788024e24
2.616067926576184e24
2.5958426421960643e24
2.5747338239301935e24
2.552746185936491e24
2.5298849386276904e24
2.506155789380698e24
2.4815649429643204e24
2.4561191016832697e24
2.4298254652364817e24
2.4026917302879583e24
2.3747260897484955e24
2.3459372317668476e24
2.3163343384289558e24
2.2859270841642157e24
2.2547256338577377e24
2.2227406406678366e24
2.18998324354813e24
2.1564650644738102e24
2.1221982053718158e24
2.0871952447548028e24
2.05146923405906e24
2.0150336936865253e24
1.9779026087514917e24
1.9400904245325423e24
1.901612041630547e24
1.862482810833744e24
1.8227185276910596e24
1.7823354267950331e24
1.7413501757759427e24
1.699779869008754e24
1.6576420210349534e24
1.6149545597012555e24
1.5717358190175208e24
1.5280045317363437e24
1.483779821656961e24
1.4390811956563089e24
1.393928535450302e24
1.348342089088403e24
1.302342462185036e24
1.2559506088912655e24
1.2091878226105538e24
1.1620757264624763e24
1.1146362634985093e24
1.0668916866741383e24
1.018864548581742e24
9.70577690948879e23
9.220542339066709e23
8.733175650333562e23
8.24391328178045e23
7.752994120699635e23
7.260659387186421e23
6.767152516106328e23
6.272719037085052e23
5.777606452580754e23
5.282064114097971e23
4.786343096606924e23
4.290696071230471e23
3.795377176264086e23
3.3006418865951516e23
2.806746881589184e23
2.3139499115119958e23
1.82250966255848e23
1.332685620558383e23
8.447379334334458e22
3.589272724786631e22
-1.2448530745682295e22
-6.052385088130642e22
-1.083070933109616e23
-1.557721223604573e23
-2.0289282087431665e23
-2.4964310463152286e23
-2.9599693682416917e23
-3.419283425906552e23
-3.874114235952796e23
-4.3242037264583265e23
-4.769294883407766e23
-5.209131897375263e23
-5.643460310332956e23
-6.072027162498522e23
-6.494581139136468e23
-6.910872717224604e23
-7.320654311899365e23
-7.723680422591721e23
-8.119707778765763e23
-8.508495485171368e23
-8.889805166522649e23
-9.263401111512808e23
-9.629050416077867e23
-9.98652312581872e23
-1.0335592377493809e24
-1.0676034539493186e24
-1.1007629351205252e24
-1.1330160061187727e24
-1.1643413564054381e24
-1.1947180535989684e24
-1.2241255568803323e24
-1.2525437302438046e24
-1.279952855584292e24
-1.306333645612635e24
-1.3316672565902938e24
-1.3559353008748883e24
-1.3791198592681432e24
-1.4012034931578555e24
-1.4221692564455808e24
-1.442000707251863e24
-1.4606819193907893e24
-1.4781974936059127e24
-1.4945325685595851e24
-1.5096728315678562e24
-1.5236045290732354e24
-1.5363144768477025e24
-1.5477900699184875e24
-1.5580192922092932e24
-1.5669907258896743e24
-1.574693560425535e24
-1.5811176013238017e24
-1.5862532785644426e24
-1.5900916547131966e24
-1.5926244327085538e24
-1.5938439633166188e24
-1.5937432522477016e24
-1.5923159669286734e24
-1.5895564429252605e24
-1.585459690008609e24
-1.5800213978607307e24
-1.5732379414134944e24
-1.565106385816192e24
-1.5556244910267106e24
-1.5447907160216982e24
-1.532604222621248e24
-1.5190648789238542e24
-1.5041732623475746e24
-1.4879306622735995e24
-1.470339082288592e24
-1.4514012420224872e24
-1.4311205785784776e24
-1.4095012475523945e24
-1.386548123638694e24
-1.3622668008206274e24
-1.3366635921423894e24
-1.3097455290612456e24
-1.2815203603779223e24
-1.251996550743782e24
-1.2211832787434614e24
-1.18909043455219e24
-1.1557286171667754e24
-1.1211091312100113e24
-1.0852439833081403e24
-1.048145878041479e24
-1.0098282134684596e24
-9.7030507622366e23
-9.295912361905598e23
-8.877021407502916e23
-8.446539086074512e23
-8.004633231947768e23
-7.551478256584739e23
-7.087255074263228e23
-6.612151023609762e23
-6.126359785010193e23
-5.6300812939291426e23
-5.1235216501673424e23
-4.606893023093409e23
-4.0804135528862346e23
-3.544307247827785e23
-2.998803877688696e23
-2.4441388632514476e23
-1.8805531620179063e23
-1.3082931501532128e23
-7.2761050071573885e22
-1.3876205823035804e22
4.579902903384337e22
1.0623797481531906e23
1.674134744547538e23
2.292979074482689e23
2.918632041349609e23
3.5508086030453234e23
4.189219521254064e23
4.833571513856659e23
5.483567410392562e23
6.138906310495468e23
6.799283745221193e23
7.464391841184775e23
8.133919487422106e23
8.807552504886256e23
9.484973818492258e23
1.0165863631616369e24
1.0849899602957264e24
1.1536757025663695e24
1.2226109008631265e24
1.291762665986916e24
1.3610979271837002e24
1.4305834508646766e24
1.5001858595029028e24
1.569871650695497e24
1.6396072163808337e24
1.7093588621997764e24
1.7790928269899837e24
1.8487753024020636e24
1.9183724526264194e24
1.9878504342191125e24
2.0571754160155397e24
2.1263135991200442e24
2.1952312369598107e24
2.2638946553911685e24
2.3322702728463723e24
2.4003246205089347e24
2.4680243625051383e24
2.5353363160999365e24
2.602227471884724e24
2.668665013944802e24
2.734616339994203e24
2.8000490814654525e24
2.864931123541895e24
2.9292306251202024e24
2.9929160386903727e24
3.055956130121084e24
3.1183199983376727e24
3.1799770948803743e24
3.2408972433303446e24
3.3010506585910155e24
3.360407966012365e24
3.4189402203458254e24
3.4766189245172165e24
3.533416048205776e24
3.589304046216811e24
3.644255876635857e24
3.6982450187523143e24
3.751245490740466e24
3.8032318670860323e24
3.854179295746421e24
3.904063515032836e24
3.952860870202838e24
4.000548329751739e24
4.0471035013914596e24
4.092504647705687e24
4.1367307014702106e24
4.179761280627508e24
4.221576702904843e24
4.262158000065131e24
4.301486931780343e24
4.3395459991170193e24
4.376318457623876e24
4.4117883300116476e24
4.445940418415432e24
4.4787603162301854e24
4.510234419509896e24
4.5403499379216515e24
4.5690949052456434e24
4.5964581894125576e24
4.62242950207007e24
4.646999407670314e24
4.670159332070502e24
4.691901570639218e24
4.712219295860887e24
4.7311065644315946e24
4.748558323839405e24
4.764570418422707e24
4.7791395949004204e24
4.7922635073681804e24
4.8039407217548946e24
4.814170719734426e24
4.8229539020873465e24
4.8302915915081473e24
4.83618603485361e24
4.840640404828185e24
4.843658801102807e24
4.845246250863664e24
4.84540870878798e24
4.844153056444061e24
4.841487101113199e24
4.837419574031567e24
4.8319601280502247e24
4.8251193347121195e24
4.8169086807449603e24
4.807340563969432e24
4.79642828862246e24
4.784186060095664e24
4.77062897908933e24
4.7557730351829686e24
4.7396350998233325e24
4.722232918731716e24
4.703585103732285e24
4.683711124003762e24
4.6626312967571095e24
4.640366777342246e24
4.616939548787082e24
4.5923724107727673e24
4.5666889680490635e24
4.539913618294498e24
4.512071539426012e24
4.4831886763633464e24
4.453291727253731e24
4.422408129162733e24
4.390566043237645e24
4.35779433934994e24
4.324122580223881e24
4.289581005058475e24
4.25420051265062e24
4.21801264402737e24
4.1810495645957287e24
4.1433440458186314e24
4.104929446426249e24
4.0658396931718886e24
4.0261092611423196e24
3.985773153632344e24
3.944866881594209e24
3.9034264426723274e24
3.861488299834355e24
3.81908935960986e24
3.776266949948172e24
3.7330587977072496e24
3.6895030057857726e24
3.645638029910722e24
3.6015026550933737e24
3.5571359717664776e24
3.5125773516159725e24
3.467866423120639e24
3.423043046813473e24
3.3781472902787256e24
3.3332194028988033e24
3.288299790365512e24
3.2434289889701574e24
3.198647639687528e24
3.153996462068694e24
3.1095162279579047e24
3.065247735049035e24
3.021231780297169e24
2.9775091332010955e24
2.934120508972721e24
2.891106541609323e24
2.848507756885074e24
2.8063645452780547e24
2.764717134849286e24
2.7236055640903624e24
2.6830696547563973e24
2.6431489847010404e24
2.6038828607305116e24
2.565310291493455e24
2.527469960423805e24
2.490400198753589e24
2.454138958612837e24
2.4187237862337185e24
2.3841917952760728e24
2.3505796402915127e24
2.3179234903432872e24
2.286259002799009e24
2.2556212973135024e24
2.2260449300187973e24
2.1975638679383913e24
2.1702114636427925e24
2.1440204301633166e24
2.119022816181024e24
2.0952499815076018e24
2.0727325728749415e24
2.0515005000499365e24
2.03158291229111e24
2.0130081751633524e24
1.995803847727039e24
1.9799966601176072e24
1.965612491531517e24
1.9526763486343526e24
1.941212344406667e24
1.931243677442904e24
1.9227926117186637e24
1.9158804568412316e24
1.9105275487981625e24
1.9067532312184402e24
1.9045758371605046e24
1.9040126714411844e24
1.905079993519322e24
1.9077930009475846e24
1.912165813405712e24
1.9182114573281325e24
1.9259418511385824e24
1.9353677911040817e24
1.9464989378202729e24
1.9593438033398176e24
1.9739097389552247e24
1.9902029236470933e24
2.0082283532084836e24
2.0279898300556796e24
2.0494899537353e24
2.0727301121373244e24
2.0977104734231993e24
2.1244299786778292e24
2.1528863352938372e24
2.1830760110960546e24
2.2149942292138845e24
2.2486349637085998e24
2.2839909359623808e24
2.3210536118353506e24
2.3598131995964815e24
2.4002586486337937e24
2.4423776489488163e24
2.4861566314397776e24
2.5315807689777006e24
2.5786339782788473e24
2.627298922576743e24
2.677557015096382e24
2.729388423332815e24
2.7827720741357984e24
2.837685659601727e24
2.8941056437735253e24
2.95200727014891e24
3.0113645699964144e24
3.072150371478912e24
3.1343363095828625e24
3.197892836851971e24
3.262789234922851e24
3.328993626859737e24
3.396472990285501e24
3.46519317130459e24
3.5351188992143105e24
3.606213801999005e24
3.678440422602589e24
3.75176023597298e24
3.826133666872737e24
3.9015201084489387e24
3.9778779415547997e24
4.055164554815864e24
4.133336365431818e24
4.21234884070596e24
4.2921565202923e24
4.372713039151423e24
4.4539711512041267e24
4.535882753672822e24
4.6183989120993133e24
4.7014698860270666e24
4.7850451553366267e24
4.869073447220741e24
4.953502763787177e24
5.038280410274891e24
5.123353023870401e24
5.208666603109794e24
5.294166537851344e24
5.379797639804296e24
5.465504173597357e24
5.55122988837189e24
5.63691804988243e24
5.722511473088751e24
5.807952555221396e24
5.893183309303906e24
5.978145398113522e24
6.062780168561841e24
6.147028686477578e24
6.23083177177153e24
6.314130033965506e24
6.396863908064588e24
6.478973690753874e24
6.560399576898525e24
6.641081696327415e24
6.720960150879323e24
6.79997505169033e24
6.878066556701913e24
6.955174908367307e24
7.031240471535311e24
7.106203771488617e24
7.18000553211539e24
7.252586714191213e24
7.323888553748716e24
7.393852600512862e24
7.462420756378095e24
7.529535313905318e24
7.595138994814498e24
7.659174988450811e24
7.721586990199782e24
7.782319239828911e24
7.84131655973183e24
7.89852439305124e24
7.953888841657559e24
8.00735670395891e24
8.058875512519419e24
8.108393571461585e24
8.155859993629523e24
8.20122473748888e24
8.244438643740315e24
8.285453471622762e24
8.324221934882699e24
8.360697737386641e24
8.39483560835267e24
8.426591337178809e24
8.455921807844052e24
8.482785032859963e24
8.507140186749686e24
8.528947639031528e24
8.548168986685208e24
8.564767086077862e24
8.578706084328375e24
8.589951450087728e24
8.598470003714166e24
8.604229946821455e24
8.60720089117955e24
8.607353886946782e24
8.604661450212781e24
8.599097589832552e24
8.590637833531097e24
8.57925925325998e24
8.564940489785668e24
8.54766177649173e24
8.527404962375802e24
8.504153534223698e24
8.477892637942937e24
8.448609099038076e24
8.416291442211883e24
8.380929910074996e24
8.342516480948943e24
8.301044885746571e24
8.256510623915238e24
8.208910978428067e24
8.158245029809299e24
8.104513669180265e24
8.047719610313141e24
7.987867400679747e24
7.92496343148367e24
7.859015946664367e24
7.790035050862232e24
7.718032716334656e24
7.643022788813211e24
7.56502099229271e24
7.484044932744278e24
7.4001141007436e24
7.313249873007869e24
7.223475512834194e24
7.130816169433743e24
7.035298876155969e24
6.936952547598211e24
6.835807975596319e24
6.731897824093226e24
6.625256622881948e24
6.51592076022126e24
6.403928474322295e24
6.289319843705167e24
6.172136776425395e24
6.052422998170583e24
5.930224039228202e24
5.805587220326825e24
5.678561637352527e24
5.549198144944069e24
5.417549338970535e24
5.283669537895826e24
5.147614763035325e24
5.009442717710248e24
4.869212765306812e24
4.7269859062466897e24
4.582824753877115e24
4.4367935092890414e24
4.288957935072562e24
4.139385328019543e24
3.988144490784039e24
3.8353057025114386e24
3.680940688449003e24
3.525122588549318e24
3.367925925080666e24
3.209426569257799e24
3.0497017069077627e24
2.888829803185792e24
2.726890566357199e24
2.563964910661302e24
2.4001349182751024e24
2.2354838003934996e24
2.070095857444789e24
1.9040564384601905e24
1.737451899616684e24
1.570369561973269e24
1.4028976684211524e24
1.2351253398687987e24
1.067142530684071e24
8.990399834148452e23
7.309091828115188e23
5.6284230917426646e23
3.949321910490108e23
2.2727225729614596e23
5.995648855702379e22
-1.069206318571157e23
-2.7326416762729304e23
-4.389787796148354e23
-6.0396877654823394e23
-7.681381661819986e23
-9.313907069002683e23
-1.0936299597373361e24
-1.2547593407870795e24
-1.4146821739729424e24
-1.5733017441492083e24
-1.7305213505051777e24
-1.8862443602422112e24
-2.0403742624942193e24
-2.1928147224614765e24
-2.3434696357275442e24
-2.492243182728971e24
-2.6390398833464635e24
-2.7837646515873765e24
-2.9263228503278147e24
-3.0666203460832364e24
-3.2045635637760666e24
-3.340059541468717e24
-3.4730159850302375e24
-3.6033413227050114e24
-3.7309447595509664e24
-3.8557363317161457e24
-3.977626960520933e24
-4.096528506314255e24
-4.2123538220714746e24
-4.3250168067020725e24
-4.4344324580349017e24
-4.5405169254494377e24
-4.6431875621202915e24
-4.7423629768441895e24
-4.837963085416883e24
-4.929909161528698e24
-5.018123887147352e24
-5.102531402356423e24
-5.183057354618716e24
-5.25962894743342e24
-5.332174988356187e24
-5.400625936352045e24
-5.464913948450736e24
-5.524972925674496e24
-5.58073855820868e24
-5.632148369786162e24
-5.679141761255979e24
-5.7216600533084e24
-5.759646528327048e24
-5.793046471341469e24
-5.82180721005166e24
-5.845878153897902e24
-5.865210832149579e24
-5.87975893098609e24
-5.889478329545258e24
-5.894327134912681e24
-5.894265716028922e24
-5.889256736488951e24
-5.879265186211444e24
-5.864258411954038e24
-5.844206146652424e24
-5.819080537561762e24
-5.788856173178354e24
-5.753510108921834e24
-5.713021891557008e24
-5.667373582336992e24
-5.616549778847791e24
-5.560537635537557e24
-5.499326882912176e24
-5.432909845381018e24
-5.361281457737474e24
-5.284439280257744e24
-5.20238351240527e24
-5.115117005125358e24
-5.0226452717187e24
-4.924976497280462e24
-4.8221215466940333e24
-4.7140939711695106e24
-4.600910013315837e24
-4.4825886107392937e24
-4.3591513981585724e24
-4.2306227080309455e24
-4.0970295696812427e24
-3.9584017069299045e24
-3.8147715342138927e24
-3.6661741511971754e24
-3.5126473358684684e24
-3.3542315361224113e24
-3.190969859825069e24
-3.0229080633611395e24
-2.8500945386655946e24
-2.6725802987389526e24
-2.490418961650568e24
-2.3036667330314092e24
-2.1123823870610582e24
-1.9166272459545935e24
-1.7164651579534416e24
-1.511962473829157e24
-1.3031880219054193e24
-1.0902130816091069e24
-8.731113555579433e23
-6.519589401958196e23
-4.268342949877272e23
-1.9781821018446097e23
3.500622682754018e22
2.715536665799024e23
5.1173653396233946e23
7.554650660359734e23
1.002647351201026e24
1.253189369703662e24
1.5069950354629863e24
1.7639662391984667e24
2.0240028928400284e24
2.2870029751976146e24
2.552862578871497e24
2.821475958378362e24
3.092735579472903e24
3.366532169638456e24
3.6427547697241715e24
3.921290786702658e24
4.202026047520993e24
4.48484485402056e24
4.7696300388953835e24
5.056263022663549e24
5.344623871619996e24
5.634591356743319e24
5.926043013525263e24
6.218855202691242e24
6.512903171782373e24
6.808061117564126e24
7.104202249231662e24
7.401198852375539e24
7.698922353676716e24
7.99724338629366e24
8.296031855908555e24
8.595157007396391e24
8.894487492079856e24
9.193891435535774e24
9.493236505913362e24
9.792389982729767e24
1.0091218826102192e25
1.038958974638122e25
1.0687369274144082e25
1.0984423830511052e25
1.1280619797744923e25
1.157582359009302e25
1.1869901724834167e25
1.2162720893487732e25
1.2454148033147288e25
1.274405039789542e25
1.3032295630261358e25
1.3318751832679435e25
1.3603287638906481e25
1.388577228535923e25
1.4166075682327576e25
1.4444068485025226e25
1.4719622164433541e25
1.4992609077899816e25
1.5262902539445979e25
1.5530376889748351e25
1.5794907565746334e25
1.6056371169837802e25
1.6314645538622106e25
1.656960981114714e25
1.6821144496621987e25
1.706913154155199e25
1.7313454396258065e25
1.7553998080737604e25
1.779064924982883e25
1.802329625763781e25
1.8251829221188137e25
1.8476140083255726e25
1.869612267434766e25
1.8911672773788932e25
1.912268816987668e25
1.932906871906614e25
1.953071640415022e25
1.9727535391395315e25
1.991943208659877e25
2.010631519003017e25
2.028809575022309e25
2.0464687216580987e25
2.063600549076467e25
2.0801968976826316e25
2.0962498630058256e25
2.1117518004524243e25
2.126695329924046e25
2.1410733402977235e25
2.1548789937649357e25
2.1681057300267427e25
2.1807472703419618e25
2.1927976214257877e25
2.2042510791959638e25
2.2151022323639987e25
2.225345965868844e25
2.2349774641504908e25
2.2439922142612648e25
2.2523860088123327e25
2.2601549487534037e25
2.2672954459833647e25
2.273804225789927e25
2.2796783291163345e25
2.2849151146532572e25
2.289512260754224e25
2.293467767172885e25
2.2967799566206264e25
2.2994474761430515e25
2.3014692983140596e25
2.3028447222462383e25
2.3035733744164866e25
2.3036552093058534e25
2.3030905098526196e25
2.3018798877179464e25
2.3000242833632465e25
2.297524965938813e25
2.294383532983166e25
2.2906019099327857e25
2.286182349441947e25
2.2811274305125535e25
2.275440057433895e25
2.26912345853247e25
2.2621811847320115e25
2.2546171079240555e25
2.2464354191494734e25
2.2376406265914975e25
2.228237553380902e25
2.2182313352140637e25
2.2076274177848552e25
2.1964315540312746e25
2.1846498011979645e25
2.1722885177158417e25
2.159354359900125e25
2.145854278468251e25
2.131795514879203e25
2.1171855974958916e25
2.1020323375724534e25
2.0863438250682293e25
2.0701284242905063e25
2.05339476936809e25
2.0361517595579217e25
2.0184085543870505e25
2.000174568632398e25
1.981459467140806e25
1.962273159492061e25
1.942625794507541e25
1.9225277546073864e25
1.9019896500190898e25
1.8810223128405456e25
1.8596367909606805e25
1.837844341840895e25
1.815656426160594e25
1.7930847013302827e25
1.7701410148756496e25
1.7468373976962434e25
1.7231860572024513e25
1.6991993703344655e25
1.6748898764671486e25
1.650270270204642e25
1.6253533940687572e25
1.6001522310852507e25
1.574679897272028e25
1.5489496340336105e25
1.5229748004660606e25
1.496768865576794e25
1.4703454004236283e25
1.4437180701776276e25
1.4169006261141714e25
1.3899068975370205e25
1.362750783639845e25
1.3354462453100312e25
1.3080072968795332e25
1.2804479978274904e25
1.2527824444395593e25
1.2250247614287223e25
1.197189093522682e25
1.1692895970226122e25
1.1413404313383372e25
1.1133557505050868e25
1.0853496946866521e25
1.0573363816701874e25
1.0293298983577243e25
1.0013442922594638e25
9.73393562994061e24
9.454916538009304e24
9.176524430699041e24
8.898897358931911e24
8.622172556449808e24
8.346486355937443e24
8.071974105524363e24
7.798770085717705e24
7.527007426816538e24
7.256818026859589e24
6.988332470157636e24
6.721679946461019e24
6.456988170813414e24
6.194383304142206e24
5.93398987463601e24
5.675930699958656e24
5.420326810350004e24
5.167297372661654e24
4.916959615378017e24
4.6694287546691523e24
4.424817921524829e24
4.1832380900163254e24
3.9447980067331194e24
3.7096041214409325e24
3.477760519006154e24
3.2493688526330344e24
3.0245282784565134e24
2.803335391535741e24
2.585884163290593e24
2.3722658804239873e24
2.1625690853712467e24
1.9568795183174857e24
1.7552800608227583e24
1.557850681094664e24
1.36466838094586e24
1.1758071444744117e24
9.91337888503288e23
8.113284148144215e23
6.358433642119016e23
4.649441724479071e23
2.9868902804351208e23
1.3713283203666967e23
-1.9672840313324098e22
-1.7167977583473485e23
-3.18843157737809e23
-4.6112159786757965e23
-5.984771668891299e23
-7.308754223804631e23
-8.582854348098203e23
-9.806798113741982e23
-1.0980347176790996e24
-1.2103298972386446e24
-1.3175486887779962e24
-1.4196780413203618e24
-1.516708527042853e24
-1.6086343518860796e24
-1.6954533639043787e24
-1.7771670593441573e24
-1.8537805864398986e24
-1.9253027469184106e24
-1.9917459952028186e24
-2.0531264353102503e24
-2.1094638154373404e24
-2.160781520229827e24
-2.207106560734134e24
-2.2484695620287553e24
-2.2849047485371067e24
-2.316449927022304e24
-2.3431464672679304e24
-2.3650392804485472e24
-2.3821767951966379e24
-2.3946109313729288e24
-2.402397071548678e24
-2.4055940302111112e24
-2.4042640207024418e24
-2.398472619906706e24
-2.3882887306978665e24
-2.3737845421661744e24
-2.3550354876389856e24
-2.3321202005160232e24
-2.3051204679379396e24
-2.2741211823105973e24
-2.2392102907079383e24
-2.2004787421769854e24
-2.1580204329717515e24
-2.111932149741852e24
-2.062313510705375e24
-2.0092669048347768e24
-1.9528974290869788e24
-1.8933128237106987e24
-1.8306234056633707e24
-1.7649420001738424e24
-1.6963838704856937e24
-1.6250666458198308e24
-1.551110247593631e24
-1.474636813937767e24
-1.3957706225504837e24
-1.3146380119320742e24
-1.231367301043178e24
-1.1460887074301608e24
-1.0589342638645383e24
-9.700377335414869e23
-8.795345238865628e23
-7.875615990178256e23
-6.942573909142792e23
-5.9976170934031424e23
-5.042156505779829e23
-4.0776150502010574e23
-3.105426636764198e23
-2.1270352364837498e23
-1.1438939262624106e23
-1.5746392465624573e22
8.307863810093302e22
1.819382415596001e23
2.8068444045961057e23
3.7916883694868787e23
4.772427129388374e23
5.747571308438991e23
6.715630348269421e23
7.675113524978076e23
8.624530969978664e23
9.562394694110027e23
1.0487219614379133e24
1.1397524582704622e24
1.2291833416038175e24
1.3168675927216237e24
1.402658895591557e24
1.4864117399060288e24
1.5679815240048378e24
1.6472246576142506e24
1.7239986643387435e24
1.7981622838403676e24
1.8695755736406875e24
1.9381000104812783e24
2.0035985911770926e24
2.0659359328989894e24
2.1249783728199095e24
2.18059406706098e24
2.2326530888729805e24
2.2810275259889213e24
2.325591577084509e24
2.3662216472823372e24
2.4027964426373087e24
2.4351970635399277e24
2.4633070969756435e24
2.487012707577853e24
2.506202727413562e24
2.520768744440658e24
2.5306051895764033e24
2.5356094223177166e24
2.535681814853975e24
2.530725834614148e24
2.5206481251905274e24
2.5053585855823024e24
2.484770447702841e24
2.458800352095512e24
2.4273684218036606e24
2.3903983343413532e24
2.3478173917123503e24
2.2995565884258726e24
2.245550677458521e24
2.1857382341131512e24
2.120061717726099e24
2.0484675311755927e24
1.9709060781454718e24
1.8873318180988216e24
1.797703318918503e24
1.7019833071713538e24
1.6001387159556727e24
1.4921407302913563e24
1.377964830014873e24
1.2575908301413457e24
1.1310029186580967e24
9.981896917156781e23
8.591441861827112e23
7.138639095339959e23
5.623508670408648e23
4.046115862365558e23
2.4065713862836e23
7.050315863255769e22
-1.0583014029275084e23
-2.883179523386609e23
-4.769308688802515e23
-6.716348708754604e23
-8.723913241435466e23
-1.0791569775404928e24
-1.2918839640434397e24
-1.510519804757817e24
-1.7350074158569222e24
-1.9652851184622228e24
-2.2012866514726442e24
-2.4429411873463396e24
-2.6901733508402864e24
-2.942903240707338e24
-3.201046454352747e24
-3.464514115446097e24
-3.733212904486765e24
-4.0070450923166154e24
-4.285908576571915e24
-4.569696921067286e24
-4.858299398098252e24
-5.15160103365237e24
-5.449482655511576e24
-5.751820944232303e24
-6.058488486982411e24
-6.36935383421717e24
-6.684281559171784e24
-7.003132320145877e24
-7.325762925557009e24
-7.652026401733206e24
-7.981772063418684e24
-8.314845586959158e24
-8.651089086136955e24
-8.990341190620576e24
-9.332437126992277e24
-9.677208802318392e24
-1.002448489022024e25
-1.0374090919407934e25
-1.0725849364631435e25
-1.1079579740007755e25
-1.1435098694675755e25
-1.1792220110733356e25
-1.2150755203407567e25
-1.2510512623405622e25
-1.2871298561397998e25
-1.3232916854576423e25
-1.3595169095235617e25
-1.3957854741318518e25
-1.4320771228871114e25
-1.4683714086344025e25
-1.5046477050683078e25
-1.5408852185146008e25
-1.5770629998780897e25
-1.6131599567504813e25
-1.6491548656713413e25
-1.6850263845358354e25
-1.7207530651421056e25
-1.7563133658716305e25
-1.791685664495461e25
-1.8268482710990744e25
-1.861779441118913e25
-1.896457388482928e25
-1.9308602988480702e25
-1.9649663429268663e25
-1.9987536898958556e25
-2.0322005208778447e25
-2.0652850424905395e25
-2.0979855004536082e25
-2.1302801932461673e25
-2.162147485807043e25
-2.1935658232694278e25
-2.2245137447222294e25
-2.2549698969896564e25
-2.2849130484212207e25
-2.314322102683609e25
-2.343176112546487e25
-2.371454293653832e25
-2.3991360382724108e25
-2.426200929009352e25
-2.452628752490135e25
-2.4783995129890374e25
-2.503493446003306e25
-2.5278910317629966e25
-2.551573008668033e25
-2.574520386644019e25
-2.5967144604087538e25
-2.618136822640815e25
-2.63876937704223e25
-2.6585943512867226e25
-2.67759430984552e25
-2.6957521666823376e25
-2.7130511978095457e25
-2.7294750536974133e25
-2.7450077715282154e25
-2.7596337872875053e25
-2.7733379476842833e25
-2.786105521892607e25
-2.797922213106429e25
-2.8087741699003605e25
-2.8186479973884025e25
-2.8275307681733564e25
-2.835410033079367e25
-2.8422738316601572e25
-2.848110702475985e25
-2.852909693131827e25
-2.8566603700701056e25
-2.8593528281107407e25
-2.8609776997319875e25
-2.861526164085256e25
-2.860989955737349e25
-2.8593613731338316e25
-2.856633286777155e25
-2.8527991471134793e25
-2.8478529921221307e25
-2.8417894546019855e25
-2.8346037691489526e25
-2.826291778819179e25
-2.8168499414725397e25
-2.8062753357911686e25
-2.7945656669682052e25
-2.781719272061631e25
-2.7677351250087797e25
-2.7526128412968145e25
-2.736352682285047e25
-2.7189555591748035e25
-2.7004230366230466e25
-2.6807573359958757e25
-2.6599613382585056e25
-2.6380385864982256e25
-2.6149932880772825e25
-2.5908303164127255e25
-2.565555212380445e25
-2.5391741853409056e25
-2.5116941137842548e25
-2.483122545592615e25
-2.453467697917862e25
-2.422738456672967e25
-2.390944375635629e25
-2.358095675162879e25
-2.3242032405156674e25
-2.289278619792631e25
-2.2533340214724486e25
-2.2163823115645337e25
-2.1784370103678355e25
-2.1395122888379125e25
-2.099622964562648e25
-2.0587844973471234e25
-2.0170129844084946e25
-1.9743251551818853e25
-1.9307383657384978e25
-1.8862705928176247e25
-1.8409404274739954e25
-1.7947670683426763e25
-1.7477703145235248e25
-1.699970558087737e25
-1.6513887762090153e25
-1.602046522922346e25
-1.5519659205133214e25
-1.5011696505415628e25
-1.4496809445015487e25
-1.3975235741247688e25
-1.3447218413271759e25
-1.2913005678061119e25
-1.237285084291208e25
-1.18270121945385e25
-1.1275752884800845e25
-1.0719340813121798e25
-1.0158048505639082e25
-9.592152991152643e24
-9.021935673922029e24
-8.447682203374064e24
-7.869682340781151e24
-7.288229822974288e24
-6.703622223154517e24
-6.116160808872303e24
-5.526150397241137e24
-4.933899207457627e24
-4.339718710701076e24
-3.743923477485649e24
-3.14683102254289e24
-2.548761647311257e24
-1.950038280112722e24
-1.3509863140987335e24
-7.519334430459925e23
-1.5320949508917073e23
4.448537355257772e23
1.0419226585784873e24
1.6376620598139428e24
2.2317352745942974e24
2.8238043631703177e24
3.413530287481673e24
4.0005730893903933e24
4.584592070253086e24
5.165245971734962e24
5.742193157769263e24
6.315091797562208e24
6.883600049546275e24
7.447376246178159e24
8.006079079483997e24
8.559367787247254e24
9.106902339737347e24
9.648343626875904e24
1.0183353645735954e25
1.0711595688269945e25
1.1232734529161604e25
1.174643661369464e25
1.2252370245534368e25
1.2750205774314297e25
1.3239615782921844e25
1.3720275274375833e25
1.4191861858189287e25
1.4654055936109805e25
1.5106540887131587e25
1.5549003251669764e25
1.5981132914792726e25
1.6402623288403712e25
1.6813171492265684e25
1.7212478533762942e25
1.7600249486293853e25
1.7976193666188262e25
1.8340024808045906e25
1.8691461238388824e25
1.9030226047526447e25
1.9356047259528157e25
1.9668658000201077e25
1.9967796662971704e25
2.0253207072569374e25
2.052463864641306e25
2.0781846553599544e25
2.1024591871398276e25
2.1252641739152733e25
2.14657695094945e25
2.1663754896774067e25
2.1846384122615093e25
2.2013450058500764e25
2.216475236530037e25
2.230009762964729e25
2.241929949708037e25
2.252217880186292e25
2.260856369339334e25
2.2678289759125976e25
2.2731200143919345e25
2.2767145665732624e25
2.2785984927593944e25
2.278758442576135e25
2.27718186540066e25
2.2738570203945765e25
2.2687729861349825e25
2.2619196698365005e25
2.253287816157781e25
2.242869015586195e25
2.2306557123943517e25
2.2166412121627463e25
2.200819688862598e25
2.183186191493689e25
2.163736650271624e25
2.1424678823598856e25
2.119377597141627e25
2.0944644010268027e25
2.0677278017905594e25
2.039168212438467e25
2.008786954595364e25
1.9765862614138126e25
1.942569279999421e25
1.9067400733496032e25
1.8691036218035478e25
1.8296658240005876e25
1.7884334973449717e25
1.7454143779753312e25
1.7006171202368217e25
1.65405129565515e25
1.6057273914108695e25
1.5556568083137605e25
1.5038518582763333e25
1.4503257612864606e25
1.395092641879411e25
1.338167525109176e25
1.2795663320203601e25
1.2193058746209354e25
1.1574038503577556e25
1.0938788360956708e25
1.0287502816027229e25
9.620385025429606e24
8.93764672979494e24
8.239508173906535e24
7.526198022016637e24
6.797953268357663e24
6.055019142875751e24
5.297649012232164e24
4.526104276105861e24
3.740654258848045e24
2.941576096529637e24
2.1291546194325803e24
1.3036822300398933e24
4.6545877657268095e23
-3.8520857786073636e23
-1.2480054904515967e24
-2.1226105781429097e24
-3.0086955612883453e24
-3.9059254114468537e24
-4.81395850324067e24
-5.732446770209938e24
-6.661035864580267e24
-7.599365320874052e24
-8.547068723276673e24
-9.503773876683272e24
-1.0469102981333254e25
-1.1442672810951056e25
-1.2424094894302129e25
-1.3412975700068571e25
-1.4408916824958016e25
-1.5411515184940918e25
-1.6420363209527017e25
-1.7435049038972406e25
-1.8455156724323153e25
-1.9480266430183945e25
-2.0509954640112275e25
-2.154379436452789e25
-2.258135535102544e25
-2.3622204296986433e25
-2.4665905064368606e25
-2.5712018896568695e25
-2.6760104637232335e25
-2.7809718950903097e25
-2.886041654538763e25
-2.991175039571537e25
-3.0963271969578145e25
-3.2014531454119165e25
-3.3065077983956556e25
-3.411445987030898e25
-3.5162224831105582e25
-3.620792022194662e25
-3.7251093267794203e25
-3.8291291295262023e25
-3.932806196537375e25
-4.036095350666693e25
-4.138951494850455e25
-4.241329635447333e25
-4.343184905572818e25
-4.444472588416202e25
-4.545148140526079e25
-4.6451672150518935e25
-4.7444856849281574e25
-4.84305966598792e25
-4.940845539993013e25
-5.037799977567151e25
-5.1338799610195485e25
-5.229042807045298e25
-5.323246189289998e25
-5.4164481607654335e25
-5.5086071761031475e25
-5.5996821136335295e25
-5.689632297276999e25
-5.778417518235165e25
-5.865998056468626e25
-5.952334701949571e25
-6.0373887756759785e25
-6.1211221504356165e25
-6.203497271307347e25
-6.284477175887425e25
-6.364025514229222e25
-6.4421065684839515e25
-6.518685272231226e25
-6.593727229487279e25
-6.667198733379982e25
-6.739066784478848e25
-6.809299108769351e25
-6.877864175260454e25
-6.9447312132144435e25
-7.009870228988925e25
-7.073252022480114e25
-7.134848203157815e25
-7.194631205681558e25
-7.252574305088705e25
-7.3086516315447115e25
-7.362838184646223e25
-7.4151098472682665e25
-7.465443398946316e25
-7.51381652878511e25
-7.560207847885504e25
-7.6045969012816696e25
-7.646964179380518e25
-7.687291128896107e25
-7.7255601632716585e25
-7.761754672582105e25
-7.795859032910781e25
-7.827858615193464e25
-7.857739793524036e25
-7.885489952915656e25
-7.91109749651209e25
-7.934551852243933e25
-7.955843478924844e25
-7.974963871783154e25
-7.991905567424608e25
-8.00666214822231e25
-8.019228246130102e25
-8.029599545916297e25
-8.037772787814462e25
-8.043745769588927e25
-8.047517348012416e25
-8.049087439754001e25
-8.04845702167561e25
-8.045628130535789e25
-8.040603862099815e25
-8.033388369655438e25
-8.02398686193393e25
-8.012405600436668e25
-7.998651896167379e25
-7.982734105771042e25
-7.964661627080374e25
-7.944444894071298e25
-7.922095371229379e25
-7.897625547329086e25
-7.87104892862851e25
-7.842380031482328e25
-7.811634374376086e25
-7.778828469385413e25
-7.743979813063908e25
-7.707106876763933e25
-7.668229096394793e25
-7.627366861623205e25
-7.584541504521189e25
-7.5397752876669835e25
-7.493091391704693e25
-7.44451390236904e25
-7.3940677969816285e25
-7.341778930425428e25
-7.287674020604915e25
-7.231780633399046e25
-7.174127167115036e25
-7.114742836450871e25
-7.053657655975089e25
-6.990902423132458e25
-6.926508700784434e25
-6.860508799293897e25
-6.792935758163452e25
-6.72382332723747e25
-6.653205947477584e25
-6.581118731322488e25
-6.507597442642251e25
-6.43267847629844e25
-6.356398837321042e25
-6.2787961197134035e25
-6.199908484897564e25
-6.1197746398108724e25
-6.0384338146669754e25
-5.955925740392783e25
-5.872290625754612e25
-5.787569134185802e25
-5.701802360328975e25
-5.615031806306353e25
-5.527299357730975e25
-5.438647259473007e25
-5.349118091194242e25
-5.258754742665287e25
-5.167600388878918e25
-5.075698464974348e25
-4.983092640986354e25
-4.889826796433751e25
-4.79594499476241e25
-4.701491457656582e25
-4.606510539234275e25
-4.5110467001409405e25
-4.415144481557096e25
-4.3188484791344005e25
-4.222203316875954e25
-4.1252536209756366e25
-4.0280439936319635e25
-3.930618986852059e25
-3.8330230762606133e25
-3.7353006349299424e25
-3.6374959072459337e25
-3.5396529828259724e25
-3.4418157705039014e25
-3.3440279723974686e25
-3.2463330580743885e25
-3.148774238831386e25
-3.051394442102657e25
-2.9542362860123228e25
-2.857342054086863e25
-2.7607536701421497e25
-2.6645126733608518e25
-2.5686601935748917e25
-2.473236926768131e25
-2.3782831108144077e25
-2.2838385014652894e25
-2.1899423486028375e25
-2.09663337277136e25
-2.0039497420032278e25
-1.9119290489523448e25
-1.8206082883503695e25
-1.7300238347987413e25
-1.6402114209109035e25
-1.5512061158184337e25
-1.4630423040541344e25
-1.3757536648258995e25
-1.289373151693939e25
-1.2039329726647151e25
-1.1194645707138625e25
-1.0359986047507103e25
-9.535649310367283e24
-8.721925850695031e24
-7.919097639444281e24
-7.127438092050773e24
-6.347211901939625e24
-5.57867487913989e24
-4.8220737941206837e24
-4.077646226943985e24
-3.3456204218400665e24
-2.626215147302957e24
-1.9196395617978708e24
-1.2260930851756827e24
-5.4576527587932084e23
1.2116428596915765e23
7.745261095226344e23
1.4141608981221284e24
2.0399196480966983e24
2.6516637413774166e24
3.2492650318561474e24
3.832605925427193e24
4.401579453647529e24
4.956089340962414e24
5.496050065437189e24
6.021386912951421e24
6.532036024805275e24
7.027944438696558e24
7.50907012303136e24
7.975382004531714e24
8.426859989111649e24
8.863494975992891e24
9.285288865039417e24
9.692254557290297e24
1.0084415948677452e25
1.0461807916916877e25
1.0824476301566571e25
1.1172477877249091e25
1.1505880320039982e25
1.1824762167026669e25
1.2129212769049082e25
1.2419332236634706e25
1.2695231379145656e25
1.2957031637160468e25
1.3204865008115984e25
1.3438873965239603e25
1.3659211369806218e25
1.3866040376757766e25
1.405953433372808e25
1.4239876673518956e25
1.4407260800078258e25
1.4561889968033995e25
1.4703977155843256e25
1.483374493261764e25
1.4951425318692703e25
1.50572596400095e25
1.5151498376384864e25
1.5234401003746177e25
1.53062358304137e25
1.5367279827515171e25
1.541781845362212e25
1.5458145473701214e25
1.548856277247622e25
1.5509380162301885e25
1.552091518565218e25
1.5523492912331318e25
1.5517445731516841e25
1.550311313875004e25
1.548084151798988e25
1.5450983918851757e25
1.5413899829154456e25
1.5369954942902066e25
1.5319520923831643e25
1.526297516465804e25
1.5200700542153524e25
1.5133085168199476e25
1.5060522136952203e25
1.498340926826763e25
1.4902148847530316e25
1.4817147362037837e25
1.4728815234090545e25
1.4637566550942853e25
1.4543818791770414e25
1.444799255181403e25
1.435051126385927e25
1.425180091721567e25
1.4152289774360193e25
1.405240808541087e25
1.3952587800600238e25
1.3853262280916892e25
1.375486600708868e25
1.365783428707847e25
1.356260296226894e25
1.3469608112510372e25
1.3379285760208981e25
1.329207157363409e25
1.3208400569621665e25
1.312870681585553e25
1.3053423132904931e25
1.2982980796201231e25
1.2917809238133852e25
1.2858335750448375e25
1.2804985187128956e25
1.2758179667947188e25
1.271833828286102e25
1.268587679744504e25
1.2661207359536215e25
1.2644738207275883e25
1.263687337873144e25
1.2638012423278134e25
1.264855011492255e25
1.2668876167748365e25
1.2699374953663236e25
1.2740425222626413e25
1.2792399825534074e25
1.2855665439939664e25
1.2930582298784366e25
1.3017503922311717e25
1.3116776853339597e25
1.3228740396060444e25
1.3353726358539438e25
1.3492058799078498e25
1.3644053776612104e25
1.3810019105299206e25
1.399025411347303e25
1.418504940710893e25
1.439468663796792e25
1.461943827657099e25
1.4859567390157625e25
1.5115327425778092e25
1.5386961998668203e25
1.5674704686050344e25
1.5978778826504632e25
1.629939732504693e25
1.6636762464052712e25
1.6991065720158223e25
1.7362487587268918e25
1.7751197405802934e25
1.8157353198291469e25
1.8581101511457536e25
1.9022577264887665e25
1.9481903606411468e25
1.9959191774295747e25
2.0454540966360604e25
2.0968038216118136e25
2.1499758276030617e25
2.20497635079839e25
2.261810378106269e25
2.3204816376717275e25
2.380992590139777e25
2.4433444206738376e25
2.507537031736151e25
2.5735690366370064e25
2.6414377538594513e25
2.7111392021651077e25
2.7826680964870305e25
2.856017844614217e25
2.9311805446728744e25
3.008146983408118e25
3.0869066352701637e25
3.1674476623081266e25
3.2497569148739337e25
3.3338199331390984e25
3.419620949425687e25
3.507142891353092e25
3.5963673858012478e25
3.6872747636909426e25
3.7798440655806197e25
3.874053048079514e25
3.969878191075808e25
4.0672947057780325e25
4.166276543568091e25
4.266796405662741e25
4.368825753581106e25
4.472334820413996e25
4.577292622891572e25
4.683666974244564e25
4.791424497853845e25
4.900530641683354e25
5.010949693489854e25
5.122644796803464e25
5.235577967671686e25
5.349710112159972e25
5.465001044600333e25
5.581409506580172e25
5.698893186662356e25
5.817408740826905e25
5.936911813625255e25
6.0573570600360735e25
6.178698168012833e25
6.300887881711198e25
6.423878025385597e25
6.54761952794211e25
6.672062448136083e25
6.797156000401262e25
6.922848581297132e25
7.049087796561242e25
7.175820488751996e25
7.302992765468087e25
7.43055002812905e25
7.558437001302409e25
7.686597762561585e25
7.814975772858365e25
7.943513907394395e25
8.072154486974159e25
8.200839309823428e25
8.329509683854961e25
8.458106459364838e25
8.586570062140488e25
8.714840526963105e25
8.842857531485534e25
8.97056043046652e25
9.097888290343183e25
9.224779924121329e25
9.351173926565043e25
9.477008709664844e25
9.60222253836529e25
9.726753566530914e25
9.850539873130744e25
9.97351949862054e25
1.0095630481501564e26
1.0216810895035704e26
1.0336998884094831e26
1.045613270212411e26
1.0574150748196865e26
1.0690991604140211e26
1.0806594071709583e26
1.0920897209789915e26
1.1033840371602637e26
1.1145363241895452e26
1.1255405874093957e26
1.1363908727392214e26
1.1470812703761027e26
1.1576059184851032e26
1.1679590068769328e26
1.1781347806707067e26
1.188127543939599e26
1.1979316633372238e26
1.2075415717024895e26
1.2169517716408045e26
1.2261568390793741e26
1.2351514267944853e26
1.2439302679085434e26
1.2524881793547604e26
1.260820065307334e26
1.2689209205749494e26
1.2767858339555656e26
1.2844099915503017e26
1.2917886800344167e26
1.2989172898832528e26
1.3057913185511548e26
1.3124063736013149e26
1.318758175784529e26
1.3248425620649363e26
1.3306554885907286e26
1.33619303360797e26
1.3414514003155603e26
1.346426919659536e26
1.3511160530648223e26
1.3555153951026534e26
1.3596216760918766e26
1.3634317646323816e26
1.3669426700689753e26
1.3701515448839984e26
1.3730556870170636e26
1.3756525421103013e26
1.3779397056775685e26
1.3799149251960763e26
1.3815761021189673e26
1.3829212938074078e26
1.383948715380771e26
1.3846567414835914e26
1.3850439079679469e26
1.3851089134900239e26
1.3848506210196428e26
1.3842680592615626e26
1.3833604239874489e26
1.382127079277424e26
1.3805675586701773e26
1.3786815662206525e26
1.3764689774643922e26
1.3739298402876603e26
1.3710643757025237e26
1.3678729785261156e26
1.3643562179633794e26
1.3605148380926106e26
1.3563497582532068e26
1.3518620733350625e26
1.3470530539691018e26
1.3419241466185406e26
1.3364769735704573e26
1.3307133328273454e26
1.3246351978984115e26
1.318244717490358e26
1.3115442150975234e26
1.3045361884912776e26
1.2972233091086113e26
1.2896084213399704e26
1.281694541716375e26
1.2734848579959885e26
1.2649827281503077e26
1.256191679250232e26
1.2471154062523375e26
1.237757770685695e26
1.228122799239677e26
1.2182146822532588e26
1.2080377721063238e26
1.1975965815135767e26
1.1868957817217752e26
1.1759402006109362e26
1.164734820700323e26
1.1532847770600686e26
1.1415953551292687e26
1.1296719884415638e26
1.1175202562591382e26
1.105145881116274e26
1.0925547262734978e26
1.0797527930835626e26
1.0667462182704312e26
1.0535412711225677e26
1.0401443506018642e26
1.0265619823695963e26
1.0128008157308233e26
9.988676204987154e25
9.847692837803915e25
9.705128066857974e25
9.561053009612836e25
9.415539855495997e25
9.268661830779605e25
9.120493162760574e25
8.971109043257384e25
8.820585591443237e25
8.66899981603372e25
8.516429576849455e25
8.36295354577294e25
8.20865116712005e25
8.053602617447867e25
7.897888764818378e25
7.741591127541114e25
7.584791832415405e25
7.4275735724954435e25
7.27001956439998e25
7.112213505189801e25
6.954239528836536e25
6.796182162305496e25
6.638126281277298e25
6.480157065531361e25
6.322359954016539e25
6.164820599632553e25
6.007624823747865e25
5.850858570478422e25
5.694607860752435e25
5.53895874618765e25
5.38399726280504e25
5.229809384606272e25
5.076480977039668e25
4.924097750381676e25
4.7727452130590914e25
4.622508624939184e25
4.4734729506134014e25
4.3257228127013575e25
4.179342445201861e25
4.0344156469168645e25
3.8910257349757585e25
3.7492554984856607e25
3.6091871523352347e25
3.470902291177843e25
3.3344818436206913e25
3.2000060266472964e25
3.0675543002981897e25
2.9372053226376897e25
2.809036905031852e25
2.6831259677646633e25
2.559548496017629e25
2.4383794962394375e25
2.3196929529307924e25
2.2035617858702227e25
2.09005780780643e25
1.9792516826417996e25
1.8712128841326892e25
1.7660096551305209e25
1.663708967388848e25
1.56437648195976e25
1.4680765102046347e25
1.3748719754417782e25
1.2848243752549299e25
1.1979937444856634e25
1.114438618931928e25
1.0342159997756056e25
9.573813187605401e24
8.839884041431156e24
8.140894474362049e24
7.477349709674653e24
6.849737962725066e24
6.258530133425467e24
5.704179507464989e24
5.187121466461696e24
4.7077732072355703e24
4.266533470379458e24
3.8637822783098373e24
3.4998806829634225e24
3.1751705233093896e24
2.889974192837682e24
2.6445944171781204e24
2.4393140420022554e24
2.2743958313512942e24
2.1500822765306764e24
2.0665954157036453e24
2.0241366643124578e24
2.0228866564483057e24
2.0630050972862306e24
2.144630626694477e24
2.267880694122151e24
2.4328514448623224e24
2.639617617781802e24
2.8882324546021656e24
3.1787276208106156e24
3.5111131382724803e24
3.88537732960984e24
4.3014867744066953e24
4.7593862772903135e24
5.258998847936957e24
5.800225693037445e24
6.382946220257768e24
7.007018054216404e24
7.672277064499305e24
8.378537405722846e24
9.125591569647851e24
9.913210449345228e24
1.0741143415401022e25
1.1609118404145796e25
1.251684201788468e25
1.3463999637099643e25
1.4450255544583048e25
1.5475253061462486e25
1.6538614695064134e25
1.7639942298554843e25
1.8778817242302907e25
1.995480059687967e25
2.116743332763007e25
2.2416236500720117e25
2.3700711500574512e25
2.502034025860352e25
2.637458549311092e25
2.7762890960276474e25
2.9184681716088578e25
3.0639364389104136e25
3.2126327463903006e25
3.3644941575101193e25
3.519455981177238e25
3.6774518032132543e25
3.8384135188328195e25
4.0022713661161616e25
4.168953960459069e25
4.338388329981888e25
4.510499951880328e25
4.685212789698409e25
4.862449331505174e25
5.042130628954444e25
5.224176337207805e25
5.408504755700011e25
5.595032869724102e25
5.783676392816173e25
5.9743498099154075e25
6.166966421277833e25
6.361438387119138e25
6.557676772963518e25
6.755591595673686e25
6.955091870136992e25
7.15608565658304e25
7.358480108506384e25
7.562181521168329e25
7.767095380652117e25
7.973126413443297e25
8.180178636509188e25
8.388155407848888e25
8.596959477487455e25
8.806493038883763e25
9.016657780725363e25
9.2273549390813e25
9.438485349882742e25
9.649949501703297e25
9.8616475888085e25
1.0073479564445883e26
1.0285345194344308e26
1.0497144110393018e26
1.0708775864470765e26
1.0920139982393102e26
1.1131136017948508e26
1.1341663606991663e26
1.1551622521564205e26
1.1760912724010763e26
1.1969434421060178e26
1.2177088117840757e26
1.2383774671798318e26
1.2589395346486318e26
1.2793851865196464e26
1.2997046464399913e26
1.3198881946966774e26
1.3399261735134088e26
1.3598089923190696e26
1.3795271329849366e26
1.3990711550274352e26
1.4184317007734558e26
1.4375995004852649e26
1.4565653774418613e26
1.4753202529739087e26
1.4938551514492154e26
1.5121612052058259e26
1.530229659429809e26
1.548051876974818e26
1.5656193431206188e26
1.5829236702676603e26
1.5999566025649478e26
1.6167100204683945e26
1.6331759452269894e26
1.6493465432939735e26
1.665214130660428e26
1.6807711771086635e26
1.6960103103827623e26
1.7109243202737914e26
1.7255061626171497e26
1.7397489631996467e26
1.753646021573874e26
1.7671908147774995e26
1.7803770009552402e26
1.7931984228812384e26
1.805649111379614e26
1.8177232886410902e26
1.829415371433608e26
1.840719974204871e26
1.8516319120748843e26
1.86214620371656e26
1.872258074122562e26
1.8819629572565823e26
1.891256498587348e26
1.900134557503705e26
1.908593209609168e26
1.9166287488944624e26
1.92423768978653e26
1.931416769072702e26
1.9381629476986616e26
1.9444734124389868e26
1.9503455774390855e26
1.9557770856274428e26
1.960765809997134e26
1.965309854755697e26
1.969407556342421e26
1.9730574843123296e26
1.9762584420860853e26
1.9790094675651973e26
1.9813098336119388e26
1.9831590483935157e26
1.9845568555900745e26
1.985503234466176e26
1.985998399805534e26
1.9860428017088272e26
1.9856371252544965e26
1.9847822900224803e26
1.983479449481023e26
1.98172999023666e26
1.97953553114759e26
1.976897922300805e26
1.9738192438533192e26
1.9703018047379956e26
1.9663481412344833e26
1.9619610154059438e26
1.9571434134022763e26
1.9518985436305592e26
1.9462298347936904e26
1.9401409337980845e26
1.9336357035315343e26
1.9267182205122337e26
1.9193927724102893e26
1.9116638554428585e26
1.9035361716443504e26
1.895014626013002e26
1.8861043235354284e26
1.876810566090669e26
1.867138849235307e26
1.857094858871492e26
1.846684467799567e26
1.8359137321572154e26
1.824788887746951e26
1.8133163462540968e26
1.8015026913572308e26
1.7893546747331912e26
1.7768792119589613e26
1.7640833783125855e26
1.7509744044755534e26
1.7375596721388854e26
1.7238467095155582e26
1.7098431867616956e26
1.6955569113090195e26
1.68099582311136e26
1.6661679898077725e26
1.6510816018051018e26
1.6357449672826522e26
1.6201665071219847e26
1.6043547497645916e26
1.5883183260005157e26
1.5720659636907187e26
1.5556064824264796e26
1.538948788128746e26
1.5221018675905168e26
1.505074782965595e26
1.4878766662067427e26
1.4705167134566057e26
1.453004179394511e26
1.4353483715426318e26
1.417558644534768e26
1.3996443943510152e26
1.381615052521896e26
1.3634800803052182e26
1.3452489628392117e26
1.3269312032752506e26
1.3085363168938242e26
1.290073825207155e26
1.271553250051921e26
1.2529841076757448e26
1.2343759028208628e26
1.2157381228086315e26
1.1970802316282471e26
1.1784116640334614e26
1.1597418196506686e26
1.141080057102056e26
1.1224356881472142e26
1.1038179718469543e26
1.0852361087527818e26
1.066699235125497e26
1.0482164171866211e26
1.0297966454060307e26
1.0114488288293941e26
9.931817894487972e25
9.750042566201464e25
9.569248615307612e25
9.389521317204842e25
9.210944856598898e25
9.033602273888228e25
8.857575412187242e25
8.682944865019188e25
8.509789924713199e25
8.338188531537207e25
8.168217223598081e25
7.999951087542405e25
7.833463710087843e25
7.66882713041703e25
7.50611179346317e25
7.345386504118804e25
7.186718382396446e25
7.030172819570431e25
6.875813435327683e25
6.723702035956706e25
6.573898573601451e25
6.426461106606327e25
6.281445760979929e25
6.138906693002005e25
5.998896052999439e25
5.861463950314664e25
5.7266584194913536e25
5.594525387699927e25
5.46510864342461e25
5.338449806434938e25
5.214588299061635e25
5.093561318797629e25
4.9754038122432036e25
4.8601484504144875e25
4.747825605433075e25
4.638463328613385e25
4.532087329965051e25
4.428720959125146e25
4.328385187735481e25
4.231098593278217e25
4.136877344383721e25
4.045735187622184e25
3.957683435790878e25
3.872730957706871e25
3.7908841695156603e25
3.7121470275239724e25
3.6365210225643115e25
3.5640051758990815e25
3.4945960366693987e25
3.4282876808944186e25
3.3650717120248605e25
3.3049372630545486e25
3.247871000192124e25
3.1938571280941745e25
3.142877396660793e25
3.0949111093927685e25
3.049935133309328e25
3.0079239104239166e25
2.968849470775101e25
2.932681447008293e25
2.899387090503162e25
2.8689312890409316e25
2.841276586004366e25
2.816383201102885e25
2.7942090526136324e25
2.7747097811290696e25
2.7578387748002886e25
2.7435471960645043e25
2.731784009844248e25
2.722496013204844e25
2.7156278664558497e25
2.71112212568133e25
2.708919276682778e25
2.7089577703177755e25
2.7111740592164556e25
2.7155026358572235e25
2.72187607198195e25
2.7302250593302195e25
2.7404784516716946e25
2.7525633081139928e25
2.7664049376635584e25
2.7819269450155616e25
2.799051277548586e25
2.8176982734984895e25
2.837786711285497e25
2.859233859967933e25
2.8819555307946025e25
2.905866129827903e25
2.930878711608357e25
2.956905033831295e25
2.9838556130048055e25
3.011639781058155e25
3.040165742869206e25
3.069340634677998e25
3.099070583354064e25
3.129260766483486e25
3.159815473242129e25
3.190638166019799e25
3.2216315427605527e25
3.2526975999830994e25
3.283737696445526e25
3.3146526174170907e25
3.3453426395201595e25
3.375707596104971e25
3.4056469431186105e25
3.4350598254302635e25
3.4638451435735977e25
3.49190162086757e25
3.5191278708756577e25
3.545422465163895e25
3.57068400131808e25
3.5948111711790323e25
3.617702829255949e25
3.639258061276661e25
3.6593762528342414e25
3.6779571580882913e25
3.694900968479852e25
3.7101083814187324e25
3.7234806689012523e25
3.734919746017181e25
3.7443282393039776e25
3.7516095549069864e25
3.7566679465034765e25
3.7594085829492517e25
3.75973761560588e25
3.7575622453075765e25
3.752790788925598e25
3.7453327454893e25
3.735098861822728e25
3.722001197655428e25
3.7059531901669986e25
3.686869717924606e25
3.6646671641733354e25
3.6392634794391155e25
3.610578243404554e25
3.5785327260183306e25
3.543049947798847e25
3.5040547392935664e25
3.4614737996556167e25
3.4152357542997953e25
3.3652712116002534e25
3.3115128185933346e25
3.253895315648342e25
3.192355590070714e25
3.1268327286018454e25
3.057268068780682e25
2.9836052491325725e25
2.905790258151728e25
2.823771482043983e25
2.73749975119741e25
2.6469283853487035e25
2.552013237414364e25
2.4527127359560637e25
2.3489879262501905e25
2.240802509932897e25
2.128122883192021e25
2.0109181734784308e25
1.8891602747102054e25
1.7628238809434044e25
1.6318865184847862e25
1.4963285764215133e25
1.3561333355452671e25
1.211286995647603e25
1.0617787011654383e25
9.076005651552002e24
7.487476915767214e24
5.852181958676388e24
4.1701322378985535e24
2.4413696853214055e24
6.659668605201743e23
-1.1559729135731735e24
-3.024315432902893e24
-4.938895512534474e24
-6.899516905052027e24
-8.905952237201331e24
-1.0957942964891464e25
-1.3055199346630476e25
-1.5197400435478772e25
-1.7384194089593956e25
-1.961519700141063e25
-2.1889994745512223e25
-2.42081418452208e25
-2.6569161857942354e25
-2.8972547479264802e25
-3.141776066581934e25
-3.3904232776902875e25
-3.6431364734826863e25
-3.899852720397852e25
-4.160506078853241e25
-4.425027624878814e25
-4.693345473604284e25
-4.965384804593641e25
-5.241067889019079e25
-5.520314118663e25
-5.803040036738795e25
-6.0891593705173525e25
-6.378583065748056e25
-6.671219322858153e25
-6.966973634917069e25
-7.265748827348209e25
-7.5674450993728265e25
-7.871960067165484e25
-8.179188808702748e25
-8.489023910286219e25
-8.80135551471509e25
-9.116071371089324e25
-9.433056886217303e25
-9.752195177605856e25
-1.007336712800506e26
-1.039645144148226e26
-1.0721324700999125e26
-1.104786142746105e26
-1.1375934140211703e26
-1.1705413418940834e26
-1.203616796697642e26
-1.2368064675926698e26
-1.2700968691640344e26
-1.3034743481452088e26
-1.3369250902677454e26
-1.3704351272321648e26
-1.4039903437967e26
-1.43757648498024e26
-1.4711791633755005e26
-1.5047838665687802e26
-1.5383759646622076e26
-1.5719407178947044e26
-1.6054632843573447e26
-1.6389287277991124e26
-1.672322025518966e26
-1.705628076339722e26
-1.7388317086596374e26
-1.77191768857718e26
-1.804870728084749e26
-1.8376754933266218e26
-1.8703166129167837e26
-1.9027786863120024e26
-1.935046292235512e26
-1.9671039971466744e26
-1.9989363637518495e26
-2.0305279595518798e26
-2.0618633654212253e26
-2.0929271842140342e26
-2.1237040493924073e26
-2.154178633671782e26
-2.1843356576787387e26
-2.2141598986161876e26
-2.2436361989311675e26
-2.2727494749801073e26
-2.301484725686793e26
-2.3298270411879308e26
-2.357761611461456e26
-2.3852737349325128e26
-2.412348827052161e26
-2.4389724288439212e26
-2.4651302154130232e26
-2.4908080044135502e26
-2.5159917644684103e26
-2.540667623537326e26
-2.5648218772277836e26
-2.5884409970440882e26
-2.6115116385697373e26
-2.6340206495780855e26
-2.6559550780666157e26
-2.6773021802099026e26
-2.6980494282266476e26
-2.718184518155917e26
-2.737695377537903e26
-2.7565701729947084e26
-2.7747973177063515e26
-2.7923654787775782e26
-2.8092635844908783e26
-2.825480831441352e26
-2.8410066915489154e26
-2.855830918943597e26
-2.869943556719572e26
-2.8833349435537994e26
-2.895995720185014e26
-2.9079168357490706e26
-2.9190895539665847e26
-2.929505459178958e26
-2.939156462228885e26
-2.948034806181624e26
-2.956133071883247e26
-2.96344418335232e26
-2.9699614130014326e26
-2.9756783866851572e26
-2.9805890885710522e26
-2.984687865830464e26
-2.9879694331459675e26
-2.9904288770323093e26
-2.9920616599679625e26
-2.992863624334344e26
-2.9928309961599355e26
-2.991960388666677e26
-2.990248805615974e26
-2.9876936444520053e26
-2.9842926992397837e26
-2.980044163395906e26
-2.97494663220978e26
-2.968999105153335e26
-2.962200987977259e26
-2.95455209459208e26
-2.9460526487323755e26
-2.9367032854024914e26
-2.9265050521024927e26
-2.9154594098328896e26
-2.9035682338771092e26
-2.890833814360444e26
-2.8772588565847566e26
-2.8628464811380387e26
-2.847600223778038e26
-2.8315240350895906e26
-2.814622279915057e26
-2.7968997365576996e26
-2.7783615957576167e26
-2.7590134594404305e26
-2.7388613392386822e26
-2.7179116547860482e26
-2.6961712317849423e26
-2.673647299847757e26
-2.6503474901125355e26
-2.626279832633523e26
-2.6014527535477863e26
-2.5758750720186222e26
-2.549555996957057e26
-2.5225051235224365e26
-2.4947324294037434e26
-2.466248270883049e26
-2.437063378682499e26
-2.4071888535969932e26
-2.3766361619140486e26
-2.3454171306231694e26
-2.3135439424164612e26
-2.2810291304831456e26
-2.2478855731001565e26
-2.214126488021118e26
-2.179765426666713e26
-2.1448162681188137e26
-2.1092932129214996e26
-2.07321077669157e26
-2.0365837835420137e26
-1.999427359321454e26
-1.9617569246726824e26
-1.9235881879140197e26
-1.884937137746819e26
-1.845820035792849e26
-1.8062534089650022e26
-1.766254041675605e26
-1.7258389678858726e26
-1.6850254630008263e26
-1.6438310356134252e26
-1.6022734191025696e26
-1.5603705630890733e26
-1.5181406247538061e26
-1.4756019600229266e26
-1.4327731146244068e26
-1.3896728150207958e26
-1.3463199592225598e26
-1.3027336074872901e26
-1.2589329729094022e26
-1.2149374119051632e26
-1.1707664145984303e26
-1.1264395951118754e26
-1.0819766817691403e26
-1.0373975072127323e26
-9.927219984434411e25
-9.479701667863695e25
-9.031620977887458e25
-8.58317941055449e25
-8.13457900027315e25
-7.686022217080711e25
-7.237711863450524e25
-6.789850970698283e25
-6.342642695039822e25
-5.896290213359793e25
-5.4509966187451514e25
-5.006964815844422e25
-4.564397416108798e25
-4.123496632970088e25
-3.684464177018306e25
-3.2475011512328144e25
-2.8128079463280497e25
-2.3805841362678912e25
-1.951028374011688e25
-1.5243382875477146e25
-1.1007103762698474e25
-6.803399077602951e24
-2.63420815032192e24
1.4985440570715838e24
5.592947967188216e24
9.647110397586951e24
1.365915556412435e25
1.7627226076850384e25
2.1549483927832785e25
2.5424111470389637e25
2.9249312389143717e25
3.3023312660381515e25
3.6744361502120977e25
4.041073231338056e25
4.402072360208205e25
4.75726599010899e25
5.106489267181419e25
5.449580119487592e25
5.786379344733821e25
6.116730696595097e25
6.440480969594195e25
6.757480082483264e25
7.067581160082459e25
7.3706406135236115e25
7.666518218853609e25
7.955077193952979e25
8.236184273720182e25
8.509709783480392e25
8.77552771057253e25
9.033515774075068e25
9.283555492625009e25
9.525532250291119e25
9.759335360463338e25
9.98485812771601e25
1.020199790761043e26
1.0410656164397928e26
1.0610738526590782e26
1.0802154840363592e26
1.0984819220754252e26
1.1158650100631008e26
1.1323570277397338e26
1.1479506957402056e26
1.1626391798028002e26
1.1764160947433606e26
1.1892755081918748e26
1.2012119440892927e26
1.2122203859421007e26
1.2222962798326857e26
1.2314355371831995e26
1.2396345372711398e26
1.2468901294949927e26
1.2531996353880712e26
1.2585608503792244e26
1.2629720452990246e26
1.2664319676302726e26
1.2689398425016435e26
1.2704953734236151e26
1.2710987427660093e26
1.2707506119763006e26
1.269452121538388e26
1.2672048906713662e26
1.264011016768255e26
1.2598730745744488e26
1.2547941151061495e26
1.2487776643089204e26
1.2418277214568784e26
1.2339487572929382e26
1.2251457119108757e26
1.2154239923800374e26
1.2047894701137278e26
1.193248477982297e26
1.1808078071722947e26
1.167474703793146e26
1.1532568652328161e26
1.138162436264263e26
1.1222000049045389e26
1.1053785980284881e26
1.087707676739253e26
1.069197131497818e26
1.0498572770140922e26
1.0296988469020212e26
1.008732988101484e26
9.869712550698284e25
9.644256037459095e25
9.411083852899966e25
9.170323396024665e25
8.922105886249086e25
8.666566294270332e25
8.403843270830414e25
8.134079073412123e25
7.857419490905743e25
7.5740137662867625e25
7.284014517345742e25
6.987577655512537e25
6.684862302818665e25
6.376030707042172e25
6.0612481550810506e25
5.740682884601527e25
5.414505994009826e25
5.0828913507949515e25
4.746015498294743e25
4.404057560933172e25
4.057199147982715e25
3.7056242559039716e25
3.349519169315623e25
2.9890723606499518e25
2.624474388548872e25
2.2559177950561416e25
1.8835970016633838e25
1.5077082042669057e25
1.1284492670939705e25
7.460196156568585e24
3.6062012879525763e24
-2.7546970133776046e23
-4.1827822285649133e24
-8.113690465146026e24
-1.2066138446632484e25
-1.6038061188767197e25
-2.0027385808969667e25
-2.403203265261857e25
-2.8049916423504683e25
-3.2078947317809102e25
-3.6117032160976326e25
-4.0162075546826526e25
-4.421198097826982e25
-4.826465200897676e25
-5.231799338534951e25
-5.636991218815134e25
-6.041831897313781e25
-6.4461128910047015e25
-6.849626291929836e25
-7.252164880572819e25
-7.653522238875447e25
-8.053492862828483e25
-8.451872274574242e25
-8.848457133955572e25
-9.243045349448053e25
-9.63543618841032e25
-1.0025430386589811e26
-1.0412830256820162e26
-1.0797439796847938e26
-1.1179064796225649e26
-1.155751294220921e26
-1.1932593924598949e26
-1.2304119539462313e26
-1.2671903791678315e26
-1.3035762996244666e26
-1.339551587828621e26
-1.3750983671709158e26
-1.4101990216441117e26
-1.4448362054200883e26
-1.478992852274146e26
-1.5126521848510913e26
-1.5457977237676543e26
-1.578413296545868e26
-1.610483046372115e26
-1.6419914406766683e26
-1.6729232795286426e26
-1.703263703841353e26
-1.732998203383213e26
-1.762112624589366e26
-1.7905931781694958e26
-1.8184264465069857e26
-1.8455993908453576e26
-1.872099358257388e26
-1.897914088392803e26
-1.9230317200004673e26
-1.9474407972211352e26
-1.9711302756468636e26
-1.9940895281435e26
-2.0163083504326e26
-2.037776966429402e26
-2.0584860333335245e26
-2.0784266464692867e26
-2.097590343872644e26
-2.1159691106217997e26
-2.1335553829088844e26
-2.1503420518501197e26
-2.1663224670319077e26
-2.181490439790762e26
-2.1958402462248784e26
-2.209366629935388e26
-2.222064804495451e26
-2.23393045564562e26
-2.2449597432139094e26
-2.2551493027593044e26
-2.26449624693742e26
-2.2729981665874395e26
-2.2806531315393764e26
-2.2874596911410493e26
-2.2934168745041122e26
-2.298524190468942e26
-2.3027816272881053e26
-2.3061896520283285e26
-2.3087492096911383e26
-2.3104617220525154e26
-2.311329086222001e26
-2.3113536729217425e26
-2.3105383244864918e26
-2.3088863525854077e26
-2.3064015356666602e26
-2.303088116126358e26
-2.2989507972030478e26
-2.2939947395995426e26
-2.2882255578336424e26
-2.2816493163199272e26
-2.2742725251846113e26
-2.2661021358155462e26
-2.2571455361501283e26
-2.2474105457033122e26
-2.2369054103388017e26
-2.225638796785914e26
-2.2136197869055343e26
-2.2008578717080512e26
-2.1873629451268363e26
-2.1731452975504478e26
-2.158215609117528e26
-2.1425849427780163e26
-2.1262647371244143e26
-2.1092667989975152e26
-2.091603295870492e26
-2.0732867480159077e26
-2.0543300204597873e26
-2.034746314727738e26
-2.0145491603876514e26
-1.993752406393652e26
-1.972370212236664e26
-1.9504170389063646e26
-1.9279076396699738e26
-1.9048570506728755e26
-1.881280581366931e26
-1.8571938047718075e26
-1.832612547574828e26
-1.8075528800754814e26
-1.782031105980102e26
-1.7560637520529737e26
-1.7296675576295038e26
-1.7028594639980982e26
-1.6756566036565604e26
-1.6480762894496306e26
-1.6201360035936728e26
-1.5918533865953975e26
-1.5632462260709598e26
-1.5343324454718344e26
-1.5051300927245642e26
-1.4756573287907297e26
-1.4459324161542236e26
-1.4159737072422947e26
-1.3857996327876672e26
