7.49901796875e-14
7.505982509601567e10
1.204283247481928e12
6.124761560710715e12
1.9481503658812246e13
4.795217785003085e13
1.0042166021134842e14
1.882062991949115e14
3.253277802236408e14
5.2883644790733606e14
8.191839172437682e14
1.2206447787133945e15
1.7617871755035638e15
2.4759920041812685e15
3.40202046294597e15
4.584629644109961e15
6.075235839648004e15
7.932625200506243e15
1.022371136183938e16
1.3024339617432258e16
1.6420137197236438e16
2.0507409172192908e16
2.5394079480300944e16
3.120067653721102e16
3.806136286345167e16
4.61250081287291e16
5.555630498155274e16
6.653692699972586e16
7.926672806398424e16
9.396498242326978e16
1.1087166468576168e17
1.302487689348733e17
1.5238166613393517e17
1.7758049894722915e17
2.061816130684157e17
2.3854902411020083e17
2.750759190713328e17
3.161861913586971e17
3.6233600830339923e17
4.140154100703134e17
4.717499388206023e17
5.361022969462561e17
6.076740331546798e17
6.871072551399078e17
7.750863675350408e17
8.723398337981194e17
9.796419606407753e17
1.0978147035657882e18
1.2277294920360207e18
1.3703090727532518e18
1.5265293694810967e18
1.6974213578016512e18
1.8840729531506156e18
2.0876309104306322e18
2.3093027334573107e18
2.5503585924470195e18
2.8121332477100923e18
3.0960279776675584e18
3.403512509263898e18
3.736126948802992e18
4.095483711188871e18
4.483269445507689e18
4.901246954842315e18
5.351257108166068e18
5.835220742117573e18
6.355140550414768e18
6.913102958622126e18
7.511279981942039e18
8.151931063658787e18
8.837404891821018e18
9.570141191707752e18
1.035267249158188e19
1.1187625859195535e19
1.207772460647255e19
1.3025789959755194e19
1.403474269296567e19
1.5107604720996323e19
1.624750065060835e19
1.745765928608485e19
1.8741415086851908e19
2.0102209574250697e19
2.1543592684613784e19
2.306922406577129e19
2.4682874314086064e19
2.6388426149092356e19
2.818987552278964e19
3.009133266062215e19
3.209702303115547e19
3.4211288241444225e19
3.6438586855070007e19
3.8783495129814835e19
4.125070767192601e19
4.384503800391754e19
4.657141904284889e19
4.943490348601679e19
5.244066410099453e19
5.559399391695442e19
5.890030631421283e19
6.2365135008943006e19
6.599413393001056e19
6.9793076984897815e19
7.376785771169825e19
7.792448881417961e19
8.226910157693501e19
8.680794515766415e19
9.154738575365518e19
9.649390563956531e19
1.0165410207363231e20
1.070346860694857e20
1.1264248103076487e20
1.1848442124579353e20
1.2456755023960901e20
1.308990189806889e20
1.3748608393977761e20
1.443361049982633e20
1.5145654320362383e20
1.588549583695167e20
1.6653900651815898e20
1.7451643716271142e20
1.8279509042745655e20
1.913828940036354e20
2.002878599388911e20
2.0951808125835117e20
2.1908172841546672e20
2.2898704557082264e20
2.3924234669722327e20
2.4985601150946073e20
2.6083648121727297e20
2.721922541001072e20
2.83931880902409e20
2.96063960048278e20
3.0859713267443794e20
3.215400774805981e20
3.34901505396399e20
3.486901540642665e20
3.6291478213762325e20
3.775841633940495e20
3.9270708066310685e20
4.082923195686917e20
4.243486620859209e20
4.408848799126963e20
4.579097276562501e20
4.754319358351171e20
4.934602036971397e20
5.120031918542631e20
5.310695147350438e20
5.5066773285595224e20
5.708063449127167e20
5.914937796931212e20
6.127383878128426e20
6.345484332760792e20
6.569320848628995e20
6.798974073454137e20
7.034523525350539e20
7.276047501634098e20
7.523622985992735e20
7.777325554047071e20
8.037229277331406e20
8.3034066257269e20
8.575928368380671e20
8.854863473146504e20
9.14027900458456e20
9.432240020559508e20
9.730809467478328e20
1.0036048074210897e21
1.0348014244738379e21
1.0666763949576368e21
1.0992350616021513e21
1.1324825017272364e21
1.166423516047699e21
1.201062617376174e21
1.236404019229756e21
1.272451624346189e21
1.3092090131156178e21
1.3466794319340938e21
1.3848657814851782e21
1.4237706049562102e21
1.4633960761959365e21
1.5037439878204254e21
1.5448157392743202e21
1.586612324854672e21
1.6291343217047865e21
1.672381877785625e21
1.7163546998325473e21
1.7610520413052448e21
1.8064726903389705e21
1.8526149577052416e21
1.8994766647903915e21
1.947055131600473e21
1.995347164801161e21
2.0443490458014397e21
2.0940565188899955e21
2.1444647794333505e21
2.1955684621449314e21
2.247361629434341e21
2.299837759846244e21
2.3529897365983844e21
2.406809836228351e21
2.4612897173587844e21
2.5164204095908725e21
2.5721923025359764e21
2.6285951349954e21
2.685617984298332e21
2.7432492558080604e21
2.801476672606671e21
2.8602872653684146e21
2.9196673624320513e21
2.979602580082485e21
3.0400778130520135e21
3.101077225251611e21
3.162584240742603e21
3.224581534959168e21
3.2870510261920685e21
3.349973867344006e21
3.4133304379670313e21
3.477100336592357e21
3.541262373362938e21
3.6057945629791365e21
3.6706741179677535e21
3.735877442284612e21
3.801380125260915e21
3.867156935903424e21
3.933181817558489e21
3.9994278829498727e21
4.0658674096002145e21
4.132471835645842e21
4.1992117560545976e21
4.266056919256161e21
4.332976224194267e21
4.399937717810054e21
4.4669085929656424e21
4.5338551868169005e21
4.600742979644192e21
4.667536594149669e21
4.734199795229619e21
4.800695490230061e21
4.866985729693658e21
4.933031708605789e21
4.998793768147421e21
5.064231397962181e21
5.129303238944822e21
5.193967086558005e21
5.258179894684119e21
5.321897780018551e21
5.385076027010615e21
5.447669093358039e21
5.509630616060601e21
5.570913418038337e21
5.631469515319305e21
5.691250124801662e21
5.750205672594555e21
5.808285802941866e21
5.865439387732678e21
5.921614536601926e21
5.976758607624361e21
6.030818218604606e21
6.083739258965828e21
6.13546690223902e21
6.185945619154715e21
6.235119191338471e21
6.282930725611062e21
6.329322668894152e21
6.374236823721494e21
6.417614364355679e21
6.459395853509794e21
6.499521259673093e21
6.537929975039333e21
6.574560834036083e21
6.609352132452767e21
6.642241647165015e21
6.673166656452244e21
6.70206396090515e21
6.728869904919282e21
6.753520398770513e21
6.775950941267693e21
6.796096642977501e21
6.813892250015951e21
6.829272168400633e21
6.84217048895735e21
6.852521012774391e21
6.860257277197223e21
6.865312582355957e21
6.867620018217546e21
6.867112492154266e21
6.863722757019483e21
6.857383439721467e21
6.848027070285456e21
6.835586111393797e21
6.819992988393559e21
6.801180119760683e21
6.779079948009154e21
6.753624971033454e21
6.724747773872043e21
6.692381060879213e21
6.656457688292354e21
6.616910697181143e21
6.573673346764975e21
6.52667914808429e21
6.475861898011442e21
6.421155713586048e21
6.362495066659553e21
6.299814818833505e21
6.233050256675348e21
6.162137127195632e21
6.087011673569801e21
6.007610671087688e21
5.923871463313452e21
5.835731998438175e21
5.743130865807486e21
5.646007332605753e21
5.544301380678605e21
5.437953743474858e21
5.326905943089006e21
5.211100327384866e21
5.090480107181058e21
4.964989393478464e21
4.834573234709819e21
4.69917765399126e21
4.558749686355523e21
4.4132374159462315e21
4.2625900131526776e21
4.1067577716641324e21
3.9456921454228176e21
3.779345785454377e21
3.6076725765545373e21
3.430627673810767e21
3.2481675389373503e21
3.0602499764024194e21
2.8668341693254137e21
2.6678807151232135e21
2.463351660883383e21
2.253210538442773e21
2.037422399149759e21
1.8159538482885092e21
1.5887730791434522e21
1.3558499066824082e21
1.1171558008366993e21
8.726639193568806e20
6.22349140222227e20
3.661880935831723e20
1.0415919321482002e20
-1.6375733253901622e20
-4.375794103528328e20
-7.173230920578153e20
-1.0030025253528173e21
-1.2946299251079032e21
-1.5922155452813274e21
-1.8957676514694694e21
-2.2052924941102033e21
-2.520794282358797e21
-2.842275158656232e21
-3.169735174008541e21
-3.503172263996568e21
-3.842582225534114e21
-4.1879586943933056e21
-4.5392931235143667e21
-4.896574762118272e21
-5.259790635638477e21
-5.628925526489564e21
-6.003961955688388e21
-6.384880165344611e21
-6.771658102035496e21
-7.164271401081126e21
-7.562693371733841e21
-7.966894983297324e21
-8.376844852188343e21
-8.792509229955411e21
-9.213851992266662e21
-9.640834628880037e21
-1.007341623460727e22
-1.0511553501283704e22
-1.0955200710754297e22
-1.1404309728886885e22
-1.185883000062219e22
-1.231870854606993e22
-1.2783889957660387e22
-1.325431639835864e22
-1.372992760095045e22
-1.4210660868405475e22
-1.4696451075325697e22
-1.5187230670483658e22
-1.568292968045699e22
-1.6183475714362888e22
-1.6688793969697646e22
-1.7198807239283526e22
-1.7713435919327169e22
-1.8232598018590392e22
-1.8756209168676173e22
-1.928418263542976e22
-1.9816429331456048e22
-2.035285782975224e22
-2.0893374378455316e22
-2.143788291670236e22
-2.198628509160172e22
-2.253848027631189e22
-2.3094365589224926e22
-2.3653835914249545e22
-2.4216783922190023e22
-2.478310009321444e22
-2.535267274040698e22
-2.5925388034396744e22
-2.6501130029056624e22
-2.707978068826325e22
-2.766121991371018e22
-2.824532557376434e22
-2.883197353335664e22
-2.9421037684895387e22
-3.0012389980192163e22
-3.060590046338786e22
-3.1201437304867126e22
-3.179886683614763e22
-3.2398053585731633e22
-3.299886031590471e22
-3.360114806046814e22
-3.420477616338877e22
-3.4809602318351695e22
-3.541548260919869e22
-3.602227155123579e22
-3.6629822133393575e22
-3.7237985861220983e22
-3.784661280069597e22
-3.84555516228328e22
-3.906464964906817e22
-3.967375289740537e22
-4.028270612929744e22
-4.089135289724774e22
-4.149953559310831e22
-4.2107095497053575e22
-4.271387282720865e22
-4.331970678990936e22
-4.392443563057272e22
-4.4527896685153775e22
-4.512992643216761e22
-4.573036054525103e22
-4.632903394624258e22
-4.692578085875511e22
-4.7520434862218744e22
-4.811282894636769e22
-4.87027955661488e22
-4.929016669702508e22
-4.987477389065093e22
-5.045644833089268e22
-5.103502089017069e22
-5.16103221860964e22
-5.218218263838017e22
-5.275043252598346e22
-5.331490204449071e22
-5.387542136367468e22
-5.443182068523053e22
-5.498393030065225e22
-5.553158064922664e22
-5.607460237611892e22
-5.661282639052489e22
-5.714608392386422e22
-5.7674206587989694e22
-5.819702643338711e22
-5.871437600734147e22
-5.922608841204416e22
-5.973199736261665e22
-6.0231937245026655e22
-6.072574317387211e22
-6.1213251050009946e22
-6.1694297618004346e22
-6.216872052337346e22
-6.263635836960913e22
-6.3097050774949144e22
-6.35506384288772e22
-6.399696314833121e22
-6.443586793359587e22
-6.486719702385979e22
-6.529079595241566e22
-6.5706511601483215e22
-6.611419225663474e22
-6.651368766080414e22
-6.69048490678599e22
-6.72875292957237e22
-6.766158277901655e22
-6.8026865621214995e22
-6.838323564630052e22
-6.873055244988492e22
-6.906867744979699e22
-6.9397473936114195e22
-6.971680712062543e22
-7.002654418570951e22
-7.032655433261777e22
-7.061670882914591e22
-7.0896881056684544e22
-7.116694655663535e22
-7.1426783076183125e22
-7.1676270613413054e22
-7.191529146176302e22
-7.214373025380289e22
-7.2361474004332036e22
-7.256841215278779e22
-7.27644366049575e22
-7.294944177398935e22
-7.312332462069391e22
-7.3285984693135245e22
-7.343732416550415e22
-7.357724787627287e22
-7.370566336562668e22
-7.3822480912172e22
-7.3927613568919e22
-7.4020977198538796e22
-7.410249050789509e22
-7.417207508185149e22
-7.422965541635648e22
-7.427515895080808e22
-7.430851609970119e22
-7.432966028356255e22
-7.433852795917602e22
-7.43350586491056e22
-7.4319194970520065e22
-7.429088266332674e22
-7.425007061762238e22
-7.419671090046767e22
-7.41307587819944e22
-7.405217276085495e22
-7.396091458902362e22
-7.3856949295959924e22
-7.374024521214533e22
-7.36107739920045e22
-7.3468510636223934e22
-7.331343351348012e22
-7.3145524381591016e22
-7.29647684081036e22
-7.277115419033346e22
-7.256467377486951e22
-7.234532267656056e22
-7.211309989699794e22
-7.1868007942511735e22
-7.1610052841696334e22
-7.133924416248271e22
-7.105559502877383e22
-7.075912213666223e22
-7.044984577024675e22
-7.0127789817067e22
-6.979298178317372e22
-6.9445452807854686e22
-6.90852376780344e22
-6.871237484236721e22
-6.832690642504303e22
-6.7928878239325306e22
-6.751833980084103e22
-6.709534434064237e22
-6.665994881805999e22
-6.621221393336736e22
-6.575220414027701e22
-6.527998765828718e22
-6.4795636484900706e22
-6.429922640773287e22
-6.379083701653146e22
-6.327055171512534e22
-6.2738457733323414e22
-6.219464613878094e22
-6.163921184885392e22
-6.107225364245919e22
-6.049387417195914e22
-5.990417997508834e22
-5.930328148694111e22
-5.869129305203582e22
-5.806833293647471e22
-5.743452334021336e22
-5.6789990409458084e22
-5.613486424920579e22
-5.546927893594111e22
-5.479337253050535e22
-5.41072870911517e22
-5.341116868679921e22
-5.270516741049829e22
-5.198943739312042e22
-5.126413681728135e22
-5.052942793151064e22
-4.978547706467527e22
-4.903245464066792e22
-4.827053519336558e22
-4.749989738186878e22
-4.672072400602519e22
-4.593320202224482e22
-4.513752255960944e22
-4.433388093628234e22
-4.352247667621828e22
-4.270351352617782e22
-4.18771994730439e22
-4.10437467614428e22
-4.020337191166583e22
-3.935629573789076e22
-3.850274336669751e22
-3.764294425587492e22
-3.6777132213511333e22
-3.5905545417362466e22
-3.5028426434487454e22
-3.4146022241144473e22
-3.3258584242933962e22
-3.2366368295178463e22
-3.146963472352518e22
-3.056864834475616e22
-2.9663678487791724e22
-2.8754999014868554e22
-2.7842888342875207e22
-2.6927629464823715e22
-2.6009509971438615e22
-2.5088822072838415e22
-2.416586262028845e22
-2.3240933127997394e22
-2.2314339794933602e22
-2.1386393526632056e22
-2.0457409956963947e22
-1.9527709469836975e22
-1.8597617220796994e22
-1.7667463158496005e22
-1.6737582045993858e22
-1.5808313481856073e22
-1.4880001921013101e22
-1.3952996695341087e22
-1.3027652033925825e22
-1.210432708296765e22
-1.1183385925286978e22
-1.0265197599385763e22
-9.350136118021313e21
-8.438580486245422e21
-7.530914718863304e21
-6.627527857263132e21
-5.728813985567145e21
-4.835172246053987e21
-3.9470068537999176e21
-3.0647271104872186e21
-2.18874741732523e21
-1.3194872870296386e21
-4.5737135480323545e20
3.9717061173749534e20
1.2437037037486258e21
2.08178786351615e21
2.9109778780451494e21
3.7308233739397476e21
4.540868813636323e21
5.340653493051709e21
6.129711540709783e21
6.907571918409034e21
7.673758423496501e21
8.42778969281203e21
9.169179208369417e21
9.897435304839346e21
1.0612061178901358e22
1.1312554900531458e22
1.1998409426293353e22
1.2669112614700225e22
1.3324147243715412e22
1.3962991030460691e22
1.4585116653199661e22
1.5189991775666356e22
1.5777079073805965e22
1.6345836264998035e22
1.689571613982945e22
1.7426166596487784e22
1.7936630677840882e22
1.842654661127378e22
1.8895347851348486e22
1.9342463125356913e22
1.97673164818318e22
2.016932734208485e22
2.0547910554836483e22
2.0902476454005257e22
2.1232430919720007e22
2.153717544262143e22
2.18161071915146e22
2.206861908443828e22
2.2294099863210293e22
2.2491934171512514e22
2.2661502636573634e22
2.280218195451069e22
2.291334497938628e22
2.299436081603828e22
2.3044594916737086e22
2.306340918172657e22
2.305016206369877e22
2.300420867625545e22
2.2924900906405267e22
2.2811587531145583e22
2.266361433817455e22
2.248032425077864e22
2.2261057456937655e22
2.2005151542690277e22
2.171194162979707e22
2.138076051773896e22
2.1010938830086314e22
2.0601805165271684e22
2.015268625179686e22
1.966290710790187e22
1.913179120572312e22
1.855866063996469e22
1.7942836301103345e22
1.728363805314631e22
1.6580384915957907e22
1.5832395252170714e22
1.5038986958689133e22
1.419947766279668e22
1.331318492286983e22
1.2379426433704936e22
1.1397520236453843e22
1.0366784933168448e22
9.286539905945668e21
8.156105540667439e21
6.97480345531909e21
5.741956732874415e21
4.45689015872693e21
3.118930462648658e21
1.727406565247519e21
2.8164982889919388e20
-1.2190056868811836e21
-2.7752229656580556e21
-4.3876617699280143e21
-6.056978372643678e21
-7.783825284456952e21
-9.568850976725071e21
-1.141269960033737e22
-1.331601070041483e22
-1.5279418926939675e22
-1.730355374138163e22
-1.9389039119383396e22
-2.1536493249577852e22
-2.3746528228605554e22
-2.601974975241528e22
-2.8356756803923267e22
-3.0758141337118523e22
-3.3224487957697416e22
-3.5756373600324794e22
-3.8354367202611306e22
-4.101902937590918e22
-4.375091207302436e22
-4.6550558252955735e22
-4.941850154276674e22
-5.235526589670551e22
-5.536136525268499e22
-5.84373031862498e22
-6.1583572562147275e22
-6.480065518363503e22
-6.808902143964847e22
-7.144912994997057e22
-7.4881427208534546e22
-7.838634722500495e22
-8.19643111647754e22
-8.561572698753758e22
-8.934098908456543e22
-9.314047791487463e22
-9.70145596404064e22
-1.0096358576040399e23
-1.0498789274513976e23
-1.0908780166916211e23
-1.1326361784422557e23
-1.1751563045208558e23
-1.2184411217732358e23
-1.2624931884038688e23
-1.3073148903101633e23
-1.3529084374225306e23
-1.3992758600520294e23
-1.4464190052475116e23
-1.4943395331641195e23
-1.543038913445129e23
-1.592518421619046e23
-1.642779135513899e23
-1.693821931690787e23
-1.7456474818986378e23
-1.798256249552241e23
-1.851648486235549e23
-1.9058242282323767e23
-1.960783293086529e23
-2.0165252761935007e23
-2.0730495474257576e23
-2.1303552477938426e23
-2.1884412861453625e23
-2.2473063359040218e23
-2.306948831850818e23
-2.3673669669496335e23
-2.428558689219314e23
-2.4905216986544814e23
-2.553253444197159e23
-2.6167511207615006e23
-2.6810116663137236e23
-2.746031759009513e23
-2.8118078143909602e23
-2.8783359826453517e23
-2.945612145927901e23
-3.0136319157506694e23
-3.082390630439735e23
-3.151883352662926e23
-3.2221048670301357e23
-3.293049677768511e23
-3.3647120064744656e23
-3.437085789944841e23
-3.5101646780891814e23
-3.583942031925339e23
-3.658410921660357e23
-3.7335641248588123e23
-3.8093941247006235e23
-3.8858931083303515e23
-3.96305296529996e23
-4.040865286107106e23
-4.1193213608308144e23
-4.198412177866596e23
-4.278128422762754e23
-4.3584604771598885e23
-4.439398417835443e23
-4.520932015854978e23
-4.603050735832131e23
-4.685743735298879e23
-4.768999864187925e23
-4.8528076644287615e23
-4.937155369659199e23
-5.0220309050538364e23
-5.10742188727114e23
-5.193315624520541e23
-5.279699116751142e23
-5.3665590559633686e23
-5.453881826645057e23
-5.541653506333181e23
-5.6298598663026606e23
-5.71848637238336e23
-5.8075181859066345e23
-5.8969401647823374e23
-5.986736864707603e23
-6.0768925405083e23
-6.167391147614207e23
-6.258216343668767e23
-6.349351490274343e23
-6.440779654873775e23
-6.532483612768984e23
-6.624445849277246e23
-6.71664856202591e23
-6.809073663385973e23
-6.90170278304508e23
-6.994517270720422e23
-7.087498199011813e23
-7.180626366395361e23
-7.273882300357866e23
-7.367246260672205e23
-7.46069824281375e23
-7.554217981517896e23
-7.647784954478628e23
-7.741378386188044e23
-7.834977251916666e23
-7.928560281834275e23
-8.022105965270967e23
-8.115592555117998e23
-8.208998072368066e23
-8.302300310794334e23
-8.395476841767695e23
-8.488505019211593e23
-8.581361984693559e23
-8.674024672652762e23
-8.766469815762507e23
-8.858673950426814e23
-8.950613422410023e23
-9.04226439259819e23
-9.133602842891177e23
-9.224604582224087e23
-9.315245252716698e23
-9.405500335949489e23
-9.495345159364727e23
-9.58475490279099e23
-9.673704605089576e23
-9.762169170920967e23
-9.850123377629554e23
-9.937541882244787e23
-1.0024399228596799e24
-1.0110669854544369e24
-1.0196328099313285e24
-1.0281348210942805e24
-1.0365704353838052e24
-1.0449370616426e24
-1.0532321018912648e24
-1.0614529521138951e24
-1.0695970030533017e24
-1.0776616410155919e24
-1.0856442486838521e24
-1.0935422059406511e24
-1.1013528906990992e24
-1.1090736797421679e24
-1.1167019495699749e24
-1.1242350772547492e24
-1.1316704413031626e24
-1.1390054225257228e24
-1.1462374049129095e24
-1.153363776517734e24
-1.1603819303443904e24
-1.167289265242678e24
-1.1740831868078431e24
-1.1807611082855028e24
-1.1873204514813047e24
-1.1937586476749676e24
-1.2000731385383455e24
-1.2062613770571509e24
-1.2123208284559694e24
-1.2182489711262037e24
-1.2240432975565608e24
-1.2297013152657033e24
-1.2352205477366906e24
-1.2405985353528183e24
-1.2458328363344618e24
-1.2509210276765368e24
-1.2558607060861763e24
-1.260649488920229e24
-1.2652850151221727e24
-1.269764946158039e24
-1.274086966950944e24
-1.2782487868138197e24
-1.2822481403799234e24
-1.2860827885307274e24
-1.2897505193207636e24
-1.2932491488990172e24
-1.2965765224264423e24
-1.299730514989194e24
-1.30270903250715e24
-1.305510012637308e24
-1.3081314256716424e24
-1.3105712754289947e24
-1.312827600140587e24
-1.314898473328738e24
-1.3167820046783637e24
-1.3184763409008498e24
-1.3199796665898717e24
-1.3212902050687674e24
-1.3224062192290285e24
-1.3233260123595174e24
-1.3240479289659884e24
-1.3245703555805222e24
-1.3248917215604554e24
-1.3250104998764107e24
-1.324925207889037e24
-1.3246344081140502e24
-1.3241367089751972e24
-1.323430765544743e24
-1.3225152802711131e24
-1.3213890036932955e24
-1.320050735141636e24
-1.318499323424652e24
-1.3167336675015047e24
-1.314752717139759e24
-1.3125554735580884e24
-1.3101409900535498e24
-1.3075083726131212e24
-1.3046567805091263e24
-1.3015854268782302e24
-1.2982935792836765e24
-1.294780560260453e24
-1.291045747843052e24
-1.2870885760755404e24
-1.2829085355036177e24
-1.2785051736483962e24
-1.273878095461585e24
-1.2690269637618294e24
-1.263951499651909e24
-1.2586514829165642e24
-1.2531267524006576e24
-1.2473772063674617e24
-1.2414028028367988e24
-1.23520355990285e24
-1.2287795560313604e24
-1.2221309303360738e24
-1.21525788283416e24
-1.2081606746804772e24
-1.2008396283804481e24
-1.1932951279814072e24
-1.1855276192422236e24
-1.1775376097810901e24
-1.1693256692012771e24
-1.1608924291947631e24
-1.1522385836235838e24
-1.1433648885788195e24
-1.1342721624170781e24
-1.1249612857744013e24
-1.1154332015575216e24
-1.1056889149123658e24
-1.0957294931697686e24
-1.0855560657683255e24
-1.0751698241543763e24
-1.0645720216590416e24
-1.0537639733523367e24
-1.042747055874322e24
-1.0315227072433255e24
-1.0200924266412174e24
-1.0084577741757864e24
-9.96620370620233e23
-9.845818971298567e23
-9.723440949359629e23
-9.599087650170758e23
-9.472777677475268e23
-9.344530225235396e23
-9.21436507366866e23
-9.082302585061291e23
-8.948363699359629e23
-8.81256992954132e23
-8.674943356767149e23
-8.53550662531561e23
-8.394282937301556e23
-8.251296047181042e23
-8.106570256043857e23
-7.960130405696102e23
-7.812001872534629e23
-7.662210561215901e23
-7.510782898121207e23
-7.357745824620915e23
-7.203126790140052e23
-7.046953745028265e23
-6.889255133236264e23
-6.730059884802079e23
-6.569397408149713e23
-6.40729758220353e23
-6.24379074832107e23
-6.078907702047844e23
-5.912679684697083e23
-5.7451383747582226e23
-5.5763158791371274e23
-5.4062447242317784e23
-5.234957846847352e23
-5.0624885849538135e23
-4.888870668290346e23
-4.714138208820078e23
-4.5383256910395124e23
-4.3614679621461366e23
-4.1836002220687416e23
-4.004758013364275e23
-3.8249772109858824e23
-3.644294011925887e23
-3.462744924738487e23
-3.2803667589463936e23
-3.097196614335928e23
-2.9132718701451166e23
-2.728630174149222e23
-2.543309431648715e23
-2.357347794363858e23
-2.1707836492410314e23
-1.9836556071752453e23
-1.7960024916541038e23
-1.607863327327471e23
-1.4192773285082e23
-1.2302838876084704e23
-1.0409225635171389e23
-8.512330699224822e22
-6.612552635857996e22
-4.7102913257051894e22
-2.805947844322816e22
-8.999243437450211e21
1.0073760662512193e22
2.9155494371240175e22
4.824191100732662e22
6.732895788646588e22
8.641257751542154e22
1.054887087863992e23
1.245532881712744e23
1.4360225091522535e23
1.6263153222922433e23
1.8163706848091575e23
2.0061479838333993e23
2.1956066418105622e23
2.3847061283312818e23
2.5734059719250875e23
2.76166577181292e23
2.9494452096139817e23
3.1367040610018045e23
3.323402207304538e23
3.509499647045189e23
3.6949565074166973e23
3.879733055687477e23
4.0637897105324236e23
4.247087053285334e23
4.429585839107827e23
4.611247008070625e23
4.7920316961424125e23
4.9719012460824574e23
5.150817218232349e23
5.3287414012029505e23
5.505635822452063e23
5.681462758749299e23
5.856184746523729e23
6.0297645920908153e23
6.202165381754344e23
6.373350491780198e23
6.543283598237945e23
6.711928686706923e23
6.879250061843097e23
7.045212356803704e23
7.209780542526124e23
7.372919936858046e23
7.534596213535488e23
7.694775411006203e23
7.853423941095208e23
8.010508597509992e23
8.165996564182273e23
8.319855423444399e23
8.472053164037408e23
8.622558188948828e23
8.771339323077546e23
8.91836582072417e23
9.063607372904488e23
9.207034114484493e23
9.348616631134705e23
9.488325966102827e23
9.626133626802703e23
9.762011591218503e23
9.89593231412247e23
1.0027868733105585e24
1.0157794274419814e24
1.0285682858630943e24
1.0411508906081463e24
1.0535247342162739e24
1.0656873602395971e24
1.0776363637321312e24
1.0893693917195216e24
1.1008841436495607e24
1.1121783718234933e24
1.1232498818081035e24
1.1340965328286348e24
1.144716238142541e24
1.1551069653941492e24
1.1652667369502542e24
1.1751936302167531e24
1.1848857779363778e24
1.1943413684676329e24
1.2035586460450284e24
1.2125359110207576e24
1.2212715200879077e24
1.2297638864853983e24
1.2380114801847416e24
1.2460128280588463e24
1.2537665140330005e24
1.2612711792182554e24
1.2685255220273677e24
1.275528298273562e24
1.2822783212522794e24
1.2887744618062023e24
1.2950156483737392e24
1.3010008670212668e24
1.3067291614593643e24
1.3121996330433332e24
1.317411440758257e24
1.3223638011889179e24
1.3270559884748668e24
1.3314873342509337e24
1.335657227573519e24
1.3395651148329877e24
1.3432104996524975e24
1.3465929427736004e24
1.3497120619289713e24
1.3525675317026166e24
1.355159083377953e24
1.3574865047740636e24
1.3595496400705927e24
1.3613483896215964e24
1.362882709758775e24
1.3641526125844609e24
1.3651581657547799e24
1.365899492253379e24
1.3663767701561491e24
1.366590232387309e24
1.366540166467343e24
1.366226914253141e24
1.3656508716708283e24
1.3648124884416476e24
1.3637122678013914e24
1.362350766213762e24
1.360728593078128e24
1.3588464104321034e24
1.356704932649359e24
1.3543049261331645e24
1.3516472090060357e24
1.3487326507959604e24
1.345562172119633e24
1.3421367443631256e24
1.3384573893604516e24
1.3345251790704315e24
1.3303412352523005e24
1.3259067291405007e24
1.3212228811190731e24
1.316290960396067e24
1.3111122846784062e24
1.3056882198476107e24
1.3000201796367941e24
1.294109625309357e24
1.2879580653397377e24
1.2815670550966786e24
1.2749381965293557e24
1.268073137856765e24
1.2609735732607547e24
1.253641242583082e24
1.246077931026834e24
1.2382854688626002e24
1.2302657311397304e24
1.222020637403018e24
1.2135521514151586e24
1.2048622808852923e24
1.1959530772039566e24
1.1868266351847488e24
1.1774850928129955e24
1.1679306310017161e24
1.1581654733551746e24
1.1481918859402308e24
1.1380121770658154e24
1.1276286970707195e24
1.117043838119953e24
1.1062600340098808e24
1.0952797599823514e24
1.084105532548001e24
1.07273990931894e24
1.0611854888509408e24
1.0494449104953443e24
1.037520854260783e24
1.0254160406848571e24
1.0131332307158966e24
1.0006752256048828e24
9.88044866807636e23
9.752450358973395e23
9.622786544874282e23
9.491486841649293e23
9.358581264342502e23
9.224100226714338e23
9.088074540888778e23
8.950535417105025e23
8.8115144635733e23
8.671043686434196e23
8.529155489821188e23
8.385882676024959e23
8.241258445759234e23
8.095316398526501e23
7.948090533082556e23
7.799615247998314e23
7.649925342317365e23
7.499056016307429e23
7.347042872303974e23
7.193921915643437e23
7.039729555684444e23
6.88450260691412e23
6.72827829013714e23
6.571094233744767e23
6.412988475060932e23
6.253999461762423e23
6.094166053369973e23
5.933527522806659e23
5.772123558020536e23
5.6099942636675156e23
5.44718016285083e23
5.283722198913034e23
5.119661737276589e23
4.9550405673286215e23
4.78990090434558e23
4.624285391453327e23
4.4582371016176294e23
4.2917995396608e23
4.125016644299113e23
3.957932790196122e23
3.7905927900266014e23
3.623041896545873e23
3.455325804658935e23
3.2874906534841125e23
3.119583028405005e23
2.9516499631056152e23
2.7837389415822368e23
2.615897900126315e23
2.4481752292721178e23
2.2806197757029984e23
2.11328084410992e23
1.946208198996043e23
1.7794520664203754e23
1.6130631356746116e23
1.4470925608859633e23
1.2815919625395246e23
1.1166134289132915e23
9.522095174190246e22
7.884332558419833e22
6.253381434725873e22
4.629781521231422e22
3.014077270220735e22
1.4068178757920848e22
-1.9144271985518125e21
-1.7801458215689434e22
-3.358727977901392e22
-4.9266209793453414e22
-6.483251858224432e22
-8.028042890306005e22
-9.560411598215676e22
-1.1079770756718195e23
-1.2585528399942907e23
-1.4077087830623655e23
-1.555384763142606e23
-1.7015201678433448e23
-1.8460539156864096e23
-1.9889244579088388e23
-2.13006978050226e23
-2.2694274064961714e23
-2.40693439849277e23
-2.5425273614599158e23
-2.6761424457892408e23
-2.8077153506261083e23
-2.9371813274781833e23
-3.064475184109259e23
-3.18953128872477e23
-3.3122835744557684e23
-3.432665544147265e23
-3.550610275457464e23
-3.6660504262740687e23
-3.778918240453449e23
-3.889145553888797e23
-3.996663800912867e23
-4.101404021040963e23
-4.2032968660599046e23
-4.302272607467848e23
-4.398261144270513e23
-4.491192011138845e23
-4.5809943869327306e23
-4.6675971035957494e23
-4.7509286554252635e23
-4.830917208722338e23
-4.907490611825707e23
-4.980576405533485e23
-5.0501018339166395e23
-5.1159938555278097e23
-5.178179155008704e23
-5.236584155099234e23
-5.291135029051556e23
-5.341757713451487e23
-5.388377921449772e23
-5.430921156405852e23
-5.469312725945722e23
-5.5034777564359036e23
-5.533341207875037e23
-5.5588278892043655e23
-5.5798624740383704e23
-5.5963695168160384e23
-5.608273469373468e23
-5.615498697938209e23
-5.6179695005452434e23
-5.61561012487416e23
-5.608344786507528e23
-5.596097687608875e23
-5.5787930360202514e23
-5.5563550647768535e23
-5.528708052038013e23
-5.495776341432184e23
-5.45748436281367e23
-5.413756653428834e23
-5.364517879488804e23
-5.309692858145665e23
-5.2492065798687966e23
-5.182984231217321e23
-5.1109512180055296e23
-5.033033188855863e23
-4.949156059135812e23
-4.8592460352733686e23
-4.763229639445929e23
-4.661033734637312e23
-4.552585550056962e23
-4.437812706915005e23
-4.316643244547661e23
-4.189005646884976e23
-4.0548288692550894e23
-3.9140423655169836e23
-3.766576115514444e23
-3.6123606528433854e23
-3.4513270929237227e23
-3.283407161368676e23
-3.10853322264104e23
-2.9266383089884183e23
-2.7376561496479282e23
-2.5415212003103578e23
-2.3381686728341364e23
-2.1275345651989124e23
-1.9095556916875893e23
-1.6841697132875796e23
-1.4513151682982082e23
-1.210931503134489e23
-9.629591033148987e22
-7.073393246217298e22
-4.440145244215642e22
-1.7292809313370545e22
1.0597551416644985e22
3.927507460208311e22
6.8745092275365925e22
9.90128204540036e22
1.3008335593922764e23
1.619616731077535e23
1.946526206980967e23
2.2816091859284553e23
2.62491154598391e23
2.9764778122343156e23
3.336351124579354e23
3.704573205539194e23
4.0811843280962e23
4.466223283585772e23
4.85972734965207e23
5.261732258284064e23
5.672272163948504e23
6.091379611834158e23
6.519085506225771e23
6.955419079022194e23
7.400407858416074e23
7.854077637751128e23
8.316452444574021e23
8.787554509897267e23
9.267404237690782e23
9.756020174617094e23
1.0253418980029846e24
1.075961539625061e24
1.1274622219141957e24
1.1798450268993929e24
1.2331108361740747e24
1.287260328052606e24
1.3422939747631787e24
1.3982120396790654e24
1.4550145745897595e24
1.512701417013811e24
1.5712721875550742e24
1.6307262873040826e24
1.6910628952862715e24
1.752280965958828e24
1.814379226757669e24
1.8773561756965598e24
1.9412100790198106e24
2.0059389689103726e24
2.0715406412549464e24
2.1380126534678224e24
2.2053523223750365e24
2.2735567221606428e24
2.3426226823764347e24
2.4125467860170898e24
2.483325367662077e24
2.5549545116860164e24
2.627430050539043e24
2.7007475630987115e24
2.774902373094964e24
2.849889547609769e24
2.9257038956526615e24
3.0023399668139846e24
3.079792049997034e24
3.1580541722305955e24
3.2371200975633053e24
3.316983326041115e24
3.3976370927692593e24
3.479074367060122e24
3.5612878516679806e24
3.6442699821122876e24
3.728012926090401e24
3.8125085829810863e24
3.8977485834399296e24
3.9837242890877316e24
4.070426792293142e24
4.157846916050243e24
4.24597521395253e24
4.334801970263957e24
4.424317200088106e24
4.514510649636372e24
4.605371796596044e24
4.6968898505990506e24
4.78905375379231e24
4.881852181510114e24
4.975273543049657e24
5.069305982550032e24
5.163937379975507e24
5.259155352203526e24
5.354947254218066e24
5.451300180408742e24
5.548200965976234e24
5.645636188444141e24
5.743592169277977e24
5.842054975611332e24
5.941010422079514e24
6.040444072760938e24
6.140341243226286e24
6.240687002695652e24
6.341466176303713e24
6.442663347472758e24
6.544262860393749e24
6.646248822615227e24
6.748605107739835e24
6.851315358228324e24
6.954362988310802e24
7.057731187004835e24
7.16140292124021e24
7.265360939089593e24
7.369587773105096e24
7.474065743759839e24
7.578776962994124e24
7.683703337865547e24
7.788826574302368e24
7.894128180959428e24
7.999589473175835e24
8.105191577033495e24
8.210915433515723e24
8.316741802764959e24
8.422651268438529e24
8.528624242161462e24
8.634640968075226e24
8.74068152748139e24
8.846725843578642e24
8.952753686292361e24
9.058744677195137e24
9.164678294516958e24
9.270533878243724e24
9.376290635302535e24
9.481927644832292e24
9.587423863538161e24
9.692758131128006e24
9.797909175829527e24
9.902855619986094e24
1.0007575985729698e25
1.0112048700729158e25
1.0216252104011801e25
1.0320164451856646e25
1.0423763923757333e25
1.052702862845256e25
1.0629936610022306e25
1.0732465854047642e25
1.083459429383194e25
1.0936299816681622e25
1.103756027024395e25
1.11383534688999e25
1.1238657200209737e25
1.1338449231408983e25
1.1437707315952574e25
1.1536409200104756e25
1.1634532629572313e25
1.1732055356178752e25
1.1828955144577033e25
1.192520977899814e25
1.2020797070033305e25
1.2115694861446988e25
1.2209881037018322e25
1.2303333527408275e25
1.2396030317049911e25
1.2487949451059132e25
1.2579069042163227e25
1.266936727764456e25
1.2758822426296523e25
1.2847412845389268e25
1.2935116987642279e25
1.3021913408201092e25
1.3107780771615346e25
1.3192697858815365e25
1.3276643574084529e25
1.335959695202454e25
1.3441537164510704e25
1.3522443527634564e25
1.3602295508630836e25
1.368107273278594e25
1.3758754990325195e25
1.3835322243275817e25
1.3910754632302901e25
1.3985032483515525e25
1.4058136315239992e25
1.4130046844757554e25
1.4200744995003599e25
1.4270211901225537e25
1.4338428917596497e25
1.440537762378201e25
1.4471039831456925e25
1.453539759076962e25
1.459843319675079e25
1.466012919566403e25
1.4720468391295416e25
1.477943385117933e25
1.4837008912757826e25
1.4893177189470764e25
1.4947922576774095e25
1.5001229258083584e25
1.5053081710641288e25
1.5103464711302284e25
1.5152363342238877e25
1.5199762996559979e25
1.5245649383842808e25
1.5290008535574666e25
1.5332826810502236e25
1.5374090899885864e25
1.5413787832656612e25
1.5451904980473554e25
1.5488430062679048e25
1.5523351151149738e25
1.5556656675040964e25
1.5588335425422363e25
1.5618376559802673e25
1.5646769606541296e25
1.5673504469144882e25
1.5698571430446706e25
1.5721961156666896e25
1.574366470135159e25
1.5763673509189167e25
1.578197941970169e25
1.5798574670809726e25
1.5813451902268973e25
1.5826604158976833e25
1.5838024894147466e25
1.5847707972353644e25
1.5855647672433991e25
1.5861838690264129e25
1.5866276141390304e25
1.58689555635242e25
1.5869872918897699e25
1.5869024596476331e25
1.5866407414030232e25
1.5862018620061655e25
1.5855855895587873e25
1.5847917355778596e25
1.583820155144701e25
1.5826707470393522e25
1.5813434538601633e25
1.5798382621284972e25
1.5781552023785209e25
1.5762943492319853e25
1.5742558214579929e25
1.572039782017666e25
1.5696464380937103e25
1.5670760411048254e25
1.5643288867049611e25
1.5614053147673774e25
1.558305709353522e25
1.5550304986667147e25
1.5515801549906436e25
1.5479551946126913e25
1.5441561777321002e25
1.5401837083530171e25
1.5360384341624428e25
1.5317210463931184e25
1.5272322796714196e25
1.5225729118502852e25
1.5177437638272626e25
1.5127456993477284e25
1.5075796247933536e25
1.5022464889559193e25
1.4967472827965351e25
1.4910830391903884e25
1.4852548326571046e25
1.4792637790768464e25
1.4731110353922397e25
1.4667977992962888e25
1.460325308906359e25
1.4536948424244101e25
1.4469077177835932e25
1.4399652922813563e25
1.4328689621992405e25
1.4256201624094893e25
1.4182203659686718e25
1.4106710836984671e25
1.4029738637537985e25
1.3951302911785124e25
1.3871419874487588e25
1.3790106100043129e25
1.370737851767998e25
1.3623254406534484e25
1.3537751390613967e25
1.345088743364737e25
1.3362680833825285e25
1.327315021843254e25
1.3182314538374757e25
1.3090193062601733e25
1.2996805372430167e25
1.2902171355767716e25
1.2806311201241456e25
1.2709245392232808e25
1.2610994700821805e25
1.2511580181643327e25
1.2411023165657771e25
1.2309345253839113e25
1.2206568310782845e25
1.2102714458236866e25
1.199780606855787e25
1.1891865758096127e25
1.1784916380511744e25
1.1676981020025003e25
1.1568082984603895e25
1.1458245799091632e25
1.1347493198277455e25
1.1235849119913185e25
1.112333769767923e25
1.1009983254102195e25
1.0895810293428306e25
1.0780843494454424e25
1.066510770332084e25
1.0548627926268236e25
1.043142932236215e25
1.0313537196188273e25
1.0194976990521231e25
1.007577427897036e25
9.955954758605522e24
9.835544242565987e24
9.714568652655497e24
9.593054011926827e24
9.47102643725883e24
9.348512131929033e24
9.225537378185117e24
9.102128529817942e24
8.978312004740006e24
8.854114277571384e24
8.72956187223712e24
8.604681354578596e24
8.47949932498206e24
8.354042411027487e24
8.228337260160441e24
8.102410532390166e24
7.976288893016875e24
7.849999005390968e24
7.723567523707132e24
7.597021085836387e24
7.470386306198641e24
7.343689768678742e24
7.216958019588641e24
7.090217560678726e24
6.963494842200606e24
6.836816256024245e24
6.71020812881207e24
6.583696715252628e24
6.45730819135616e24
6.331068647814969e24
6.205004083430407e24
6.079140398609812e24
5.953503388934671e24
5.828118738803213e24
5.70301201514913e24
5.578208661238956e24
5.453733990550063e24
5.32961318073144e24
5.205871267649257e24
5.082533139519383e24
4.959623531128498e24
4.837167018145805e24
4.7151880115272623e24
4.593710752013904e24
4.472759304725988e24
4.352357553854763e24
4.2325291974529635e24
4.113297742326322e24
3.9946864990265776e24
3.876718576948107e24
3.759416879529069e24
3.642804099558488e24
3.5269027145903377e24
3.4117349824657814e24
3.2973229369444733e24
3.183688383446224e24
3.070852894903459e24
2.95883780772557e24
2.847664217875902e24
2.7373529770619375e24
2.6279246890394496e24
2.519399706030852e24
2.4117981252587426e24
2.3051397855944282e24
2.1994442643221518e24
2.094730874019164e24
1.9910186595517584e24
1.88832639518748e24
1.7866725818234547e24
1.686075444330743e24
1.5865529290149478e24
1.4881227011923816e24
1.3908021428819322e24
1.2946083506121732e24
1.1995581333432953e24
1.1056680105034879e24
1.0129542101391625e24
9.214326671783249e23
8.311190218068334e23
7.420286179562057e23
6.541765019026524e23
5.675774209762499e23
4.822458223793666e23
3.98195852113339e23
3.154413540123685e23
2.3399586888331454e23
1.538726337506361e23
7.508458120471109e22
-2.3556611475049902e21
-7.843577113078515e22
-1.5314373235058137e23
-2.2646783444384294e23
-2.983966732334386e23
-3.689191507877781e23
-4.380244753869827e23
-5.057021613978341e23
-5.719420290587789e23
-6.367342041771131e23
-7.000691177399388e23
-7.619375054410955e23
-8.223304071256755e23
-8.812391661545322e23
-9.386554286902727e23
-9.94571142907339e23
-1.0489785581280478e24
-1.1018702238866287e24
-1.1532389889237811e24
-1.203078000113563e24
-1.2513807013253773e24
-1.2981408322226727e24
-1.3433524270014327e24
-1.3870098130702175e24
-1.429107609674384e24
-1.4696407264669268e24
-1.5086043620281204e24
-1.545994002336738e24
-1.5818054191950495e24
-1.616034668610099e24
-1.6486780891339554e24
-1.679732300165159e24
-1.7091942002141845e24
-1.7370609651351075e24
-1.7633300463263977e24
-1.7879991689029484e24
-1.811066329842408e24
-1.832529796107686e24
-1.8523881027489407e24
-1.8706400509869816e24
-1.8872847062808738e24
-1.9023213963824268e24
-1.9157497093796856e24
-1.92756949173243e24
-1.9377808463017742e24
-1.9463841303766018e24
-1.9533799536991622e24
-1.958769176492518e24
-1.9625529074919592e24
-1.9647325019829696e24
-1.9653095598483224e24
-1.9642859236261702e24
-1.9616636765821497e24
-1.9574451407970313e24
-1.9516328752729698e24
-1.9442296740600383e24
-1.9352385644054033e24
-1.92466280492761e24
-1.912505883817526e24
-1.8987715170687919e24
-1.8834636467389454e24
-1.866586439244179e24
-1.8481442836888298e24
-1.8281417902322305e24
-1.806583788494253e24
-1.7834753260016145e24
-1.7588216666768547e24
-1.732628289371259e24
-1.7049008864439078e24
-1.6756453623879357e24
-1.6448678325061124e24
-1.612574621636569e24
-1.578772262930797e24
-1.5434674966846886e24
-1.506667269224145e24
-1.4683787318467993e24
-1.4286092398202454e24
-1.3873663514388405e24
-1.3446578271391688e24
-1.3004916286759743e24
-1.2548759183587923e24
-1.2078190583503656e24
-1.1593296100278552e24
-1.1094163334068825e24
-1.0580881866297413e24
-1.0053543255175806e24
-9.512241031877462e23
-8.957070697358717e23
-8.388129719838036e23
-7.805517532929198e23
-7.209335534432362e23
-6.59968708578706e23
-5.976677512178389e23
-5.340414103306049e23
-4.6910061148040585e23
-4.0285647703179303e23
-3.353203264227108e23
-2.665036765016885e23
-1.9641824192878318e23
-1.2507593563998045e23
-5.248886937464388e22
2.1330645735411422e22
9.63700985151748e22
1.7261677703587102e23
2.500577678446298e23
3.286799551362208e23
4.084700198676817e23
4.8941443881679395e23
5.7149948358646e23
6.547112195554108e23
7.390355047777144e23
8.24457988831629e23
9.109641116204128e23
9.985391021258154e23
1.0871679771168134e24
1.1768355398151342e24
1.267526378519124e24
1.359224865188808e24
1.4519151539931544e24
1.545581179822766e24
1.6402066567691108e24
1.7357750765736472e24
1.8322697070481297e24
1.9296735904693642e24
2.0279695419505195e24
2.127140147791188e24
2.2271677638096587e24
2.3280345136589737e24
2.4297222871305953e24
2.532212738447358e24
2.635487284549425e24
2.7395271033757493e24
2.8443131321436383e24
2.9498260656302587e24
3.0560463544580195e24
3.162954203388063e24
3.270529569623782e24
3.3787521611287387e24
3.4876014349609937e24
3.597056595628056e24
3.7070965934653053e24
3.817700123040848e24
3.928845621591089e24
4.0405112674891714e24
4.152674978750962e24
4.265314411580695e24
4.378406958961034e24
4.4919297492897453e24
4.605859645067456e24
4.7201732416396145e24
4.8348468659957604e24
4.949856575630586e24
5.06517815746913e24
5.180787126860849e24
5.296658726644965e24
5.412767926291454e24
5.529089421121022e24
5.645597631607012e24
5.762266702763854e24
5.879070503624345e24
5.995982626810453e24
6.112976388199935e24
6.23002482669348e24
6.347100704084554e24
6.464176505036435e24
6.581224437169354e24
6.698216431260781e24
6.815124141563158e24
6.931918946241141e24
7.048571947932885e24
7.165053974437376e24
7.281335579532225e24
7.397387043923787e24
7.513178376333842e24
7.628679314725281e24
7.743859327669619e24
7.858687615860021e24
7.973133113771714e24
8.087164491473723e24
8.200750156593561e24
8.313858256438439e24
8.426456680275367e24
8.538513061772179e24
8.649994781603056e24
8.760868970219615e24
8.871102510791291e24
8.980662042315901e24
9.089513962903876e24
9.19762443323696e24
9.304959380204431e24
9.411484500718369e24
9.517165265709273e24
9.621966924304883e24
9.725854508192565e24
9.828792836168033e24
9.930746518870564e24
1.00316799637074e25
1.0131557379967227e25
1.023034278412493e25
1.032800000533823e25
1.0424492691136638e25
1.05197843133047e25
1.0613838173958786e25
1.0706617411819455e25
1.0798085008678442e25
1.0888203796061815e25
1.097693646208896e25
1.106424555852719e25
1.1150093508042932e25
1.1234442611648236e25
1.1317255056343426e25
1.1398492922954365e25
1.1478118194165214e25
1.1556092762744545e25
1.1632378439965344e25
1.1706936964217455e25
1.1779730009811019e25
1.1850719195971046e25
1.1919866096020276e25
1.198713224675037e25
1.2052479157978716e25
1.211586832229031e25
1.2177261224961803e25
1.2236619354066761e25
1.2293904210759607e25
1.2349077319735987e25
1.2402100239867726e25
1.245293457500927e25
1.250154198497384e25
1.2547884196675713e25
1.2591923015436658e25
1.2633620336452998e25
1.2672938156420335e25
1.270983858531308e25
1.2744283858314624e25
1.2776236347895921e25
1.2805658576037402e25
1.2832513226592048e25
1.2856763157784397e25
1.287837141484238e25
1.289730124275798e25
1.2913516099171493e25
1.292697966737652e25
1.293765586943978e25
1.2945508879432612e25
1.295050313676805e25
1.2952603359640179e25
1.2951774558559253e25
1.2947982049979264e25
1.294119147001157e25
1.2931368788219662e25
1.2918480321490398e25
1.2902492747975162e25
1.2883373121096666e25
1.2861088883614605e25
1.283560788174517e25
1.2806898379328812e25
1.2774929072039289e25
1.2739669101629324e25
1.2701088070205747e25
1.2659156054528805e25
1.2613843620328608e25
1.2565121836633303e25
1.2512962290101482e25
1.2457337099353688e25
1.2398218929295448e25
1.2335581005425522e25
1.2269397128123193e25
1.2199641686907124e25
1.2126289674659838e25
1.2049316701810289e25
1.1968699010468071e25
1.188441348850249e25
1.179643768355904e25
1.1704749817006882e25
1.160932879780975e25
1.1510154236313878e25
1.1407206457945205e25
1.1300466516809178e25
1.1189916209186108e25
1.1075538086914533e25
1.0957315470655743e25
1.0835232463032336e25
1.0709273961633403e25
1.0579425671879502e25
1.044567411973982e25
1.0308006664294972e25
1.0166411510137634e25
1.002087771960425e25
9.871395224830902e24
9.71795483962573e24
9.560548271151086e24
9.399168131408521e24
9.233807948519477e24
9.064462177794597e24
8.891126212585064e24
8.713796394908398e24
8.532470025843211e24
8.347145375684456e24
8.157821693853708e24
7.96449921855742e24
7.767179186186361e24
7.565863840450148e24
7.360556441240003e24
7.151261273213438e24
6.937983654095173e24
6.720729942687101e24
6.499507546581832e24
6.274324929573728e24
6.045191618761357e24
5.812118211335627e24
5.575116381047584e24
5.334198884351156e24
5.089379566214073e24
4.840673365592461e24
4.5880963205636255e24
4.3316655731117583e24
4.0713993735616465e24
3.807317084655567e24
3.5394391852680355e24
3.2677872737551293e24
2.992384070932133e24
2.7132534226764934e24
2.430420302151302e24
2.1439108116454025e24
1.8537521840261945e24
1.5599727838014278e24
1.262602107785948e24
9.616707853712211e23
6.572105783926166e23
3.4925438059269207e23
3.783621667696013e22
-2.7700875904048106e23
-5.952442644040945e23
-9.168328915991475e23
-1.241736109751816e24
-1.5699142679478915e24
-1.9013265986737403e24
-2.23593122167993e24
-2.5736851482694465e24
-2.9145442860119233e24
-3.2584634438848303e24
-3.6053963378426104e24
-3.955295596815034e24
-4.3081127691338787e24
-4.6637983293903003e24
-5.022301685721474e24
-5.383571187527271e24
-5.747554133616394e24
-6.114196780781757e24
-6.483444352804319e24
-6.855241049885016e24
-7.229530058502534e24
-7.606253561697343e24
-7.985352749779439e24
-8.366767831458371e24
-8.750438045393996e24
-9.136301672165433e24
-9.524296046656899e24
-9.914357570856318e24
-1.0306421727065975e25
-1.0700423091521078e25
-1.1096295348413535e25
-1.1493971304317807e25
-1.1893382903015069e25
-1.2294461240712384e25
-1.2697136581653054e25
-1.3101338374113081e25
-1.3506995266781265e25
-1.3914035125516831e25
-1.4322385050480984e25
-1.4731971393636837e25
-1.5142719776613338e25
-1.5554555108927261e25
-1.596740160655886e25
-1.6381182810874014e25
-1.6795821607888728e25
-1.7211240247869187e25
-1.7627360365261051e25
-1.8044102998942244e25
-1.8461388612792137e25
-1.887913711657092e25
-1.9297267887102314e25
-1.97156997897517e25
-2.0134351200194024e25
-2.0553140026462767e25
-2.0971983731273283e25
-2.139079935461235e25
-2.180950353658652e25
-2.2228012540520805e25
-2.2646242276300667e25
-2.30641083239469e25
-2.348152595741774e25
-2.3898410168627647e25
-2.4314675691674742e25
-2.473023702726838e25
-2.5145008467347237e25
-2.555890411988023e25
-2.597183793383866e25
-2.6383723724333284e25
-2.6794475197904742e25
-2.720400597795868e25
-2.761222963033605e25
-2.80190596890085e25
-2.842440968188951e25
-2.882819315675138e25
-2.923032370723742e25
-2.963071499896037e25
-3.0029280795676363e25
-3.042593498552426e25
-3.08205916073203e25
-3.121316487689767e25
-3.1603569213480667e25
-3.1991719266083513e25
-3.2377529939922064e25
-3.2760916422829824e25
-3.314179421166626e25
-3.3520079138707504e25
-3.389568739800895e25
-3.4268535571728732e25
-3.4638540656401985e25
-3.5005620089155366e25
-3.536969177385015e25
-3.573067410714474e25
-3.608848600446547e25
-3.6443046925874497e25
-3.6794276901825224e25
-3.714209655879384e25
-3.748642714477722e25
-3.7827190554646353e25
-3.8164309355344396e25
-3.849770681091998e25
-3.882730690738466e25
-3.915303437738451e25
-3.947481472467545e25
-3.979257424839235e25
-4.01062400671019e25
-4.041574014262863e25
-4.0721003303645065e25
-4.102195926901537e25
-4.131853867088314e25
-4.161067307749365e25
-4.189829501574072e25
-4.218133799342902e25
-4.245973652124281e25
-4.273342613441047e25
-4.300234341405781e25
-4.326642600823933e25
-4.3525612652639575e25
-4.3779843190935775e25
-4.402905859481253e25
-4.427320098362108e25
-4.451221364367421e25
-4.4746041047168575e25
-4.497462887072708e25
-4.51979240135529e25
-4.541587461518771e25
-4.562843007286682e25
-4.583554105846342e25
-4.6037159535015155e25
-4.623323877282651e25
-4.642373336513877e25
-4.660859924336283e25
-4.678779369186703e25
-4.696127536231474e25
-4.712900428754483e25
-4.7290941894990246e25
-4.744705101962818e25
-4.7597295916456975e25
-4.774164227249447e25
-4.78800572182927e25
-4.801250933896457e25
-4.813896868471731e25
-4.825940678088931e25
-4.837379663748546e25
-4.848211275820739e25
-4.858433114897555e25
-4.868042932593849e25
-4.8770386322967676e25
-4.88541826986336e25
-4.893180054266153e25
-4.900322348186359e25
-4.906843668554555e25
-4.9127426870386385e25
-4.9180182304787925e25
-4.922669281269473e25
-4.926694977688126e25
-4.930094614170674e25
-4.932867641533569e25
-4.935013667142497e25
-4.93653245502756e25
-4.937423925945072e25
-4.937688157385895e25
-4.937325383530387e25
-4.93633599515008e25
-4.934720539456094e25
-4.9324797198945085e25
-4.92961439588874e25
-4.9261255825291935e25
-4.922014450210282e25
-4.917282324215089e25
-4.91193068424795e25
-4.9059611639151e25
-4.899375550153843e25
-4.892175782610355e25
-4.884363952966694e25
-4.875942304217135e25
-4.8669132298944115e25
-4.857279273246159e25
-4.847043126361987e25
-4.8362076292517335e25
-4.824775768875237e25
-4.812750678124235e25
-4.800135634756821e25
-4.786934060285095e25
-4.773149518816435e25
-4.75878571584914e25
-4.743846497022875e25
-4.728335846824638e25
-4.712257887250924e25
-4.695616876426598e25
-4.6784172071813695e25
-4.660663405584321e25
-4.642360129437486e25
-4.623512166728945e25
-4.604124434046355e25
-4.584201974951696e25
-4.563749958317864e25
-4.542773676628137e25
-4.521278544239106e25
-4.499270095608108e25
-4.476753983485853e25
-4.453735977075236e25
-4.430221960157119e25
-4.4062179291840006e25
-4.381729991342547e25
-4.356764362585772e25
-4.331327365635969e25
-4.3054254279591045e25
-4.279065079711932e25
-4.252252951662461e25
-4.2249957730850315e25
-4.197300369630807e25
-4.169173661174719e25
-4.1406226596399495e25
-4.111654466800802e25
-4.082276272065131e25
-4.052495350237254e25
-4.022319059262429e25
-3.991754837953897e25
-3.960810203703514e25
-3.92949275017713e25
-3.897810144995577e25
-3.865770127402519e25
-3.8333805059199957e25
-3.800649155993002e25
-3.767584017623822e25
-3.734193092997498e25
-3.7004844440992465e25
-3.666466190325019e25
-3.632146506086252e25
-3.597533618409778e25
-3.562635804534051e25
-3.52746138950269e25
-3.492018743756411e25
-3.4563162807243192e25
-3.4203624544157466e25
-3.3841657570135143e25
-3.3477347164697404e25
-3.311077894105205e25
-3.2742038822132743e25
-3.237121301669406e25
-3.199838799547199e25
-3.162365046742066e25
-3.1247087356034174e25
-3.0868785775763723e25
-3.0488833008540337e25
-3.0107316480410837e25
-2.9724323738299368e25
-2.933994242690069e25
-2.895426026571695e25
-2.856736502624532e25
-2.8179344509326556e25
-2.7790286522662752e25
-2.74002788585126e25
-2.7009409271573758e25
-2.6617765457059634e25
-2.622543502897951e25
-2.5832505498629247e25
-2.5439064253301695e25
-2.5045198535223086e25
-2.4650995420724315e25
-2.42565417996536e25
-2.3861924355037384e25
-2.3467229542998536e25
-2.307254357293553e25
-2.267795238797218e25
-2.22835416456822e25
-2.188939669909642e25
-2.1495602577997525e25
-2.110224397050865e25
-2.0709405204981498e25
-2.0317170232189383e25
-1.9925622607830214e25
-1.953484547534417e25
-1.9144921549051747e25
-1.8755933097615347e25
-1.8367961927830322e25
-1.7981089368747729e25
-1.7595396256134485e25
-1.7210962917273372e25
-1.682786915610622e25
-1.6446194238724563e25
-1.606601687920914e25
-1.5687415225822542e25
-1.531046684755595e25
-1.493524872103313e25
-1.4561837217773925e25
-1.419030809181748e25
-1.3820736467708697e25
-1.3453196828847353e25
-1.3087763006202436e25
-1.272450816739111e25
-1.2363504806124204e25
-1.2004824732016982e25
-1.1648539060766946e25
-1.129471820469714e25
-1.0943431863665028e25
-1.0594749016336597e25
-1.0248737911824079e25
-9.905466061687035e24
-9.565000232294611e24
-9.227406437547693e24
-8.892749931959777e24
-8.561095204093051e24
-8.232505970348973e24
-7.907045169109567e24
-7.584774955227705e24
-7.265756694862631e24
-6.950050960658223e24
-6.637717527259739e24
-6.328815367166784e24
-6.023402646917267e24
-5.721536723599128e24
-5.423274141685583e24
-5.128670630189175e24
-4.837781100130312e24
-4.550659642315299e24
-4.267359525418629e24
-3.987933194365382e24
-3.712432269006769e24
-3.44090754308465e24
-3.17340898347859e24
-2.9099857297298297e24
-2.6506860938361005e24
-2.3955575603106693e24
-2.1446467865003667e24
-1.8979996031545135e24
-1.6556610152393688e24
-1.4176752029906282e24
-1.184085523197363e24
-9.549345107100575e23
-7.302638801658664e23
-5.101145279232279e23
-2.945265341994537e23
-8.3539165402407e22
1.2280912335028145e23
3.244806855327895e23
5.214386803409789e23
7.136470696587341e23
9.010706148684338e23
1.0836748735143291e24
1.26142619582561e24
1.4342917211090336e24
1.6022393740180994e24
1.765237860707579e24
1.9232566648818112e24
2.0762660437447626e24
2.2242370238607723e24
2.3671413969340867e24
2.504951715515514e24
2.6376412886450624e24
2.765184177438881e24
2.887555190628767e24
3.004729880062828e24
3.116684536176044e24
3.2233961834384634e24
3.3248425757905057e24
3.421002192072174e24
3.511854231456342e24
3.5973786088929127e24
3.6775559505727693e24
3.75236758941971e24
3.8217955606179647e24
3.885822597184309e24
3.944432125591183e24
3.997608261450537e24
4.0453358052644955e24
4.0876002382518604e24
4.124387718257027e24
4.155685075749258e24
4.181479809919887e24
4.2017600848841037e24
4.216514725994877e24
4.2257332162756714e24
4.2294056929794216e24
4.227522944279296e24
4.2200764060992767e24
4.207058159089627e24
4.1884609257540076e24
4.1642780677349793e24
4.134503583262016e24
4.0991321047700206e24
4.058158896691694e24
4.011579853430923e24
3.9593914975210164e24
3.9015909779733006e24
3.838176068821286e24
3.769145167863816e24
3.694497295612825e24
3.61423209444865e24
3.528349827988102e24
3.436851380667501e24
3.339738257545734e24
3.2370125843292405e24
3.128677107622507e24
3.0147351954074864e24
2.8951908377527497e24
2.7700486477569635e24
2.639313862726425e24
2.5029923455906127e24
2.361090586555303e24
2.2136157049964335e24
2.0605754515943528e24
1.9019782107096722e24
1.7378330030020524e24
1.5681494882905734e24
1.3929379686577023e24
1.2122093917944538e24
1.0259753545884653e24
8.342481069523203e23
6.370405558919022e23
4.343662698141588e23
2.262394830708425e23
1.2675100738783067e22
-2.063112963679691e23
-4.3070344645387634e23
-6.604844012709114e23
-8.95636520420931e23
-1.1361414654369447e24
-1.3819801936457656e24
-1.6331329518148132e24
-1.889579269589375e24
-2.1512979527217262e24
-2.418267076099453e24
-2.690463976574932e24
-2.967865245603804e24
-3.2504467216949107e24
-3.538183482679491e24
-3.8310498378045705e24
-4.129019319655485e24
-4.432064675916314e24
-4.74015786097166e24
-5.053270027359664e24
-5.371371517080244e24
-5.694431852768192e24
-6.022419728737562e24
-6.355303001904128e24
-6.693048682596207e24
-7.035622925258871e24
-7.382991019063163e24
-7.735117378425477e24
-8.091965533449289e24
-8.453498120294801e24
-8.819676871488289e24
-9.190462606179549e24
-9.565815220355677e24
-9.945693677023675e24
-1.0330055996368395e25
-1.0718859245899175e25
-1.1112059530592147e25
-1.1509611983041664e25
-1.1911470753628287e25
-1.23175890007165e25
-1.2727918880891998e25
-1.3142411539247951e25
-1.35610170997347e25
-1.3983684655579757e25
-1.4410362259793765e25
-1.4840996915769443e25
-1.527553456798857e25
-1.5713920092846863e25
-1.615609728960737e25
-1.6602008871497102e25
-1.7051596456954757e25
-1.7504800561045358e25
-1.7961560587049775e25
-1.8421814818244872e25
-1.888550040988231e25
-1.9352553381381437e25
-1.9822908608746487e25
-2.029649981721939e25
-2.0773259574182753e25
-2.1253119282321558e25
-2.1736009173059535e25
-2.222185830027769e25
-2.2710594534331643e25
-2.320214455637522e25
-2.3696433853005524e25
-2.419338671124011e25
-2.469292621383619e25
-2.5194974234967764e25
-2.5699451436266966e25
-2.6206277263246437e25
-2.6715369942109153e25
-2.7226646476960968e25
-2.7740022647435397e25
-2.8255413006740292e25
-2.8772730880140868e25
-2.92918883638857e25
-2.981279632459059e25
-3.0335364399086157e25
-3.0859500994744706e25
-3.1385113290291036e25
-3.1912107237111866e25
-3.244038756107135e25
-3.2969857764841204e25
-3.3500420130758754e25
-3.40319757242168e25
-3.4564424397599712e25
-3.509766479476947e25
-3.5631594356114683e25
-3.6166109324166727e25
-3.670110474979427e25
-3.723647449898281e25
-3.777211126020503e25
-3.830790655239302e25
-3.884375073351455e25
-3.937953300976534e25
-3.991514144537811e25
-4.045046297305946e25
-4.098538340505788e25
-4.15197874448673e25
-4.205355869957519e25
-4.258657969285501e25
-4.311873187861287e25
-4.36498956552871e25
-4.417995038081026e25
-4.4708774388231545e25
-4.523624500200709e25
-4.5762238554959435e25
-4.628663040590665e25
-4.680929495796766e25
-4.733010567754019e25
-4.784893511395799e25
-4.836565491982318e25
-4.88801358720193e25
-4.939224789340055e25
-4.990186007516092e25
-5.040884069988101e25
-5.091305726525033e25
-5.141437650846717e25
-5.191266443130999e25
-5.240778632588282e25
-5.289960680102752e25
-5.338798980940378e25
-5.387279867523198e25
-5.4353896122693705e25
-5.483114430498947e25
-5.5304404834044535e25
-5.577353881086279e25
-5.623840685651777e25
-5.669886914378131e25
-5.715478542937746e25
-5.760601508685955e25
-5.805241714010246e25
-5.849385029739967e25
-5.893017298616264e25
-5.936124338820874e25
-5.978691947563405e25
-6.020705904725732e25
-6.062151976563056e25
-6.103015919460156e25
-6.1432834837422e25
-6.182940417538922e25
-6.221972470700864e25
-6.260365398766994e25
-6.298104966981959e25
-6.3351769543623895e25
-6.3715671578103495e25
-6.407261396273164e25
-6.442245514948119e25
-6.4765053895304615e25
-6.5100269305037254e25
-6.542796087470503e25
-6.574798853522623e25
-6.606021269648783e25
-6.636449429178592e25
-6.6660694822609326e25
-6.694867640375516e25
-6.722830180875753e25
-6.749943451561137e25
-6.776193875277901e25
-6.801567954545648e25
-6.826052276208784e25
-6.84963351611038e25
-6.872298443787268e25
-6.894033927183933e25
-6.914826937383846e25
-6.934664553355999e25
-6.953533966714934e25
-6.971422486492281e25
-6.988317543917674e25
-7.004206697207472e25
-7.01907763635876e25
-7.0329181879470684e25
-7.045716319925566e25
-7.0574601464235425e25
-7.068137932542477e25
-7.077738099147134e25
-7.086249227650072e25
-7.093660064786947e25
-7.099959527380966e25
-7.10513670709392e25
-7.109180875161959e25
-7.112081487113718e25
-7.113828187468822e25
-7.114410814414453e25
-7.113819404457704e25
-7.112044197051861e25
-7.1090756391939885e25
-7.104904389992034e25
-7.099521325198828e25
-7.092917541711158e25
-7.0850843620315334e25
-7.0760133386902865e25
-7.065696258626227e25
-7.054125147523154e25
-7.041292274100493e25
-7.027190154355471e25
-7.011811555754985e25
-6.995149501374701e25
-6.9771972739835616e25
-6.957948420071206e25
-6.937396753816308e25
-6.915536360993817e25
-6.892361602818774e25
-6.867867119724825e25
-6.842047835075139e25
-6.8148989588038175e25
-6.7864159909857685e25
-6.756594725332796e25
-6.725431252614252e25
-6.692921963999914e25
-6.659063554323432e25
-6.623853025264204e25
-6.5872876884457285e25
-6.549365168448997e25
-6.510083405738399e25
-6.469440659498847e25
-6.42743551038204e25
-6.384066863160299e25
-6.33933394928602e25
-6.293236329355296e25
-6.245773895473799e25
-6.196946873523458e25
-6.146755825328322e25
-6.095201650717914e25
-6.042285589486776e25
-5.988009223248488e25
-5.932374477182955e25
-5.875383621675386e25
-5.817039273845518e25
-5.757344398966336e25
-5.696302311770138e25
-5.633916677641474e25
-5.570191513695294e25
-5.505131189739551e25
-5.438740429120774e25
-5.371024309451956e25
-5.301988263221406e25
-5.231638078281941e25
-5.159979898219246e25
-5.087020222598778e25
-5.0127659070902665e25
-4.937224163469152e25
-4.8604025594942345e25
-4.782309018660956e25
-4.70295181982943e25
-4.622339596727457e25
-4.540481337326992e25
-4.457386383094504e25
-4.373064428114357e25
-4.287525518085266e25
-4.200780049189192e25
-4.112838766832847e25
-4.023712764261365e25
-3.93341348104428e25
-3.8419527014336236e25
-3.7493425525942476e25
-3.6555955027064785e25
-3.560724358941178e25
-3.464742265307539e25
-3.367662700373448e25
-3.2694994748597636e25
-3.1702667291074975e25
-3.069978930419405e25
-2.9686508702760386e25
-2.866297661426876e25
-2.762934734857185e25
-2.6585778366312045e25
-2.5532430246124804e25
-2.446946665062043e25
-2.3397054291153355e25
-2.231536289138746e25
-2.1224565149667398e25
-2.0124836700205902e25
-1.9016356073097517e25
-1.789930465317138e25
-1.6773866637690034e25
-1.5640228992917302e25
-1.4498581409554712e25
-1.3349116257069564e25
-1.2192028536925276e25
-1.1027515834728594e25
-9.855778271309434e24
-8.677018452748415e24
-7.491441419368388e24
-6.29925459370692e24
-5.100667727486404e24
-3.895892847599815e24
-2.6851442011300345e24
-1.468638199421486e24
-2.4659336122411233e23
9.807697450756072e23
2.213228560105174e24
3.450558593032212e24
4.692533481934756e24
5.93892505499828e24
7.189503392517093e24
8.444036889677966e24
9.702292320103309e24
1.096403490013069e25
1.2229028353805808e25
1.3497034978564547e25
1.476781571158036e25
1.604113019675237e25
1.7316736852309531e25
1.8594392939005203e25
1.987385462887643e25
2.115487707454661e25
2.243721447903366e25
2.3720620166052988e25
2.500484665077699e25
2.6289645711028815e25
2.7574768458882285e25
2.8859965412641162e25
3.0144986569169277e25
3.1429581476544564e25
3.271349930700863e25
3.399648893018327e25
3.52782989865267e25
3.655867796099968e25
3.7837374256913774e25
3.911413626993272e25
4.038871246219721e25
4.166085143654866e25
4.293030201081164e25
4.419681329212086e25
4.54601347512522e25
4.672001629693314e25
4.7976208350102475e25
4.922846191808999e25
5.047652866868714e25
5.1720161004079104e25
5.295911213460897e25
5.419313615234531e25
5.542198810442344e25
5.664542406613163e25
5.786320121371329e25
5.907507789685557e25
6.028081371083937e25
6.148016956831244e25
6.267290777067028e25
6.3858792079006685e25
6.503758778460939e25
6.620906177897254e25
6.737298262329812e25
6.852912061745865e25
6.967724786839395e25
7.081713835791501e25
7.19485680098876e25
7.3071314756769995e25
7.418515860547725e25
7.528988170254747e25
7.6385268398582934e25
7.747110531194163e25
7.854718139165615e25
7.961328797954773e25
8.066921887152228e25
8.171477037801526e25
8.274974138356636e25
8.377393340549933e25
8.478715065168454e25
8.578920007736174e25
8.677989144100166e25
8.775903735918375e25
8.872645336047075e25
8.968195793825753e25
9.062537260257593e25
9.155652193083483e25
9.247523361747628e25
9.338133852252985e25
9.427467071904806e25
9.51550675393995e25
9.602236962041204e25
9.687642094734107e25
9.771706889665229e25
9.854416427759942e25
9.935756137258608e25
1.0015711797629372e26
1.0094269543356517e26
1.0171415867602749e26
1.0247137625744458e26
1.032142203877852e26
1.0394256696599604e26
1.0465629561147005e26
1.053552896941962e26
1.0603943636358857e26
1.0670862657597417e26
1.073627551207443e26
1.0800172064515186e26
1.0862542567775291e26
1.092337766504833e26
1.0982668391936597e26
1.1040406178384443e26
1.1096582850473486e26
1.1151190632079785e26
1.1204222146392127e26
1.1255670417291618e26
1.1305528870592102e26
1.1353791335141366e26
1.1400452043783217e26
1.1445505634180049e26
1.148894714949664e26
1.1530772038944327e26
1.1570976158186842e26
1.1609555769607227e26
1.1646507542436703e26
1.1681828552745458e26
1.1715516283296111e26
1.1747568623260338e26
1.1777983867798969e26
1.1806760717506646e26
1.1833898277721237e26
1.1859396057699303e26
1.1883253969657921e26
1.1905472327684198e26
1.1926051846513157e26
1.1944993640174967e26
1.1962299220513043e26
1.1977970495573238e26
1.1992009767866445e26
1.2004419732504793e26
1.2015203475213567e26
1.2024364470219579e26
1.2031906578017756e26
1.2037834043017379e26
1.2042151491069201e26
1.204486392687552e26
1.204597673128416e26
1.204549565846872e26
1.2043426832996202e26
1.2039776746784213e26
1.2034552255949331e26
1.2027760577548478e26
1.201940928621538e26
1.200950631069379e26
1.199805993026981e26
1.1985078771104897e26
1.1970571802472118e26
1.1954548332897236e26
1.1937018006207326e26
1.1917990797488603e26
1.1897477008955908e26
1.1875487265736314e26
1.1852032511568561e26
1.1827124004421317e26
1.1800773312032038e26
1.177299230736921e26
1.1743793164020096e26
1.1713188351506522e26
1.168119063053134e26
1.164781304815753e26
1.1613068932923157e26
1.1576971889893945e26
1.1539535795656707e26
1.1500774793255535e26
1.1460703287073935e26
1.1419335937664957e26
1.1376687656532197e26
1.1332773600864443e26
1.1287609168225983e26
1.1241209991206038e26
1.1193591932029066e26
1.1144771077129454e26
1.1094763731692393e26
1.1043586414164348e26
1.0991255850735204e26
1.0937788969794939e26
1.0883202896367682e26
1.0827514946525296e26
1.0770742621783729e26
1.071290360348413e26
1.0654015747161981e26
1.0594097076906313e26
1.053316577971188e26
1.047124019982701e26
1.0408338833099228e26
1.0344480321321857e26
1.0279683446583465e26
1.0213967125623324e26
1.0147350404194725e26
1.0079852451439337e26
1.0011492554274505e26
9.942290111796013e25
9.872264629699208e25
9.801435714720024e25
9.729823069099209e25
9.657446485071133e25
9.584325839380419e25
9.51048108782768e25
9.435932259847593e25
9.360699453120654e25
9.2848028282212e25
9.208262603303945e25
9.13109904883059e25
9.053332482339272e25
8.974983263258e25
8.896071787765029e25
8.816618483697181e25
8.736643805508497e25
8.65616822928108e25
8.575212247789538e25
8.493796365621294e25
8.411941094353866e25
8.329666947791387e25
8.24699443726136e25
8.163944066973733e25
8.08053632944341e25
7.996791700977676e25
7.912730637230357e25
7.828373568823332e25
7.743740897037376e25
7.658852989573079e25
7.5737301763834156e25
7.488392745578559e25
7.402860939404689e25
7.317154950297196e25
7.231294917009455e25
7.145300920818357e25
7.059192981806782e25
6.9729910552245545e25
6.886715027927851e25
6.800384714898455e25
6.71401985584281e25
6.627640111871792e25
6.541265062261726e25
6.454914201296704e25
6.3686069351930036e25
6.2823625791056e25
6.196200354217263e25
6.11013938491005e25
6.024198696019872e25
5.938397210173663e25
5.852753745209436e25
5.7672870116792684e25
5.6820156104347286e25
5.596958030295082e25
5.512132645797495e25
5.427557715029527e25
5.343251377542984e25
5.259231652349308e25
5.175516435995565e25
5.09212350072074e25
5.0090704926918375e25
4.926374930318977e25
4.844054202649004e25
4.762125567836571e25
4.680606151692369e25
4.599512946307221e25
4.518862808751322e25
4.43867245984787e25
4.358958483019662e25
4.279737323208139e25
4.201025285863216e25
4.12283853600336e25
4.045193097344128e25
3.968104851494486e25
3.8915895372192345e25
3.8156627497662286e25
3.7403399402575554e25
3.665636415142401e25
3.5915673357109704e25
3.5181477176673573e25
3.445392430760347e25
3.373316198470179e25
3.3019335977498585e25
3.2312590588194946e25
3.161306865011658e25
3.0920911526664968e25
3.0236259110744312e25
2.9559249824651115e25
2.889002062040401e25
2.822870698050012e25
2.7575442919076233e25
2.693036098345627e25
2.6293592256070686e25
2.566526635672112e25
2.5045511445178433e25
2.443445422408903e25
2.383221994217438e25
2.3238932397699747e25
2.2654713942196078e25
2.2079685484412055e25
2.1513966494477476e25
2.095767500825839e25
2.0410927631881643e25
1.987383954641112e25
1.934652451265233e25
1.8829094876067923e25
1.8321661571781355e25
1.7824334129648382e25
1.7337220679379176e25
1.686042795568512e25
1.6394061303435473e25
1.5938224682799308e25
1.5493020674356029e25
1.5058550484151307e25
1.4634913948681045e25
1.4222209539781918e25
1.382053436940877e25
1.342998419428118e25
1.3050653420376963e25
1.2682635107256353e25
1.2326020972195383e25
1.1980901394112176e25
1.1647365417264743e25
1.132550075470576e25
1.101539379147268e25
1.0717129587497632e25
1.0430791880219718e25
1.0156463086881458e25
9.894224306493955e24
9.644155321453243e24
9.406334598792921e24
9.180839291056343e24
8.967745236773626e24
8.767126960528791e24
8.579057672601876e24
8.403609268172708e24
8.24085232607204e24
8.090856107067601e24
7.95368855167126e24
7.829416277456722e24
7.718104575874038e24
7.619817408551144e24
7.53461740307106e24
7.462565848214461e24
7.403722688658151e24
7.358146519119926e24
7.325894577941545e24
7.307022740101324e24
7.301585509649143e24
7.309636011556783e24
7.33122598297708e24
7.366405763906317e24
7.415224287244547e24
7.477729068249296e24
7.553966193378516e24
7.643980308519568e24
7.747814606601447e24
7.865510814588163e24
7.997109179851464e24
8.14264845592268e24
8.302165887622629e24
8.475697195570924e24
8.6632765600748e24
8.864936604400185e24
9.080708377426355e24
9.310621335688024e24
9.55470332480836e24
9.812980560326647e24
1.0085477607926704e25
1.0372217363070866e25
1.0673221030046025e25
1.098850810042876e25
1.1318096330977785e25
1.1662001720960736e25
1.2020238488925344e25
1.2392819048924604e25
1.27797539862049e25
1.3181052032370118e25
1.3596720040030894e25
1.4026762956953592e25
1.4471183799719577e25
1.4929983626910007e25
1.5403161511829497e25
1.5890714514782757e25
1.6392637654920972e25
1.6908923881672586e25
1.74395640457753e25
1.7984546869926526e25
1.854385891907069e25
1.9117484570339957e25
1.9705405982668632e25
2.0307603066100776e25
2.092405345080904e25
2.155473245584822e25
2.2199613057661123e25
2.285866585836185e25
2.353185905381475e25
2.421915840153549e25
2.4920527188433303e25
2.563592619842108e25
2.6365313679916574e25
2.7108645313255743e25
2.7865874178049292e25
2.8636950720501093e25
2.942182272071956e25
3.022043526004343e25
3.1032730688411782e25
3.1858648591803504e25
3.269812575977248e25
3.3551096153108314e25
3.44174908716478e25
3.529723812226552e25
3.619026318707505e25
3.7096488391863948e25
3.8015833074795964e25
3.894821355540515e25
3.989354310391851e25
4.0851731910925785e25
4.182268705743438e25
4.280631248533843e25
4.380250896832672e25
4.481117408326491e25
4.583220218207751e25
4.686548436416607e25
4.791090844938643e25
4.89683589516188e25
5.003771705296418e25
5.111886057859023e25
5.221166397226303e25
5.331599827259028e25
5.443173109001208e25
5.5558726584562205e25
5.669684544443393e25
5.784594486538134e25
5.9005878530982144e25
6.017649659379487e25
6.135764565743582e25
6.2549168759612205e25
6.3750905356131105e25
6.496269130592041e25
6.61843588570843e25
6.741573663402945e25
6.865664962568044e25
6.990691917481604e25
7.1166362968558665e25
7.2434795030033446e25
7.371202571123223e25
7.499786168710301e25
7.629210595089519e25
7.759455781078139e25
7.890501288778108e25
8.022326311501647e25
8.154909673831456e25
8.288229831818626e25
8.422264873320014e25
8.556992518478024e25
8.69239012034399e25
8.828434665647789e25
8.965102775716104e25
9.102370707540393e25
9.240214354997262e25
9.378609250222478e25
9.517530565141269e25
9.65695311315561e25
9.796851350990691e25
9.93719938070199e25
1.0077970951844896e26
1.0219139463807457e26
1.0360677968308014e26
1.0502559172059547e26
1.064475543960083e26
1.0787238796296394e26
1.0929980931505648e26
1.1072953201923045e26
1.1216126635088942e26
1.1359471933072665e26
1.1502959476328747e26
1.1646559327725958e26
1.179024123675068e26
1.1933974643883924e26
1.2077728685153865e26
1.2221472196862505e26
1.2365173720487402e26
1.2508801507758967e26
1.265232352591217e26
1.2795707463113485e26
1.2938920734062115e26
1.3081930485766117e26
1.3224703603491858e26
1.3367206716887147e26
1.3509406206276795e26
1.3651268209130854e26
1.3792758626703467e26
1.393384313084206e26
1.4074487170966526e26
1.4214655981215685e26
1.4354314587761509e26
1.4493427816288359e26
1.4631960299637284e26
1.476987648561256e26
1.4907140644949287e26
1.5043716879441256e26
1.517956913022565e26
1.5314661186224161e26
1.5448956692737306e26
1.5582419160191335e26
1.5715011973033926e26
1.584669839877723e26
1.5977441597186354e26
1.610720462960965e26
1.6235950468449167e26
1.6363642006767978e26
1.6490242068032564e26
1.661571341598615e26
1.6740018764651104e26
1.686312078845658e26
1.6984982132489343e26
1.710556542286336e26
1.72248332772054e26
1.734274831525392e26
1.745927316956654e26
1.7574370496333537e26
1.7688002986293054e26
1.7800133375745256e26
1.791072445766063e26
1.801973909287881e26
1.8127140221394944e26
1.8232890873728136e26
1.8336954182368998e26
1.8439293393301354e26
1.8539871877595e26
1.8638653143063903e26
1.873560084598611e26
1.883067880288152e26
1.8923851002341934e26
1.901508161690967e26
1.910433501499954e26
1.919157577286055e26
1.9276768686571253e26
1.935987878406515e26
1.9440871337180482e26
1.9519711873730568e26
1.959636618958876e26
1.967080036078336e26
1.974298075559844e26
1.9812874046674007e26
1.9880447223101723e26
1.994566760251029e26
2.0008502843136333e26
2.006892095587442e26
2.0126890316301804e26
2.0182379676673087e26
2.023535817787841e26
2.0285795361361108e26
2.033366118098862e26
2.037892601487261e26
2.0421560677131703e26
2.0461536429592005e26
2.049882499342129e26
2.053339856068946e26
2.056522980585185e26
2.0594291897148825e26
2.0620558507917602e26
2.0644003827809806e26
2.066460257391044e26
2.068233000175227e26
2.0697161916221504e26
2.0709074682348276e26
2.0718045235977357e26
2.072405109431455e26
2.0727070366342368e26
2.072708176310098e26
2.072406460782844e26
2.0717998845956647e26
2.0708865054956168e26
2.0696644454026093e26
2.0681318913624283e26
2.066287096483215e26
2.0641283808550084e26
2.0616541324517932e26
2.058862808015702e26
2.0557529339227648e26
2.0523231070298382e26
2.048571995502267e26
2.044498339621773e26
2.0401009525741765e26
2.0353787212164948e26
2.030330606823045e26
2.0249556458100205e26
2.019252950438291e26
2.0132217094938516e26
2.006861188945681e26
2.0001707325805103e26
1.9931497626141747e26
1.9857977802792105e26
1.978114366388246e26
1.970099181872951e26
1.9617519682980865e26
1.9530725483504443e26
1.944060826302257e26
1.934716788448804e26
1.925040503519944e26
1.9150321230652325e26
1.9046918818123784e26
1.8940200979987117e26
1.8830171736755648e26
1.8716835949851e26
1.860019932409487e26
1.8480268409922105e26
1.835705060531223e26
1.8230554157438027e26
1.810078816402885e26
1.796776257444747e26
1.7831488190478125e26
1.769197666682477e26
1.7549240511317854e26
1.7403293084828574e26
1.7254148600889292e26
1.710182212501911e26
1.6946329573753407e26
1.6787687713377896e26
1.6625914158364506e26
1.6461027369510168e26
1.629304665177767e26
1.612199215183812e26
1.5947884855315187e26
1.5770746583731076e26
1.5590599991154333e26
1.5407468560549755e26
1.5221376599830967e26
1.5032349237616125e26
1.4840412418687399e26
1.4645592899155134e26
1.444791824132764e26
1.4247416808287834e26
1.404411775817709e26
1.3838051038189749e26
1.3629247378277104e26
1.3417738284564408e26
1.3203556032481935e26
1.2986733659612071e26
1.2767304958254553e26
1.2545304467711778e26
1.232076746629671e26
1.2093729963065733e26
1.1864228689278792e26
1.1632301089589779e26
1.139798531296966e26
1.1161320203365594e26
1.09223452900988e26
1.0681100778003857e26
1.0437627537314682e26
1.0191967093297704e26
9.944161615637946e25
9.694253907580815e25
9.442287394833469e25
9.18830611422956e25
8.932354702161473e25
8.674478382783995e25
8.414722955993696e25
8.15313478518835e25
7.889760784810691e25
7.624648407681103e25
7.3578456321238885e25
7.0894009488916965e25
6.819363347893189e25
6.547782304727806e25
6.2747077670351894e25
6.000190140660839e25
5.724280275645917e25
5.447029452045264e25
5.168489365579215e25
4.888712113124625e25
4.60775017805061e25
4.3256564154045455e25
4.042484036954005e25
3.758286596090329e25
3.4731179725996395e25
3.1870323573070695e25
2.9000842366002863e25
2.612328376838012e25
2.323819808650066e25
2.0346138111336162e25
1.7447658959547214e25
1.4543317913575702e25
1.1633674260904222e25
8.719289132534516e24
5.800725340748481e24
2.8785472162169023e24
-4.667955548182572e22
-2.9743880978683204e24
-5.904010508030199e24
-8.834978021486863e24
-1.1766721177386038e25
-1.469866998396834e25
-1.7630254084233411e25
-2.056090292174184e25
-2.3490045906498254e25
-2.6417112580822935e25
-2.934153278518363e25
-3.226273682389442e25
-3.5180155630627575e25
-3.8093220933672913e25
-4.100136542087713e25
-4.390402290420077e25
-4.680062848382685e25
-4.969061871175754e25
-5.257343175483437e25
-5.544850755711799e25
-5.8315288001564065e25
-6.117321707093326e25
-6.402174100787044e25
-6.686030847409001e25
-6.968837070861648e25
-7.250538168499204e25
-7.531079826742383e25
-7.810408036578683e25
-8.08846910894303e25
-8.365209689972914e25
-8.640576776131843e25
-8.914517729195645e25
-9.186980291095607e25
-9.45791259861302e25
-9.727263197919162e25
-9.994981058955683e25
-1.0261015589649611e26
-1.0525316649957655e26
-1.0787834565734627e26
-1.1048520142420577e26
-1.1307324678542624e26
-1.1564199979023674e26
-1.1819098368296875e26
-1.2071972703218183e26
-1.232277638577335e26
-1.257146337557467e26
-1.2817988202142884e26
-1.3062305976969898e26
-1.3304372405357773e26
-1.354414379803012e26
-1.3781577082511814e26
-1.4016629814272476e26
-1.4249260187630773e26
-1.4479427046415051e26
-1.4707089894377024e26
-1.4932208905355445e26
-1.5154744933184678e26
-1.5374659521347476e26
-1.559191491236697e26
-1.5806474056935275e26
-1.6018300622776206e26
-1.622735900323926e26
-1.6433614325621754e26
-1.6637032459217465e26
-1.683758002308869e26
-1.7035224393560242e26
-1.7229933711432346e26
-1.7421676888911466e26
-1.7610423616256977e26
-1.779614436814138e26
-1.7978810409723422e26
-1.8158393802432857e26
-1.8334867409463944e26
-1.850820490097878e26
-1.8678380759018104e26
-1.884537028211946e26
-1.900914958964112e26
-1.9169695625792407e26
-1.9326986163369107e26
-1.9480999807194438e26
-1.9631715997264427e26
-1.9779115011599008e26
-1.992317796879789e26
-2.0063886830302577e26
-2.020122440236345e26
-2.0335174337714236e26
-2.0465721136953497e26
-2.059285014963446e26
-2.0716547575063234e26
-2.0836800462808295e26
-2.09535967129213e26
-2.1066925075870223e26
-2.117677515218767e26
-2.128313739183539e26
-2.1386003093286025e26
-2.1485364402325596e26
-2.1581214310577366e26
-2.1673546653750443e26
-2.176235610961402e26
-2.1847638195701153e26
-2.19293892667441e26
-2.2007606511842887e26
-2.208228795137218e26
-2.2153432433626518e26
-2.222103963120987e26
-2.2285110037169986e26
-2.2345644960882884e26
-2.24026465236896e26
-2.2456117654289484e26
-2.250606208389244e26
-2.2552484341135308e26
-2.2595389746765435e26
-2.263478440809453e26
-2.2670675213228505e26
-2.2703069825075866e26
-2.273197667513991e26
-2.2757404957097655e26
-2.2779364620171264e26
-2.279786636229638e26
-2.2812921623089364e26
-2.2824542576621937e26
-2.2832742124004718e26
-2.2837533885786334e26
-2.283893219417098e26
-2.2836952085061475e26
-2.283160928993153e26
-2.2822920227531686e26
-2.281090199543539e26
-2.279557236142924e26
-2.277694975475336e26
-2.275505325719563e26
-2.272990259404708e26
-2.2701518124922e26
-2.266992083444973e26
-2.2635132322840852e26
-2.259717479633642e26
-2.2556071057543877e26
-2.2511844495664395e26
-2.2464519076619046e26
-2.2414119333077872e26
-2.236067035439826e26
-2.230419777647675e26
-2.2244727771521614e26
-2.2182287037751014e26
-2.2116902789021087e26
-2.2048602744391708e26
-2.1977415117633662e26
-2.1903368606684166e26
-2.1826492383054282e26
-2.1746816081196308e26
-2.166436978783487e26
-2.1579184031267034e26
-2.1491289770638515e26
-2.1400718385199664e26
-2.1307501663548122e26
-2.121167179286172e26
-2.1113261348128873e26
-2.1012303281380588e26
-2.0908830910930005e26
-2.0802877910623393e26
-2.0694478299109546e26
-2.0583666429132063e26
-2.0470476976848107e26
-2.0354944931181096e26
-2.0237105583210417e26
-2.0116994515604427e26
-1.9994647592099334e26
-1.987010094703165e26
-1.974339097492717e26
-1.961455432015033e26
-1.9483627866620685e26
-1.9350648727599008e26
-1.92156542355489e26
-1.907868193207614e26
-1.8939769557952383e26
-1.8798955043226168e26
-1.8656276497424285e26
-1.851177219984945e26
-1.8365480589976554e26
-1.8217440257952453e26
-1.806768993520093e26
-1.7916268485139047e26
-1.776321489400615e26
-1.7608568261810463e26
-1.7452367793394375e26
-1.729465278962411e26
-1.7135462638705428e26
-1.6974836807627244e26
-1.6812814833738385e26
-1.664943631645798e26
-1.648474090912371e26
-1.6318768310978164e26
-1.615155825929818e26
-1.598315052166809e26
-1.58135848883979e26
-1.564290116509071e26
-1.5471139165359132e26
-1.5298338703694076e26
-1.5124539588485262e26
-1.494978161519748e26
-1.4774104559702723e26
-1.4597548171768206e26
-1.4420152168703878e26
-1.4241956229168174e26
-1.406299998713457e26
-1.388332302601733e26
-1.3702964872959834e26
-1.3521964993283705e26
-1.3340362785100562e26
-1.3158197574084749e26
-1.2975508608409211e26
-1.2792335053843542e26
-1.2608715989012767e26
-1.2424690400818964e26
-1.224029718002317e26
-1.2055575116988725e26
-1.1870562897582952e26
-1.168529909923922e26
-1.1499822187176908e26
-1.131417051077732e26
-1.1128382300116563e26
-1.0942495662652248e26
-1.0756548580063972e26
-1.057057890524404e26
-1.038462435943919e26
-1.0198722529540409e26
-1.001291086551776e26
-9.827226678000688e25
-9.641707135999643e25
-9.456389264768307e25
-9.271309943802083e25
-9.086505904972968e25
-8.90201373079619e25
-8.717869852827575e25
-8.534110550186884e25
-8.350771948206576e25
-8.167890017202054e25
-7.98550057135926e25
-7.803639267738833e25
-7.622341605391603e25
-7.4416429245837435e25
-7.261578406126224e25
-7.082183070807398e25
-6.903491778924056e25
-6.7255392299065556e25
-6.548359962036266e25
-6.371988352249958e25
-6.196458616028599e25
-6.021804807364999e25
-5.848060818808393e25
-5.675260381581058e25
-5.503437065761897e25
-5.332624280535079e25
-5.162855274497656e25
-4.994163136023576e25
-4.826580793677817e25
-4.660141016678829e25
-4.494876415403096e25
-4.3308194419287495e25
-4.168002390612392e25
-4.006457398696495e25
-3.84621644694219e25
-3.68731136028201e25
-3.5297738084901587e25
-3.3736353068642006e25
-3.218927216914906e25
-3.0656807470581493e25
-2.913926953306411e25
-2.7636967399543884e25
-2.6150208602533983e25
-2.4679299170720453e25
-2.322454363537067e25
-2.178624503651146e25
-2.036470492881697e25
-1.8960223387180715e25
-1.7573099011920258e25
-1.6203628933561177e25
-1.485210881717666e25
-1.3518832866224287e25
-1.2204093825848936e25
-1.0908182985595364e25
-9.631390181507202e24
-8.374003797557091e24
-7.136310766378011e24
-5.918596569242002e24
-4.7211452352635753e24
-3.544239339781712e24
-2.3881600018736138e24
-1.2531868809805467e24
-1.3959817259461417e23
9.523293970190802e23
2.0223205771133828e24
3.0701015997814764e24
4.095400188351643e24
5.097945566894931e24
6.077468470860899e24
7.033701158886506e24
7.966377425797032e24
8.875232616842041e24
9.760003643177776e24
1.0620428998631362e25
1.1456248777778786e25
1.226720469534658e25
1.3053040106974087e25
1.3813500031348884e25
1.4548331173748312e25
1.5257281950995006e25
1.5940102517853572e25
1.6596544794880382e25
1.7226362497753587e25
1.782931116808483e25
1.8405148205734335e25
1.8953632902646775e25
1.9474526478208114e25
1.9967592116143217e25
2.043259500295591e25
2.0869302367929203e25
2.1277483524679704e25
2.1656909914276616e25
2.200735514993498e25
2.2328595063273054e25
2.2620407752142867e25
2.2882573630030924e25
2.311487547702915e25
2.3317098492367585e25
2.3489030348505375e25
2.363046124678107e25
2.3741183974601586e25
2.3820993964171063e25
2.386968935274156e25
2.3887071044381816e25
2.3872942773240272e25
2.3827111168295385e25
2.3749385819570407e25
2.3639579345802958e25
2.349750746354011e25
2.332298905764363e25
2.3115846253183603e25
2.2875904488695828e25
2.260299259077478e25
2.229694284997826e25
2.1957591098018872e25
2.1584776786205938e25
2.117834306511083e25
2.0738136865426954e25
2.026400897998331e25
1.9755814146883102e25
1.9213411133727011e25
1.8636662822888778e25
1.8025436297797772e25
1.7379602930192095e25
1.669903846830359e25
1.5983623125922683e25
1.5233241672313871e25
1.4447783522920092e25
1.3627142830824069e25
1.2771218578909749e25
1.187991467268023e25
1.095314003367976e25
9.990808693472086e24
8.9928398881198e24
7.959158153113137e24
6.889693418696888e24
5.78438110553573e24
4.64316222066608e24
3.4659834536755314e24
2.2527972730538492e24
1.0035620226560439e24
-2.81757981785907e23
-1.6031923561499816e24
-2.960764551488302e24
-4.3544917577169947e24
-5.784384807499786e24
-7.250448080386696e24
-8.752679407272464e24
-1.0291069975238388e25
-1.1865604232842778e25
-1.3476259795925217e25
-1.512300735399044e25
-1.6805810577238576e25
-1.8524626024307976e25
-2.0279403050797967e25
-2.2070083718639176e25
-2.389660270637742e25
-2.5758887220446503e25
-2.765685690748163e25
-2.9590423767762092e25
-3.155949206983868e25
-3.3563958266416724e25
-3.5603710911566425e25
-3.7678630579324912e25
-3.978858978376377e25
-4.1933452900585215e25
-4.411307609031828e25
-4.632730722318429e25
-4.857598580569585e25
-5.085894290906107e25
-5.317600109945706e25
-5.552697437024297e25
-5.7911668076181334e25
-6.032987886971938e25
-6.278139463942116e25
-6.526599445059359e25
-6.7783448488183085e25
-7.033351800200115e25
-7.2915955254349e25
-7.553050347009669e25
-7.817689678928404e25
-8.08548602223015e25
-8.35641096077169e25
-8.630435157280055e25
-8.90752834968113e25
-9.187659347710501e25
-9.470796029811501e25
-9.756905340326506e25
-1.004595328698729e26
-1.0337904938708656e26
-1.0632724423692187e26
-1.0930374927843862e26
-1.123081869351172e26
-1.1534017018547516e26
-1.1839930255697807e26
-1.2148517812328588e26
-1.2459738150488845e26
-1.2773548787316346e26
-1.3089906295790405e26
-1.3408766305836225e26
-1.3730083505783631e26
-1.4053811644184987e26
-1.4379903531994944e26
-1.4708311045117535e26
-1.5038985127320285e26
-1.53718757935226e26
-1.570693213345824e26
-1.6044102315716874e26
-1.6383333592165738e26
-1.672457230275446e26
-1.7067763880706216e26
-1.7412852858095544e26
-1.7759782871816434e26
-1.8108496669940906e26
-1.845893611847152e26
-1.8811042208487045e26
-1.9164755063683733e26
-1.952001394831346e26
-1.987675727551812e26
-2.0234922616062812e26
-2.0594446707465278e26
-2.095526546352569e26
-2.1317313984253386e26
-2.1680526566191563e26
-2.204483671314048e26
-2.241017714727663e26
-2.277647982066867e26
-2.3143675927187727e26
-2.351169591481267e26
-2.3880469498326626e26
-2.4249925672404887e26
-2.4619992725091012e26
-2.4990598251660775e26
-2.536166916886947e26
-2.5733131729581338e26
-2.6104911537779563e26
-2.6476933563950417e26
-2.6849122160842518e26
-2.722140107959467e26
-2.7593693486231248e26
-2.796592197851918e26
-2.833800860318364e26
-2.8709874873479086e26
-2.908144178710945e26
-2.945262984449437e26
-2.982335906737577e26
-3.019354901776106e26
-3.0563118817196278e26
-3.093198716636432e26
-3.130007236500382e26
-3.16672923321415e26
-3.203356462663201e26
-3.239880646800018e26
-3.2762934757579256e26
-3.3125866099937407e26
-3.3487516824587046e26
-3.3847803007969074e26
-3.4206640495706654e26
-3.456394492511925e26
-3.491963174799049e26
-3.527361625358305e26
-3.5625813591891404e26
-3.5976138797125364e26
-3.632450681141598e26
-3.667083250873653e26
-3.7015030719028675e26
-3.735701625252645e26
-3.769670392426914e26
-3.803400857879404e26
-3.836884511500039e26
-3.8701128511174984e26
-3.9030773850171304e26
-3.935769634473148e26
-3.968181136294202e26
-4.0003034453815086e26
-4.0321281372983295e26
-4.063646810850033e26
-4.094851090673572e26
-4.125732629835578e26
-4.156283112437869e26
-4.1864942562294534e26
-4.216357815223944e26
-4.245865582321515e26
-4.2750093919340625e26
-4.303781122612746e26
-4.332172699676868e26
-4.3601760978428345e26
-4.38778334385232e26
-4.4149865190984134e26
-4.4417777622488515e26
-4.468149271865053e26
