7.311542519531245e-13
7.308059464845504e11
1.1676016195560783e13
5.8967631706248125e13
1.8573813966009578e14
4.514905172634451e14
9.31218750283373e14
1.7142813741394012e15
2.90303125434578e15
4.611205526425355e15
6.962080311856627e15
1.0086395514941128e16
1.412005568447009e16
1.9201613592521916e16
2.546954383944412e16
3.3059314437889692e16
4.210026495853141e16
5.2712300434629704e16
6.50024108208642e16
7.90610263826594e16
9.495821995457312e16
1.1273976754912514e17
1.3242307931970362e17
1.539930133819136e17
1.7739758547595827e17
2.025435879074457e17
2.292921316344958e17
2.5745412577431462e17
2.8678570918169085e17
3.169836491043477e17
3.4768072224500826e17
3.7844109385668685e17
4.087557107654227e17
4.3803772445280064e17
4.656179605385446e17
4.9074045118071085e17
5.125580470569832e17
5.301281257048855e17
5.424084130809075e17
5.482529352482543e17
5.464081171198131e17
5.355090451667616e17
5.140759109537217e17
4.805106522783812e17
4.330938085768504e17
3.699816071057089e17
2.8920329622756416e17
1.8865874190914854e17
6.611630328947354e16
-8.078899710951603e16
-2.545569932757596e17
-4.578235708009746e17
-6.933615226577508e17
-9.640810515591414e17
-1.2730299052493115e18
-1.6233931315551089e18
-2.018492440540795e18
-2.461785161651725e18
-2.9568627843062405e18
-3.5074490709984957e18
-4.1173977326072e18
-4.790689656265976e18
-5.531429676839151e18
-6.343842883761949e18
-7.232270455744697e18
-8.201165016607046e18
-9.255085506297717e18
-1.0398691561969062e19
-1.1636737404810768e19
-1.2974065229203597e19
-1.4415598091630428e19
-1.5966332297677455e19
-1.7631329286371133e19
-1.94157070120262e19
-2.1324630824724984e19
-2.3363303851506983e19
-2.5536956881319272e19
-2.785083775776152e19
-3.0310200284651905e19
-3.292029265044271e19
-3.5686345378522505e19
-3.861355881145701e19
-4.170709013824009e19
-4.497203997464779e19
-4.8413438507812405e19
-5.203623121715677e19
-5.584526418485027e19
-5.984526900996755e19
-6.404084734154408e19
-6.843645504673119e19
-7.303638603125195e19
-7.78447557303512e19
-8.286548428941138e19
-8.810227945437397e19
-9.355861919305764e19
-9.923773406940457e19
-1.0514258939360205e20
-1.112758671719329e20
-1.1763994788108429e20
-1.2423689209250803e20
-1.3106842197325739e20
-1.3813590269053916e20
-1.4544032374800217e20
-1.529822802825412e20
-1.607619543511213e20
-1.6877909623782493e20
-1.7703300581198764e20
-1.8552251396891882e20
-1.9424596418530057e20
-2.0320119422191508e20
-2.1238551800687513e20
-2.2179570773301382e20
-2.314279762035314e20
-2.412779594604032e20
-2.513406997304058e20
-2.6161062872393938e20
-2.720815513220937e20
-2.8274662968762853e20
-2.93598367835723e20
-3.046285967004774e20
-3.158284597332305e20
-3.2718839906879943e20
-3.38698142295722e20
-3.5034668986652046e20
-3.6212230318389133e20
-3.740124933985453e20
-3.8600401095421e20
-3.980828359150277e20
-4.1023416911024705e20
-4.2244242413073806e20
-4.3469122021140516e20
-4.469633760331006e20
-4.592409044770763e20
-4.715050083644298e20
-4.837360772123301e20
-4.959136850381075e20
-5.08016589241526e20
-5.200227305947356e20
-5.319092343685318e20
-5.436524126226206e20
-5.5522776768660544e20
-5.666099968573839e20
-5.777729983375488e20
-5.8868987843825454e20
-5.99332960068818e20
-6.096737925340834e20
-6.196831626592835e20
-6.29331107260806e20
-6.385869269798595e20
-6.474192014946287e20
-6.557958061249988e20
-6.636839298424238e20
-6.710500946959262e20
-6.778601766636188e20
-6.840794279374674e20
-6.896725006473335e20
-6.946034720285947e20
-6.98835871035872e20
-7.023327064035907e20
-7.050564961522597e20
-7.069692985374862e20
-7.080327444368303e20
-7.082080711676974e20
-7.074561577274822e20
-7.057375614452155e20
-7.030125560319579e20
-6.992411710151498e20
-6.94383232540101e20
-6.88398405519729e20
-6.81246237111584e20
-6.728862014991253e20
-6.632777459520948e20
-6.523803381387516e20
-6.40153514660613e20
-6.265569307782383e20
-6.115504112944745e20
-5.950940025594853e20
-5.7714802555976824e20
-5.576731300512737e20
-5.3663034969464766e20
-5.139811581485495e20
-4.89687526074915e20
-4.6371197900803355e20
-4.360176560372224e20
-4.06568369250939e20
-3.7532866388815276e20
-3.4226387914087386e20
-3.073402095498e20
-2.705247669331717e20
-2.3178564278706166e20
-1.9109197109352903e20
-1.484139914712727e20
-1.0372311260172183e20
-5.699197586178934e19
-8.19451909290568e18
4.26939595656484e19
9.569673785262165e19
1.5083560564483857e20
2.0813080137782742e20
2.6760094870475532e20
3.292629934727048e20
3.93132141096552e20
4.592217944118362e20
5.275434920891518e20
5.98106847693502e20
6.709194894731295e20
7.459870009630479e20
8.233128624894225e20
9.028983936615032e20
9.847426969385758e20
1.0688426023597887e21
1.1551926135252404e21
1.2437848549170804e21
1.3346090206495276e21
1.4276523247370405e21
1.5228994529697863e21
1.620332516485706e21
1.7199310071281644e21
1.821671754678187e21
1.9255288860497265e21
2.031473786536239e21
2.13947506319609e21
2.2494985104639265e21
2.3615070780742304e21
2.4754608413825916e21
2.59131697416921e21
2.7090297240081793e21
2.8285503902848857e21
2.9498273049426977e21
3.0728058160386466e21
3.197428274186513e21
3.3236340219639423e21
3.451359386358782e21
3.5805376743278054e21
3.7110991715393465e21
3.842971144369131e21
3.9760778452167237e21
4.1103405212076013e21
4.245677426343681e21
4.382003837162728e21
4.5192320719644037e21
4.6572715136583163e21
4.796028636286514e21
4.935407035270214e21
5.075307461427461e21
5.215627858805662e21
5.356263406369502e21
5.497106563581897e21
5.63804711991204e21
5.778972248301479e21
5.919766562615503e21
6.060312179103679e21
6.200488781889705e21
6.340173692507073e21
6.479241943493143e21
6.617566356050533e21
6.755017621780619e21
6.891464388490074e21
7.026773350067177e21
7.160809340420663e21
7.293435431469407e21
7.424513035167376e21
7.553902009543559e21
7.681460768732544e21
7.807046396966896e21
7.930514766497963e21
8.051720659407426e21
8.170517893267255e21
8.286759450601227e21
8.400297612096603e21
8.510984093509933e21
8.618670186206334e21
8.723206901266994e21
8.824445117094971e21
8.922235730444685e21
9.016429810795912e21
9.106878757988389e21
9.193434463028488e21
9.27594947197483e21
9.354277152805038e21
9.428271865161285e21
9.497789132867652e21
9.562685819107896e21
9.622820304147504e21
9.678052665479756e21
9.728244860270735e21
9.773260909974183e21
9.812967086982575e21
9.847232103176559e21
9.875927300230772e21
9.898926841529947e21
9.916107905544955e21
9.927350880514773e21
9.93253956027618e21
9.93156134107941e21
9.924307419224118e21
9.910672989346482e21
9.890557443184752e21
9.863864568647122e21
9.830502749002518e21
9.790385162011747e21
9.743429978813364e21
9.689560562375735e21
9.628705665323796e21
9.560799626946759e21
9.485782569189846e21
9.40360059143151e21
9.314205963844616e21
9.217557319138597e21
9.113619842477185e21
9.002365459364955e21
8.88377302129393e21
8.757828488940355e21
8.624525112700291e21
8.483863610351686e21
8.335852341629583e21
8.180507479500442e21
8.017853177920927e21
7.847921735866241e21
7.670753757412796e21
7.486398307660052e21
7.294913064276635e21
7.096364464456096e21
6.890827847068483e21
6.678387589794406e21
6.459137241029589e21
6.233179646348923e21
6.000627069320509e21
5.761601306461695e21
5.51623379613127e21
5.264665721153549e21
5.007048104972776e21
4.743541901138447e21
4.4743180759250313e21
4.199557683892313e21
3.919451936195837e21
3.634202261460095e21
3.34402035903095e21
3.0491282444269115e21
2.7497582868138316e21
2.4461532383306297e21
2.1385662550991186e21
1.8272609097547105e21
1.5125111953403308e21
1.1946015204102835e21
8.738266951965475e20
5.5049190869495605e20
2.249126965348443e20
-1.0258510049899341e20
-4.3166538741647304e20
-7.619818755635932e20
-1.0931781528665624e21
-1.424887763884837e21
-1.756734299771337e21
-2.0883314982319953e21
-2.41928335356883e21
-2.7491842368844333e21
-3.077619026516819e21
-3.404163248767715e21
-3.728383228977617e21
-4.049836252994684e21
-4.3680707390749855e21
-4.6826264202445807e21
-4.993034537144091e21
-5.298818041369493e21
-5.599491809312403e21
-5.894562866496004e21
-6.183530622392249e21
-6.465887115698309e21
-6.741117270039877e21
-7.008699160060733e21
-7.268104287847577e21
-7.51879786963071e21
-7.760239132690786e21
-7.991881622392593e21
-8.213173519257587e21
-8.423557965975938e21
-8.622473404250906e21
-8.809353921356425e21
-8.983629606281036e21
-9.144726915319486e21
-9.292069046965221e21
-9.425076325945197e21
-9.543166596230628e21
-9.64575562284509e21
-9.732257502283761e21
-9.80208508134569e21
-9.854650384172815e21
-9.889365047278228e21
-9.90564076233772e21
-9.902889726507689e21
-9.880525100023999e21
-9.83796147082591e21
-9.774615325940346e21
-9.689905529351907e21
-9.583253806075181e21
-9.454085232136433e21
-9.30182873016262e21
-9.125917570267332e21
-8.925789875913483e21
-8.700889134425095e21
-8.450664711810819e21
-8.17457237155469e21
-7.872074797020648e21
-7.542642117109243e21
-7.185752434798415e21
-6.800892358190947e21
-6.387557533685385e21
-5.945253180878403e21
-5.473494628801827e21
-4.971807853088411e21
-4.4397300136563914e21
-3.876809992493951e21
-3.282608931122012e21
-2.6567007673049615e21
-1.9986727705757237e21
-1.308126076135502e21
-5.8467621668339266e20
1.7204634827218538e20
9.623957060740973e20
1.786709968005326e21
2.6453107502679877e21
3.5385026593147474e21
4.4665727820007935e21
5.42979018102485e21
6.428405396131928e21
7.462649951550326e21
8.532735870138726e21
9.638855194719182e21
1.0781179517074114e22
1.1959859515083524e22
1.3175024498481234e22
1.442678196370665e22
1.571521715832971e22
1.7040392655523499e22
1.8402347939059288e22
1.9801098999295637e22
2.1236637940632634e22
2.2708932600897097e22
2.421792618312358e22
2.5763536900191813e22
2.734565763277766e22
2.8964155601069244e22
3.0618872050696296e22
3.2309621953315945e22
3.4036193722290082e22
3.5798348943888363e22
3.759582212443789e22
3.942832045384041e22
4.129552358586512e22
4.319708343562299e22
4.513262399461386e22
4.710174116373627e22
4.910400260463432e22
5.113894760975344e22
5.320608699146011e22
5.53049029905765e22
5.743484920466654e22
5.9595350536402514e22
6.178580316232559e22
6.400557452230631e22
6.625400332999671e22
6.853039960455411e22
7.083404472390314e22
7.3164191499789955e22
7.552006427486958e22
7.790085904205258e22
8.030574358632308e22
8.27338576492262e22
8.51843131162083e22
8.765619422697624e22
9.014855780903068e22
9.26604335345064e22
9.519082420044303e22
9.77387060325872e22
1.003030290128172e23
1.0288271723025626e23
1.0547666925613049e23
1.0808375854240544e23
1.1070283384422166e23
1.1333271966612583e23
1.159722167320826e23
1.1862010247922883e23
1.212751315753171e23
1.2393603645977274e23
1.2660152790827416e23
1.2927029562074322e23
1.3194100883261695e23
1.346123169492492e23
1.3728285020327367e23
1.3995122033473957e23
1.4261602129381194e23
1.4527582996580828e23
1.479292069183236e23
1.5057469717017767e23
1.532108309818963e23
1.5583612466741997e23
1.5844908142671373e23
1.610481921989308e23
1.636319365357654e23
1.661987834946069e23
1.687471925510919e23
1.712756145306277e23
1.7378249255844334e23
1.762662630277053e23
1.7872535658521316e23
1.8115819913417476e23
1.8356321285353953e23
1.8593881723335038e23
1.8828343012555578e23
1.905954688097064e23
1.9287335107294062e23
1.9511549630364854e23
1.9732032659818223e23
1.994862678799667e23
2.0161175103034677e23
2.0369521303048923e23
2.0573509811364205e23
2.077298589270384e23
2.096779577027162e23
2.115778674365077e23
2.1342807307444126e23
2.1522707270578033e23
2.169733787619127e23
2.1866551922028663e23
2.2030203881258152e23
2.2188150023628187e23
2.2340248536881867e23
2.2486359648342252e23
2.262634574658282e23
2.2760071503095462e23
2.2887403993867802e23
2.3008212820780238e23
2.3122370232732555e23
2.3229751246408898e23
2.3330233766589104e23
2.342369870591374e23
2.3510030104009407e23
2.3589115245880415e23
2.366084477947207e23
2.372511283231082e23
2.3781817127125463e23
2.383085909635384e23
2.3872143995438784e23
2.390558101481697e23
2.3931083390504235e23
2.3948568513180693e23
2.395795803567905e23
2.3959177978779754e23
2.3952158835216346e23
2.3936835671794873e23
2.3913148229531475e23
2.3881041021712564e23
2.3840463429782363e23
2.3791369796963225e23
2.373371951951453e23
2.3667477135536874e23
2.3592612411228775e23
2.3509100424503855e23
2.3416921645877695e23
2.3316062016534116e23
2.3206513023481955e23
2.3088271771714223e23
2.296134105328305e23
2.2825729413204964e23
2.2681451212112166e23
2.252852668556709e23
2.236698199995917e23
2.2196849304903966e23
2.201816678206656e23
2.183097869033314e23
2.1635335407255746e23
2.1431293466698098e23
2.1218915592611223e23
2.099827072887056e23
2.0769434065107416e23
2.053248705847072e23
2.0287517451256506e23
2.0034619284345314e23
1.9773892906389392e23
1.9505444978695254e23
1.9229388475748025e23
1.894584268132816e23
1.865493318017215e23
1.835679184513318e23
1.805155681979887e23
1.773937249652734e23
1.7420389489864526e23
1.7094764605309717e23
1.676266080339832e23
1.6424247159074604e23
1.6079698816329437e23
1.572919693808215e23
1.537292865128801e23
1.5011086987256303e23
1.4643870817167583e23
1.4271484782781068e23
1.3894139222327836e23
1.3512050091587475e23
1.3125438880150514e23
1.2734532522870966e23
1.2339563306518651e23
1.1940768771642623e23
1.1538391609662081e23
1.1132679555203283e23
1.0723885273706218e23
1.0312266244326792e23
9.898084638165234e22
9.481607191853742e22
9.063105076541673e22
8.642853762318614e22
8.221132878120729e22
7.798226067168008e22
7.374420837985555e22
6.9500084110638465e22
6.525283561218166e22
6.100544455709606e22
5.676092488195358e22
5.252232108578047e22
4.829270648828897e22
4.407518144861713e22
3.987287154539974e22
3.568892571901311e22
3.1526514376882375e22
2.738882746277239e22
2.3279072491014134e22
1.9200472546662985e22
1.515626425260917e22
1.1149695704702707e22
7.184024375980466e21
3.262514991127419e21
-6.115626276749438e20
-4.434935742318382e21
-8.204330906539333e21
-1.1916476198631881e22
-1.556810347782401e22
-1.9155950662999647e22
-2.267676403242851e22
-2.612730054312624e22
-2.9504330168450104e22
-3.280463825250045e22
-3.60250278798791e22
-3.916232225932067e22
-4.221336711969718e22
-4.517503311686549e22
-4.80442182498107e22
-5.081785028450691e22
-5.3492889183904416e22
-5.606632954242718e22
-5.853520302334398e22
-6.089658079736363e22
-6.314757598077789e22
-6.5285346071468856e22
-6.7307095381073155e22
-6.921007746159007e22
-7.099159752469609e22
-7.264901485202703e22
-7.417974519466752e22
-7.558126316008897e22
-7.685110458475324e22
-7.798686889060784e22
-7.898622142367543e22
-7.984689577295191e22
-8.05666960678051e22
-8.114349925207981e22
-8.157525733309804e22
-8.185999960375914e22
-8.199583483592512e22
-8.198095344329956e22
-8.18136296119934e22
-8.149222339698893e22
-8.101518278271213e22
-8.038104570593017e22
-7.958844203920285e22
-7.863609553312723e22
-7.752282571561964e22
-7.624754974649748e22
-7.4809284225634035e22
-7.320714695297926e22
-7.144035863874687e22
-6.950824456209538e22
-6.741023617664209e22
-6.514587266117934e22
-6.2714802413970095e22
-6.011678448903637e22
-5.735168997286925e22
-5.441950330002386e22
-5.132032350607809e22
-4.805436541647341e22
-4.462196076977626e22
-4.10235592739438e22
-3.725972959418771e22
-3.333116027108711e22
-2.923866056761612e22
-2.4983161243809845e22
-2.0565715257799966e22
-1.5987498392023474e22
-1.124980980341567e22
-6.354072496470439e21
-1.3018337180627795e21
3.905234727005292e21
9.265336240743844e21
1.477654927794828e22
2.0436827274329425e22
2.624399865765633e22
3.2195766942731445e22
3.828971091095464e22
4.4523284875205065e22
5.089381903069096e22
5.7398519892389355e22
6.4034470819617976e22
7.079863262826034e22
7.768784429107849e22
8.469882372651336e22
9.182816867629802e22
9.907235767217287e22
1.0642775109192065e23
1.1389059230486706e23
1.2145700890697104e23
1.2912301404552661e23
1.3688450783346918e23
1.4473727885319293e23
1.52677005749749e23
1.6069925891321037e23
1.687995022499421e23
1.7697309504243614e23
1.8521529389733017e23
1.9352125478114043e23
2.018860351431962e23
2.1030459612517836e23
2.187718048566254e23
2.272824368356806e23
2.3583117839430946e23
2.4441262924713243e23
2.5302130512297814e23
2.6165164047817182e23
2.7029799129053e23
2.789546379329489e23
2.8761578812543258e23
2.9627557996432048e23
3.049280850274286e23
3.135673115537357e23
3.2218720769620595e23
3.307816648462594e23
3.3934452102834644e23
3.4786956436301415e23
3.563505365968061e23
3.6478113669726095e23
3.7315502451122447e23
3.814658244846198e23
3.8970712944178526e23
3.978725044224009e23
4.0595549057399525e23
4.139496090979448e23
4.218483652468455e23
4.296452523710652e23
4.3733375601224236e23
4.44907358041433e23
4.5235954083957386e23
4.596837915178708e23
4.668736061756609e23
4.739224941932774e23
4.808239825573732e23
4.87571620216135e23
4.9415898246175365e23
5.005796753375051e23
5.068273400667236e23
5.128956575009379e23
5.187783525843749e23
5.2446919883203483e23
5.299620228184691e23
5.352507086743948e23
5.403292025882134e23
5.451915173095124e23
5.498317366515604e23
5.5424401998981266e23
5.5842260675339475e23
5.62361820906535e23
5.660560754168709e23
5.694998767075584e23
5.7268782909007523e23
5.756146391746181e23
5.782751202549623e23
5.8066419666464804e23
5.827769081013511e23
5.846084139162904e23
5.861539973655154e23
5.8740906981991534e23
5.8836917493079515e23
5.890299927478632e23
5.893873437864836e23
5.8943719304103725e23
5.89175653941269e23
5.885989922484878e23
5.8770362988850995e23
5.864861487182456e23
5.849432942228497e23
5.8307197914037755e23
5.8086928701090795e23
5.78332475647109e23
5.754589805232698e23
5.722464180798328e23
5.686925889404926e23
5.6479548103897e23
5.605532726525991e23
5.559643353398983e23
5.510272367793462e23
5.457407435066127e23
5.401038235475496e23
5.341156489442955e23
5.277755981718641e23
5.210832584426951e23
5.1403842789664205e23
5.066411176739589e23
4.98891553868892e23
4.90790179361548e23
4.823376555257629e23
4.7353486381077854e23
4.643829071945516e23
4.548831115066608e23
4.4503702661877416e23
4.3484642750075314e23
4.2431331514052686e23
4.1343991732594856e23
4.0222868928692055e23
3.906823141961519e23
3.78803703527006e23
3.6659599726693324e23
3.54062563985142e23
3.4120700075316934e23
3.2803313291714746e23
3.1454501372063045e23
3.0074692377694303e23
2.8664337039009504e23
2.7223908672341928e23
2.5753903081513316e23
2.4254838444019913e23
2.2727255181787537e23
2.1171715816449497e23
1.9588804809109317e23
1.797912838455999e23
1.634331433994208e23
1.4682011837834241e23
1.2995891183774731e23
1.1285643588232093e23
9.551980913043781e22
7.795635402358665e22
6.017359398126326e22
4.217925040188668e22
2.3981239510383423e22
5.587669053203871e21
-1.299316515835298e22
-3.175278285557017e22
-5.068252306936675e22
-6.977354803582073e22
-8.901684724886105e22
-1.0840324165871218e23
-1.2792338801459675e23
-1.4756778335006581e23
-1.6732676960922256e23
-1.8719053841204802e23
-2.0714913595683232e23
-2.2719246805770423e23
-2.4731030531510108e23
-2.6749228841691388e23
-2.8772793356795863e23
-3.080066380453009e23
-3.2831768587685974e23
-3.4865025364065964e23
-3.6899341638190555e23
-3.893361536450492e23
-4.096673556178667e23
-4.299758293844823e23
-4.502503052841721e23
-4.704794433726955e23
-4.9065183998278294e23
-5.107560343803827e23
-5.307805155130717e23
-5.507137288470469e23
-5.7054408328897525e23
-5.902599581889021e23
-6.098497104203437e23
-6.293016815335935e23
-6.486042049782055e23
-6.677456133905256e23
-6.867142459421011e23
-7.054984557446561e23
-7.240866173073289e23
-7.424671340417407e23
-7.606284458104285e23
-7.785590365140971e23
-7.962474417130894e23
-8.136822562784007e23
-8.308521420675527e23
-8.477458356205061e23
-8.643521558708281e23
-8.806600118672207e23
-8.966584105005037e23
-9.12336464231084e23
-9.276833988119156e23
-9.426885610019018e23
-9.573414262647011e23
-9.716316064477896e23
-9.855488574366835e23
-9.990830867791575e23
-1.0122243612742861e24
-1.0249629145211126e24
-1.0372891544217386e24
-1.0491936706336191e24
-1.0606672419658294e24
-1.0717008437140829e24
-1.0822856549292554e24
-1.0924130656141868e24
-1.1020746838435463e24
-1.1112623428015309e24
-1.1199681077322028e24
-1.1281842827972699e24
-1.1359034178361511e24
-1.1431183150231801e24
-1.1498220354168184e24
-1.156007905395799e24
-1.1616695229771559e24
-1.1668007640110966e24
-1.1713957882477697e24
-1.1754490452709768e24
-1.178955280293956e24
-1.1819095398124064e24
-1.18430717710996e24
-1.186143857611413e24
-1.187415564079032e24
-1.1881186016473685e24
-1.18824960269204e24
-1.1878055315280523e24
-1.1867836889332744e24
-1.1851817164927887e24
-1.1829976007598879e24
-1.1802296772296239e24
-1.1768766341208545e24
-1.172937515962856e24
-1.1684117269826595e24
-1.1632990342893733e24
-1.1575995708518413e24
-1.1513138382661068e24
-1.1444427093092568e24
-1.136987430276344e24
-1.1289496230971628e24
-1.120331287229832e24
-1.1111348013281931e24
-1.1013629246802207e24
-1.0910187984147108e24
-1.0801059464736817e24
-1.0686282763480268e24
-1.0565900795741372e24
-1.0439960319892768e24
-1.0308511937437028e24
-1.0171610090676249e24
-1.0029313057912643e24
-9.881682946163936e23
-9.72878568137908e23
-9.57069099614128e23
-9.407472414846764e23
-9.239207236349289e23
-9.065976514062048e23
-8.88786503350995e23
-8.704961287327334e23
-8.517357447697171e23
-8.325149336229895e23
-8.12843639128144e23
-7.927321632711859e23
-7.721911624087247e23
-7.512316432329736e23
-7.29864958482191e23
-7.081028023973376e23
-6.859572059259359e23
-6.634405316742562e23
-6.405654686091663e23
-6.173450265110671e23
-5.937925301796266e23
-5.699216133940893e23
-5.457462126301916e23
-5.212805605358072e23
-4.965391791676987e23
-4.715368729918494e23
-4.4628872165009084e23
-4.208100724958485e23
-3.951165329020168e23
-3.692239623441813e23
-3.431484642625388e23
-3.169063777060066e23
-2.905142687622532e23
-2.6398892177746806e23
-2.3734733036992804e23
-2.106066882415075e23
-1.8378437979148052e23
-1.5689797053712527e23
-1.2996519734579784e23
-1.0300395848325584e23
-7.603230348322977e22
-4.906842284333776e22
-2.213063755263887e22
4.762611543785844e21
3.159277453766802e22
5.834120340208296e22
8.498916308183325e22
1.1151784272374338e23
1.3790836704072127e23
1.6414180780336836e23
1.901991954527462e23
2.1606153082784456e23
2.4170979700109007e23
2.67124971215232e23
2.9228803691467602e23
3.171799958643853e23
3.417818803492561e23
3.660747654467889e23
3.9003978136582744e23
4.13658125843977e23
4.36911076596265e23
4.5978000380750814e23
4.822463826607607e23
5.0429180589414955e23
5.2589799637833273e23
5.470468197067163e23
5.677202967905567e23
5.8790061645095945e23
6.075701479997493e23
6.267114538011708e23
6.453073018062583e23
6.633406780517462e23
6.807947991153139e23
6.976531245189384e23
7.13899369072101e23
7.295175151465836e23
7.444918248745447e23
7.588068522616027e23
7.724474552065985e23
7.853988074197486e23
7.976464102308678e23
8.091761042794065e23
8.199740810779921e23
8.300268944412538e23
8.393214717716834e23
8.478451251943587e23
8.555855625323654e23
8.625308981148091e23
8.686696634093577e23
8.739908174713057e23
8.784837572012162e23
8.821383274032555e23
8.849448306364131e23
8.868940368508695e23
8.879771928018683e23
8.881860312335151e23
8.875127798250469e23
8.859501698921845e23
8.834914448363092e23
8.80130368334299e23
8.758612322619792e23
8.706788643442634e23
8.645786355251766e23
8.575564670511034e23
8.496088372607121e23
8.407327880751718e23
8.30925931182397e23
8.201864539092443e23
8.085131247756998e23
7.959052987252795e23
7.823629220260257e23
7.678865368366609e23
7.524772854326046e23
7.361369140867915e23
7.18867776600332e23
7.006728374783593e23
6.815556747464705e23
6.615204824034662e23
6.405720725062377e23
6.187158768828933e23
5.95957948470374e23
5.723049622730938e23
5.4776421593925155e23
5.223436299518217e23
4.9605174743130776e23
4.6889773354767184e23
4.408913745390305e23
4.1204307633498325e23
3.82363862782613e23
3.518653734735018e23
3.2055986117030654e23
2.884601888316905e23
2.5557982623466576e23
2.2193284619363588e23
1.8753392037566718e23
1.5239831471183144e23
1.1654188440460934e23
7.998106853171067e22
4.273288424685691e22
4.814920578344864e21
-3.3754668173507533e22
-7.2957169438700696e22
-1.1277331977808187e23
-1.5318331268014632e23
-1.9416680675203862e23
-2.3570293430232883e23
-2.7777031031285528e23
-3.203470417968176e23
-3.634107375398141e23
-4.0693851822045155e23
-4.5090702690674986e23
-4.952924399244143e23
-5.400704780927003e23
-5.852164183233787e23
-6.307051055780299e23
-6.765109651786407e23
-7.226080154662668e23
-7.68969880802171e23
-8.15569804905656e23
-8.623806645225955e23
-9.093749834183223e23
-9.565249466883833e23
-1.0038024153803137e24
-1.0511789414194689e24
-1.0986257828316378e24
-1.1461139192549136e24
-1.1936140677330822e24
-1.241096698782619e24
-1.2885320527250464e24
-1.33589015627629e24
-1.38314083938434e24
-1.4302537523064383e24
-1.477198382916712e24
-1.5239440742349797e24
-1.5704600421672608e24
-1.616715393448375e24
-1.6626791437767187e24
-1.708320236131244e24
-1.753607559260339e24
-1.7985099663322992e24
-1.8429962937367412e24
-1.887035380026311e24
-1.9305960849876813e24
-1.9736473088308917e24
-2.0161580114857793e24
-2.0580972319941784e24
-2.0994341079863886e24
-2.1401378952303484e24
-2.1801779872417645e24
-2.2195239349433263e24
-2.258145466361108e24
-2.2960125063460463e24
-2.3330951963083967e24
-2.3693639139528448e24
-2.4047892930020473e24
-2.439342242896133e24
-2.472993968455742e24
-2.505715989496021e24
-2.5374801603790836e24
-2.568258689492229e24
-2.598024158639329e24
-2.6267495423326377e24
-2.65440822697236e24
-2.680974029901232e24
-2.706421218321409e24
-2.73072452806089e24
-2.7538591821768215e24
-2.775800909382944e24
-2.7965259622885307e24
-2.8160111354361713e24
-2.834233783125812e24
-2.851171837012536e24
-2.866803823465561e24
-2.881108880676074e24
-2.8940667755015467e24
-2.9056579200342984e24
-2.915863387882134e24
-2.924664930148981e24
-2.9320449911036155e24
-2.937986723524611e24
-2.9424740037098107e24
-2.945491446138757e24
-2.9470244177766266e24
-2.9470590520084167e24
-2.945582262192238e24
-2.942581754820748e24
-2.9380460422799644e24
-2.9319644551948344e24
-2.924327154351164e24
-2.915125142183658e24
-2.904350273820111e24
-2.891995267671888e24
-2.8780537155611733e24
-2.8625200923755955e24
-2.8453897652411427e24
-2.82665900220446e24
-2.8063249804159297e24
-2.7843857938051525e24
-2.7608404602407544e24
-2.7356889281665976e24
-2.7089320827069424e24
-2.6805717512332217e24
-2.650610708385439e24
-2.6190526805415267e24
-2.5859023497282314e24
-2.551165356967489e24
-2.514848305052511e24
-2.476958760748054e24
-2.437505256409875e24
-2.3964972910184688e24
-2.3539453306226707e24
-2.3098608081889896e24
-2.264256122852885e24
-2.2171446385685658e24
-2.168540682154265e24
-2.1184595407301398e24
-2.0669174585466334e24
-2.0139316332011451e24
-1.959520211241442e24
-1.903702283154561e24
-1.846497877740303e24
-1.7879279558688271e24
-1.728014403622203e24
-1.6667800248202565e24
-1.604248532931182e24
-1.5404445423681843e24
-1.4753935591733844e24
-1.4091219710908862e24
-1.3416570370312013e24
-1.2730268759295974e24
-1.2032604550013845e24
-1.1323875773975565e24
-1.0604388692644379e24
-9.874457662116814e23
-9.134404991930578e23
-8.384560798050534e23
-7.62526285008601e23
-6.856856412797184e23
-6.079694081951488e23
-5.294135614596463e23
-4.500547753815867e23
-3.699304048044944e23
-2.8907846650195832e23
-2.0753762004410165e23
-1.253471481440166e23
-4.254693649300218e22
4.08225469062091e22
1.2472027289866745e23
2.0910467281888124e23
2.9393366060483386e23
3.791646553734479e23
4.647546044466644e23
5.506600068167411e23
6.368369370390599e23
7.232410695404295e23
8.098277033305083e23
8.965517871036003e23
9.833679447179897e23
1.0702305010392307e24
1.1570935081339342e24
1.2439107718000575e24
1.3306358784194492e24
1.4172222221181451e24
1.5036230322195976e24
1.589791400975706e24
1.6756803115604838e24
1.7612426663105038e24
1.846431315196455e24
1.9311990845096502e24
2.0154988057471637e24
2.0992833446790504e24
2.182505630580869e24
2.2651186856145644e24
2.3470756543404513e24
2.428329833343138e24
2.5088347009535964e24
2.5885439470498686e24
2.667411502918477e24
2.745391571158526e24
2.8224386556103725e24
2.898507591290576e24
2.973553574314698e24
3.047532191789602e24
3.1203994516564453e24
3.192111812465857e24
3.262626213066493e24
3.331900102188154e24
3.399891467900619e24
3.4665588669293073e24
3.531861453808757e24
3.5957590098551714e24
3.6582119719388415e24
3.7191814610376777e24
3.7786293105528717e24
3.836518094367786e24
3.892811154631264e24
3.947472629246521e24
4.000467479046931e24
4.051761514639999e24
4.101321422901101e24
4.149114793098351e24
4.1951101426303775e24
4.239276942358798e24
4.2815856415172473e24
4.3220076921791086e24
4.360515573266137e24
4.397082814080408e24
4.4316840173422337e24
4.464294881716759e24
4.494892223812309e24
4.523453999633726e24
4.5499593254741324e24
4.5743884982288324e24
4.5967230151153377e24
4.616945592783734e24
4.635040185801964e24
4.650992004500711e24
4.6647875321631085e24
4.676414541544666e24
4.685862110709111e24
4.69312063816627e24
4.698181857298426e24
4.701038850061883e24
4.7016860599509056e24
4.7001193042115734e24
4.696335785293445e24
4.690334101527302e24
4.6821142570177315e24
4.671677670739612e24
4.65902718482812e24
4.6441670720521523e24
4.627103042461629e24
4.607842249199513e24
4.586393293469949e24
4.562766228654164e24
4.536972563566551e24
4.509025264843544e24
4.478938758458644e24
4.446728930357179e24
4.4124131262051853e24
4.3760101502469946e24
4.3375402632668846e24
4.2970251796505185e24
4.2544880635424735e24
4.209953524096713e24
4.163447609817333e24
4.114997801987455e24
4.064633007184913e24
4.0123835488834163e24
3.958281158139021e24
3.90235896336188e24
3.84465147917398e24
3.7851945943541153e24
3.724025558871877e24
3.661182970012945e24
3.596706757598889e24
3.530638168304616e24
3.4630197490777967e24
3.393895329664855e24
3.32331000424872e24
3.251310112204188e24
3.1779432179771187e24
3.1032580900947327e24
3.0273046793140955e24
2.9501340959172e24
2.8717985861611427e24
2.792351507892669e24
2.711847305336834e24
2.6303414830701643e24
2.5478905791890733e24
2.4645521376853103e24
2.3803846800400184e24
2.2954476760492786e24
2.2098015138940878e24
2.1235074694684017e24
2.0366276749794614e24
1.949225086835027e24
1.861363452832657e24
1.7731072786670406e24
1.6845217937711585e24
1.595672916508357e24
1.5066272187324006e24
1.4174518897331735e24
1.3282146995862992e24
1.2389839619252453e24
1.1498284961549373e24
1.0608175891267284e24
9.720209562942979e23
8.835087023711968e23
7.953512815107855e23
7.076194570297771e23
6.203842606971017e23
5.3371695161009346e23
4.4768897468031797e23
3.6237191875210615e23
2.7783747437653917e23
1.9415739126464715e23
1.1140343544349122e23
2.964734613930092e22
-5.103920758796078e22
-1.3058467043382967e23
-2.089176446375369e23
-2.8596693394358816e23
-3.616615877116816e23
-4.359309451488619e23
-5.0870467963813116e23
-5.799128431373297e23
-6.494859106218947e23
-7.173548245451194e23
-7.834510392889164e23
-8.477065655786647e23
-9.100540148348523e23
-9.704266434346165e23
-1.0287583968559397e24
-1.0849839536772671e24
-1.1390387694052288e24
-1.1908591201031752e24
-1.240382145792879e24
-1.2875458936023483e24
-1.3322893606320354e24
-1.3745525365121993e24
-1.414276445623991e24
-1.4514031889569763e24
-1.4858759855758245e24
-1.5176392136690925e24
-1.5466384511528014e24
-1.5728205158022099e24
-1.5961335048846788e24
-1.616526834267144e24
-1.6339512769716297e24
-1.6483590011525297e24
-1.6597036074695958e24
-1.6679401658307124e24
-1.6730252514787859e24
-1.6749169803974945e24
-1.6735750440106813e24
-1.66896074315058e24
-1.6610370212703997e24
-1.6497684968770253e24
-1.6351214951600323e24
-1.617064078793435e24
-1.595566077887073e24
-1.570599119064938e24
-1.5421366536480023e24
-1.5101539849196858e24
-1.4746282944524425e24
-1.4355386674744188e24
-1.3928661172556267e24
-1.346593608493523e24
-1.2967060796782995e24
-1.2431904644189688e24
-1.1860357117114854e24
-1.1252328051309743e24
-1.0607747809305124e24
-9.926567450295802e23
-9.208758888758163e23
-8.454315041643507e23
-7.663249963994377e23
-6.835598972840425e23
-5.971418759233361e23
-5.070787488288437e23
-4.1338048871065625e23
-3.160592320457276e23
-2.151292854109506e23
-1.106071305705344e23
-2.511428307465271e21
1.0913697900974994e23
2.243150661338732e23
3.429976249268723e23
4.651572656361235e23
5.907644194651357e23
7.197873424444218e23
8.521921206072648e23
9.879426764743818e23
1.1270007768510512e24
1.2693260419387946e24
1.4148759557636743e24
1.56360587792203e24
1.7154690566438258e24
1.8704166431730562e24
2.028397707463662e24
2.1893592551887878e24
2.353246246060555e24
2.5200016134561586e24
2.6895662853459485e24
2.861879206517963e24
3.036877362092658e24
3.214495802320853e24
3.3946676686568987e24
3.5773242210984803e24
3.762394866783756e24
3.9498071898351725e24
4.139486982439197e24
4.3313582771499384e24
4.525343380404091e24
4.7213629072335393e24
4.919335817161583e24
5.119179451267617e24
5.320809570404352e24
5.524140394551315e24
5.729084643286803e24
5.935553577360492e24
6.143457041347751e24
6.352703507365889e24
6.563200119832151e24
6.774852741242313e24
6.987565998947845e24
7.201243332909589e24
7.415787044404147e24
7.631098345659407e24
7.847077410394618e24
8.063623425239455e24
8.280634642006438e24
8.498008430790023e24
8.715641333864999e24
8.933429120356728e24
9.151266841654363e24
9.369048887538316e24
9.586669042992313e24
9.804020545669726e24
1.0020996143983715e25
1.0237488155789745e25
1.0453388527628804e25
1.0668588894499002e25
1.088298064012303e25
1.109645495767795e25
1.1308902910953956e25
1.1520215495907856e25
1.1730283702576932e25
1.1938998577318246e25
1.214625128533812e25
1.235193317347619e25
1.2555935833208292e25
1.2758151163831708e25
1.2958471435796278e25
1.3156789354144753e25
1.3352998122025167e25
1.3546991504238017e25
1.3738663890780744e25
1.3927910360351805e25
1.4114626743776672e25
1.429870968731751e25
1.448005671582859e25
1.4658566295719257e25
1.483413789768611e25
1.5006672059176085e25
1.517607044654208e25
1.534223591685272e25
1.5505072579318084e25
1.5664485856292863e25
1.582038254381866e25
1.5972670871667679e25
1.6121260562849212e25
1.6266062892541445e25
1.6406990746410489e25
1.65439586782793e25
1.66768829671089e25
1.6805681673255011e25
1.6930274693962837e25
1.7050583818063628e25
1.7166532779836723e25
1.7278047312000803e25
1.7385055197798904e25
1.7487486322141845e25
1.758527272177505e25
1.767834863443445e25
1.7766650546957199e25
1.7850117242313704e25
1.7928689845527896e25
1.8002311868452953e25
1.807092925337053e25
1.813449041538187e25
1.8192946283559823e25
1.824625034083137e25
1.8294358662560888e25
1.8337229953805019e25
1.8374825585210533e25
1.8407109627527555e25
1.843404888471082e25
1.8455612925582653e25
1.8471774114031964e25
1.8482507637724282e25
1.8487791535298668e25
1.8487606722028182e25
1.8481937013921205e25
1.847076915024201e25
1.84540928144295e25
1.8431900653394199e25
1.8404188295174213e25
1.8370954364931945e25
1.8332200499273987e25
1.8287931358877994e25
1.8238154639410718e25
1.8182881080722767e25
1.8122124474306405e25
1.8055901669003673e25
1.7984232574953182e25
1.790714016576503e25
1.782465047891378e25
1.7736792614341305e25
1.7643598731261487e25
1.754510404316042e25
1.7441346810986362e25
1.733236833452512e25
1.7218212941957247e25
1.7098927977594984e25
1.6974563787797052e25
1.6845173705062016e25
1.671081403029994e25
1.6571544013285548e25
1.6427425831294842e25
1.627852456592986e25
1.6124908178137148e25
1.5966647481425384e25
1.5803816113290778e25
1.563649050485755e25
1.5464749848744595e25
1.528867606516747e25
1.5108353766289323e25
1.4923870218832308e25
1.4735315304964175e25
1.4542781481475694e25
1.4346363737263842e25
1.4146159549139867e25
1.3942268835978713e25
1.3734793911231385e25
1.3523839433818735e25
1.3309512357430184e25
1.3091921878248854e25
1.2871179381126896e25
1.2647398384236942e25
1.2420694482223608e25
1.2191185287883866e25
1.1958990372402061e25
1.1724231204170491e25
1.1487031086223308e25
1.1247515092315712e25
1.1005810001680256e25
1.0762044232491482e25
1.0516347774074496e25
1.0268852117889646e25
1.001969018733096e25
9.768996266372228e24
9.516905927099929e24
9.263555956169348e24
9.009084280222893e24
8.753629890311256e24
8.49733276535553e24
8.240333794693838e24
7.982774699751676e24
7.72479795488098e24
7.466546707408461e24
7.208164696939731e24
6.949796173961382e24
6.691585817787173e24
6.433678653894591e24
6.176219970696309e24
5.919355235795499e24
5.663230011770075e24
5.407989871535857e24
5.15378031333526e24
4.900746675400797e24
4.64903405034332e24
4.3987871993127507e24
4.1501504659833683e24
3.903267690411586e24
3.658282122818961e24
3.4153363373490664e24
3.174572145851299e24
2.9361305117411615e24
2.700151463989148e24
2.466774011290515e24
2.2361360564658184e24
2.008374311146259e24
1.7836242107933393e24
1.5620198301071105e24
1.343693798872443e24
1.1287772182975258e24
9.173995778944906e23
7.09688672954662e23
5.057705226706005e23
3.0576928895469125e23
1.0980719600755434e23
-8.19955493147952e22
-2.6952083628233354e23
-4.526527281720479e23
-6.312775391978311e23
-8.052839104388017e23
-9.74562884718198e23
-1.139007980381883e24
-1.2985152639298763e24
-1.452983421450844e24
-1.6023138288138547e24
-1.746410620568511e24
-1.8851807575083998e24
-2.018534092851345e24
-2.1463834369906802e24
-2.2686446207741787e24
-2.385236557265089e24
-2.496081301943744e24
-2.601104111305492e24
-2.700233499814922e24
-2.7934012951739093e24
-2.8805426918645605e24
-2.9615963029273557e24
-3.03650420993561e24
-3.105212011130094e24
-3.167668867675674e24
-3.223827548005977e24
-3.273644470220154e24
-3.3170797424991775e24
-3.3540972015087817e24
-3.3846644487571905e24
-3.408752884878104e24
-3.426337741808816e24
-3.43739811283602e24
-3.4419169804816425e24
-3.439881242203604e24
-3.4312817338861554e24
-3.4161132510969563e24
-3.394374568088524e24
-3.366068454522699e24
-3.331201689899458e24
-3.2897850756704787e24
-3.241833445021426e24
-3.1873656703064774e24
-3.126404668121133e24
-3.058977402000022e24
-2.985114882727928e24
-2.90485216625386e24
-2.8182283491992335e24
-2.725286561952412e24
-2.626073959343557e24
-2.520641708895219e24
-2.4090449766450637e24
-2.2913429105391658e24
-2.1675986213952993e24
-2.0378791614370717e24
-1.9022555004019924e24
-1.7608024992266116e24
-1.6135988813147265e24
-1.4607272013952792e24
-1.302273811978344e24
-1.1383288274190539e24
-9.689860856004698e23
-7.943431072488047e23
-6.145010528943485e23
-4.295646774944136e23
-2.396422827352581e23
-4.484566703146879e22
1.5470992675690943e23
3.589058658681145e23
5.6762018442064196e23
7.807276424081007e23
9.980997868824857e23
1.2196050152975153e24
1.445108640984104e24
1.6744729607274803e24
1.9075573244150006e24
2.1442182067213242e24
2.384309280797639e24
2.6276814939283545e24
2.874183145119515e24
3.123659964580394e24
3.3759551950586093e24
3.630909674988703e24
3.8883619234116157e24
4.148148226622475e24
4.4101027265020815e24
4.674057510486095e24
4.93984270312625e24
5.207286559194599e24
5.47621555828262e24
5.746454500844449e24
6.0178266056337e24
6.290153608480939e24
6.563255862359513e24
6.836952438684328e24
7.111061229789433e24
7.385399052527896e24
7.659781752936609e24
7.934024311908776e24
8.207940951814706e24
8.481345244011802e24
8.754050217183358e24
9.025868466444481e24
9.296612263154435e24
9.566093665371872e24
9.834124628890556e24
1.0100517118791342e25
1.036508322144652e25
1.0627635256911553e25
1.0887985891638485e25
1.1145948251445893e25
1.1401336034678694e25
1.165396362549136e25
1.1903646207187356e25
1.2150199875547925e25
1.2393441752082203e25
1.2633190097131492e25
1.286926442275873e25
1.3101485605356224e25
1.3329675997902577e25
1.3553659541800712e25
1.3773261878228792e25
1.3988310458935494e25
1.4198634656411442e25
1.4404065873368897e25
1.4604437651460786e25
1.4799585779172342e25
1.4989348398816771e25
1.5173566112567986e25
1.5352082087463117e25
1.5524742159308125e25
1.5691394935419974e25
1.5851891896139778e25
1.6006087495050658e25
1.6153839257836167e25
1.6295007879714376e25
1.6429457321383682e25
1.6557054903417306e25
1.6677671399043953e25
1.6791181125252303e25
1.6897462032159198e25
1.6996395790579713e25
1.7087867877741248e25
1.7171767661081818e25
1.7247988480075196e25
1.7316427726026485e25
1.7376986919781442e25
1.7429571787296075e25
1.7474092333011062e25
1.7510462910980258e25
1.753860229370011e25
1.755843373859093e25
1.7569885052079976e25
1.7572888651238765e25
1.7567381622928397e25
1.75533057804066e25
1.7530607717353553e25
1.749923885927273e25
1.7459155512226921e25
1.7410318908867804e25
1.73526952517227e25
1.7286255753699904e25
1.7210976675778023e25
1.7126839361846073e25
1.7033830270660236e25
1.6931941004889118e25
1.682116833721585e25
1.6701514233472014e25
1.657298587277574e25
1.6435595664650798e25
1.6289361263104846e25
1.6134305577644604e25
1.597045678121114e25
1.579784831501594e25
1.561651889026484e25
1.5426512486753664e25
1.5227878348326527e25
1.5020670975184729e25
1.4804950113039033e25
1.4580780739100215e25
1.4348233044900946e25
1.4107382415949842e25
1.3858309408213793e25
1.3601099721433123e25
1.3335844169269629e25
1.3062638646295788e25
1.2781584091829557e25
1.249278645062484e25
1.2196356630429496e25
1.1892410456421048e25
1.1581068622538168e25
1.1262456639721012e25
1.0936704781082456e25
1.0603948024027816e25
1.0264325989346555e25
9.917982877301482e24
9.56506740073851e24
9.20573271524885e24
8.840136346409574e24
8.468440114138338e24
8.090810054191835e24
7.707416336847442e24
7.318433182802081e24
6.92403877632882e24
6.524415175733274e24
6.119748221149318e24
5.710227439722645e24
5.296045948224044e24
4.87740035314467e24
4.4544906483185204e24
4.027520110127617e24
3.5966951903395454e24
3.1622254066330263e24
2.72432323086929e24
2.2832039751633858e24
1.8390856758190801e24
1.3921889751835985e24
9.427370014889099e23
4.9095524673962076e23
3.707144271427564e22
-4.186845648522933e23
-8.760809438409861e23
-1.3348840050013386e24
-1.7948583328193484e24
-2.255766917923954e24
-2.717371290963745e24
-3.179431657875549e24
-3.6417070364728983e24
-4.103955394277072e24
-4.5659337875116027e24
-5.027398501185568e24
-5.488105190181955e24
-5.947809021275354e24
-6.406264815993449e24
-6.86322719424463e24
-7.31845071862505e24
-7.771690039324785e24
-8.222700039547875e24
-8.671235981359862e24
-9.117053651881018e24
-9.559909509735095e24
-9.99956083167159e24
-1.043576585927031e25
-1.0868283945644615e25
-1.129687570205421e25
-1.1721303144338427e25
-1.2141329839085103e25
-1.2556721049442706e25
-1.2967243880491474e25
-1.3372667424080893e25
-1.3772762903049038e25
-1.4167303814731366e25
-1.4556066073673631e25
-1.4938828153459336e25
-1.5315371227562421e25
-1.568547930914017e25
-1.604893938967524e25
-1.6405541576383071e25
-1.67550792282943e25
-1.7097349090929224e25
-1.7432151429475052e25
-1.7759290160383299e25
-1.8078572981301405e25
-1.8389811499253566e25
-1.8692821356989912e25
-1.8987422357418234e25
-1.9273438586039866e25
-1.9550698531305473e25
-1.9819035202813475e25
-2.007828624727097e25
-2.0328294062138217e25
-2.0568905906882305e25
-2.0799974011761196e25
-2.1021355684066397e25
-2.123291341174844e25
-2.1434514964355343e25
-2.1626033491211127e25
-2.1807347616766654e25
-2.197834153305446e25
-2.2138905089179912e25
-2.2288933877785782e25
-2.2428329318424597e25
-2.2556998737778973e25
-2.267485544666788e25
-2.278181881378201e25
-2.2877814336090014e25
-2.2962773705861735e25
-2.3036634874254812e25
-2.309934211141267e25
-2.315084606302599e25
-2.319110380330825e25
-2.3220078884341313e25
-2.3237741381746455e25
-2.324406793663973e25
-2.3239041793832264e25
-2.3222652836237503e25
-2.31948976154507e25
-2.3155779378467336e25
-2.3105308090509344e25
-2.3043500453930443e25
-2.297037992317425e25
-2.2885976715760545e25
-2.27903278192781e25
-2.2683476994364077e25
-2.25654747736526e25
-2.24363784566779e25
-2.2296252100718864e25
-2.214516650757477e25
-2.198319920626482e25
-2.1810434431645152e25
-2.1626963098941026e25
-2.1432882774193107e25
-2.1228297640619387e25
-2.101331846089814e25
-2.0788062535376837e25
-2.0552653656217914e25
-2.030722205749159e25
-2.0051904361231e25
-1.9786843519465365e25
-1.9512188752250095e25
-1.9228095481716854e25
-1.893472526216499e25
-1.8632245706223216e25
-1.8320830407108503e25
-1.8000658857014984e25
-1.7671916361665108e25
-1.7334793951060818e25
-1.6989488286471565e25
-1.6636201563701663e25
-1.6275141412679627e25
-1.590652079341458e25
-1.5530557888369373e25
-1.5147475991298892e25
-1.47575033926081e25
-1.4360873261282932e25
-1.3957823523452796e25
-1.3548596737643563e25
-1.3133439966781922e25
-1.2712604647016668e25
-1.2286346453420825e25
-1.1854925162644884e25
-1.141860451258901e25
-1.0977652059168914e25
-1.053233903024717e25
-1.0082940176808152e25
-9.629733621454086e24
-9.173000704301265e24
-8.713025826360576e24
-8.250096290483385e24
-7.784502139960996e24
-7.316535994862372e24
-6.846492886201102e24
-6.374670088021271e24
-5.901366947493685e24
-5.426884713118129e24
-4.95152636112429e24
-4.4755964201706455e24
-3.999400794436595e24
-3.5232465852100665e24
-3.047441911067892e24
-2.572295726754699e24
-2.0981176408596617e24
-1.6252177323971736e24
-1.1539063663970792e24
-6.844940086085336e23
-2.172910394273725e23
2.4739243284824724e23
7.092467593214275e23
1.1679629382531438e24
1.6232328031606583e24
2.0747492111443284e24
2.5222062313358113e24
2.9652993333527353e24
3.4037255756476075e24
3.837183793640081e24
4.2653747875170805e24
4.6880015095903826e24
5.104769251094883e24
5.515385828317681e24
5.919561767941183e24
6.317010491488963e24
6.707448498760194e24
7.090595550138624e24
7.466174847664936e24
7.833913214757853e24
8.193541274473184e24
8.544793626187835e24
8.887409020598355e24
9.221130532922871e24
9.545705734195669e24
9.86088686054652e24
1.0166430980354268e25
1.0462100159169014e25
1.0747661622293677e25
1.1022887914921628e25
1.1287557059723358e25
1.1541452711780095e25
1.1784364310761254e25
1.2016087230244111e25
1.2236422924077073e25
1.2445179069686216e25
1.2642169708229985e25
1.2827215381504768e25
1.300014326550877e25
1.3160787300570694e25
1.3308988317953452e25
1.3444594162843646e25
1.3567459813639606e25
1.3677447497453202e25
1.3774426801741797e25
1.3858274781989405e25
1.3928876065357518e25
1.3986122950228755e25
1.4029915501568326e25
1.4060161642030396e25
1.4076777238739082e25
1.4079686185675868e25
1.4068820481607492e25
1.4044120303491123e25
1.4005534075295652e25
1.395301853218092e25
1.388653877997876e25
1.3806068349922614e25
1.3711589248575185e25
1.360309200290587e25
1.348057570047306e25
1.3344048024668142e25
1.3193525284982302e25
1.3029032442258163e25
1.2850603128893227e25
1.2658279663963041e25
1.2452113063235912e25
1.2232163044054693e25
1.1998498025061648e25
1.175119512074861e25
1.1490340130814545e25
1.1216027524318535e25
1.0928360418616707e25
1.0627450553076243e25
1.0313418257562726e25
9.98639241569896e24
9.646510422898119e24
9.293918139175235e24
8.928769836746907e24
8.55122814242874e24
8.161463974847089e24
7.759656476480797e24
7.34599294055531e24
6.920668732812703e24
6.483887208183848e24
6.035859622394831e24
5.576805038538703e24
5.106950228651595e24
4.626529570330255e24
4.135784938435877e24
3.6349655919290723e24
3.1243280558840853e24
2.604135998736444e24
2.0746601048160063e24
1.5361779422265373e24
9.889738261296567e23
4.3333867750012076e23
-1.304301225835712e23
-7.020288830412837e23
-1.281147757214132e24
-1.867470901533849e24
-2.460676638357814e24
-3.060437622891752e24
-3.6664210141131247e24
-4.278288649611863e24
-4.895697224256651e24
-5.518298472596319e24
-6.145739354902713e24
-6.77766224675586e24
-7.413705132075242e24
-8.053501799492213e24
-8.696682041962768e24
-9.342871859510792e24
-9.991693664997083e24
-1.0642766492798734e25
-1.1295706210290087e25
-1.1950125732008141e25
-1.2605635236384312e25
-1.3261842384926477e25
-1.3918352543726626e25
-1.457476900717546e25
-1.523069322375459e25
-1.5885725023784556e25
-1.6539462848998392e25
-1.7191503983810768e25
-1.7841444788154161e25
-1.8488880931746588e25
-1.9133407629660478e25
-1.9774619879054647e25
-2.0412112696935555e25
-2.1045481358808776e25
-2.167432163808391e25
-2.229823004609292e25
-2.291680407258084e25
-2.35296424265301e25
-2.4136345277174057e25
-2.473651449506061e25
-2.5329753893018992e25
-2.591566946689094e25
-2.6493869635878493e25
-2.706396548236695e25
-2.7625570991078035e25
-2.817830328740785e25
-2.872178287480707e25
-2.925563387105738e25
-2.9779484243300516e25
-3.0292966041675792e25
-3.079571563142247e25
-3.12873739233035e25
-3.176758660220708e25
-3.223600435378502e25
-3.269228308898457e25
-3.3136084166334527e25
-3.3567074611843083e25
-3.3984927336370807e25
-3.4389321350338337e25
-3.477994197563278e25
-3.515648105457603e25
-3.551863715582074e25
-3.5866115777040345e25
-3.6198629544280447e25
-3.6515898407841983e25
-3.6817649834566518e25
-3.7103618996396447e25
-3.7373548955084634e25
-3.762719084292959e25
-3.7864304039414338e25
-3.808465634362962e25
-3.828802414236215e25
-3.8474192573734403e25
-3.8642955686280516e25
-3.879411659334842e25
-3.892748762271878e25
-3.9042890461334334e25
-3.914015629503668e25
-3.921912594320778e25
-3.927964998821914e25
-3.93215888995912e25
-3.9344813152771775e25
-3.934920334244087e25
-3.933465029025732e25
-3.930105514696025e25
-3.924832948874567e25
-3.917639540784032e25
-3.908518559719537e25
-3.897464342923176e25
-3.8844723028564755e25
-3.8695389338645825e25
-3.8526618182257266e25
-3.833839631580347e25
-3.813072147734174e25
-3.790360242830247e25
-3.7657058988851003e25
-3.7391122066844925e25
-3.7105833680349396e25
-3.6801246973669365e25
-3.6477426226869587e25
-3.6134446858749678e25
-3.577239542324925e25
-3.53913695992633e25
-3.4991478173845258e25
-3.457284101878886e25
-3.41355890605725e25
-3.3679864243665743e25
-3.3205819487188966e25
-3.271361863493368e25
-3.220343639874363e25
-3.167545829526823e25
-3.112988057610301e25
-3.056691015132953e25
-2.998676450648198e25
-2.9389671612959126e25
-2.8775869831917033e25
-2.814560781166916e25
-2.7499144378637187e25
-2.6836748421888167e25
-2.6158698771305177e25
-2.546528406944242e25
-2.475680263711178e25
-2.4033562332764865e25
-2.329588040572334e25
-2.2544083343329334e25
-2.1778506712078293e25
-2.0999494992808537e25
-2.0207401410025917e25
-1.9402587755436883e25
-1.8585424205781013e25
-1.7756289135041915e25
-1.6915568921135219e25
-1.6063657747159617e25
-1.5200957397316697e25
-1.43278770475946e25
-1.344483305132236e25
-1.2552248719706196e25
-1.1650554097452274e25
-1.0740185733599392e25
-9.821586447670565e24
-8.895205091274066e24
-7.961496305268835e24
-7.02092027263119e24
-6.073942467145449e24
-5.121033398055158e24
-4.1626683508141794e24
-3.199327124069097e24
-2.2314937630242852e24
-1.2596562893240813e24
-2.8430642760912226e23
6.940606711118995e23
1.674946709119617e24
2.657850524513228e24
3.64226837646278e24
4.6276942330161146e24
5.613620061309631e24
6.599536120010272e24
7.584931253833349e24
8.569293189960944e24
9.552108836199764e24
1.0532864580705471e25
1.1511046593099325e25
1.2486141126811654e25
1.3457634822468535e25
1.4425015012156187e25
1.5387770024376229e25
1.6345389489524546e25
1.7297364645705302e25
1.8243188644708424e25
1.9182356857967276e25
2.011436718231284e25
2.103872034535054e25
2.195492021026863e25
2.286247407990562e25
2.3760892999885375e25
2.4649692060644827e25
2.5528390698168895e25
2.6396512993247624e25
2.725358796908054e25
2.809914988703782e25
2.8932738540405843e25
2.975389954592772e25
3.0562184632967194e25
3.1357151930108636e25
3.2138366249020888e25
3.2905399365405278e25
3.3657830296848633e25
3.4395245577412517e25
3.5117239528777007e25
3.5823414527774784e25
3.6513381270136233e25
3.7186759030284543e25
3.784317591700535e25
3.848226912483154e25
3.910368518097671e25
3.970708018765323e25
4.029212005962158e25
4.085848075680574e25
4.140584851182741e25
4.193392005229947e25
4.244240281773406e25
4.293101517091586e25
4.339948660359386e25
4.3847557936354724e25
4.427498151253337e25
4.468152138603017e25
4.5066953502897056e25
4.543106587656794e25
4.577365875660245e25
4.609454479082421e25
4.639354918073241e25
4.667050983006928e25
4.6925277486435805e25
4.7157715875841325e25
4.736770183008808e25
4.755512540688447e25
4.771989000259524e25
4.786191245753066e25
4.798112315369009e25
4.80774661048725e25
4.815089903907426e25
4.8201393473098585e25
4.822893477930268e25
4.823352224441816e25
4.821516912037786e25
4.817390266709376e25
4.810976418713008e25
4.802280905222109e25
4.7913106721592556e25
4.7780740752041185e25
4.762580879974151e25
4.744842261374584e25
4.724870802115383e25
4.702680490392848e25
4.678286716734323e25
4.651706270004962e25
4.622957332575631e25
4.59205947465204e25
4.559033647765285e25
4.523902177424691e25
4.4866887549342115e25
4.4474184283742865e25
4.406117592751315e25
4.362813979317811e25
4.317536644066264e25
4.270315955400675e25
4.221183580990066e25
4.1701724738086845e25
4.117316857368281e25
4.062652210148202e25
4.006215249229509e25
3.948043913140137e25
3.888177343918009e25
3.8266558684001115e25
3.7635209787456543e25
3.6988153122020017e25
3.632582630122626e25
3.5648677962466634e25
3.4957167542501705e25
3.425176504579856e25
3.35329508058001e25
3.2801215239244207e25
3.205705859365012e25
3.13009906880976e25
3.0533530647425428e25
2.975520662998343e25
2.8966555549072667e25
2.816812278821796e25
2.736046191041444e25
2.6544134361499078e25
2.5719709167800655e25
2.4887762628223283e25
2.404887800092681e25
2.3203645184766204e25
2.2352660395659193e25
2.14965258380553e25
2.0635849371677863e25
1.9771244173721686e25
1.8903328396684859e25
1.8032724822022481e25
1.7160060509808215e25
1.6285966444595942e25
1.541107717767623e25
1.4536030465922633e25
1.3661466907428653e25
1.2788029574136673e25
1.1916363641664571e25
1.1047116016534969e25
1.018093496101857e25
9.318469715799486e24
8.460370120680872e24
7.607286233540121e24
6.759867947754406e24
5.918764608314433e24
5.084624626844888e24
4.258095095755188e24
3.4398214017412015e24
2.630446838862841e24
1.8306122214229777e24
1.0409554968718092e24
2.621113589642079e23
-5.052891386030866e23
-1.2606189678463824e24
-2.00325551121518e24
-2.7325809451476553e24
-3.447982622235961e24
-4.1488534517687293e24
-4.834592278427668e24
-5.50460425890682e24
-6.158301236228802e24
-6.795102111530801e24
-7.414433213094332e24
-8.015728662393414e24
-8.598430736938124e24
-9.161990229687395e24
-9.705866804813207e24
-1.02295293495928e25
-1.0732456322210903e25
-1.1214136095254919e25
-1.167406729468685e25
-1.2111759134080034e25
-1.2526731743905778e25
-1.2918516495664995e25
-1.3286656320653978e25
-1.3630706023162069e25
-1.3950232587897975e25
-1.4244815481445596e25
-1.4514046947553624e25
-1.475753229606429e25
-1.4974890185291255e25
-1.5165752897659033e25
-1.5329766608421153e25
-1.5466591647274145e25
-1.5575902752693073e25
-1.5657389318813038e25
-1.571075563468769e25
-1.5735721115761072e25
-1.5732020527386361e25
-1.569940420024013e25
-1.5637638237472753e25
-1.5546504713450874e25
-1.542580186394367e25
-1.527534426761426e25
-1.5094963018682013e25
-1.4884505890621778e25
-1.4643837490777762e25
-1.4372839405767034e25
-1.4071410337561112e25
-1.3739466230129203e25
-1.337694038654269e25
-1.2983783576435758e25
-1.2559964133728151e25
-1.2105468044522888e25
-1.1620299025087902e25
-1.1104478589850622e25
-1.0558046109323758e25
-9.98105885790228e24
-9.373592051461645e24
-8.735738874708524e24
-8.067610498227063e24
-7.369336085178371e24
-6.641062787617029e24
-5.88295573238501e24
-5.095197996564446e24
-4.2779905724592226e24
-3.431552322099455e24
-2.5561199212526015e24
-1.6519477929413935e24
-7.193080304748646e23
2.415096900054996e23
1.230198207439581e24
2.246432984210462e24
3.2898722249162977e24
4.3601570055284154e24
5.456911412885258e24
6.579742694484119e24
7.728241418514516e24
8.901981644071348e24
1.0100521101491525e25
1.132340138273215e25
1.2570148141724766e25
1.3840271304610804e25
1.513326528978102e25
1.6448609237612338e25
1.7785767249809678e25
1.914418863824311e25
2.0523308183162584e25
2.192254640068169e25
2.334130981939358e25
2.477899126600156e25
2.6234970159815887e25
2.770861281598578e25
2.9199272757314514e25
3.0706291034502168e25
3.2228996554667557e25
3.376670641797341e25
3.531872626219969e25
3.6884350615077906e25
3.8462863254220953e25
4.005353757445223e25
4.165563696235455e25
4.326841517784296e25
4.489111674255758e25
4.652297733488506e25
4.816322419138767e25
4.981107651444238e25
5.14657458858604e25
5.312643668627949e25
5.4792346520093554e25
5.646266664570035e25
5.813658241083185e25
5.981327369272726e25
6.149191534291998e25
6.3171677636382315e25
6.485172672479701e25
6.6531225093690475e25
6.820933202318936e25
6.988520405213888e25
7.15579954453216e25
7.32268586635267e25
7.489094483619372e25
7.6549404236378634e25
7.820138675776243e25
7.984604239344383e25
8.14825217162347e25
8.31099763601933e25
8.472755950311735e25
8.633442634971675e25
8.792973461519849e25
8.951264500897295e25
9.108232171821542e25
9.263793289098845e25
9.417865111865873e25
9.570365391731424e25
9.721212420790918e25
9.87032507948522e25
1.0017622884275183e26
1.0163026035104709e26
1.030645546262315e26
1.0447832875139935e26
1.0587080805282606e26
1.0724122656331067e26
1.0858882748199892e26
1.0991286363040769e26
1.1121259790438263e26
1.1248730372170557e26
1.1373626546508965e26
1.1495877892028084e26
1.161541517090086e26
1.1732170371650909e26
1.1846076751336489e26
1.1957068877139656e26
1.2065082667334494e26
1.2170055431609464e26
1.2271925910717793e26
1.2370634315431693e26
1.2466122364775016e26
1.255833332351079e26
1.2647212038858898e26
1.2732704976421014e26
1.2814760255289214e26
1.2893327682315547e26
1.2968358785520286e26
1.3039806846616817e26
1.3107626932631858e26
1.3171775926599697e26
1.3232212557310206e26
1.328889742809042e26
1.3341793044600015e26
1.3390863841621921e26
1.343607620882926e26
1.3477398515510821e26
1.3514801134237557e26
1.3548256463453274e26
1.3577738948973176e26
1.3603225104374619e26
1.3624693530264931e26
1.3642124932411777e26
1.3655502138722276e26
1.3664810115057447e26
1.367003597986956e26
1.3671169017650314e26
1.3668200691178449e26
1.3661124652556344e26
1.3649936753025476e26
1.3634635051551349e26
1.3615219822169636e26
1.3591693560085092e26
1.356406098651657e26
1.3532329052281144e26
1.349650694011195e26
1.3456606065704362e26
1.3412640077486222e26
1.3364624855108772e26
1.3312578506654863e26
1.325652136456287e26
1.3196475980264355e26
1.3132467117535354e26
1.3064521744560733e26
1.2992669024713162e26
1.2916940306047548e26
1.2837369109513741e26
1.2753991115890568e26
1.2666844151444534e26
1.2575968172318598e26
1.2481405247655376e26
1.2383199541461844e26
1.2281397293221433e26
1.2176046797261909e26
1.2067198380886818e26
1.1954904381279634e26
1.1839219121190883e26
1.1720198883417915e26
1.1597901884089662e26
1.1472388244767255e26
1.1343719963374337e26
1.1211960883969571e26
1.1077176665375979e26
1.0939434748682174e26
1.0798804323630206e26
1.0655356293907476e26
1.0509163241358304e26
1.0360299389134151e26
1.0208840563799374e26
1.0054864156412761e26
9.898449082603471e25
9.739675741661875e25
9.578625974666715e25
9.415383021668887e25
9.250031477955397e25
9.082657249414633e25
8.913347507027748e25
8.742190640508553e25
8.569276211117688e25
8.394694903674963e25
8.218538477795647e25
8.040899718377603e25
7.86187238536408e25
7.681551162811077e25
7.500031607285085e25
7.317410095620717e25
7.133783772065441e25
6.949250494840716e25
6.763908782149459e25
6.5778577576580725e25
6.3911970954849046e25
6.20402696472377e25
6.016447973535133e25
5.828561112834338e25
5.640467699610076e25
5.452269319903451e25
5.264067771480214e25
5.075965006229308e25
4.8880630723185264e25
4.700464056142091e25
4.513270024091333e25
4.3265829641834705e25
4.140504727580079e25
3.955136970030572e25
3.7705810932729724e25
3.586938186426359e25
3.404308967409433e25
3.222793724417834e25
3.0424922574959565e25
2.8635038202356054e25
2.6859270616373046e25
2.509859968167004e25
2.335399806042765e25
2.1626430637862323e25
1.9916853950712386e25
1.822621561905345e25
1.6555453781763677e25
1.490549653599257e25
1.3277261380952708e25
1.1671654666383752e25
1.0089571046009062e25
8.531892936319389e24
6.999489981017423e24
5.49321852143591e24
4.0139210732681304e24
2.5624258099151465e24
1.1395460527828394e24
-2.539202311727038e23
-1.6171909243251906e24
-2.949500245389063e24
-4.250099228252218e24
-5.518256192326793e24
-6.753257204133758e24
-7.954406529816059e24
-9.121027078308045e24
-1.0252460834865178e25
-1.1348069284687996e25
-1.2407233826363236e25
-1.34293561748517e25
-1.4413858753770527e25
-1.5360185076701996e25
-1.6267800117290522e25
-1.7136190667871015e25
-1.7964865686401678e25
-1.8753356631458402e25
-1.9501217785072225e25
-2.020802656318742e25
-2.0873383813523576e25
-2.1496914100643766e25
-2.207826597801906e25
-2.2617112246907248e25
-2.3113150201850716e25
-2.356610186262493e25
-2.397571419245795e25
-2.43417593023655e25
-2.4664034641442505e25
-2.4942363172961934e25
-2.517659353614674e25
-2.5366600193476322e25
-2.5512283563409133e25
-2.561357013840394e25
-2.56704125881311e25
-2.568278984777813e25
-2.5650707191354523e25
-2.557419628991939e25
-2.5453315254652353e25
-2.528814866470892e25
-2.507880757979811e25
-2.482542953744102e25
-2.4528178534866096e25
-2.418724499551535e25
-2.3802845720139544e25
-2.3375223822468596e25
-2.290464864945806e25
-2.2391415686111254e25
-2.183584644490244e25
-2.123828833981268e25
-2.0599114545021003e25
-1.9918723838288105e25
-1.9197540429085657e25
-1.8436013771530694e25
-1.7634618362193866e25
-1.6793853522860954e25
-1.5914243168333292e25
-1.4996335559364442e25
-1.4040703040837407e25
-1.3047941765296543e25
-1.2018671401956974e25
-1.095353483132281e25
-9.853197825555604e24
-8.718348714737401e24
-7.549698039196068e24
-6.347978188046639e24
-5.113943024131699e24
-3.848367495541192e24
-2.5520472339030813e24
-1.2257981396437316e24
1.2954404557233939e23
1.513124179010458e24
2.9240681694149624e24
4.361483441710868e24
5.824459413616252e24
7.312067983921544e24
8.823364032178308e24
1.0357385929538183e25
1.1913156060476374e25
1.348968135511215e25
1.5085953831860736e25
1.6700951150113026e25
1.8333637172655025e25
1.9982962537520122e25
2.1647865238968396e25
2.3327271217277014e25
2.5020094957019097e25
2.6725240093508083e25
2.844160002707091e25
3.0168058544816546e25
3.1903490449552444e25
3.3646762195505847e25
3.5396732530491365e25
3.7152253144171483e25
3.891216932204968e25
4.067532060481774e25
4.2440541452705024e25
4.420666191443984e25
4.597250830045337e25
4.773690385994027e25
4.949866946139448e25
5.125662427622909e25
5.300958646509246e25
5.475637386648646e25
5.6495804687289255e25
5.8226698194789165e25
5.994787540982496e25
6.165815980063569e25
6.335637797701393e25
6.504136038435971e25
6.671194199723421e25
6.836696301199474e25
7.000526953812262e25
7.16257142878228e25
7.322715726349629e25
7.480846644267505e25
7.63685184600168e25
7.790619928595096e25
7.942040490157413e25
8.091004196939006e25
8.237402849949291e25
8.381129451079398e25
8.522078268689177e25
8.660144902619195e25
8.795226348587925e25
8.927221061935734e25
9.056029020675451e25
9.181551787812628e25
9.30369257289608e25
9.42235629276124e25
9.537449631428841e25
9.648881099121767e25
9.756561090363388e25
9.860401941121186e25
9.96031798495986e25
1.005622560816859e26
1.0148043303827819e26
1.0235691724781074e26
1.031909373547844e26
1.0398174462658207e26
1.0472861344834477e26
1.05430841805588e26
1.0608775175424053e26
1.0669868987780813e26
1.0726302773135488e26
1.0778016227201481e26
1.0824951627574434e26
1.0867053874004198e26
1.0904270527235915e26
1.0936551846394577e26
1.0963850824886859e26
1.0986123224796214e26
1.1003327609746744e26
1.1015425376213126e26
1.102238078325448e26
1.1024160980650402e26
1.1020736035419323e26
1.101207895669908e26
1.099816571897135e26
1.0978975283612202e26
1.0954489618751736e26
1.092469371742752e26
1.0889575614016047e26
1.0849126398929375e26
1.0803340231562856e26
1.0752214351483192e26
1.0695749087844684e26
1.063394786702486e26
1.0566817218469682e26
1.0494366778740734e26
1.0416609293758023e26
1.0333560619231396e26
1.0245239719277408e26
1.0151668663216009e26
1.005287262054638e26
9.948879854098452e25
9.839721711361132e25
9.725432613986631e25
9.606050045472767e25
9.481614537026707e25
9.352169651612237e25
9.217761966187373e25
9.07844105213609e25
8.93425945390318e25
8.785272665838549e25
8.631539107260832e25
8.47312009575096e25
8.310079818685409e25
8.14248530302339e25
7.970406383359127e25
7.793915668255896e25
7.613088504874955e25
7.428002941917991e25
7.238739690898877e25
7.045382085763906e25
6.848016040880795e25
6.646730007415154e25
6.441614928118241e25
6.232764190546157e25
6.020273578736355e25
5.804241223363536e25
5.584767550402643e25
5.36195522832351e25
5.1359091138450655e25
4.906736196278144e25
4.674545540484115e25
4.43944822848156e25
4.201557299729496e25
3.960987690121192e25
3.7178561697191613e25
3.4722812792655154e25
3.224383265502574e25
2.9742840153367073e25
2.7221069888836252e25
2.467977151428944e25
2.212020904343855e25
1.9543660149911205e25
1.6951415456625953e25
1.4344777815853742e25
1.1725061580372893e25
9.093591866132401e24
6.45170380681155e24
3.800741800720268e24
1.1420587504356946e24
-1.5229847043712892e24
-4.193020960512197e24
-6.866676230797421e24
-9.542571329070731e24
-1.2219322460307324e25
-1.4895542015316057e25
-1.756983936961219e25
-2.024082168597677e25
-2.290709472026778e25
-2.5567263629992392e25
-2.8219933785194127e25
-3.0863711581177184e25
-3.349720525258548e25
-3.6119025688386013e25
-3.872778724725249e25
-4.132210857289963e25
-4.390061340886307e25
-4.646193141227147e25
-4.9004698966105985e25
-5.152755998948712e25
-5.402916674549972e25
-5.650818064606972e25
-5.896327305343054e25
-6.1393126077678544e25
-6.3796433369962655e25
-6.617190091080843e25
-6.851824779312607e25
-7.0834206999405234e25
-7.311852617264648e25
-7.536996838055305e25
-7.758731287250959e25
-7.976935582890546e25
-8.191491110232053e25
-8.402281095014039e25
-8.609190675812941e25
-8.81210697545304e25
-9.010919171424224e25
-9.205518565262985e25
-9.395798650855084e25
-9.581655181615057e25
-9.762986236502362e25
-9.939692284830511e25
-1.0111676249830148e26
-1.0278843570923733e26
-1.0441102264673615e26
-1.0598362984363744e26
-1.075053907817614e26
-1.0897546645925817e26
-1.1039304594315653e26
-1.1175734690676653e26
-1.1306761615156781e26
-1.1432313011325323e26
-1.1552319535157707e26
-1.1666714902369169e26
-1.177543593406484e26
-1.1878422600674853e26
-1.1975618064145551e26
-1.206696871835623e26
-1.2152424227734663e26
-1.2231937564043167e26
-1.2305465041309683e26
-1.2372966348878637e26
-1.2434404582557084e26
-1.2489746273833892e26
-1.2538961417149084e26
-1.2582023495193408e26
-1.2618909502217451e26
-1.2649599965332616e26
-1.2674078963785467e26
-1.2692334146189966e26
-1.2704356745701885e26
-1.2710141593121382e26
-1.27096871279113e26
-1.2702995407118758e26
-1.2690072112190748e26
-1.2670926553673209e26
-1.2645571673786506e26
-1.2614024046870093e26
-1.2576303877690892e26
-1.2532434997611151e26
-1.2482444858612582e26
-1.242636452517505e26
-1.2364228664009252e26
-1.2296075531644082e26
-1.2221946959870587e26
-1.2141888339045863e26
-1.2055948599261262e26
-1.1964180189380775e26
-1.1866639053956606e26
-1.1763384608029932e26
-1.1654479709827202e26
-1.153999063136182e26
-1.1419987026953838e26
-1.129454189968104e26
-1.116373156577573e26
-1.1027635616983158e26
-1.0886336880898814e26
-1.0739921379302512e26
-1.0588478284509333e26
-1.0432099873757428e26
-1.0270881481655466e26
-1.0104921450712068e26
-9.934321079972232e25
-9.759184571785713e25
-9.579618976734321e25
-9.395734136745753e25
-9.20764262642335e25
-9.015459692621207e25
-8.819303192296096e25
-8.619293528668788e25
-8.415553585727586e25
-8.208208661108669e25
-7.997386397389086e25
-7.783216711827998e25
-7.5658317245947065e25
-7.3453656855208275e25
-7.121954899417129e25
-6.895737649994247e25
-6.666854122429774e25
-6.435446324622926e25
-6.201658007179877e25
-5.965634582175163e25
-5.727523040731426e25
-5.487471869465405e25
-5.245630965844768e25
-5.002151552504263e25
-4.757186090567957e25
-4.510888192026473e25
-4.263412531218939e25
-4.0149147554683864e25
-3.765551394922449e25
-3.5154797716490232e25
-3.2648579080399656e25
-3.01384443457361e25
-2.7625984969901116e25
-2.5112796629318487e25
-2.260047828102418e25
-2.0090631219998733e25
-1.7584858132759996e25
-1.5084762147789534e25
-1.25919458833244e25
-1.0108010493084014e25
-7.634554710473887e24
-5.173173891839485e24
-2.725459059319619e24
-2.9299594386682964e23
2.1226359709975323e24
4.51986440413896e24
6.897125229897584e24
9.252863428755766e24
1.15855340350064e25
1.3893603080866398e25
1.6175548536470028e25
1.8429861245164108e25
2.0655045853566306e25
2.2849621735802556e25
2.501212391138211e25
2.7141103956139607e25
2.9235130905703464e25
3.129279215092697e25
3.33126943247447e25
3.5293464179906034e25
3.7233749457042233e25
3.913221974254079e25
4.098756731568461e25
4.279850798454158e25
4.456378191007187e25
4.6282154417951905e25
4.795241679758811e25
4.957338708783522e25
5.114391084891228e25
5.266286192002667e25
5.412914316223074e25
5.5541687186027045e25
5.6899457063263976e25
5.8201447022854305e25
5.9446683129872735e25
6.063422394758683e25
6.176316118198679e25
6.283262030839531e25
6.384176117973592e25
6.478977861606211e25
6.567590297494556e25
6.649940070234622e25
6.725957486358141e25
6.795576565403945e25
6.858735088927984e25
6.9153746474179764e25
6.9654406850799475e25
7.008882542464555e25
7.045653496902872e25
7.075710800722003e25
7.099015717212524e25
7.115533554320746e25
7.125233696040172e25
7.128089631477832e25
7.124078981572356e25
7.113183523442141e25
7.095389212343153e25
7.070686201217381e25
7.039068857814226e25
7.000535779368568e25
6.955089804820543e25
6.902738024563734e25
6.843491787709406e25
6.7773667068565075e25
6.704382660357854e25
6.62456379207517e25
6.537938508616224e25
6.444539474049726e25
6.344403602094208e25
6.237572045779178e25
6.124090184578351e25
6.00400760901557e25
5.8773781027464266e25
5.744259622119491e25
5.604714273222726e25
5.458808286421885e25
5.306611988400034e25
5.148199771707576e25
4.983650061834607e25
4.813045281818869e25
4.636471814403053e25
4.454019961758423e25
4.265783902791082e25
4.071861648050911e25
3.8723549922626425e25
3.6673694645011966e25
3.4570142760349868e25
3.241402265860909e25
3.0206498439580026e25
2.7948769322869372e25
2.5642069035642713e25
2.3287665178413973e25
2.088685856920761e25
1.8440982566413252e25
1.595140237068094e25
1.341951430621761e25
1.0846745081843664e25
8.23455103220586e24
5.584417339527062e24
2.8978572363152524e24
1.7641118943653856e23
-2.5783539340011043e24
-5.364845718521382e24
-8.181447069454811e24
-1.1026517098932462e25
-1.3898392028248677e25
-1.6795386106077193e25
-1.9715792542062657e25
-2.265788445526117e25
-2.5619915836924185e25
-2.860012252709068e25
-3.1596723204444483e25
-3.460792038890133e25
-3.7631901456356995e25
-4.066683966503357e25
-4.371089519286296e25
-4.676221618530582e25
-4.981893981303381e25
-5.287919333886528e25
-5.594109519337341e25
-5.900275605852334e25
-6.20622799587501e25
-6.51177653588503e25
-6.816730626804619e25
-7.1208993349604545e25
-7.424091503536062e25
-7.726115864452008e25
-8.026781150607484e25
-8.325896208419019e25
-8.62327011059193e25
-8.918712269056901e25
-9.212032548007412e25
-9.503041376970617e25
-9.791549863846845e25
-1.00773699078494e26
-1.036031431227939e26
-1.0640196897068285e26
-1.0916832611021777e26
-1.1190037643698033e26
-1.1459629536853433e26
-1.1725427295390155e26
-1.1987251497737792e26
-1.2244924405603777e26
-1.2498270073025673e26
-1.274711445466059e26
-1.2991285513244836e26
-1.3230613326159079e26
-1.3464930191034863e26
-1.369407073033649e26
-1.3917871994855336e26
-1.4136173566052729e26
-1.4348817657187771e26
-1.4555649213168488e26
-1.4756516009063341e26
-1.4951268747212882e26
-1.5139761152879725e26
-1.5321850068377812e26
-1.5497395545621117e26
-1.5666260937033992e26
-1.582831298476479e26
-1.598342190814642e26
-1.613146148934806e26
-1.627230915716261e26
-1.640584606887614e26
-1.653195719016624e26
-1.6650531372977297e26
-1.676146143132172e26
-1.68646442149568e26
-1.695998068088938e26
-1.7047375962659765e26
-1.7126739437358934e26
-1.719798479033386e26
-1.726103007753656e26
-1.731579778547463e26
-1.7362214888721488e26
-1.7400212904946618e26
-1.7429727947426425e26
-1.7450700774999036e26
-1.7463076839426888e26
-1.7466806330132043e26
-1.7461844216271952e26
-1.7448150286123603e26
-1.742568918374605e26
-1.7394430442892374e26
-1.7354348518144747e26
-1.7305422813246897e26
-1.7247637706609036e26
-1.7180982573964616e26
-1.710545180815688e26
-1.7021044836037173e26
-1.6927766132455958e26
-1.68256252313329e26
-1.6714636733790173e26
-1.6594820313337917e26
-1.6466200718099304e26
-1.6328807770068264e26
-1.618267636139186e26
-1.602784644767024e26
-1.5864363038272822e26
-1.56922761836668e26
-1.5511640959758907e26
-1.5322517449249663e26
-1.5124970720006128e26
-1.4919070800456577e26
-1.4704892652012495e26
-1.448251613852913e26
-1.4252025992812427e26
-1.4013511780186022e26
-1.3767067859129517e26
-1.3512793339006432e26
-1.3250792034897791e26
-1.2981172419558362e26
-1.2704047572519775e26
-1.24195351263599e26
-1.2127757210165002e26
-1.1828840390207035e26
-1.1522915607867878e26
-1.121011811483618e26
-1.0890587405610381e26
-1.0564467147336862e26
-1.0231905107021488e26
-9.893053076148425e25
-9.548066792741589e25
-9.19710586091183e25
-8.840333667927057e25
-8.477917298849869e25
-8.110027448782781e25
-7.736838332770606e25
-7.358527593404388e25
-6.97527620617315e25
-6.58726838261715e25
-6.1946914713299915e25
-5.797735856864833e25
-5.396594856594372e25
-4.991464615584393e25
-4.582543999535092e25
-4.1700344858452266e25
-3.75414005286315e25
-3.3350670673804093e25
-2.9130241704324558e25
-2.488222161464564e25
-2.060873880931826e25
-1.6311940913935256e25
-1.1993993571708505e25
-7.657079226299912e24
-3.3033958916394233e24
1.0648440906150383e24
5.445415305301483e24
9.83608052890767e24
1.4234592004987518e25
1.863869272908756e25
2.304611774250085e25
2.745459543406281e25
3.186184884927271e25
3.6265597006020017e25
4.066355621611063e25
4.505344141187963e25
4.94329674770951e25
5.3799850581430425e25
5.8151809517681055e25
6.248656704097798e25
6.6801851209241295e25
7.109539672404579e25
7.536494627115661e25
7.960825185991907e25
8.382307616076023e25
8.800719383996103e25
9.215839289095557e25
9.62744759613383e25
1.0035326167483459e26
1.043925859473992e26
1.0839030329668224e26
1.1234428814410357e26
1.1625243610870593e26
1.2011266529205179e26
1.2392291755335803e26
1.2768115977414048e26
1.3138538511155185e26
1.3503361423967702e26
1.3862389657804958e26
1.4215431150659239e26
1.4562296956627735e26
1.4902801364473572e26
1.523676201461268e26
1.55640000144495e26
1.5884340051992066e26
1.6197610507677696e26
1.6503643564334984e26
1.6802275315216656e26
1.7093345870032615e26
1.7376699458919506e26
1.7652184534276248e26
1.791965387040438e26
1.8178964660886435e26
1.8429978613643012e26
1.867256204360327e26
1.8906585962930328e26
1.9131926168744207e26
1.9348463328281023e26
1.9556083061435167e26
1.9754676020627143e26
1.9944137967946487e26
2.0124369849514226e26
2.029527786701595e26
2.0456773546357784e26
2.0608773803394667e26
2.0751201006687533e26
2.088398303724296e26
2.100705334519582e26
2.1120351003389838e26
2.122382075781912e26
2.1317413074893812e26
2.1401084185491575e26
2.1474796125762947e26
2.1538516774656863e26
2.1592219888137796e26
2.1635885130063622e26
2.1669498099699338e26
2.169305035584059e26
2.1706539437525712e26
2.1709968881313388e26
2.1703348235107997e26
2.1686693068515833e26
2.1660024979716713e26
2.1623371598837614e26
2.1576766587817448e26
2.1520249636754887e26
2.145386645673054e26
2.1377668769099427e26
2.1291714291251212e26
2.1196066718836144e26
2.1090795704458824e26
2.0975976832842307e26
2.0851691592468684e26
2.0718027343702418e26
2.0575077283406505e26
2.0422940406062992e26
2.026172146141102e26
2.0091530908617618e26
1.9912484867000527e26
1.972470506332066e26
1.9528318775667207e26
1.9323458773958857e26
1.9110263257087012e26
1.8888875786728654e26
1.8659445217858807e26
1.842212562599453e26
1.8177076231203922e26
1.7924461318916352e26
1.7664450157571194e26
1.739721691314519e26
1.7122940560599514e26
1.6841804792290565e26
1.655399792338883e26
1.6259712794355006e26
1.595914667051983e26
1.5652501138820354e26
1.5339982001744664e26
1.5021799168539135e26
1.469816654373483e26
1.4369301913050661e26
1.4035426826732343e26
1.3696766480388975e26
1.3353549593389413e26
1.3006008284883107e26
1.2654377947510604e26
1.2298897118871836e26
1.1939807350820693e26
1.1577353076655698e26
1.1211781476278456e26
1.0843342339394624e26
1.0472287926828799e26
1.0098872830030744e26
9.723353828849833e25
9.34598974765498e25
8.967041309879939e25
8.58677099107336e25
8.20544287053606e25
7.823322481627403e25
7.4406766608234635e25
7.057773395612709e25
6.674881671313062e25
6.292271316897373e25
5.91021284991296e25
5.528977320584186e25
5.1488361551846215e25
4.770060998769962e25
4.39292355735849e25
4.01769543965108e25
3.6446479983806932e25
3.2740521713816936e25
2.906178322471304e25
2.541296082234401e25
2.1796741888031244e25
1.821580328724447e25
1.4672809780072648e25
1.1170412434420905e25
7.711247042850772e24
4.2979325439993757e24
9.330694494968784e23
-2.380761722698005e24
-5.641002007603665e24
-8.845115544266291e24
-1.1990591117616665e25
-1.50749436902305e25
-1.8095715923072089e25
-2.105047968431928e25
-2.393683754536367e25
-2.6752424263091617e25
-2.949490824755004e25
-3.21619930141142e25
-3.4751418619278403e25
-3.726096307919634e25
-3.968844377010976e25
-4.2031718809808585e25
-4.428868841927545e25
-4.6457296263685296e25
-4.853553077191384e25
-5.0521426433763315e25
-5.2413065074082025e25
-5.420857710298972e25
-5.590614274142642e25
-5.7503993221252e25
-5.900041195914364e25
-6.039373570354316e25
-6.168235565392935e25
-6.28647185516913e25
-6.393932774191067e25
-6.49047442053641e25
-6.575958756006883e25
-6.650253703172874e25
-6.7132332392432205e25
-6.764777486699523e25
-6.804772800631801e25
-6.833111852720416e25
-6.8496937118052855e25
-6.854423920987091e25
-6.847214571209019e25
-6.827984371266358e25
-6.796658714195955e25
-6.7531697399963595e25
-6.69745639463559e25
-6.629464485302405e25
-6.549146731858491e25
-6.456462814455197e25
-6.351379417275516e25
-6.233870268368409e25
-6.103916175540625e25
-5.961505058277794e25
-5.806631975665379e25
-5.639299150284539e25
-5.459515988056932e25
-5.267299094020079e25
-5.0626722840129766e25
-4.845666592253199e25
-4.616320274794748e25
-4.374678808851464e25
-4.120794887978716e25
-3.8547284131025896e25
-3.5765464793956588e25
-3.286323358994843e25
-2.9841404795591643e25
-2.6700863986737424e25
-2.3442567741012445e25
-2.006754329890332e25
-1.6576888183469649e25
-1.2971769778847837e25
-9.253424867668387e24
-5.423159127529433e24
-1.482346586764456e24
2.5675709603196703e24
6.72508457846672e24
1.0988618856536615e25
1.535653261227271e25
1.982711963650455e25
2.439860947641864e25
2.906916825758883e25
3.3836899544328974e25
3.869984523799241e25
4.365598651282103e25
4.870324478883419e25
5.383948274134118e25
5.906250534654287e25
6.437006096275884e25
6.975984244668521e25
7.522948830415001e25
8.077658387481913e25
8.639866255018894e25
9.209320702429809e25
9.785765057647629e25
1.0368937838552335e26
1.0958572887457394e26
1.1554399508597692e26
1.2156142608550162e26
1.276352283950718e26
1.337625674533159e26
1.3994056910313301e26
1.4616632110552772e26
1.5243687467884154e26
1.5874924606261073e26
1.65100418105168e26
1.714873418741887e26
1.7790693828924235e26
1.8435609977549586e26
1.908316919376994e26
1.9733055525347422e26
2.0384950678503055e26
2.1038534190833535e26
2.1693483605883126e26
2.23494746492677e26
2.300618140625709e26
2.3663276500718905e26
2.4320431275319408e26
2.4977315972885262e26
2.5633599918820896e26
2.6288951704484826e26
2.6943039371415228e26
2.7595530596304167e26
2.824609287661908e26
2.8894393716759878e26
2.9540100814651695e26
3.018288224866309e26
3.0822406664748415e26
3.145834346370094e26
3.209036298841486e26
3.2718136711045e26
3.3341337419960956e26
3.395963940638304e26
3.457271865059439e26
3.518025300762435e26
3.5781922392289464e26
3.63774089634897e26
3.696639730764862e26
3.754857462119504e26
3.81236308919741e26
3.8691259079483516e26
3.925115529383183e26
3.9803018973307744e26
4.034655306045994e26
4.088146417657985e26
4.1407462794488154e26
4.192426340951711e26
4.24315847085884e26
4.292914973728864e26
4.3416686064836765e26
4.3893925946848076e26
4.436060648579413e26
4.4816469789064827e26
4.5261263124532244e26
4.5694739073525305e26
4.6116655681118906e26
4.652677660364924e26
4.69248712533601e26
4.731071494009357e26
4.76840890099384e26
4.8044780980746694e26
4.839258467443728e26
4.872730034600091e26
4.9048734809128224e26
4.935670155837897e26
4.965102088781568e26
4.993152000602748e26
5.019803314746792e26
5.0450401680036916e26
5.068847420883556e26
5.0912106676027944e26
5.112116245674228e26
5.131551245094882e26
5.1495035171253875e26
5.165961682654961e26
5.180915140146342e26
5.1943540731552344e26
5.206269457419062e26
5.2166530675099505e26
5.225497483047332e26
5.232796094465565e26
5.238543108332382e26
5.2427335522141315e26
5.2453632790840773e26
5.2464289712702605e26
5.245928143939702e26
5.243859148115918e26
5.2402211732271394e26
5.2350142491826586e26
5.22823924797522e26
5.219897884807538e26
5.2099927187412e26
5.198527152866725e26
5.1855054339935705e26
5.1709326518593724e26
5.1548147378576955e26
5.1371584632842354e26
5.117971437101373e26
5.097262103221272e26
5.075039737308305e26
5.05131444310143e26
5.026097148257842e26
4.9993995997190103e26
4.971234358601135e26
4.9416147946116636e26
4.910555079994361e26
4.878070183005121e26
4.844175860921643e26
4.8088886525898995e26
4.7722258705104876e26
4.734205592468947e26
4.694846652713467e26
4.654168632684493e26
4.612191851300196e26
4.568937354802975e26
4.5244269061717136e26
4.478682974104731e26
4.431728721579389e26
4.3835879939936586e26
4.334285306895918e26
4.28384583330876e26
4.2322953906538044e26
4.1796604272839655e26
4.125968008629866e26
4.0712458029680804e26
4.015522066818283e26
3.958825629977146e26
3.90118588019646e26
3.842632747514173e26
3.783196688246142e26
3.722908668647511e26
3.661800148251912e26
3.599903062898051e26
3.537249807452521e26
3.4738732182378326e26
3.40980655517587e26
3.345083483655856e26
3.2797380561371864e26
3.2138046934965625e26
3.147318166130356e26
3.080313574822189e26
3.0128263313860963e26
2.9448921390964277e26
2.8765469729149207e26
2.8078270595262523e26
2.7387688571926168e26
2.6694090354392558e26
2.599784454581963e26
2.52993214510766e26
2.4598892869203653e26
2.389693188463602e26
2.319381265731473e26
2.248991021179636e26
2.1785600225488973e26
2.1081258816128186e26
2.037726232861828e26
1.967398712135474e26
1.8971809352156003e26
1.827110476392447e26
1.7572248470155484e26
1.687561474042511e26
1.618157678597373e26
1.5490506545513713e26
1.4802774471378617e26
1.411874931614512e26
1.3438797919847936e26
1.2763284997907622e26
1.2092572929902388e26
1.142702154930072e26
1.0766987934282465e26
1.0112826199764695e26
9.464887290761445e25
8.82351877719631e25
8.189064650284029e25
7.561865120609755e25
6.942256418018806e25
6.33057059344041e25
5.727135322757109e25
5.132273712844355e25
4.546304109890035e25
3.969539910113212e25
3.40228937298979e25
2.8448554371044615e25
2.2975355387366795e25
1.7606214332871972e25
1.2343990196602406e25
7.191481677024933e24
2.151425488081138e24
-2.773505302116926e24
-7.58070289886557e24
-1.2267626373749394e25
-1.6831803221868648e25
-2.1270830882386275e25
-2.5582378221501565e25
-2.976418697688614e25
-3.381407316272651e25
-3.7729928434430075e25
-4.1509721412160795e25
-4.515149896238833e25
-4.865338743657873e25
-5.201359386627714e25
-5.523040711377862e25
-5.830219897768132e25
-6.122742525255099e25
-6.400462674203555e25
-6.663243022473275e25
-6.91095493722023e25
-7.143478561845705e25
-7.36070289803646e25
-7.56252588284129e25
-7.74885446072601e25
-7.919604650559498e25
-8.074701607480121e25
-8.21407967960064e25
-8.337682459505246e25
-8.4454628305014e25
-8.537383007591566e25
-8.613414573127812e25
-8.673538507121476e25
-8.717745212179572e25
-8.746034533044483e25
-8.758415770713802e25
-8.75490769112338e25
-8.735538528379519e25
-8.700345982525841e25
-8.649377211838246e25
-8.582688819640707e25
-8.500346835641337e25
-8.402426691787098e25
-8.289013192642695e25
-8.1602004802997e25
-8.01609199382728e25
-7.856800423276404e25
-7.682447658255109e25
-7.493164731094056e25
-7.289091754626488e25
-7.070377854606498e25
-6.837181096796465e25
-6.589668408756048e25
-6.328015496367184e25
-6.052406755134549e25
-5.763035176303119e25
-5.460102247837208e25
-5.143817850309293e25
-4.814400147749138e25
-4.472075473507669e25
-4.117078211191727e25
-3.749650670730394e25
-3.370042959635278e25
-2.9785128495195064e25
-2.5753256379471047e25
-2.160754005680033e25
-1.7350778693999916e25
-1.2985842299809996e25
-8.515670163925725e24
-3.9432692531599803e24
7.282874344182048e23
5.49586255648512e24
1.0356256153705226e25
1.530620741629446e25
2.0342396488942655e25
2.5461446313127253e25
3.0659924505813397e25
3.59343452735291e25
4.128117136075526e25
4.669681603158561e25
5.217764508353862e25
5.771997889244959e25
6.332009448728799e25
6.897422765375872e25
7.4678575065531885e25
8.04292964418998e25
8.622251673066506e25
9.205432831505258e25
9.792079324338795e25
1.0381794548030937e26
1.0974179317823521e26
1.1568832096782206e26
1.2165349226610034e26
1.2763325160099823e26
1.3362352695092109e26
1.3962023209808724e26
1.4561926899422433e26
1.5161653013733751e26
1.5760790095816024e26
1.635892622149186e26
1.6955649239504812e26
1.7550547012247153e26
1.8143207656906674e26
1.873321978689126e26
1.9320172753393184e26
1.9903656886953204e26
2.0483263738883442e26
2.1058586322409424e26
2.162921935339032e26
2.2194759490477607e26
2.2754805574572054e26
2.3308958867435657e26
2.3856823289323912e26
2.4398005655494054e26
2.4932115911452182e26
2.5458767366799562e26
2.597757692754073e26
2.648816532671466e26
2.699015735321283e26
2.7483182078647472e26
2.796687308213558e26
2.8440868672863363e26
2.8904812110298497e26
2.9358351821918055e26
2.9801141618320737e26
3.023284090559393e26
3.0653114894808378e26
3.106163480851029e26
3.1458078084090015e26
3.184212857389999e26
3.2213476742001264e26
3.257181985741801e26
3.2916862183781214e26
3.324831516524509e26
3.356589760856114e26
3.386933586119721e26
3.415836398539129e26
3.4432723928030375e26
3.469216568624969e26
3.493644746864668e26
3.5165335852009654e26
3.537860593346075e26
3.557604147791592e26
3.575743506077002e26
3.592258820571351e26
3.6071311517591475e26
3.6203424810220445e26
3.6318757229078795e26
3.6417147368788665e26
3.6498443385314324e26
3.656250310279981e26
3.660919411497594e26
3.6638393881065264e26
3.664998981612203e26
3.6643879375743614e26
3.6619970135091746e26
3.657817986217088e26
3.651843658530829e26
3.6440678654786806e26
3.634485479858249e26
3.623092417216677e26
3.609885640233174e26
3.5948631625000316e26
3.578024051699247e26
3.5593684321714494e26
3.538897486874838e26
3.516613458731426e26
3.492519651359265e26
3.4666204291886564e26
3.438921216961505e26
3.4094284986125164e26
3.3781498155323125e26
3.3450937642121245e26
3.3102699932699925e26
3.273689199859659e26
3.235363125462671e26
3.1953045510653745e26
3.1535272917219335e26
3.110046190506106e26
3.0648771118538586e26
3.018036934299262e26
2.9695435426074795e26
2.9194158193077416e26
2.8676736356306136e26
2.8143378418530992e26
2.7594302570568756e26
2.702973658304231e26
2.644991769236528e26
2.5855092481015944e26
2.524551675215286e26
2.4621455398640433e26
2.3983182266542755e26
2.333098001316482e26
2.266513995970601e26
2.1985961938607784e26
2.129375413566701e26
2.058883292700649e26
1.987152271098395e26
1.914215573512366e26
1.8401071918171927e26
1.7648618667363005e26
1.6885150690999487e26
1.6111029806439348e26
1.5326624743603011e26
1.4532310944101922e26
1.372847035609339e26
1.2915491224982642e26
1.2093767880078608e26
1.1263700517326515e26
1.042569497822797e26
9.58016252508088e25
8.727519612658366e25
7.868187656448351e25
7.002592797592972e25
6.1311656646498665e25
5.25434113231526e25
4.372558077234483e25
3.4862591310485804e25
2.5958904308065072e25
1.7019013668905754e25
8.047443285879925e24
-9.512555253586953e23
-9.972506613232384e24
-1.9011711596260009e25
-2.80642524866509e25
-3.7125494330068877e25
-4.619078785998569e25
-5.5255472165195974e25
-6.431487736885633e25
