4.3958059277343727e-13
4.3940670307317914e11
7.022063913304533e12
3.547808332847288e13
1.1181386978494881e14
2.719971215652474e14
5.6151715296938475e14
1.0348218584070436e15
1.754633010155343e15
2.7911419517904605e15
4.221088115476846e15
6.126723153126893e15
8.594663828274038e15
1.17146371666879e16
1.5578121708663304e16
2.027688904390667e16
2.5901450140404016e16
3.253941130097486e16
4.0273744894798824e16
4.918098031545917e16
5.932932091140931e16
7.077669291867314e16
8.356873269849429e16
9.773671884402448e16
1.1329545596947197e17
1.3024111723192285e17
1.485490528598217e17
1.6817157217239085e17
1.8903570677064246e17
2.1104096276266493e17
2.3405707005315168e17
2.5792173687929805e17
2.8243841791186106e17
3.0737410436103014e17
3.324571446314545e17
3.5737510415906e17
3.8177267313384986e17
4.0524963086752134e17
4.273588756021793e17
4.4760452857653414e17
4.654401211685226e17
4.802668739181797e17
4.9143207620165914e17
4.982275752764966e17
4.998883833494235e17
4.955914112312641e17
4.8445433703863885e17
4.6553461827941184e17
4.3782865551801254e17
4.0027111565811405e17
3.5173442270364454e17
2.9102842366493235e17
2.1690023706507456e17
1.2803429127248538e17
2.305255963939379e16
-9.94850008372672e16
-2.4107980089589837e17
-4.032937542909683e17
-5.877481911465208e17
-7.961225438827899e17
-1.0301528005598373e18
-1.2916297208407977e18
-1.582396810150546e18
-1.9043480479931433e18
-2.2594253667925181e18
-2.6496158780354683e18
-3.076948842923122e18
-3.543492385176612e18
-4.051349944093816e18
-4.602656466416219e18
-5.199574336037916e18
-5.844289041071333e18
-6.539004578276387e18
-7.285938595360338e18
-8.087317272164348e18
-8.9453699422686e18
-9.862323457070391e18
-1.0840396294917933e19
-1.188179241841625e19
-1.2988694883559404e19
-1.4163259204884922e19
-1.5407606481390524e19
-1.6723816288500277e19
-1.8113919341914421e19
-1.957988993972596e19
-2.1123638189734924e19
-2.2747002029437927e19
-2.4451739046715417e19
-2.623951810978149e19
-2.811191081549905e19
-3.007038276569708e19
-3.211628468165561e19
-3.425084336744615e19
-3.6475152533330563e19
-3.879016349092908e19
-4.119667573236716e19
-4.369532740609891e19
-4.628658570258519e19
-4.897073716347098e19
-5.1747877928362e19
-5.461790393374397e19
-5.75805010790158e19
-6.0635135375023145e19
-6.378104309087727e19
-6.70172209152271e19
-7.034241614851892e19
-7.375511694312623e19
-7.7253542608562e19
-8.083563399929764e19
-8.449904400300274e19
-8.824112814729154e19
-9.205893534331093e19
-9.594919878473189e19
-9.990832702091326e19
-1.03932395223186e20
-1.080171366633673e20
-1.1215793442374568e20
-1.163498133578888e20
-1.205874323217097e20
-1.2486507669428393e20
-1.2917665120794368e20
-1.3351567310717847e20
-1.3787526565585194e20
-1.4224815201219114e20
-1.4662664949093173e20
-1.5100266423189347e20
-1.553676862941266e20
-1.597127851946093e20
-1.640286059102806e20
-1.6830536536197464e20
-1.7253284939857153e20
-1.7670041029939885e20
-1.8079696481260985e20
-1.8481099274692303e20
-1.8873053613374276e20
-1.9254319897627735e20
-1.9623614760184863e20
-1.9979611163312338e20
-2.032093855935165e20
-2.0646183116149496e20
-2.095388800879695e20
-2.124255377903852e20
-2.1510638763652284e20
-2.1756559593038833e20
-2.197869176119146e20
-2.2175370268150894e20
-2.23448903359771e20
-2.2485508199196682e20
-2.2595441970607365e20
-2.267287258324299e20
-2.2715944809219804e20
-2.2722768356101593e20
-2.2691419041334644e20
-2.2619940045214676e20
-2.250634324275732e20
-2.2348610614750455e20
-2.2144695738171772e20
-2.1892525356057723e20
-2.1590001026811298e20
-2.1235000852834697e20
-2.0825381288271492e20
-2.03589790255372e20
-1.9833612960213418e20
-1.924708623377166e20
-1.8597188353486245e20
-1.788169738878491e20
-1.7098382243175557e20
-1.6245005000775906e20
-1.531932334635999e20
-1.431909305772213e20
-1.32420705690456e20
-1.2086015603847804e20
-1.0848693875959628e20
-9.527879856881756e19
-8.121359607744337e19
-6.626933673982536e19
-5.0424200407246316e19
-3.3656571467744403e19
-1.5945069549562712e19
2.7314192352464527e18
2.239371053164992e19
4.306228949261641e19
6.47572780670851e19
8.749840185285378e19
1.1130495654341432e20
1.3619577399883478e20
1.6218918797185453e20
1.8930299952139872e20
2.1755444214674683e20
2.4696014667659782e20
2.7753610594825837e20
3.092976393131453e20
3.4225935700573376e20
3.76435124413994e20
4.118380262902516e20
4.48480330942262e20
4.863734544451244e20
5.255279249154537e20
5.65953346890005e20
6.076583658516702e20
6.506506329464711e20
6.949367699358388e20
7.405223344290839e20
7.874117854415711e20
8.356084493246224e20
8.851144861137337e20
9.359308563420865e20
9.880572883668347e20
1.0414922462559412e21
1.0962328982837508e21
1.1522750860836999e21
1.2096132945068457e21
1.2682406222350878e21
1.3281487531980462e21
1.3893279288427199e21
1.4517669213050105e21
1.5154530075322747e21
1.5803719444058813e21
1.646507944912769e21
1.7138436554146867e21
1.7823601340636938e21
1.8520368304121093e21
1.9228515662648432e21
1.9947805178215685e21
2.0677981991558258e21
2.1418774470775404e21
2.216989407424977e21
2.2931035228314078e21
2.370187522011213e21
2.44820741060927e21
2.5271274636567983e21
2.6069102196758607e21
2.6875164764739197e21
2.768905288668745e21
2.85103396698307e21
2.9338580793471827e21
3.0173314538465793e21
3.101406183550546e21
3.186032633256292e21
3.2711594481819687e21
3.3567335646404516e21
3.442700222724444e21
3.529002981031868e21
3.615583733459057e21
3.7023827280876027e21
3.789338588189133e21
3.876388335370514e21
3.963467414880341e21
4.0505097230956385e21
4.137447637206014e21
4.224212047110442e21
4.310732389540085e21
4.3969366844184136e21
4.4827515734680304e21
4.568102361071353e21
4.6529130573903576e21
4.737106423748336e21
4.820604020274491e21
4.903326255809908e21
4.985192440071265e21
5.066120838066257e21
5.146028726752517e21
5.224832453929283e21
5.30244749934887e21
5.378788538032498e21
5.453769505772597e21
5.5273036668013e21
5.599303683602368e21
5.669681688841254e21
5.738349359385575e21
5.805217992385707e21
5.870198583382716e21
5.933201906408289e21
5.994138596038797e21
6.052919231363098e21
6.109454421821091e21
6.163654894867588e21
6.21543158541339e21
6.264695726993075e21
6.311358944606363e21
6.355333349177468e21
6.396531633574328e21
6.434867170127146e21
6.470254109583141e21
6.502607481432073e21
6.531843295534601e21
6.557878644983121e21
6.580631810122515e21
6.600022363655677e21
6.615971276756621e21
6.62840102611156e21
6.637235701806158e21
6.642401115975013e21
6.643824912127284e21
6.64143667506024e21
6.635168041270535e21
6.624952809771026e21
6.610727053218941e21
6.592429229259465e21
6.570000291986865e21
6.543383803423658e21
6.512526044916515e21
6.477376128346132e21
6.437886107046548e21
6.394011086328179e21
6.345709333497178e21
6.292942387262637e21
6.235675166421721e21
6.173876077711822e21
6.107517122717648e21
6.036574003720186e21
5.961026228373658e21
5.88085721309564e21
5.79605438505494e21
5.706609282641115e21
5.612517654299039e21
5.513779555611395e21
5.410399444511851e21
5.302386274511159e21
5.189753585818565e21
5.072519594240706e21
4.950707277740352e21
4.824344460537475e21
4.6934638946355207e21
4.5581033386560224e21
4.418305633865364e21
4.2741187772780097e21
4.125595991721362e21
3.972795792748106e21
3.815782052283122e21
3.6546240588928013e21
3.4893965745661254e21
3.320179887897912e21
3.1470598635662764e21
2.9701279879976966e21
2.7894814111149096e21
2.605222984064534e21
2.4174612928233315e21
2.2263106875836774e21
2.031891307821658e21
1.834329102952399e21
1.63375584848084e21
1.4303091575573572e21
1.2241324878513203e21
1.0153751436576046e21
8.041922731543825e20
5.907448607329695e20
3.751997143241751e20
1.5772944764794988e20
-6.148754268283208e19
-2.8226710527099168e20
-5.0441936731840394e20
-7.277487733437083e20
-9.52054129289381e20
-1.1771286520704512e21
-1.4027600246121788e21
-1.6287304564211607e21
-1.8548167497292532e21
-2.080790371246501e21
-2.3064175295542004e21
-2.531459258165611e21
-2.7556715042768337e21
-2.9788052232265594e21
-3.20060647867797e21
-3.420816548532488e21
-3.6391720365793057e21
-3.855404989880864e21
-4.0692430218886465e21
-4.280409441279689e21
-4.488623386498389e21
-4.6935999659840236e21
-4.895050404058425e21
-5.092682192444117e21
-5.286199247377195e21
-5.47530207227453e21
-5.659687925909746e21
-5.839050996046489e21
-6.013082578473224e21
-6.181471261377385e21
-6.343903114992385e21
-6.500061886444737e21
-6.649629199724029e21
-6.792284760692232e21
-6.927706567044444e21
-7.055571123126674e21
-7.175553659512145e21
-7.287328357230931e21
-7.390568576543754e21
-7.484947090144097e21
-7.570136320668791e21
-7.645808582390798e21
-7.711636326963677e21
-7.767292393081262e21
-7.812450259911464e21
-7.846784304157687e21
-7.869970060596507e21
-7.881684485935111e21
-7.881606225827267e21
-7.869415884881534e21
-7.844796299490805e21
-7.80743281330751e21
-7.757013555184165e21
-7.693229719394449e21
-7.615775847945717e21
-7.524350114788948e21
-7.418654611728889e21
-7.298395635831812e21
-7.163283978125619e21
-7.013035213381442e21
-6.847369990764262e21
-6.666014325134094e21
-6.468699888777939e21
-6.255164303347166e21
-6.025151431774014e21
-5.778411669935584e21
-5.514702237832525e21
-5.233787470045717e21
-4.935439105231728e21
-4.6194365744161426e21
-4.285567287840278e21
-3.933626920115953e21
-3.5634196934394317e21
-3.174758658615786e21
-2.7674659736413746e21
-2.3413731795922416e21
-1.8963214735634858e21
-1.4321619784052234e21
-9.487560089983989e20
-4.459753348140934e20
7.629756150165746e19
6.181692297742333e20
1.1797350024364483e21
1.7610787494112086e21
2.362272637998704e21
2.98337689802417e21
3.6244395925027097e21
4.285496394075651e21
4.966570367473188e21
5.667671758254623e21
6.38879778807788e21
7.129932456746711e21
7.891046351283297e21
8.672096462269961e21
9.47302600770283e21
1.0293764264596802e22
1.113422640857777e22
1.1994313361696615e22
1.2873911648693458e22
1.3772893261939635e22
1.4691115535278946e22
1.562842102698786e22
1.6584637412067097e22
1.755957738407582e22
1.8553038566711859e22
1.9564803435339507e22
2.059463924865798e22
2.1642297990701153e22
2.270751632335132e22
2.379001554954642e22
2.488950158735074e22
2.6005664955056353e22
2.713818076747363e22
2.828670874356418e22
2.945089322556121e22
3.0630363209716654e22
3.182473238880601e22
3.3033599206515932e22
3.425654692382976e22
3.549314369752071e22
3.6742942670852933e22
3.8005482076582925e22
3.928028535234635e22
4.056686126850478e22
4.186470406852057e22
4.317329362191733e22
4.449209558987664e22
4.5820561603509755e22
4.71581294548365e22
4.850422330049245e22
4.985825387817745e22
5.121961873584677e22
5.258770247363907e22
5.396187699852306e22
5.5341501791637416e22
5.672592418828519e22
5.811447967053722e22
5.950649217238615e22
6.090127439738455e22
6.229812814868802e22
6.369634467141595e22
6.509520500723029e22
6.649398036102398e22
6.789193247959816e22
6.928831404219816e22
7.0682369062767386e22
7.207333330376663e22
7.34604347013976e22
7.484289380205673e22
7.62199242098359e22
7.759073304487598e22
7.89545214123687e22
8.03104848819909e22
8.16578139775457e22
8.299569467657398e22
8.432330891969043e22
8.563983512938562e22
8.694444873802837e22
8.823632272478983e22
8.951462816120265e22
9.077853476505754e22
9.202721146232938e22
9.325982695681666e22
9.447555030716771e22
9.56735515109563e22
9.685300209546322e22
9.801307571480772e22
9.915294875306589e22
1.0027180093300367e23
1.0136881593004336e23
1.0244318199107457e23
1.034940925577109e23
1.045207468935881e23
1.0552235071528906e23
1.0649811682647477e23
1.0744726575479306e23
1.08369026391129e23
1.092626366307549e23
1.1012734401593025e23
1.1096240637949678e23
1.1176709248900623e23
1.1254068269091428e23
1.132824695543671e23
1.1399175851410251e23
1.1466786851198284e23
1.1531013263667184e23
1.1591789876096322e23
1.1649053017626534e23
1.1702740622374192e23
1.1752792292160635e23
1.1799149358806309e23
1.18417549459388e23
1.1880554030263628e23
1.191549350224658e23
1.1946522226156084e23
1.1973591099414093e23
1.1996653111203856e23
1.2015663400282818e23
1.2030579311949072e23
1.2041360454109554e23
1.2047968752398514e23
1.2050368504294713e23
1.2048526432185975e23
1.2042411735330061e23
1.2031996140660815e23
1.2017253952388998e23
1.1998162100347432e23
1.1974700187030526e23
1.1946850533278479e23
1.1914598222557074e23
1.1877931143784282e23
1.1836840032655597e23
1.179131851142035e23
1.1741363127062054e23
1.1686973387836339e23
1.1628151798120762e23
1.1564903891531555e23
1.1497238262262904e23
1.1425166594605528e23
1.1348703690601842e23
1.1267867495795983e23
1.1182679123038011e23
1.1093162874302259e23
1.0999346260481271e23
1.0901260019117299e23
1.0798938130034863e23
1.0692417828838527e23
1.0581739618241797e23
1.0466947277193583e23
1.0348087867770534e23
1.0225211739804123e23
1.0098372533213498e23
9.967627178015631e22
9.833035891986362e22
9.694662175946658e22
9.552572806650658e22
9.40683782725275e22
9.257530535333037e22
9.104727468461662e22
8.94850838728434e22
8.788956256112906e22
8.626157221006285e22
8.460200585328913e22
8.291178782775597e22
8.119187347853084e22
7.94432488381067e22
7.766693028013885e22
7.586396414756703e22
7.403542635510303e22
7.218242196607264e22
7.030608474362881e22
6.840757667636103e22
6.648808747835642e22
6.4548834063776125e22
6.259105999603782e22
6.0616034911707246e22
5.862505391922873e22
5.66194369726367e22
5.460052822041582e22
5.256969532969042e22
5.052832878595193e22
4.847784116854417e22
4.641966640215325e22
4.435525898456189e22
4.228609319095532e22
4.021366225507849e22
3.813947752757022e22
3.6065067611813078e22
3.39919774776657e22
3.1921767553455855e22
2.9856012796638557e22
2.779630174353695e22
2.5744235538610223e22
2.3701426943705204e22
2.1669499327771983e22
1.965008563754135e22
1.7644827349679126e22
1.565537340495524e22
1.368337912497923e22
1.1730505112075685e22
9.798416132887493e21
7.888779986317573e21
6.003266356432123e21
4.143545650969802e21
2.311287826113773e21
5.0816119820628525e20
-1.2641687569044225e21
-3.0040406161740446e21
-4.7097982326075063e21
-6.379791968696619e21
-8.012379939297854e21
-9.605929263179812e21
-1.1158817322458602e22
-1.2669433029121953e22
-1.4136178097833288e22
-1.555746832419132e22
-1.6931734867611318e22
-1.8257425537977987e22
-1.953300608521249e22
-2.0756961490883465e22
-2.1927797260980152e22
-2.304404071895968e22
-2.410424229816565e22
-2.5106976832711895e22
-2.605084484591185e22
-2.69344738353319e22
-2.775651955353341e22
-2.8515667283567324e22
-2.9210633108275144e22
-2.9840165172448554e22
-3.040304493689032e22
-3.089808842342031e22
-3.132414744986205e22
-3.1680110854047565e22
-3.196490570586991e22
-3.217749850641797e22
-3.2316896373220382e22
-3.2382148210633006e22
-3.2372345864395944e22
-3.2286625259395836e22
-3.2124167519664754e22
-3.188420006965288e22
-3.1565997715815253e22
-3.1168883707554386e22
-3.0692230776567947e22
-3.0135462153656486e22
-2.949805256204816e22
-2.877952918630954e22
-2.797947261591478e22
-2.7097517762557776e22
-2.613335475029665e22
-2.5086729777632963e22
-2.3957445950636028e22
-2.2745364086238027e22
-2.1450403484830666e22
-2.0072542671313926e22
-1.8611820103754838e22
-1.7068334848834617e22
-1.5442247223269436e22
-1.3733779400412696e22
-1.1943215981257304e22
-1.007090452908047e22
-8.117256066979827e21
-6.082745537580967e21
-3.96791222420332e21
-1.7733601328032289e21
5.002416659807129e20
2.852158735320856e21
5.281591011861674e21
7.787672587146409e21
1.0369471531395624e22
1.302598976018952e22
1.5756162944590072e22
1.8558860465205456e22
2.1432885410686952e22
2.4376974621109178e22
2.7389798776668087e22
3.0469962532095246e22
3.361600469717197e22
3.6826398463684405e22
4.009955167914565e22
4.3433807167567935e22
4.682744309755499e22
5.0278673397939815e22
5.378564822117293e22
5.734645445462667e22
6.095911627996088e22
6.462159578065567e22
6.833179359778243e22
7.208754963406487e22
7.588664380623483e22
7.972679684566602e22
8.360567114722404e22
8.75208716662521e22
9.146994686356524e22
9.545038969829996e22
9.945963866842479e22
1.0349507889869417e23
1.0755404327578053e23
1.116338136302964e23
1.1573162196537228e23
1.1984465173143397e23
1.2397003914677713e23
1.2810487456350891e23
1.3224620387838488e23
1.3639102998804503e23
1.4053631428810526e23
1.4467897821553748e23
1.4881590483372355e23
1.529439404595504e23
1.570598963318629e23
1.611605503205679e23
1.6524264867563942e23
1.6930290781525205e23
1.7333801615222517e23
1.7734463595793375e23
1.813194052628029e23
1.852589397924774e23
1.891598349387183e23
1.9301866776405004e23
1.968319990391447e23
2.0059637531190853e23
2.04308331007193e23
2.0796439055603032e23
2.1156107055325678e23
2.150948819423663e23
2.18562332226397e23
2.2195992770363445e23
2.252841757268775e23
2.2853158698499664e23
2.316986778054796e23
2.3478197247663108e23
2.3777800558807998e23
2.4068332438820748e23
2.4349449115709763e23
2.462080855935794e23
2.4882070721491524e23
2.513289777676612e23
2.5372954364821e23
2.560190783315e23
2.5819428480636442e23
2.6025189801596574e23
2.6218868730175172e23
2.6400145884934318e23
2.6568705813476168e23
2.6724237236937417e23
2.6866433294193256e23
2.6994991785606112e23
2.7109615416154358e23
2.72100120377743e23
2.7295894890748107e23
2.7366982843969323e23
2.742300063391724e23
2.7463679102170098e23
2.7488755431287108e23
2.7497973378888307e23
2.749108350976165e23
2.746784342582585e23
2.7428017993777478e23
2.737137957025129e23
2.7297708224322373e23
2.7206791957179323e23
2.709842691879752e23
2.6972417621442642e23
2.6828577149834818e23
2.666672736780456e23
2.6486699121272356e23
2.6288332437385068e23
2.6071476719643093e23
2.5835990938853537e23
2.5581743819745704e23
2.530861402308722e23
2.5016490323140253e23
2.4705271780298614e23
2.4374867908749337e23
2.4025198839003318e23
2.365619547514202e23
2.326779964662937e23
2.2859964254540268e23
2.2432653412059424e23
2.1985842579107332e23
2.1519518690950953e23
2.1033680280662706e23
2.0528337595290865e23
2.0003512705609445e23
1.945923960931819e23
1.8895564327566442e23
1.8312544994677946e23
1.7710251940957807e23
1.7088767768464096e23
1.6448187419634106e23
1.5788618238654945e23
1.511018002547472e23
1.4413005082353294e23
1.3697238252856158e23
1.2963036953198749e23
1.2210571195853125e23
1.144002360533346e23
1.0651589426079467e23
9.845476522364972e22
9.021905370159615e22
8.181109040878725e22
7.323333176960489e22
6.44883595921431e22
5.557888065889248e22
4.650772623417254e22
3.727785148788357e22
2.789233483524442e22
1.8354377192193086e22
8.667301146201906e21
-1.1654499576892044e21
-1.1140313015772873e22
-2.1253606249594435e22
-3.150153037492474e22
-4.188016985578251e22
-5.238549424340793e22
-6.301335960007238e22
-7.375951000752895e22
-8.46195791598613e22
-9.558909204042424e22
-1.0666346668252083e23
-1.1783801601339236e23
-1.2910794978104109e23
-1.4046837656337239e23
-1.51914305859032e23
-1.634406502593094e23
-1.750422277003904e23
-1.8671376379518972e23
-1.984498942439402e23
-2.1024516732264983e23
-2.2209404644847906e23
-2.3399091282105817e23
-2.4593006813865448e23
-2.5790573738809508e23
-2.6991207170726258e23
-2.8194315131893427e23
-2.9399298853467728e23
-3.060555308274525e23
-3.181246639715238e23
-3.3019421524823806e23
-3.422579567161335e23
-3.543096085438337e23
-3.663428424041048e23
-3.783512849273995e23
-3.9032852121316956e23
-4.022680983971681e23
-4.141635292729091e23
-4.260082959654302e23
-4.377958536554012e23
-4.4951963435162565e23
-4.611730507099104e23
-4.727494998962284e23
-4.8424236749206884e23
-4.956450314398084e23
-5.069508660259113e23
-5.181532458997e23
-5.292455501254347e23
-5.402211662653472e23
-5.5107349449128915e23
-5.617959517225801e23
-5.723819757876236e23
-5.8282502960681426e23
-5.93118605394235e23
-6.0325622887559626e23
-6.132314635198652e23
-6.230379147819637e23
-6.326692343539277e23
-6.421191244218644e23
-6.513813419260339e23
-6.604497028213534e23
-6.693180863356019e23
-6.779804392225731e23
-6.864307800074429e23
-6.946632032215352e23
-7.026718836237246e23
-7.104510804056505e23
-7.179951413779383e23
-7.252985071345883e23
-7.323557151927049e23
-7.391614041047171e23
-7.45710317540248e23
-7.519973083347872e23
-7.580173425023056e23
-7.637655032089711e23
-7.692369947051199e23
-7.744271462126357e23
-7.793314157649076e23
-7.839453939965391e23
-7.882648078799891e23
-7.922855244063481e23
-7.960035542074546e23
-7.9941505511658e23
-8.025163356649338e23
-8.053038585112433e23
-8.077742438017067e23
-8.099242724576243e23
-8.117508893880477e23
-8.132512066248148e23
-8.144225063773582e23
-8.152622440047256e23
-8.157680509022624e23
-8.159377373004591e23
-8.157692949734893e23
-8.152608998550286e23
-8.144109145589412e23
-8.132178908025227e23
-8.116805717299708e23
-8.097978941338591e23
-8.075689905723934e23
-8.049931913803077e23
-8.020700265712902e23
-7.987992276299122e23
-7.95180729191043e23
-7.912146706048418e23
-7.869013973854314e23
-7.822414625414645e23
-7.77235627786803e23
-7.718848646296462e23
-7.661903553384698e23
-7.601534937832395e23
-7.537758861503865e23
-7.470593515301558e23
-7.400059223749572e23
-7.326178448274727e23
-7.248975789172975e23
-7.168477986250084e23
-7.084713918126047e23
-6.997714600193643e23
-6.907513181222142e23
-6.814144938598145e23
-6.717647272196269e23
-6.618059696873269e23
-6.515423833579955e23
-6.40978339908617e23
-6.301184194314829e23
-6.189674091282247e23
-6.075303018642211e23
-5.958122945832816e23
-5.838187865825488e23
-5.7155537764768085e23
-5.590278660484411e23
-5.462422463949289e23
-5.332047073547867e23
-5.199216292317684e23
-5.063995814061966e23
-4.9264531963788824e23
-4.7866578323226464e23
-4.644680920703837e23
-4.500595435038153e23
-4.354476091152917e23
-4.206399313462247e23
-4.0564431999221264e23
-3.904687485678093e23
-3.7512135054187324e23
-3.596104154449556e23
-3.439443848502285e23
-3.281318482295735e23
-3.1218153868654814e23
-2.9610232856803544e23
-2.7990322495644177e23
-2.6359336504445083e23
-2.4718201139438037e23
-2.3067854708433016e23
-2.1409247074333744e23
-1.974333914778869e23
-1.8071102369219993e23
-1.6393518180481204e23
-1.4711577486401023e23
-1.3026280106482616e23
-1.1338634217031967e23
-9.64965578400178e22
-7.960367986839785e22
-6.271800633642117e22
-4.5849895679190345e22
-2.900976067288877e22
-1.2208062344198212e22
4.5446961944867446e21
2.1237975980698895e22
3.786120850493673e22
5.4403802077627775e22
7.0855148256416955e22
8.72046283301847e22
1.0344161985605445e23
1.195555032456763e23
1.3553566839695834e23
1.5137152136736234e23
1.6705249108487064e23
1.8256803609262497e23
1.9790765132322466e23
2.1306087489860936e23
2.2801729495140907e23
2.4276655646360307e23
2.5729836811829007e23
2.7160250916031923e23
2.8566883626152872e23
2.9948729038626763e23
3.130479036528679e23
3.26340806186713e23
3.393562329604922e23
3.5208453061724606e23
3.645161642717568e23
3.766417242858411e23
3.884519330130767e23
3.999376515084892e23
4.110898861987025e23
4.2189979550807836e23
4.323586964363328e23
4.424580710831482e23
4.521895731152687e23
4.615450341716132e23
4.705164702019081e23
4.790960877343816e23
4.8727629006805465e23
4.950496833852024e23
5.024090827795601e23
5.093475181958838e23
5.158582402764888e23
5.2193472611043835e23
5.275706848810633e23
5.3276006340754726e23
5.374970515763358e23
5.4177608765818074e23
5.455918635066656e23
5.489393296341111e23
5.518137001608016e23
5.5421045763353706e23
5.5612535770956054e23
5.575544337019771e23
5.584940009828315e23
5.5894066124009336e23
5.5889130658484444e23
5.583431235050495e23
5.572935966623571e23
5.557405125284543e23
5.536819628575725e23
5.5111634799183336e23
5.480423799961967e23
5.444590856198629e23
5.4036580908107076e23
5.3576221467232536e23
5.3064828918317706e23
5.250243441377848e23
5.18891017844564e23
5.1224927725536964e23
5.0510041963171765e23
4.974460740156866e23
4.892882025032361e23
4.806291013177956e23
4.7147140168207825e23
4.61818070486211e23
4.516724107503452e23
4.410380618800968e23
4.2991899971321574e23
4.183195363560526e23
4.062443198084936e23
3.936983333761739e23
3.8068689486888496e23
3.672156555842463e23
3.532905990758244e23
3.3891803970500945e23
3.2410462097611796e23
3.088573136542925e23
2.9318341366592116e23
2.770905397814439e23
2.6058663108052224e23
2.4367994419971558e23
2.2637905036293717e23
2.0869283219508205e23
1.906304803193997e23
1.7220148973929084e23
1.5341565600535335e23
1.342830711686751e23
1.148141195214637e23
9.501947312628099e22
7.491008713530772e22
5.44971949011266e22
3.379230288077166e22
1.2807185334826135e22
-8.446121176428817e21
-2.9955323497727476e22
-5.1707877782125875e22
-7.369099559051353e22
-9.58916501847888e22
-1.1829658301202347e23
-1.4089231037682687e23
-1.6366513029892235e23
-1.8660112955286426e23
-2.0968619088668238e23
-2.3290600041607652e23
-2.562460551906874e23
-2.796916709287957e23
-3.032279899167122e23
-3.268399890689825e23
-3.5051248814537295e23
-3.7423015812050074e23
-3.979775297018729e23
-4.217390019919208e23
-4.454988512895512e23
-4.692412400265594e23
-4.9295022583420044e23
-5.166097707350543e23
-5.402037504552171e23
-5.6371596385174086e23
-5.871301424501652e23
-6.104299600868404e23
-6.335990426506734e23
-6.566209779187886e23
-6.794793254805663e23
-7.021576267443487e23
-7.246394150210975e23
-7.469082256791051e23
-7.689476063638815e23
-7.907411272771711e23
-8.122723915090445e23
-8.335250454168662e23
-8.544827890449507e23
-8.751293865785844e23
-8.95448676826061e23
-9.154245837223155e23
-9.350411268476744e23
-9.542824319552139e23
-9.7313274150012e23
-9.915764251644656e23
-1.0095979903707302e24
-1.0271820927773616e24
-1.0443135467496632e24
-1.0609773357992426e24
-1.0771586229852435e24
-1.0928427612705696e24
-1.1080153038262583e24
-1.1226620142772083e24
-1.1367688768824003e24
-1.1503221066427914e24
-1.1633081593300174e24
-1.1757137414291071e24
-1.1875258199883544e24
-1.1987316323695588e24
-1.2093186958918305e24
-1.219274817362206e24
-1.228588102486325e24
-1.237246965152468e24
-1.2452401365822745e24
-1.2525566743415126e24
-1.2591859712043306e24
-1.265117763864429e24
-1.2703421414866826e24
-1.2748495540928e24
-1.2786308207746382e24
-1.2816771377289028e24
-1.2839800861069881e24
-1.285531639673831e24
-1.2863241722697074e24
-1.2863504650689898e24
-1.2856037136299762e24
-1.2840775347299948e24
-1.281765972980084e24
-1.27866350721365e24
-1.274765056643614e24
-1.2700659867826625e24
-1.264562115121333e24
-1.2582497165587976e24
-1.2511255285813078e24
-1.2431867561834067e24
-1.2344310765271338e24
-1.2248566433345962e24
-1.214462091009394e24
-1.2032465384825745e24
-1.1912095927788534e24
-1.1783513522990959e24
-1.1646724098151172e24
-1.1501738551730506e24
-1.1348572777017017e24
-1.1187247683224375e24
-1.1017789213573618e24
-1.0840228360326773e24
-1.0654601176742742e24
-1.04609487859285e24
-1.0259317386559386e24
-1.0049758255444786e24
-9.832327746916933e23
-9.607087289022735e23
-9.374103376500004e23
-9.133447560522033e23
-8.88519643519517e23
-8.629431620797723e23
-8.366239743748828e23
-8.095712413298953e23
-7.817946194935193e23
-7.533042580496813e23
-7.241107954998405e23
-6.942253560159962e23
-6.636595454645713e23
-6.324254471014586e23
-6.005356169388814e23
-5.6800307878478036e23
-5.348413189557282e23
-5.010642806645782e23
-4.6668635808423634e23
-4.3172239008917886e23
-3.961876536765786e23
-3.60097857069e23
-3.234691325010241e23
-2.863180286921913e23
-2.4866150300897953e23
-2.1051691331869166e23
-1.7190200953836928e23
-1.3283492488202222e23
-9.333416680975682e22
-5.341860768241726e22
-1.310747512582454e22
2.7579657891352037e22
6.862288326168199e22
1.1000196822048656e23
1.51696366100011e23
1.9368522735130227e23
2.3594741082863036e23
2.7846149533107536e23
3.2120579139581675e23
3.64158353337262e23
4.072969915261693e23
4.5059928490262106e23
4.9404259371653975e23
5.3760407248926956e23
5.812606831895529e23
6.249892086170376e23
6.687662659863906e23
7.125683207047058e23
7.563717003349535e23
8.00152608737927e23
8.43887140385017e23
8.875512948339946e23
9.311209913598229e23
9.74572083732349e23
1.0178803751326986e24
1.0610216331998439e24
1.1039716051988968e24
1.1467060333024308e24
1.189200669976038e24
1.23143129345921e24
1.27337372333251e24
1.3150038361619125e24
1.356297581211017e24
1.3972309962118956e24
1.4377802231849946e24
1.4779215242986688e24
1.5176312977586894e24
1.5568860937180307e24
1.5956626301971844e24
1.633937809005155e24
1.671688731651217e24
1.7088927152375625e24
1.7455273083227127e24
1.7815703067457458e24
1.8169997694012047e24
1.851794033954578e24
1.8859317324882083e24
1.9193918070674622e24
1.9521535252169518e24
1.9841964952966964e24
2.015500681767937e24
2.0460464203384786e24
2.075814432977376e24
2.1047858427887954e24
2.1329421887349247e24
2.1602654401978334e24
2.1867380113702084e24
2.212342775464931e24
2.2370630787335828e24
2.2608827542838677e24
2.283786135686167e24
2.3057580703594343e24
2.3267839327266902e24
2.3468496371305158e24
2.365941650499004e24
2.3840470047527083e24
2.4011533089432837e24
2.4172487611145374e24
2.4323221598768033e24
2.4463629156856394e24
2.459361061815967e24
2.4713072650229076e24
2.482192835880733e24
2.4920097387914636e24
2.500750601654834e24
2.50840872519144e24
2.514978091911117e24
2.5204533747187536e24
2.524829945149855e24
2.528103881228441e24
2.5302719749400136e24
2.531331739312486e24
2.531281415098226e24
2.530119977050523e24
2.527847139788038e24
2.5244633632409495e24
2.5199698576727935e24
2.5143685882721685e24
2.5076622793087594e24
2.4998544178483006e24
2.490949257021387e24
2.4809518188412654e24
2.4698678965660274e24
2.4577040566007685e24
2.4444676399356784e24
2.430166763116161e24
2.4148103187414653e24
2.398407975488418e24
2.3809701776573256e24
2.3625081442371843e24
2.3430338674877572e24
2.3225601110363018e24
2.301100407487013e24
2.2786690555415565e24
2.2552811166293425e24
2.230952411046458e24
2.2056995136025795e24
2.179539748775294e24
2.1524911853717415e24
2.1245726306976912e24
2.0958036242344974e24
2.066204430824679e24
2.0357960333671701e24
2.0046001250235675e24
1.9726391009371443e24
1.939936049466464e24
1.9065147429359558e24
1.8723996279060452e24
1.8376158149657064e24
1.8021890680506777e24
1.7661457932908045e24
1.729513027390456e24
1.6923184255459958e24
1.6545902489048717e24
1.616357351571019e24
1.5776491671616558e24
1.538495694920828e24
1.4989274853953613e24
1.45897562567916e24
1.418671724232223e24
1.378047895280778e24
1.3371367428055132e24
1.2959713441250169e24
1.2545852330818352e24
1.2130123828389265e24
1.1712871882944772e24
1.129444448123347e24
1.0875193464538284e24
1.0455474341883785e24
1.0035646099775732e24
9.61607100856602e23
9.19711442553921e23
8.779144594820003e23
8.362532444202747e23
7.947651379006538e23
7.534877073063562e23
7.124587256947532e23
6.717161503554574e23
6.312981011149377e23
5.912428383992e23
5.5158874106632224e23
5.123742840208039e23
4.736380156218561e23
4.354185348981528e23
3.9775446858140064e23
3.606844479716302e23
3.2424708564706404e23
2.8848095203167777e23
2.5342455183367743e23
2.191163003683578e23
1.8559449977881624e23
1.5289731516836157e23
1.2106275065828398e23
9.012862538507014e22
6.013254945109272e22
3.1111899842967882e22
3.103796331883694e21
-2.3854922629770335e22
-4.972772400088028e22
-7.4478404218802005e22
-9.80711132265442e22
-1.204703784452991e23
-1.4164112867760486e23
-1.6154871792634867e23
-1.8015894911480535e23
-1.9743809769293168e23
-2.133529351149504e23
-2.2787075217351646e23
-2.4095938217550622e23
-2.525872239446249e23
-2.6272326463600728e23
-2.7133710234800326e23
-2.7839896851641375e23
-2.838797500764539e23
-2.877510113777519e23
-2.8998501583788084e23
-2.905547473198253e23
-2.894339312189934e23
-2.865970552454285e23
-2.820193898869774e23
-2.7567700853931274e23
-2.6754680728877478e23
-2.5760652433417188e23
-2.4583475903382724e23
-2.3221099056425105e23
-2.1671559617702873e23
-1.9932986904065476e23
-1.8003603565421892e23
-1.588172728200749e23
-1.3565772416270706e23
-1.1054251618136347e23
-8.345777382411613e22
-5.439063557126608e22
-2.332926801625753e22
9.737120067537429e21
4.48182641855186e22
8.192283111717625e22
1.210584064588618e23
1.622314827246777e23
2.054474480156915e23
2.507105752675955e23
2.9802401208651552e23
3.473897711824132e23
3.988087214092201e23
4.522805794205391e23
5.0780390194934044e23
5.6537607871998056e23
6.24993326000197e23
6.866506808007033e23
7.503419957294944e23
8.160599345076525e23
8.837959681531112e23
9.535403718384498e23
1.0252822224283456e24
1.0990093967021901e24
1.1747085702666006e24
1.2523652171625227e24
1.3319636101710464e24
1.4134868218217182e24
1.4969167261066952e24
1.5822340009037634e24
1.6694181311107023e24
1.758447412493165e24
1.8492989562479168e24
1.94194869428254e24
2.0363713852126596e24
2.1325406210770763e24
2.230428834770886e24
2.3300073081961874e24
2.431246181129505e24
2.534114460804716e24
2.638580032209877e24
2.7446096690956277e24
2.852169045692772e24
2.961222749135978e24
3.0717342925901633e24
3.183666129075715e24
3.296979665988149e24
3.411635280307543e24
3.5275923344925866e24
3.6448091930534626e24
3.7632432397976554e24
3.8828508957421027e24
4.0035876376848467e24
4.125408017428684e24
4.2482656816492024e24
4.372113392398876e24
4.496903048238567e24
4.622585705987558e24
4.74911160308238e24
4.876430180534746e24
5.004490106478278e24
5.133239300293188e24
5.262624957298019e24
5.392593573996808e24
5.523090973869761e24
5.654062333695391e24
5.785452210391143e24
5.91720456835972e24
6.049262807327656e24
6.181569790662278e24
6.314067874153085e24
6.446698935243017e24
6.579404402694695e24
6.712125286676774e24
6.844802209254586e24
6.977375435269512e24
7.109784903590977e24
7.241970258724446e24
7.373870882759019e24
7.505425927637369e24
7.636574347730914e24
7.767254932702544e24
7.897406340639307e24
8.026967131436718e24
8.155875800416665e24
8.284070812160145e24
8.411490634536285e24
8.538073772908576e24
8.663758804499113e24
8.788484412891594e24
8.912189422653508e24
9.034812834057776e24
9.156293857883921e24
9.276571950278932e24
9.395586847657524e24
9.513278601621567e24
9.629587613878314e24
9.74445467113688e24
9.857820979962527e24
9.969628201567965e24
1.0079818486520953e25
1.0188334509347567e25
1.0295119503010167e25
1.040011729323928e25
1.050327233269858e25
1.060452973496196e25
1.0703835308282066e25
1.080113558912925e25
1.089637787548018e25
1.0989510259835463e25
1.1080481661945475e25
1.1169241861223801e25
1.1255741528827743e25
1.133993225938546e25
1.142176660234938e25
1.150119809295574e25
1.1578181282770064e25
1.1652671769798702e25
1.1724626228146759e25
1.179400243720262e25
1.1860759310329827e25
1.1924856923046999e25
1.1986256540676853e25
1.2044920645445538e25
1.2100812963013663e25
1.2153898488420834e25
1.2204143511425595e25
1.2251515641223037e25
1.229598383052258e25
1.2337518398968721e25
1.2376091055887991e25
1.2411674922345338e25
1.2444244552493968e25
1.247377595420256e25
1.2500246608944414e25
1.2523635490933397e25
1.2543923085491748e25
1.2561091406635502e25
1.257512401386346e25
1.2586006028136026e25
1.2593724147030822e25
1.2598266659062306e25
1.2599623457152963e25
1.2597786051244373e25
1.2592747580036505e25
1.258450282184446e25
1.257304820456208e25
1.2558381814722448e25
1.254050340564568e25
1.251941440466512e25
1.2495117919423288e25
1.2467618743229652e25
1.2436923359472699e25
1.2403039945079376e25
1.2365978373015382e25
1.2325750213820634e25
1.2282368736174233e25
1.2235848906484461e25
1.2186207387499383e25
1.2133462535934445e25
1.2077634399113912e25
1.2018744710623717e25
1.1956816884973554e25
1.1891876011267174e25
1.1823948845879584e25
1.175306380414155e25
1.1679250951031121e25
1.160254199087379e25
1.1522970256052307e25
1.1440570694728513e25
1.1355379857580188e25
1.1267435883555703e25
1.1176778484651082e25
1.108344892971333e25
1.0987490027275868e25
1.0888946107431135e25
1.0787863002747375e25
1.0684288028235918e25
1.057826996037685e25
1.0469859015211317e25
1.0359106825508576e25
1.0246066417018018e25
1.0130792183814966e25
1.001333986275187e25
9.893766507024849e24
9.772130458868155e24
9.648491321388133e24
9.522909929549523e24
9.395448320327963e24
9.266169702041605e24
9.135138422877418e24
9.002419938625963e24
8.868080779641356e24
8.732188517041367e24
8.594811728164862e24
8.456019961303772e24
8.315883699726379e24
8.17447432501115e24
8.031864079708484e24
7.888126029350622e24
7.743334023828057e24
7.59756265815357e24
7.450887232633542e24
7.303383712467517e24
7.155128686798049e24
7.006199327231343e24
6.856673345852258e24
6.70662895275478e24
6.556144813112348e24
6.405300003809846e24
6.254173969662486e24
6.102846479244298e24
5.951397580351149e24
5.799907555123383e24
5.648456874852e24
5.497126154494998e24
5.345996106928113e24
5.195147496957007e24
5.044661095116196e24
4.894617631281174e24
4.7450977481209607e24
4.5961819544166684e24
4.447950578274443e24
4.3004837202585456e24
4.1538612064731974e24
4.008162541619479e24
3.863466862055969e24
3.7198528888899363e24
3.5773988811272933e24
3.4361825889096246e24
3.296281206865225e24
3.157771327603479e24
3.0207288953792644e24
2.8852291599569157e24
2.751346630700335e24
2.619155030918736e24
2.48872725249496e24
2.360135310824819e24
2.2334503000957358e24
2.108742348931572e24
1.9860805764325606e24
1.865533048636826e24
1.747166735432035e24
1.6310474679436824e24
1.517239896427519e24
1.4058074486934982e24
1.296812289087094e24
1.1903152780557143e24
1.0863759323253593e24
9.85052385714795e23
8.86401350611891e23
7.904780801387278e23
6.973363310298731e23
6.070283272490638e23
5.196047243691621e23
4.35114574738864e23
3.536052934609168e23
2.7512262520441702e23
1.9971061187513993e23
1.2741156116568739e23
5.826601600853983e22
-7.6872750469121e21
-7.041138651171555e22
-1.2987124366800975e23
-1.8603364929325984e23
-2.3886730937742153e23
-2.883428578144796e23
-3.344328800488299e23
-3.7711193565880935e23
-4.163565798594266e23
-4.5214538390697564e23
-4.844589543894481e23
-5.1327995138626396e23
-5.385931054824631e23
-5.603852336221423e23
-5.786452537875591e23
-5.93364198489933e23
-6.045352270595715e23
-6.12153636722995e23
-6.162168724554509e23
-6.167245355984765e23
-6.136783912318844e23
-6.070823742912747e23
-5.9694259442201995e23
-5.83267339562049e23
-5.660670782460824e23
-5.453544606247701e23
-5.2114431819311444e23
-4.93453662223103e23
-4.6230168089633705e23
-4.277097351330618e23
-3.8970135311506976e23
-3.483022235003159e23
-3.0354018732823235e23
-2.5544522861525146e23
-2.0404946364086192e23
-1.4938712892560782e23
-9.149456790265835e22
-3.0410216285909725e22
3.3825413861899674e22
1.011697513567691e23
1.7157818441152626e23
2.4500408043864913e23
3.213988071308706e23
4.007117548123418e23
4.8289036005190545e23
5.678801305294099e23
6.556246711452606e23
7.460657113624866e23
8.391431337699127e23
9.347950038543786e23
1.0329576009685778e24
1.1335654504814004e24
1.2365513570956771e24
1.3418464393184486e24
1.4493801650674578e24
1.5590803883973176e24
1.6708733873275972e24
1.784683902754891e24
1.900435178429503e24
2.018049001977409e24
2.137445746946987e24
2.2585444158592766e24
2.3812626842402899e24
2.505516945612552e24
2.631222357423119e24
2.7582928878840544e24
2.886641363700884e24
3.0161795186643364e24
3.1468180430792195e24
3.2784666340045836e24
3.4110340462779256e24
3.54442814429634e24
3.678555954526196e24
3.813323718713278e24
3.9486369477636916e24
4.0844004762663836e24
4.22051851762701e24
4.3568947197823253e24
4.4934322214643473e24
4.6300337089824215e24
4.7666014734914266e24
4.903037468713647e24
5.039243369081299e24
5.175120628266943e24
5.310570538067731e24
5.445494287609954e24
5.57979302283937e24
5.713367906262969e24
5.846120176907209e24
5.977951210457542e24
6.108762579544028e24
6.238456114137356e24
6.36693396201944e24
6.494098649292553e24
6.619853140890977e24
6.744100901058617e24
6.866745953756518e24
6.987692942963106e24
7.106847192831261e24
7.224114767664986e24
7.339402531679106e24
7.452618208505354e24
7.563670440407849e24
7.672468847171494e24
7.778924084626494e24
7.882947902772278e24
7.98445320346456e24
8.083354097628952e24
8.179565961964942e24
8.273005495104082e24
8.363590773186517e24
8.451241304820115e24
8.535878085386794e24
8.617423650660527e24
8.695802129702449e24
8.770939296998137e24
8.842762623802722e24
8.911201328659865e24
8.976186427060982e24
9.037650780211228e24
9.095529142869748e24
9.14975821023114e24
9.20027666381682e24
9.247025216344202e24
9.289946655542837e24
9.328985886887073e24
9.364089975214893e24
9.395208185203965e24
9.422292020675282e24
9.445295262696914e24
9.464174006459383e24
9.47888669689621e24
9.489394163022746e24
9.495659650967663e24
9.497648855672271e24
9.49532995123273e24
9.488673619862066e24
9.477653079448519e24
9.462244109688622e24
9.442425076772871e24
9.418176956604171e24
9.389483356528501e24
9.356330535559083e24
9.3187074230762e24
9.276605635984428e24
9.230019494311952e24
9.178946035235155e24
9.123385025514856e24
9.063338972329501e24
8.998813132492691e24
8.929815520043433e24
8.856356912197135e24
8.778450853648286e24
8.696113659214528e24
8.609364414815055e24
8.518224976774853e24
8.42271996944973e24
8.322876781165871e24
8.218725558469942e24
8.110299198686988e24
7.997633340782614e24
7.880766354529665e24
7.759739327977598e24
7.634596053226816e24
7.505383010508195e24
7.372149350572174e24
7.234946875389908e24
7.093830017171902e24
6.948855815710562e24
6.800083894052188e24
6.647576432508123e24
6.491398141012233e24
6.331616229836502e24
6.16830037867437e24
6.001522704104423e24
5.831357725448205e24
5.657882329034705e24
5.481175730888568e24
5.301319437856201e24
5.118397207188923e24
4.93249500459927e24
4.743700960811591e24
4.552105326625427e24
4.357800426513477e24
4.160880610776772e24
3.961442206278525e24
3.75958346578264e24
3.555404515919659e24
3.349007303808138e24
3.1404955423560306e24
2.929974654271804e24
2.7175517148122207e24
2.503335393296746e24
2.2874358934196336e24
2.069964892389066e24
1.8510354789274384e24
1.6307620901633175e24
1.4092604474508413e24
1.1866474911490704e24
9.630413143972487e23
7.385610959223583e23
5.133270319139169e23
2.8746026700543565e23
6.108282439828055e22
-1.656824648311586e23
-3.927120332039611e23
-6.198816490487508e23
-8.470664894104727e23
-1.0741412136162128e24
-1.30098003745558e24
-1.527456807935216e24
-1.7534450785625395e24
-1.978818185117736e24
-2.2034493218681375e24
-2.427211618182907e24
-2.6499782155015963e24
-2.871622344613127e24
-3.092017403199331e24
-3.3110370335966675e24
-3.5285552007318547e24
-3.744446270183061e24
-3.958585086322324e24
-4.1708470504902743e24
-4.3811081991579735e24
-4.5892452820279906e24
-4.795135840026758e24
-4.998658283142438e24
-5.199691968058771e24
-5.398117275539296e24
-5.593815687512387e24
-5.786669863811331e24
-5.976563718520016e24
-6.163382495878065e24
-6.34701284569736e24
-6.527342898241902e24
-6.704262338525209e24
-6.877662479976321e24
-7.047436337429296e24
-7.213478699387685e24
-7.375686199519254e24
-7.533957387333105e24
-7.688192797994621e24
-7.838295021232083e24
-7.984168769289344e24
-8.125720943880956e24
-8.262860702103779e24
-8.395499521262749e24
-8.523551262565844e24
-8.64693223364636e24
-8.765561249869725e24
-8.879359694382416e24
-8.988251576862835e24
-9.092163590932138e24
-9.191025170186199e24
-9.284768542808266e24
-9.373328784724575e24
-9.456643871264058e24
-9.534654727285641e24
-9.607305275736441e24
-9.674542484604803e24
-9.736316412234125e24
-9.792580250962663e24
-9.843290369056883e24
-9.888406350905475e24
-9.927891035443331e24
-9.961710552774497e24
-9.989834358965122e24
-1.001223526897783e25
-1.0028889487719693e25
-1.0039776639178108e25
-1.0044879793618356e25
-1.0044185492819172e25
-1.0037683773322627e25
-1.0025368187676401e25
-1.0007235823647336e25
-9.983287321386269e24
-9.95352688852548e24
-9.917962313191158e24
-9.876604974914335e24
-9.829469853425162e24
-9.77657553531646e24
-9.717944218563752e24
-9.653601714890194e24
-9.583577449966044e24
-9.507904461433588e24
-9.426619394749882e24
-9.339762496840526e24
-9.247377607559277e24
-9.14951214894978e24
-9.046217112306392e24
-8.937547043033093e24
-8.823560023300206e24
-8.704317652500167e24
-8.579885025505486e24
-8.450330708731882e24
-8.315726714012858e24
-8.176148470291444e24
-8.031674793137784e24
-7.88238785210123e24
-7.72837313590765e24
-7.569719415514503e24
-7.406518705035743e24
-7.238866220552376e24
-7.066860336823537e24
-6.890602541916187e24
-6.71019738977111e24
-6.525752450725958e24
-6.337378260015559e24
-6.145188264272668e24
-5.949298766052657e24
-5.749828866406707e24
-5.54690040553072e24
-5.340637901516265e24
-5.131168487233623e24
-4.918621845375662e24
-4.7031301416948065e24
-4.4848279564649957e24
-4.263852214202057e24
-4.040342111678073e24
-3.814439044264577e24
-3.5862865306429324e24
-3.3560301359187113e24
-3.1238173931808787e24
-2.889797723544789e24
-2.6541223547214037e24
-2.4169442381551505e24
-2.1784179647731708e24
-1.938699679391843e24
-1.6979469938245925e24
-1.4563188987389919e24
-1.2139756743090513e24
-9.710787997123826e23
-7.277908615206017e23
-4.842754610329679e23
-2.4069712060508864e23
2.7788109770691025e21
2.4598625402378145e23
4.8875849431721726e23
7.30928280280498e23
9.723279208874436e23
1.2127893842556088e24
1.4521443968686354e24
1.6902245433704317e24
1.926861366873815e24
2.161886469727216e24
2.3951316146797685e24
2.6264288263879884e24
2.8556104932030887e24
3.0825094691811976e24
3.3069591762562857e24
3.528793706514274e24
3.74784792451028e24
3.96395756956674e24
4.1769593579915016e24
4.386691085155898e24
4.592991727370065e24
4.795701543495735e24
4.994662176233284e24
5.18971675302337e24
5.380709986499952e24
5.567488274434387e24
5.749899799108774e24
5.927794626056708e24
6.101024802111295e24
6.269444452698232e24
6.432909878314142e24
6.591279650128703e24
6.744414704650972e24
6.892178437399668e24
7.034436795517381e24
7.171058369270399e24
7.301914482374227e24
7.426879281087658e24
7.545829822016316e24
7.658646158569622e24
7.765211426013382e24
7.865411925062668e24
7.959137203959248e24
8.046280138978547e24
8.126737013312727e24
8.200407594275791e24
8.267195208779011e24
8.327006817024255e24
8.379753084365007e24
8.425348451284646e24
8.46371120144331e24
8.494763527745185e24
8.518431596378939e24
8.534645608785703e24
8.543339861509083e24
8.544452803883706e24
8.537927093519216e24
8.523709649538226e24
8.501751703527681e24
8.472008848164272e24
8.434441083475931e24
8.389012860702639e24
8.335693123720841e24
8.274455347997445e24
8.205277577040373e24
8.128142456314278e24
8.043037264591162e24
7.949953942707186e24
7.8488891196984e24
7.73984413628955e24
7.622825065711494e24
7.49784273182427e24
7.364912724524732e24
7.22405541241838e24
7.075295952737669e24
6.918664298489518e24
6.754195202816934e24
6.581928220561782e24
6.401907707015571e24
6.214182813849116e24
6.018807482211296e24
5.815840432990759e24
5.605345154234404e24
5.387389885719212e24
5.162047600675393e24
4.929395984660291e24
4.6895174115844805e24
4.442498916892579e24
4.188432167904284e24
3.9274134313209377e24
3.6595435379068226e24
3.384927844353765e24
3.103676192341601e24
2.815902864807174e24
2.5217265394363645e24
2.2212702393968552e24
1.9146612813284746e24
1.6020312206125992e24
1.2835157939408206e24
9.592548592073515e23
6.293923327498503e23
2.9407612396465434e23
-4.654193267382558e22
-3.923061481612487e23
-7.430570520457113e23
-1.0986314680127972e24
-1.458862591936781e24
-1.8235800723632432e24
-2.1926100933836595e24
-2.56577545986302e24
-2.9428956849799535e24
-3.323787080035228e24
-3.708262846486342e24
-4.0961331701607284e24
-4.4872053176022946e24
-4.881283734501352e24
-5.278170146158549e24
-5.677663659932121e24
-6.07956086961434e24
-6.483655961684816e24
-6.889740823383687e24
-7.297605152549719e24
-7.707036569163637e24
-8.117820728539869e24
-8.529741436103531e24
-8.942580763694071e24
-9.356119167331361e24
-9.770135606380343e24
-1.0184407664051023e25
-1.0598711669165928e25
-1.1012822819130784e25
-1.142651530403764e25
-1.1839562431834785e25
-1.2251736754492165e25
-1.266281019509189e25
-1.3072554175773959e25
-1.3480739746463358e25
-1.3887137714307873e25
-1.429151877375149e25
-1.4693653637170521e25
-1.5093313165997059e25
-1.5490268502255336e25
-1.5884291200434731e25
-1.627515335962307e25
-1.6662627755824418e25
-1.7046487974383205e25
-1.7426508542438822e25
-1.7802465061330945e25
-1.817413433888004e25
-1.8541294521462953e25
-1.8903725225806378e25
-1.9261207670419638e25
-1.961352480658759e25
-1.996046144884623e25
-2.0301804404861673e25
-2.0637342604634255e25
-2.096686722894951e25
-2.1290171836998007e25
-2.1607052493085825e25
-2.191730789235788e25
-2.2220739485457077e25
-2.251715160204178e25
-2.280635157308549e25
-2.308814985188156e25
-2.336236013367833e25
-2.3628799473868646e25
-2.3887288404659517e25
-2.41376510501477e25
-2.4379715239727885e25
-2.46133126197614e25
-2.4838278763432337e25
-2.505445327872159e25
-2.5261679914427452e25
-2.5459806664164e25
-2.5648685868268874e25
-2.582817431355288e25
-2.599813333082533e25
-2.6158428890129947e25
-2.6308931693626447e25
-2.6449517266056075e25
-2.6580066042728087e25
-2.6700463454967437e25
-2.6810600012964036e25
-2.691037138596566e25
-2.699967847975816e25
-2.70784275113775e25
-2.714653008100001e25
-2.7203903240958433e25
-2.7250469561833567e25
-2.7286157195571115e25
-2.7310899935577573e25
-2.7324637273747775e25
-2.7327314454380444e25
-2.7318882524939256e25
-2.7299298383617245e25
-2.7268524823667054e25
-2.7226530574457584e25
-2.7173290339223234e25
-2.71087848294701e25
-2.703300079600872e25
-2.694593105658193e25
-2.684757452006017e25
-2.6737936207178355e25
-2.661702726778853e25
-2.6484864994608047e25
-2.634147283344026e25
-2.6186880389852015e25
-2.602112343228936e25
-2.584424389161806e25
-2.565628985707743e25
-2.5457315568635124e25
-2.5247381405737565e25
-2.5026553872446985e25
-2.479490557896425e25
-2.4552515219532577e25
-2.4299467546725446e25
-2.4035853342118853e25
-2.3761769383353293e25
-2.347731840759353e25
-2.3182609071392184e25
-2.287775590697169e25
-2.256287927493434e25
-2.223810531341911e25
-2.1903565883719586e25
-2.155939851238572e25
-2.1205746329828752e25
-2.0842758005454126e25
-2.0470587679349807e25
-2.0089394890555243e25
-1.96993445019448e25
-1.9300606621754592e25
-1.8893356521790596e25
-1.8477774552351953e25
-1.8054046053908916e25
-1.7622361265578035e25
-1.718291523043333e25
-1.6735907697703136e25
-1.6281543021894208e25
-1.5820030058897032e25
-1.5351582059117793e25
-1.4876416557694642e25
-1.4394755261848767e25
-1.3906823935428221e25
-1.3412852280704378e25
-1.2913073817477076e25
-1.2407725759555313e25
-1.1897048888671907e25
-1.1381287425902744e25
-1.086068890065231e25
-1.0335504017279636e25
-9.805986519430491e24
-9.272393052149706e24
-8.734983021848737e24
-8.194018454199321e24
-7.649763850034986e24
-7.102486039332776e24
-6.552454033360277e24
-5.999938875063869e24
-5.44521348778214e24
-4.888552522369805e24
-4.3302322028117533e24
-3.770530170418888e24
-3.2097253266866234e24
-2.648097674909706e24
-2.0859281606369688e24
-1.5234985110608984e24
-9.61091073428998e23
-3.9898865257031334e23
1.6252565236855217e23
7.231686118887716e23
1.282657030706487e24
1.8407079128326378e24
2.3970386270642496e24
2.951367072796896e24
3.5034118460563147e24
4.052892405656539e24
4.5995292393852976e24
5.143044030117352e24
5.683159821761861e24
6.219601184940367e24
6.75209438230201e24
7.280367533372589e24
7.804150778842697e24
8.323176444194653e24
8.837179202568033e24
9.34589623676934e24
9.849067400322435e24
1.034643537746687e25
1.0837745842001006e25
1.1322747614877696e25
1.1801192820450558e25
1.2272837041278019e25
1.273743947138762e25
1.3194763067903511e25
1.3644574700946067e25
1.4086645301704782e25
1.452075000859581e25
1.4946668311406875e25
1.5364184193342425e25
1.5773086270873823e25
1.6173167931308304e25
1.6564227467986466e25
1.694606821301934e25
1.7318498667481869e25
1.7681332628973316e25
1.8034389316464764e25
1.8377493492347054e25
1.8710475581600824e25
1.9033171788007584e25
1.934542420732209e25
1.9647080937332005e25
1.9937996184726092e25
2.0218030368700506e25
2.0487050221227826e25
2.0744928883921925e25
2.0991546001426658e25
2.12267878112645e25
2.1450547230078966e25
2.166272393620689e25
2.1863224448522266e25
2.2051962201489177e25
2.222885761637022e25
2.239383816853241e25
2.254683845080052e25
2.2687800232804835e25
2.281667251627673e25
2.2933411586244774e25
2.303798105808751e25
2.3130351920401995e25
2.321050257364734e25
2.327841886452814e25
2.333409411608128e25
2.33775291534354e25
2.3408732325212867e25
2.342771952054613e25
2.343451418168562e25
2.3429147312174696e25
2.3411657480573853e25
2.3382090819715693e25
2.3340501021477127e25
2.3286949327055984e25
2.322150451274316e25
2.314424287118392e25
2.305524818812318e25
2.2954611714634515e25
2.284243213483327e25
2.2718815529078385e25
2.2583875332668706e25
2.2437732290043963e25
2.2280514404501148e25
2.211235688344262e25
2.1933402079171316e25
2.174379942525456e25
2.1543705368478377e25
2.1333283296417933e25
2.111270346065217e25
2.0882142895653168e25
2.0641785333383388e25
2.039182111363782e25
2.0132447090168124e25
1.986386653263114e25
1.958628902440529e25
1.929993035632115e25
1.9005012416355465e25
1.8701763075340017e25
1.8390416068738972e25
1.8071210874552705e25
1.7744392587405072e25
1.7410211788877516e25
1.706892441415261e25
1.6720791615034344e25
1.6366079619412918e25
1.6005059587245941e25
1.563800746312821e25
1.5265203825527155e25
1.4886933732760248e25
1.4503486565794948e25
1.4115155867953669e25
1.3722239181607094e25
1.3325037881943063e25
1.292385700789842e25
1.2519005090344531e25
1.2110793977619126e25
1.169953865849705e25
1.1285557082697545e25
1.0869169979024217e25
1.045070067123832e25
1.0030474891765233e25
9.608820593337489e24
9.1860677586788e24
8.762548208334009e24
8.338595406752546e24
7.914544266734069e24
7.490730952346206e24
7.06749268042501e24
6.645167520771485e24
6.224094195156064e24
5.80461187524824e24
5.387059979583938e24
4.971777969689275e24
4.559105145477735e24
4.149380440038299e24
3.7429422139347623e24
3.3401280491347555e24
2.941274542689518e24
2.5467171002855433e24
2.1567897297885944e24
1.7718248349026702e24
1.392153009065458e24
1.0181028297034273e24
6.500006529681246e23
2.881704090775913e23
-6.706660161591224e22
-4.153919117068145e23
-7.564900888458102e23
-1.0900489367533577e24
-1.415759695016155e24
-1.7333172375440418e24
-2.0424202695658574e24
-2.342771523043257e24
-2.6340779503820377e24
-2.916050916319981e24
-3.188406387873472e24
-3.450865122223049e24
-3.7031528524205416e24
-3.9450004708010664e24
-4.1761442099835335e24
-4.3963258213456275e24
-4.6052927508578926e24
-4.802798312166393e24
-4.988601856810762e24
-5.1624689414687e24
-5.324171492117764e24
-5.473487965007194e24
-5.610203504334502e24
-5.734110096522323e24
-5.845006720993021e24
-5.94269949734053e24
-6.02700182880069e24
-6.097734541922154e24
-6.154726022343707e24
-6.197812346583953e24
-6.226837409752305e24
-6.241653049093115e24
-6.242119163274043e24
-6.228103827336396e24
-6.199483403222608e24
-6.156142645802743e24
-6.097974804320742e24
-6.024881719185693e24
-5.936773914035928e24
-5.833570683004143e24
-5.715200173117519e24
-5.581599461766077e24
-5.432714629178876e24
-5.268500825845909e24
-5.088922334831503e24
-4.893952628922871e24
-4.683574422563442e24
-4.457779718523868e24
-4.216569849262322e24
-3.959955512935451e24
-3.687956804016669e24
-3.4006032384891873e24
-3.097933773576656e24
-2.7799968219849825e24
-2.4468502606250734e24
-2.0985614337938689e24
-1.7352071507940784e24
-1.3568736779718972e24
-9.636567251624237e23
-5.556614265272092e23
-1.3300231578055246e23
3.041967042037429e23
7.558023974049757e23
1.2216722362840697e24
1.7016544490264232e24
2.1955880723858962e24
2.7033030101228316e24
3.2246200970159557e24
3.75935116843464e24
4.3072991354446896e24
4.868258065426547e24
5.442013268175642e24
6.028341387451543e24
6.627010497944946e24
7.237780207618715e24
7.860401765386958e24
8.494618174081362e24
9.140164308662483e24
9.796767039618877e24
1.0464145361503714e25
1.1142010526549691e25
1.1830066183298905e25
1.252800852018844e25
1.3235526414018447e25
1.3952301583238566e25
1.4678008745973037e25
1.5412315782713437e25
1.6154883903596916e25
1.6905367820186344e25
1.7663415921671602e25
1.8428670455397766e25
1.9200767711635743e25
1.9979338212494983e25
2.076400690488843e25
2.155439335744419e25
2.2350111961266965e25
2.3150772134443185e25
2.3955978530180674e25
2.4765331248478453e25
2.557842605120866e25
2.6394854580502783e25
2.7214204580319555e25
2.8036060121081415e25
2.8860001827253337e25
2.9685607107745346e25
3.051245038901188e25
3.1340103350718725e25
3.2168135163853743e25
3.2996112731143963e25
3.382360092965362e25
3.465016285542112e25
3.5475360070005684e25
3.629875284880293e25
3.7119900430988856e25
3.793836127095671e25
3.875369329109879e25
3.95654541357966e25
4.037320142646913e25
4.117649301753936e25
4.197488725316805e25
4.27679432246114e25
4.355522102805313e25
4.433628202276016e25
4.511068908941723e25
4.587800688848459e25
4.663780211843425e25
4.738964377370761e25
4.813310340224963e25
4.886775536246206e25
4.9593177079428345e25
5.030894930025735e25
5.101465634839164e25
5.170988637673389e25
5.239423161943427e25
5.306728864219293e25
5.372865859092232e25
5.43779474386229e25
5.501476623032075e25
5.563873132591705e25
5.62494646408043e25
5.684659388409796e25
5.7429752794341e25
5.799858137253163e25
5.855272611233424e25
5.909184022732592e25
5.961558387514031e25
6.012362437836609e25
6.061563644206078e25
6.109130236774427e25
6.1550312263733155e25
6.199236425168442e25
6.24171646692135e25
6.282442826845841e25
6.321387841045859e25
6.358524725522431e25
6.393827594737054e25
6.4272714797193185e25
6.458832345706794e25
6.488487109305358e25
6.516213655158473e25
6.541990852114095e25
6.5657985688781855e25
6.587617689144132e25
6.607430126187455e25
6.625218836915733e25
6.6409678353637095e25
6.6546622056240075e25
6.6662881142040855e25
6.6758328218004246e25
6.683284694481202e25
6.688633214269062e25
6.6918689891159005e25
6.6929837622619235e25
6.691970420971522e25
6.688823004638954e25
6.683536712257005e25
6.6761079092423715e25
6.666534133611576e25
6.654814101501926e25
6.640947712032059e25
6.62493605149719e25
6.60678139689458e25
6.586487218774831e25
6.564058183415466e25
6.539500154313076e25
6.512820192991277e25
6.48402655912159e25
6.453128709955063e25
6.420137299062911e25
6.38506417438437e25
6.3479223755811195e25
6.308726130697136e25
6.26749085212418e25
6.224233131872576e25
6.178970736148294e25
6.131722599236839e25
6.082508816695573e25
6.031350637856223e25
5.9782704576394685e25
5.923291807684594e25
5.866439346796704e25
5.807738850715381e25
5.747217201208056e25
5.684902374492762e25
5.620823428994531e25
5.555010492440441e25
5.487494748299061e25
5.418308421569478e25
5.347484763926789e25
5.275058038229916e25
5.201063502399413e25
5.125537392672063e25
5.04851690624022e25
4.97004018328426e25
4.890146288406035e25
4.808875191472973e25
4.726267747881254e25
4.642365678248487e25
4.557211547545046e25
4.470848743675139e25
4.383321455517742e25
4.2946746504385425e25
4.20495405128463e25
4.114206112872901e25
4.022477997985073e25
3.92981755288075e25
3.836273282342116e25
3.7418943242623332e25
3.646730423791771e25
3.5508319070549784e25
3.4542496544524617e25
3.3570350735618736e25
3.2592400716520866e25
3.1609170278259295e25
3.0621187648054957e25
2.9628985203761935e25
2.863309918504203e25
2.7634069401433407e25
2.6632438937475326e25
2.56287538550427e25
2.4623562893063187e25
2.3617417164772363e25
2.2610869852684275e25
2.1604475901436287e25
2.059879170868897e25
1.9594374814245518e25
1.8591783587567537e25
1.7591576913866884e25
1.65943138789409e25
1.5600553452940036e25
1.461085417323655e25
1.3625773826584537e25
1.2645869130742512e25
1.167169541575021e25
1.0703806305034557e25
9.74275339653128e24
8.789085944009252e24
7.843350538773954e24
6.906090791944575e24
5.977847017479361e24
5.059155916144101e24
4.1505502606006375e24
3.2525585818034773e24
2.3657048568923924e24
1.4905081987571067e24
6.274825474678078e23
-2.2286363625503533e23
-1.060027675339466e24
-1.883512978256797e24
-2.6928293383225106e24
-3.4874932302303486e24
-4.2670281036378936e24
-5.030964673622988e24
-5.77884120784164e24
-6.510203810203722e24
-7.224606700901808e24
-7.92161249261256e24
-8.600792462708785e24
-9.261726821306404e24
-9.904004974985363e24
-1.052722578601846e25
-1.1130997826942747e25
-1.171493963032013e25
-1.2278679933521448e25
-1.2821857918387167e25
-1.334412344560375e25
-1.3845137283652454e25
-1.4324571332180062e25
-1.4782108839645235e25
-1.5217444615104263e25
-1.5630285233990874e25
-1.6020349237761248e25
-1.6387367327265618e25
-1.673108254972274e25
-1.7051250479167483e25
-1.7347639390251478e25
-1.7620030425278005e25
-1.7868217754352974e25
-1.809200872854583e25
-1.8291224025946113e25
-1.8465697790518128e25
-1.861527776364735e25
-1.8739825408288446e25
-1.8839216025617061e25
-1.8913338864101905e25
-1.8962097220911079e25
-1.8985408535571982e25
-1.898320447581249e25
-1.8955431015508682e25
-1.8902048504674793e25
-1.8823031731433153e25
-1.8718369975903964e25
-1.8588067055964783e25
-1.843214136482762e25
-1.8250625900393154e25
-1.8043568286338696e25
-1.7811030784909072e25
-1.7553090301376286e25
-1.7269838380146612e25
-1.6961381192490891e25
-1.6627839515884963e25
-1.6269348704948227e25
-1.5886058653973488e25
-1.5478133751048905e25
-1.5045752823771668e25
-1.4589109076568906e25
-1.4108410019630544e25
-1.360387738947918e25
-1.3075747061196735e25
-1.2524268952337274e25
-1.1949706918558527e25
-1.1352338641009803e25
-1.0732455505519603e25
-1.0090362473629991e25
-9.426377945530463e24
-8.740833614948597e24
-8.034074316059509e24
-7.306457862481216e24
-6.558354878427334e24
-5.790148622094136e24
-5.002234801360561e24
-4.195021381893177e24
-3.368928387738379e24
-2.5243876945026843e24
-1.6618428152188175e24
-7.817486790016565e23
1.1542859739761465e23
1.0292119450251296e24
1.9591135850299272e24
2.9046352777186515e24
3.865268578234233e24
4.840495098728037e24
5.829786776892067e24
6.832606150711959e24
7.848406639299241e24
8.87663282965933e24
9.916720769237275e24
1.096809826409917e25
1.203018518258242e25
1.3102393764259177e25
1.4184128934045811e25
1.5274788621292583e25
1.6373764083681352e25
1.748044023575652e25
1.8594195981913463e25
1.9714404553661283e25
2.0840433850979363e25
2.197164678757824e25
2.3107401639878755e25
2.4247052399514736e25
2.5389949129166853e25
2.6535438321532827e25
2.7682863261226476e25
2.883156438941668e25
2.9980879670992672e25
3.113014496405564e25
3.2278694391526583e25
3.342586071466381e25
3.4570975708276715e25
3.571337053742603e25
3.6852376135395655e25
3.7987323582720604e25
3.9117544487056945e25
4.02423713636741e25
4.1361138016353835e25
4.247317991847501e25
4.357783459406563e25
4.467444199860471e25
4.576234489934465e25
4.684088925494613e25
4.790942459419408e25
4.8967304393579065e25
5.00138864535211e25
5.104853327301676e25
5.2070612422487705e25
5.30794969146122e25
5.40745655729198e25
5.505520339793043e25
5.602080193062149e25
5.697075961300475e25
5.790448214559927e25
5.8821382841584465e25
5.972088297742409e25
6.060241213974227e25
6.1465408568252075e25
6.230931949452087e25
6.313360147637006e25
6.393772072770437e25
6.472115344356912e25
6.548338612023548e25
6.622391587011763e25
6.694225073132599e25
6.763790997166507e25
6.831042438688716e25
6.8959336593014435e25
6.958420131254732e25
7.0184585654377525e25
7.076006938722971e25
7.131024520645883e25
7.183471899402846e25
7.233311007151029e25
7.280505144593543e25
7.3250190048342165e25
7.36681869648618e25
7.4058717660193885e25
7.442147219332013e25
7.475615542531707e25
7.5062487219125024e25
7.534020263114171e25
7.558905209450766e25
7.580880159395856e25
7.599923283212463e25
7.616014338715721e25
7.629134686157497e25
7.63926730222194e25
7.646396793121833e25
7.6505094067862625e25
7.65159304413e25
7.649637269396455e25
7.644633319565366e25
7.636574112818308e25
7.6254542560541795e25
7.611270051448832e25
7.59401950205205e25
7.573702316417134e25
7.5503199122575336e25
7.523875419126443e25
7.4943736801157065e25
7.461821252570183e25
7.4262264078157654e25
7.387599129897785e25
7.345951113329533e25
7.301295759848702e25
7.253648174182355e25
7.2030251588198655e25
7.14944520779484e25
7.0929284994776975e25
7.033496888380012e25
6.971173895974118e25
6.90598470053e25
6.837956125974154e25
6.767116629773799e25
6.693496289851637e25
6.617126790536839e25
6.538041407557377e25
6.4562749920814e25
6.371863953813459e25
6.284846243154612e25
6.1952613324333695e25
6.103150196217455e25
6.008555290714818e25
5.911520532274213e25
5.812091274996188e25
5.710314287464512e25
5.606237728610838e25
5.49991112272343e25
5.391385333613818e25
5.280712537953269e25
5.167946197793958e25
5.053141032288049e25
4.936352988619653e25
4.8176392121653885e25
4.697058015898026e25
4.574668849050745e25
4.45053226505718e25
4.324709888785725e25
4.1972643830844555e25
4.068259414655146e25
3.937759619275173e25
3.805830566385037e25
3.6725387230621494e25
3.5379514173990617e25
3.4021368013076585e25
3.2651638127682624e25
3.1271021375458856e25
2.9880221703936365e25
2.8479949757652277e25
2.7070922480589825e25
2.5653862714142486e25
2.422949879084229e25
2.279856412406501e25
2.1361796793958237e25
1.9919939129810717e25
1.847373728911385e25
1.7023940833542495e25
1.5571302302100404e25
1.4116576781679127e25
1.2660521475263202e25
1.1203895268044287e25
9.747458291677937e24
8.291971486948862e24
6.838196165085119e24
5.386893567979425e24
3.9388244275785274e24
2.4947485246833895e24
1.0554242474331177e24
-3.783918502850366e23
-1.805945490226064e24
-3.2264851107334914e24
-4.639262306968378e24
-6.043532270172396e24
-7.438554225701138e24
-8.823591869563413e24
-1.019791380321857e25
-1.1560793966359097e25
-1.2911512067434476e25
-1.4249354011644477e25
-1.5573612326159557e25
-1.6883586582298325e25
-1.8178583814419617e25
-1.945791893527068e25
-2.0720915147536052e25
-2.196690435134733e25
-2.3195227547492867e25
-2.440523523609407e25
-2.559628781049152e25
-2.676775594610882e25
-2.7919020984050644e25
-2.9049475309193964e25
-3.015852272254765e25
-3.1245578807636764e25
-3.2310071290695476e25
-3.3351440394430513e25
-3.4369139185144825e25
-3.5362633912991417e25
-3.6331404345150823e25
-3.7274944091716373e25
-3.8192760924076676e25
-3.90843770855991e25
-3.994932959440422e25
-4.078717053804541e25
-4.1597467359892415e25
-4.2379803137041295e25
-4.313377684955861e25
-4.3859003640890145e25
-4.455511506925693e25
-4.522175934986847e25
-4.585860158779647e25
-4.646532400134248e25
-4.704162613575478e25
-4.75872250671399e25
-4.810185559643158e25
-4.858527043327873e25
-4.903724036971914e25
-4.9457554443518705e25
-4.984602009105048e25
-5.020246328960615e25
-5.052672868902583e25
-5.081867973255065e25
-5.1078198766796985e25
-5.1305187140767465e25
-5.14995652938129e25
-5.166127283246837e25
-5.179026859609543e25
-5.18865307112618e25
-5.195005663480732e25
-5.198086318553844e25
-5.197898656451204e25
-5.194448236386739e25
-5.187742556417703e25
-5.177791052029162e25
-5.164605093565996e25
-5.148197982511494e25
-5.128584946611976e25
-5.105783133847791e25
-5.07981160525155e25
-5.050691326575305e25
-5.018445158808902e25
-4.9830978475525305e25
-4.94467601124717e25
-4.903208128267099e25
-4.858724522879932e25
-4.811257350079355e25
-4.76084057929733e25
-4.707509977002736e25
-4.651303088194165e25
-4.592259216795276e25
-4.530419404961904e25
-4.465826411310491e25
-4.398524688078447e25
-4.328560357227313e25
-4.255981185500638e25
-4.180836558448713e25
-4.103177453433406e25
-4.023056411626507e25
-3.940527509015998e25
-3.8556463264349735e25
-3.7684699186290448e25
-3.6790567823778664e25
-3.587466823687761e25
-3.493761324072786e25
-3.3980029059419146e25
-3.300255497110832e25
-3.2005842944575373e25
-3.0990557267409436e25
-2.9957374166029997e25
-2.890698141774496e25
-2.784007795506221e25
-2.6757373462465644e25
-2.5659587965882887e25
-2.4547451415066856e25
-2.342170325912198e25
-2.2283092015418275e25
-2.113237483212151e25
-1.9970317044595248e25
-1.8797691725915718e25
-1.761527923175838e25
-1.6423866739908461e25
-1.522424778465797e25
-1.401722178635567e25
-1.2803593576372737e25
-1.1584172917761713e25
-1.0359774021876678e25
-9.131215061238615e24
-7.899317678919901e24
-6.664906494737545e24
-5.428808608535951e24
-4.1918531008473896e24
-2.9548705312282774e24
-1.7186924345509548e24
-4.841508155577592e23
7.479223580354446e23
1.976695663581418e24
3.201338732396776e24
4.421022759203444e24
5.634921011819758e24
6.842209340797051e24
8.042066688696111e24
9.233675598705332e24
1.0416222722289814e25
1.1588899325573815e25
1.2750901794146113e25
1.3901432135988654e25
1.5039698482225046e25
1.6164915585378348e25
1.727630531484771e25
1.837309714929068e25
1.9454528665619416e25
2.0519846024304532e25
2.1568304450695305e25
2.2599168712053688e25
2.361171359001287e25
2.460522434816573e25
2.557899719449106e25
2.653233973833429e25
2.7464571441651496e25
2.837502406423958e25
2.926304210266692e25
3.012798322263424e25
3.0969218684483474e25
3.178613376159282e25
3.257812815138605e25
3.3344616378692843e25
3.4085028191204236e25
3.4798808946763454e25
3.548541999224553e25
3.614433903377469e25
3.6775060498040646e25
3.7377095884474623e25
3.794997410805152e25
3.849324183249284e25
3.900646379364458e25
3.948922311281569e25
3.994112159986171e25
4.0361780045810885e25
4.075083850482713e25
4.110795656531917e25
4.143281361000431e25
4.172510906474338e25
4.198456263597155e25
4.22109145365526e25
4.24039256998938e25
4.25633779821625e25
4.268907435245425e25
4.278083907076732e25
4.2838517853646765e25
4.286197802736695e25
4.285110866852916e25
4.280582073195815e25
4.272604716578777e25
4.2611743013634625e25
4.24628855037645e25
4.227947412516505e25
4.206153069044437e25
4.180909938548488e25
4.152224680578649e25
4.120106197944409e25
4.084565637670897e25
4.045616390609477e25
4.003274089699286e25
3.957556606877401e25
3.908484048635709e25
3.8560787502236036e25
3.8003652684964997e25
3.7413703734105375e25
3.679123038165215e25
3.6136544279960813e25
3.5449978876205983e25
3.473188927340908e25
3.3982652078084863e25
3.3202665234558278e25
3.239234784601598e25
3.155213998236478e25
3.068250247497207e25
2.978391669837987e25
2.8856884339081956e25
2.7901927151471953e25
2.6919586701068587e25
2.591042409513785e25
2.4875019700840383e25
2.3813972851033072e25
2.2727901537870436e25
2.1617442094353307e25
2.048324886398121e25
1.9325993858670659e25
1.8146366405115317e25
1.6945072779761406e25
1.5722835832586354e25
1.448039459987589e25
1.3218503906193687e25
1.1937933955757553e25
1.0639469913428252e25
9.323911475538858e24
7.992072430783868e24
6.644780211408906e24
5.282875434935049e24
3.907211436663771e24
2.518653793222891e24
1.1180798373975201e24
-2.9362183547660477e23
-1.7155518692983605e24
-3.146800656881599e24
-4.5864488572567524e24
-6.033567920305222e24
-7.48722061843354e24
-8.946461584997318e24
-1.0410337859169015e25
-1.1877889436945333e25
-1.3348149827990688e25
-1.4820146617993316e25
-1.6292902036224116e25
-1.7765433527969871e25
-1.923675433152627e25
-2.0705874059405e25
-2.217179928343655e25
-2.3633534123430075e25
-2.50900808390456e25
-2.6540440424544144e25
-2.7983613206066193e25
-2.9418599441099363e25
-3.0844399919777968e25
-3.226001656766762e25
-3.366445304968693e25
-3.5056715374802923e25
-3.643581250115256e25
-3.780075694122767e25
-3.915056536677299e25
-4.048425921302958e25
-4.180086528197195e25
-4.309941634417536e25
-4.437895173895549e25
-4.5638517972420646e25
-4.687716931307483e25
-4.809396838461832e25
-4.92879867555808e25
-5.045830552543502e25
-5.160401590683081e25
-5.272421980359978e25
-5.381803038417169e25
-5.4884572650053236e25
-5.59229839990228e25
-5.693241478268765e25
-5.791202885806324e25
-5.886100413283137e25
-5.977853310393433e25
-6.066382338917338e25
-6.151609825147393e25
-6.2334597115490095e25
-6.311857607621997e25
-6.386730839931089e25
-6.458008501273465e25
-6.525621498951982e25
-6.589502602122921e25
-6.649586488187882e25
-6.7058097881997e25
-6.758111131252795e25
-6.806431187828948e25
-6.850712712070054e25
-6.890900582949672e25
-6.9269418443164215e25
-6.958785743781776e25
-6.986383770426855e25
-7.009689691301922e25
-7.028659586694147e25
-7.043251884139231e25
-7.053427391153083e25
-7.0591493266610025e25
-7.060383351101861e25
-7.057097595186114e25
-7.049262687286323e25
-7.036851779440849e25
-7.0198405719511905e25
-6.998207336554086e25
-6.971932938151449e25
-6.941000855080698e25
-6.90539719790964e25
-6.865110726740295e25
-6.8201328670078056e25
-6.7704577237606534e25
-6.7160820944087815e25
-6.657005479928941e25
-6.593230094515275e25
-6.5247608736658165e25
-6.4516054806946125e25
-6.373774311662463e25
-6.2912804987178425e25
-6.204139911842256e25
-6.112371158993351e25
-6.015995584642463e25
-5.915037266702251e25
-5.8095230118408965e25
-5.699482349182405e25
-5.5849475223909854e25
-5.465953480140407e25
-5.342537864967875e25
-5.214741000516136e25
-5.082605877165792e25
-4.946178136060839e25
-4.805506051533916e25
-4.6606405119355665e25
-4.511634998875239e25
-4.358545564880101e25
-4.201430809482114e25
-4.040351853742031e25
-3.875372313219665e25
-3.7065582694040016e25
-3.5339782396135742e25
-3.357703145381852e25
-3.177806279339799e25
-2.9943632706131186e25
-2.807452048748236e25
-2.617152806185407e25
-2.423547959294723e25
-2.2267221079960555e25
-2.0267619939814077e25
-1.8237564575589245e25
-1.6177963931422468e25
-1.4089747034053504e25
-1.197386252127368e25
-9.831278157490695e24
-7.662980336681746e24
-5.469973572977008e24
-3.253279979123755e24
-1.013938733126129e24
1.246994466683e24
3.528447957836757e24
5.829334680925862e24
8.148552757460213e24
1.048498607810641e25
1.2837504901001869e25
1.520496645979591e25
1.7586215581116192e25
1.9980085311108156e25
2.238539755073297e25
2.480096369944809e25
2.7225585306943535e25
2.9658054732558415e25
3.209715581204124e25
3.4541664531254602e25
3.69903497064688e25
3.944197367087839e25
4.189529296693139e25
4.434905904410899e25
4.6802018961746686e25
4.925291609652703e25
5.170049085421575e25
5.41434813852535e25
5.65806243038118e25
5.901065540987521e25
6.1432310413963415e25
6.384432566406037e25
6.624543887435957e25
6.863438985537676e25
7.100992124502463e25
7.337077924023999e25
7.571571432871199e25
7.804348202031026e25
8.03528435777697e25
8.264256674622903e25
8.491142648116666e25
8.715820567433094e25
8.938169587721915e25
9.158069802170325e25
9.37540231373472e25
9.590049306500411e25
9.801894116628241e25
1.0010821302842922e26
1.0216716716423369e26
1.041946757065121e26
1.0618962509678172e26
1.0815091676767816e26
1.1007746781871886e26
1.1196821168501316e26
1.1382209879848663e26
1.1563809724123652e26
1.174151933906036e26
1.1915239255558334e26
1.2084871960415934e26
1.2250321958118299e26
1.241149583164262e26
1.2568302302240428e26
1.272065228816144e26
1.2868458962280634e26
1.3011637808594109e26
1.3150106677545326e26
1.3283785840148877e26
1.341259804087521e26
1.35364685492645e26
1.3655325210234075e26
1.3769098493047736e26
1.3877721538916002e26
1.3981130207193867e26
1.407926312014738e26
1.4172061706257899e26
1.4259470242036651e26
1.4341435892319512e26
1.441790874901543e26
1.4488841868282801e26
1.4554191306106214e26
1.4613916152250178e26
1.466797856256461e26
1.471634378962083e26
1.4758980211653453e26
1.4795859359788339e26
1.4826955943536601e26
1.4852247874533911e26
1.4871716288507846e26
1.488534556545499e26
1.4893123348012412e26
1.4895040558006706e26
1.4891091411167227e26
1.4881273429989354e26
1.4865587454736347e26
1.4844037652567398e26
1.4816631524782098e26
1.4783379912172307e26
1.4744296998473195e26
1.469940031190594e26
1.4648710724806508e26
1.4592252451335944e26
1.4530053043267668e26
1.4462143383849505e26
1.4388557679739107e26
1.4309333451011777e26
1.422451151924175e26
1.4134135993658426e26
1.4038254255380934e26
1.3936916939734345e26
1.3830177916653127e26
1.3718094269178175e26
1.360072627005444e26
1.3478137356437507e26
1.3350394102719836e26
1.3217566191485799e26
1.3079726382608415e26
1.2936950480500396e26
1.2789317299533522e26
1.2636908627641526e26
1.2479809188122592e26
1.2318106599658895e26
1.2151891334571483e26
1.1981256675329923e26
1.180629866933721e26
1.1627116082011567e26
1.1443810348187538e26
1.1256485521860266e26
1.106524822429686e26
1.087020759054204e26
1.0671475214342631e26
1.0469165091520056e26
1.0263393561818841e26
1.0054279249260525e26
9.841943001033698e25
9.626507824951549e25
9.408098825508791e25
9.186843138571735e25
8.962869864735078e25
8.736310001380653e25
8.507296373473468e25
8.275963563132e25
8.042447838009993e25
7.806887078527632e25
7.56942070399087e25
7.330189597639821e25
7.08933603066458e25
6.847003585230766e25
6.603337076556393e25
6.358482474082089e25
6.1125868217779716e25
5.865798157630337e25
5.618265432352832e25
5.3701384273666795e25
5.121567672094772e25
4.872704360616133e25
4.623700267726437e25
4.374707664451631e25
4.125879233061295e25
3.877367981630069e25
3.6293271581939118e25
3.381910164551083e25
3.135270469754553e25
2.889561523346086e25
2.6449366683806952e25
2.401549054290535e25
2.1595515496384453e25
1.919096654810543e25
1.680336414697637e25
1.4434223314159845e25
1.2085052771171615e25
9.757354069375853e24
7.45262072137447e24
5.172337334800118e24
2.917978749010792e24
6.910091751852701e23
-1.5071186596656733e24
-3.674964364292068e24
-5.811100729885395e24
-7.914114571360097e24
-9.982607562735048e24
-1.2015197066124666e25
-1.4010516953847714e25
-1.5967218423167353e25
-1.788397080317607e25
-1.9759462353345095e25
-2.159240105326078e25
-2.3381515383073255e25
-2.512555509418924e25
-2.6823291969742935e25
-2.8473520574384076e25
-3.007505899293419e25
-3.1626749557447217e25
-3.312745956224762e25
-3.4576081966496335e25
-3.5971536083855822e25
-3.7312768258829393e25
-3.8598752529353175e25
-3.9828491275232596e25
-4.100101585201476e25
-4.211538720990339e25
-4.317069649732078e25
-4.416606564874146e25
-4.5100647956421535e25
-4.59736286256549e25
-4.6784225313206475e25
-4.753168864856893e25
-4.8215302737713025e25
-4.88343856489844e25
-4.938828988085038e25
-4.987640281117221e25
-5.029814712770199e25
-5.065298123952345e25
-5.094039966914842e25
-5.11599334250079e25
-5.131115035406733e25
-5.139365547433248e25
-5.140709128700311e25
-5.135113806804231e25
-5.122551413896132e25
-5.102997611660586e25
-5.0764319141761445e25
-5.042837708638948e25
-5.0022022739334215e25
-4.954516797034385e25
-4.899776387226513e25
-4.837980088126855e25
-4.769130887500299e25
-4.693235724856682e25
-4.610305496819092e25
-4.520355060257336e25
-4.4234032331781035e25
-4.319472793367567e25
-4.208590474780351e25
-4.090786961674087e25
-3.966096880486949e25
-3.8345587894565655e25
-3.6962151659835572e25
-3.55111239174022e25
-3.399300735528942e25
-3.240834333893524e25
-3.0757711694918828e25
-2.904173047236424e25
-2.726105568209541e25
-2.541638101366963e25
-2.350843753038139e25
-2.1537993342378844e25
-1.950585325800953e25
-1.7412858413577223e25
-1.525988588165033e25
-1.3047848258119462e25
-1.0777693228166791e25
-8.45040311138268e24
-6.066994386229851e24
-3.6285171940670275e24
-1.1360548230050211e24
1.4092768281806046e24
4.006329805794393e24
6.653924676376282e24
9.350851120945382e24
1.2095868548048426e25
1.4887706725318665e25
1.7725066429187984e25
2.0606620112448167e25
2.353101258929398e25
2.6496861737523707e25
2.950275921749429e25
3.2547271207471857e25
3.562893915500848e25
3.874628054391217e25
4.18977896764319e25
4.508193847022186e25
4.829717726968708e25
5.154193567123834e25
5.481462336204271e25
5.811363097179386e25
6.143733093707297e25
6.47840783777925e25
6.815221198526379e25
7.1540054921421365e25
7.494591572867329e25
7.836808924990973e25
8.180485755813944e25
8.525449089527252e25
8.871524861949171e25
9.21853801607061e25
9.566312598356932e25
9.914671855749343e25
1.0263438333314354e26
1.0612433972484402e26
1.096148020983764e26
1.1310398076357476e26
1.165900829711777e26
1.2007131391338974e26
1.2354587772754918e26
1.2701197850236308e26
1.3046782128611405e26
1.339116130962948e26
1.3734156393005487e26
1.4075588777491164e26
1.4415280361912455e26
1.4753053646117723e26
1.5088731831775599e26
1.5422138922965585e26
1.5753099826504968e26
1.6081440451950322e26
1.6406987811218547e26
1.6729570117767135e26
1.7049016885278734e26
1.7365159025788843e26
1.767782894720084e26
1.798686065013253e26
1.8292089824033918e26
1.8593353942522376e26
1.8890492357876636e26
1.918334639463635e26
1.9471759442248597e26
1.9755577046707287e26
2.0034647001132695e26
2.030881943523349e26
2.0577946903600334e26
2.0841884472776047e26
2.1100489807052187e26
2.1353623252937238e26
2.1601147922247536e26
2.184292977376874e26
2.2078837693440117e26
2.2308743573010106e26
2.253252238711617e26
2.2750052268742374e26
2.2961214583005963e26
2.3165893999228938e26
2.3363978561248572e26
2.3555359755924416e26
2.3739932579797022e26
2.391759560385743e26
2.408825103638683e26
2.4251804783825235e26
2.4408166509631186e26
2.4557249691094124e26
2.469897167406356e26
2.483325372555831e26
2.4960021084221892e26
2.5079203008591544e26
2.519073282314733e26
2.5294547962111802e26
2.5390590010969748e26
2.5478804745680474e26
2.5559142169554713e26
2.5631556547771003e26
2.5696006439506684e26
2.5752454727660912e26
2.580086864614717e26
2.5841219804735472e26
2.5873484211424968e26
2.5897642292329247e26
2.591367890905824e26
2.592158337358177e26
2.592134946056138e26
2.5912975417138444e26
2.589646397016821e26
2.587182233089027e26
2.5839062197028516e26
2.579819975231368e26
2.5749255663424735e26
2.569225507434494e26
2.5627227598131704e26
2.5554207306099886e26
2.5473232714419297e26
2.5384346768130143e26
2.528759682257995e26
2.518303462228845e26
2.5070716277246723e26
2.4950702236660844e26
2.4823057260149043e26
2.4687850386405293e26
2.4545154899341286e26
2.439504829172305e26
2.4237612226317966e26
2.4072932494568728e26
2.390109897281577e26
2.3722205576086714e26
2.353635020947663e26
2.3343634717140725e26
2.314416482892658e26
2.293805010467147e26
2.272540387619135e26
2.250634318699309e26
2.228098872973859e26
2.2049464781494195e26
2.181189913679674e26
2.1568423038573173e26
2.1319171106948725e26
2.1064281265979543e26
2.0803894668350682e26
2.0538155618077625e26
2.0267211491253365e26
1.99912126548813e26
1.9710312383840296e26
1.942466677602404e26
1.9134434665702283e26
1.883977753514838e26
1.8540859424583957e26
1.8237846840488474e26
1.793090866232215e26
1.762021604771654e26
1.7305942336182147e26
1.6988262951388173e26
1.66673553020657e26
1.634339868159235e26
1.601657416631251e26
1.5687064512648807e26
1.5355054053064596e26
1.502072859093361e26
1.4684275294377553e26
1.4345882589128428e26
1.400574005047944e26
1.3664038294383866e26
1.3320968867761707e26
1.2976724138080008e26
1.2631497182266456e26
1.2285481675021898e26
1.1938871776592322e26
1.159186202006839e26
1.124464719827405e26
1.0897422250311152e26
1.055038214782294e26
1.0203721781044775e26
9.857635844706795e25
9.512318723852496e25
9.16796437964323e25
8.824766235211803e25
8.482917061633976e25
8.142608864081238e25
7.80403276822508e25
7.4673789069576e25
7.132836307493048e25
6.8005927789204565e25
6.47083480027049e25
6.143747409164862e25
5.819514091111207e25
5.498316669512415e25
5.180335196454613e25
4.8657478443363525e25
4.554730798407841e25
4.247458150281186e25
3.944101792477799e25
3.6448313140732743e25
3.3498138975063443e25
3.059214216611167e25
2.7731943359368773e25
2.49191361141252e25
2.2155285924212636e25
1.9441929253418786e25
1.6780572586149465e25
1.4172691493952862e25
1.1619729718452432e25
9.123098271273292e24
6.684174551494187e24
4.304301481201871e24
1.984786659672663e24
-2.7309846330536573e23
-2.4681193944204917e24
-4.599079383653318e24
-6.664820190405189e24
-8.664222828476309e24
-1.059620828939083e25
-1.2459738243619297e25
-1.4253815719259525e25
-1.5977485757710231e25
-1.7629836045933257e25
-1.9209997524874602e25
-2.0717144973663446e25
-2.2150497569178248e25
-2.3509319420623496e25
-2.4792920078744526e25
-2.6000655019352626e25
-2.713192610080606e25
-2.8186181995141076e25
-2.9162918592559766e25
-3.0061679378965813e25
-3.088205578629384e25
-3.162368751536213e25
-3.2286262831022527e25
-3.2869518829363143e25
-3.3373241676762525e25
-3.379726682060878e25
-3.4141479171488057e25
-3.440581325669312e25
-3.4590253344901976e25
-3.469483354190145e25
-3.471963785723469e25
-3.4664800241682036e25
-3.4530504595501374e25
-3.431698474735392e25
-3.402452440387954e25
-3.3653457069887156e25
-3.3204165939156953e25
-3.2677083755849883e25
-3.2072692646555103e25
-3.1391523923010735e25
-3.063415785556068e25
-2.980122341741497e25
-2.889339799980947e25
-2.791140709817107e25
-2.68560239694202e25
-2.5728069260542844e25
-2.452841060859956e25
-2.3257962212347783e25
-2.191768437566689e25
-2.0508583022999754e25
-1.9031709187037272e25
-1.748815846888793e25
-1.5879070470994585e25
-1.4205628203073352e25
-1.2469057461368803e25
-1.0670626181532616e25
-8.811643765452977e24
-6.893460382373327e24
-4.917466244653571e24
-2.885090858558917e24
-7.97802250444523e23
1.3428938312489156e24
3.5354547377751713e24
5.778301765206807e24
8.069821022456143e24
1.0408364321736597e25
1.2792250090984185e25
1.5219764307754192e25
1.768916145409392e25
2.0198665491871042e25
2.2746470858034857e25
2.5330743479265743e25
2.7949621805466608e25
3.060121786152228e25
3.3283618316761685e25
3.599488557151997e25
3.873305886021773e25
4.149615537033647e25
4.428217137667087e25
4.708908339023457e25
4.991484932116922e25
5.27574096550121e25
5.561468864166707e25
5.848459549640249e25
6.136502561220774e25
6.425386178281904e25
6.71489754357301e25
7.004822787447997e25
7.294947152952028e25
7.585055121694211e25
7.874930540436142e25
8.164356748320991e25
8.453116704673335e25
8.740993117294876e25
9.027768571182156e25
9.313225657592652e25
9.597147103384265e25
9.87931590055407e25
1.0159515435900281e26
1.0437529620732709e26
1.0713143020556346e26
1.0986140984651874e26
1.1256309775477889e26
1.1523436697818599e26
1.1787310227601788e26
1.2047720140311226e26
1.2304457638916452e26
1.2557315481247097e26
1.280608810673393e26
1.3050571762442803e26
1.3290564628326026e26
1.3525866941617148e26
1.3756281120294311e26
1.3981611885538811e26
1.4201666383115147e26
1.441625430360002e26
1.462518800138744e26
1.4828282612398484e26
1.5025356170424289e26
1.521622972203181e26
1.540072743996232e26
1.557867673495418e26
1.5749908365919936e26
1.5914256548412277e26
1.6071559061310762e26
1.6221657351663862e26
1.636439663762176e26
1.64996260093957e26
1.6627198528181426e26
1.6746971322984496e26
1.6858805685287147e26
1.6962567161497208e26
1.7058125643120167e26
1.71453554545979e26
1.7224135438757656e26
1.7294349039817014e26
1.7355884383891166e26
1.7408634356950365e26
1.7452496680177693e26
1.7487373982677487e26
1.7513173871486032e26
1.7529808998839414e26
1.7537197126653327e26
1.7535261188170633e26
1.7523929346736613e26
1.7503135051660493e26
1.7472817091125784e26
1.7432919642111088e26
1.7383392317287905e26
1.732419020886134e26
1.7255273929320633e26
1.7176609649071636e26
1.7088169130921374e26
1.6989929761388963e26
1.68818745788169e26
1.6763992298261645e26
1.6636277333141543e26
1.6498729813621383e26
1.635135560171895e26
1.6194166303115715e26
1.6027179275659817e26
1.5850417634547066e26
1.5663910254173253e26
1.5467691766647323e26
1.5261802556961384e26
1.5046288754810652e26
1.4821202223064535e26
1.458660054288715e26
1.4342546995507278e26
1.40891105406449e26
1.382636579159713e26
1.3554392986993354e26
1.3273277959225923e26
1.298311209957172e26
1.2683992320016349e26
1.2376021011794203e26
1.2059306000666002e26
1.173396049894939e26
1.1400103054326613e26
1.1057857495448595e26
1.0707352874364816e26
1.0348723405803837e26
9.982108403331053e25
9.607652212418813e25
9.225504140457695e25
8.8358183837461e25
8.438753951490261e25
8.034474586857845e25
7.623148685120696e25
7.204949208931441e25
6.78005360077289e25
6.348643692630391e25
5.910905612931405e25
5.46702969079813e25
5.017210357668544e25
4.561646046332981e25
4.100539087442997e25
3.6340956035426293e25
3.162525400684069e25
2.6860418576827605e25
2.2048618130691926e25
1.7192054498031042e25
1.2292961778081363e25
7.353605143939805e24
2.3762796262615255e24
-2.636691122844903e24
-7.682956085076925e24
-1.2760138149690542e25
-1.7865835404988049e25
-2.2997622446878133e25
-2.815305170374654e25
-3.3329654776955648e25
-3.8524943796162094e25
-4.373641278875159e25
-4.896153906258504e25
-5.419778460133771e25
-5.944259747158074e25
-6.469341324085255e25
-6.994765640594291e25
-7.520274183052526e25
-8.04560761913753e25
-8.570505943231751e25
-9.094708622512429e25
-9.617954743647635e25
