2.555586386718749e-13
2.5551431592887192e11
4.0860451393399204e12
2.0667245657039812e13
6.523760470523042e13
1.5901735152323622e14
3.2909551841082025e14
6.082857558137566e14
1.0349516621370324e15
1.6528025567968202e15
2.5106607893283975e15
3.6622018394276055e15
5.165668622281254e15
7.083561570104293e15
9.482306214119462e15
1.2431900140964504e16
1.600554134337365e16
2.027924012664084e16
2.5331416869524096e16
3.1242488070593484e16
3.8094443238264616e16
4.597041530460989e16
5.495424735922082e16
6.513005860963825e16
7.658181257890942e16
8.939289064841942e16
1.0364567414503816e17
1.1942113825558536e17
1.3679846112842619e17
1.5585465159145274e17
1.766641989775804e17
1.992987486030071e17
2.2382680648965718e17
2.5031347696130934e17
2.7882023677271114e17
3.094047494524019e17
3.421207235528247e17
3.7701781850554106e17
4.14141601774817e17
4.535335609894704e17
4.952311747105564e17
5.3926804546117075e17
5.856740986043059e17
6.344758506052806e17
6.85696750156748e17
7.393575955766564e17
7.95477031812814e17
8.540721303019068e17
9.151590548359432e17
9.787538164852776e17
1.04487312051454e18
1.1135353081061916e18
1.1847613955759826e18
1.258576213625548e18
1.3350096490297661e18
1.4140979910004838e18
1.4958853843039828e18
1.580425391037188e18
1.6677826627873713e18
1.7580347247121441e18
1.8512738728809687e18
1.9476091860167314e18
2.047168652565941e18
2.1501014138095268e18
2.2565801235028915e18
2.366803424304366e18
2.480998541015634e18
2.5994239904163994e18
2.722372407228905e18
2.8501734854960307e18
2.983197034400239e18
3.121856147289508e18
3.2666104824113915e18
3.417969653587463e18
3.5764967287882163e18
3.7428118342934487e18
3.9175958618451886e18
4.101594275920397e18
4.2956210179690117e18
4.500562504179363e18
4.717381713049396e18
4.947122358756973e18
5.19091314603796e18
5.449972101996219e18
5.725610979985977e18
6.01923973042421e18
6.33237103311008e18
6.66662488534938e18
7.023733239905663e18
7.405544686526495e18
7.814029170523323e18
8.25128274161757e18
8.719532326003752e18
9.221140514324015e18
9.758610357996601e18
1.033459016609514e19
1.095187829473636e19
1.161342792070009e19
1.2322351790780975e19
1.3081926938151053e19
1.3895599356804088e19
1.476698862494911e19
1.5699892468028189e19
1.6698291251849468e19
1.7766352396152596e19
1.8908434698759324e19
2.012909256030841e19
2.1433080099431924e19
2.2825355148098163e19
2.4311083116726444e19
2.589564071857206e19
2.758461954278383e19
2.938382946545394e19
3.1299301887911105e19
3.3337292791450108e19
3.550428559765073e19
3.78069938234082e19
4.025236351978443e19
4.284757548378937e19
4.560004723221584e19
4.8517434726683255e19
5.160763383908838e19
5.487878154672424e19
5.8339256846403e19
6.199768137701238e19
6.586291974004103e19
6.994407950773506e19
7.425051090868645e19
7.879180618081139e19
8.357779858185024e19
8.861856104770934e19
9.392440448917214e19
9.950587571772852e19
1.0537375499151214e20
1.1153905317258913e20
1.1801300848711508e20
1.248070828801667e20
1.3193295795735672e20
1.3940253050566468e20
1.4722790758625303e20
1.5542140119238974e20
1.639955224659705e20
1.729629754665163e20
1.8233665048692494e20
1.921296169106679e20
2.023551156055573e20
2.1302655084965334e20
2.241574817853389e20
2.3576161339806725e20
2.478527870167736e20
2.604449703334438e20
2.7355224693984684e20
2.871888053799689e20
3.0136892771722166e20
3.161069776160525e20
3.314173879381472e20
3.473146478539885e20
3.638132894711201e20
3.809278739810594e20
3.9867297732740796e20
4.1706317539831985e20
4.361130287471135e20
4.558370668454363e20
4.762497718740352e20
4.973655620568238e20
5.1919877454459044e20
5.4176364785534455e20
5.650743038789583e20
5.8914472945442475e20
6.139887575287224e20
6.396200479069438e20
6.660520676040182e20
6.932980708090333e20
7.213710784738325e20
7.502838575382406e20
7.800488998049419e20
8.106784004777058e20
8.421842363773219e20
8.745779438502819e20
9.07870696385888e20
9.420732819581496e20
9.77196080109454e20
1.0132490387936678e21
1.0502416509969421e21
1.0881829311551397e21
1.1270813913874134e21
1.1669450175660814e21
1.2077812452435485e21
1.2495969354576023e21
1.292398350437005e21
1.3361911292298574e21
1.3809802632777645e21
1.4267700719593702e21
1.4735641781273554e21
1.5213654836634898e21
1.5701761450768293e21
1.619997549170611e21
1.6708302888038582e21
1.7226741387741396e21
1.7755280318483488e21
1.8293900349687488e21
1.8842573256619189e21
1.9401261686785683e21
1.9969918928925426e21
2.0548488684876074e21
2.1136904844609347e21
2.1735091264724027e21
2.234296155069126e21
2.296041884314759e21
2.3587355608533788e21
2.4223653434378226e21
2.486918282952535e21
2.552380302961064e21
2.618736180808373e21
2.685969529308255e21
2.7540627790460223e21
2.8229971613267746e21
2.892752691799333e21
2.9633081547859773e21
3.0346410883479183e21
3.106727770116356e21
3.1795432039187203e21
3.25306110722957e21
3.327253899475282e21
3.402092691221469e21
3.477547274271719e21
3.553586112705869e21
3.6301763348857356e21
3.707283726455725e21
3.7848727243653456e21
3.862906411940185e21
3.941346515027333e21
4.020153399240781e21
4.099286068331646e21
4.178702163707549e21
4.258357965124769e21
4.338208392576137e21
4.4182070093969154e21
4.4983060266101663e21
4.5784563085323487e21
4.658607379659024e21
4.738707432849788e21
4.818703338830563e21
4.89854065703063e21
4.978163647770638e21
5.057515285817097e21
5.136537275317662e21
5.215170066130605e21
5.293352871560783e21
5.371023687513318e21
5.448119313075123e21
5.524575372533205e21
5.600326338837641e21
5.675305558515757e21
5.749445278042991e21
5.822676671674565e21
5.894929870740927e21
5.966133994408527e21
6.036217181906316e21
6.105106626216924e21
6.172728609230183e21
6.239008538355308e21
6.303870984586614e21
6.367239722016325e21
6.429037768786552e21
6.489187429471137e21
6.547610338876602e21
6.60422750725001e21
6.658959366880045e21
6.7117258200762e21
6.762446288509455e21
6.811039763896316e21
6.857424860006699e21
6.901519865974475e21
6.943242800888201e21
6.982511469637858e21
7.019243519992108e21
7.053356500878925e21
7.084767921841045e21
7.113395313636208e21
7.139156289950569e21
7.161968610192339e21
7.18175024333105e21
7.19841943274658e21
7.211894762050453e21
7.222095221840574e21
7.228940277349194e21
7.232349936942293e21
7.232244821427426e21
7.228546234125508e21
7.22117623166079e21
7.210057695421832e21
7.195114403645117e21
7.176271104071507e21
7.1534535871246e21
7.126588759558768e21
7.09560471852348e21
7.06043082598929e21
7.020997783479812e21
6.977237707052852e21
6.929084202472733e21
6.876472440514996e21
6.819339232343439e21
6.757623104898666e21
6.69126437623633e21
6.620205230752365e21
6.544389794231725e21
6.463764208656275e21
6.378276706706859e21
6.287877685893665e21
6.192519782248678e21
6.092157943513017e21
5.98674950175176e21
5.876254245328114e21
5.760634490168506e21
5.639855150249635e21
5.513883807238305e21
5.382690779214492e21
5.24624918840798e21
5.104535027878516e21
4.95752722706963e21
4.805207716165929e21
4.647561489183842e21
4.4845766657258275e21
4.316244551328166e21
4.1425596963326295e21
3.9635199532126857e21
3.779126532285072e21
3.589384055737958e21
3.3943006099075986e21
3.1938877957354663e21
2.9881607773388575e21
2.777138328628358e21
2.56084287790619e21
2.339300550380599e21
2.1125412085317726e21
1.880598490266053e21
1.6435098447962285e21
1.4013165661860913e21
1.1540638244995856e21
9.018006944949459e20
6.445801818063679e20
3.824592465562535e20
1.1549882434324896e20
-1.5623615544817615e20
-4.3267675406843747e20
-7.137500106050841e20
-9.993789320151774e20
-1.2894824860358594e21
-1.5839755970182298e21
-1.8827691447291038e21
-2.1857699661620804e21
-2.4928808603986984e21
-2.804000596557272e21
-3.11902392486622e21
-3.4378415908952306e21
-3.760340352976933e21
-4.086403002848124e21
-4.4159083895386727e21
-4.74873144653271e21
-5.084743222225446e21
-5.423810913695627e21
-5.765797903812088e21
-6.110563801689374e21
-6.457964486506012e21
-6.807852154695166e21
-7.160075370516225e21
-7.514479120011668e21
-7.870904868352296e21
-8.229190620570121e21
-8.589170985676144e21
-8.950677244156884e21
-9.313537418841382e21
-9.677576349126857e21
-1.0042615768548643e22
-1.0408474385677495e22
-1.0774967968323422e22
-1.1141909431023762e22
-1.1509108925788454e22
-1.1876373936074394e22
-1.2243509373956002e22
-1.2610317680457835e22
-1.2976598929010256e22
-1.334215093198821e22
-1.3706769350288128e22
-1.4070247805896695e22
-1.4432377997400872e22
-1.479294981838677e22
-1.5151751478670667e22
-1.5508569628304067e22
-1.5863189484289875e22
-1.6215394959945862e22
-1.6564968796846662e22
-1.6911692699274328e22
-1.7255347471103392e22
-1.7595713155044278e22
-1.793256917416548e22
-1.8265694475612882e22
-1.8594867676440856e22
-1.891986721146809e22
-1.924047148306754e22
-1.9556459012797787e22
-1.986760859478026e22
-2.017369945072459e22
-2.0474511386500846e22
-2.0769824950156635e22
-2.1059421591272904e22
-2.1343083821551344e22
-2.1620595376522856e22
-2.1891741378265592e22
-2.215630849901756e22
-2.241408512556819e22
-2.2664861524309395e22
-2.290843000682732e22
-2.314458509591091e22
-2.3373123691854975e22
-2.3593845238930952e22
-2.3806551891898505e22
-2.401104868242966e22
-2.420714368531438e22
-2.4394648184317056e22
-2.457337683754995e22
-2.4743147842230857e22
-2.490378309868886e22
-2.505510837348314e22
-2.5196953461496926e22
-2.5329152346870036e22
-2.5451543362630685e22
-2.556396934888878e22
-2.5666277809449945e22
-2.57583210667122e22
-2.583995641470405e22
-2.5911046270125016e22
-2.597145832124733e22
-2.6021065674540303e22
-2.6059746998876258e22
-2.608738666717977e22
-2.610387489538002e22
-2.6109107878529218e22
-2.610298792394812e22
-2.608542358126282e22
-2.6056329769195495e22
-2.601562789897579e22
-2.5963245994237353e22
-2.589911880726835e22
-2.5823187931484024e22
-2.5735401909991865e22
-2.5635716340121692e22
-2.552409397379425e22
-2.540050481360414e22
-2.5264926204494537e22
-2.5117342920903953e22
-2.49577472492668e22
-2.4786139065752677e22
-2.4602525909130555e22
-2.4406923048648385e22
-2.419935354681979e22
-2.3979848317013485e22
-2.3748446175742766e22
-2.350519388955739e22
-2.325014621644115e22
-2.298336594162398e22
-2.2704923907718245e22
-2.241489903909538e22
-2.2113378360420154e22
-2.1800457009265226e22
-2.147623824273094e22
-2.114083343800136e22
-2.0794362086769478e22
-2.0436951783470013e22
-2.0068738207262093e22
-1.9689865097707906e22
-1.9300484224098956e22
-1.890075534838509e22
-1.849084618166665e22
-1.8070932334213853e22
-1.7641197258984082e22
-1.720183218861045e22
-1.6753036065841885e22
-1.629501546741782e22
-1.582798452136818e22
-1.5352164817732213e22
-1.486778531269642e22
-1.4375082226155595e22
-1.387429893270832e22
-1.33656858461015e22
-1.2849500297145463e22
-1.232600640512526e22
-1.1795474942740788e22
-1.1258183194612528e22
-1.0714414809396076e22
-1.0164459645553198e22
-9.60861361083453e21
-9.047178495532632e21
-8.480461799570811e21
-7.908776553499266e21
-7.332441133473585e21
-6.751779070299555e21
-6.167118852630625e21
-5.578793724412407e21
-4.987141476672237e21
-4.3925042337596614e21
-3.7952282341469984e21
-3.1956636059065783e21
-2.594164136984961e21
-1.9910870404022047e21
-1.386792714507305e21
-7.816444984281709e20
-1.7600842285856902e20
4.2974704366906245e20
1.0352512528718317e21
1.6401316390063948e21
2.2440139851978517e21
2.8465226936373383e21
3.4472810594755727e21
4.045911548232653e21
4.6420360765417896e21
5.235276296037249e21
5.825253880194851e21
6.411590813927036e21
6.993909685730824e21
7.571833982182963e21
8.144988384571469e21
8.712999067449628e21
9.275493998894019e21
9.832103242245043e21
1.0382459259103232e22
1.0926197213353294e22
1.1462955275981855e22
1.1992374930454696e22
1.2514101278412716e22
1.3027783345445922e22
1.3533074386699793e22
1.4029632192067647e22
1.4517119390717848e22
1.499520375470476e22
1.5463558501408373e22
1.5921862594547058e22
1.6369801043504617e22
1.6807065200712556e22
1.7233353056826012e22
1.7648369533431858e22
1.8051826773024494e22
1.8443444425986138e22
1.8822949934306362e22
1.919007881177554e22
1.9544574920386935e22
1.988619074268163e22
2.021468764977117e22
2.052983616477231e22
2.0831416221390445e22
2.111921741738675e22
2.1393039262667577e22
2.1652691421733776e22
2.1897993950230494e22
2.2128777525338753e22
2.2344883669752493e22
2.2546164968986423e22
2.273248528176319e22
2.2903719943229227e22
2.305975596075369e22
2.320049220206542e22
2.332583957548824e22
2.343572120203664e22
2.3530072579138533e22
2.360884173575506e22
2.3671989378672035e22
2.3719489029741006e22
2.3751327153853823e22
2.376750327743738e22
2.376803009726244e22
2.375293357936307e22
2.372225304787116e22
2.3676041263573927e22
2.3614364492009057e22
2.3537302560918404e22
2.344494890688644e22
2.3337410610996714e22
2.321480842334633e22
2.3077276776264077e22
2.292496378608642e22
2.2758031243351356e22
2.2576654591278327e22
2.2381022892409343e22
2.217133878329472e22
2.1947818417114115e22
2.1710691394132166e22
2.14602006798956e22
2.1196602511087762e22
2.0920166288964568e22
2.0631174460304544e22
2.032992238581471e22
2.0016718195942733e22
1.9691882634055424e22
1.9355748886951733e22
1.900866240268954e22
1.8650980695712622e22
1.8283073139276727e22
1.790532074518013e22
1.7518115930816974e22
1.7121862273578698e22
1.6716974252641397e22
1.6303876978185144e22
1.5883005908102481e22
1.5454806552262788e22
1.5019734164410408e22
1.4578253421783598e22
1.413083809255306e22
1.3677970691187435e22
1.3220142121865877e22
1.2757851310066007e22
1.2291604822467885e22
1.182191647532353e22
1.1349306931453654e22
1.0874303286042153e22
1.039743864141095e22
9.919251670966523e21
9.440286172521693e21
8.961090611205158e21
8.482217652182663e21
8.004223683422876e21
7.527668328752849e21
7.053113951456321e21
6.581125148679833e21
6.112268236920201e21
5.647110728878035e21
5.186220801970951e21
4.730166758810258e21
4.279516479954348e21
3.834836869261201e21
3.3966932921725045e21
2.965649007270022e21
2.5422645914549774e21
2.1270973591087617e21
1.7207007756034664e21
1.3236238655381066e21
9.364106160853001e20
5.595993758408261e20
1.9372224957737494e20
-1.6069551068969907e20
-5.0313611790817375e20
-8.330898650434927e20
-1.1500557425512987e21
-1.4535420578311292e21
-1.7430670562171111e21
-2.0181595430563684e21
-2.278359506417921e21
-2.52321873997106e21
-2.7523014655651705e21
-2.9651849550383295e21
-3.161460150777269e21
-3.3407322845459073e21
-3.5026214940958565e21
-3.646763437068332e21
-3.7728099016923006e21
-3.8804294137815614e21
-3.969307839529e21
-4.039148983594416e21
-4.0896751819796743e21
-4.120627889182234e21
-4.1317682591173874e21
-4.122877719297036e21
-4.0937585377526457e21
-4.044234382188619e21
-3.974150870852734e21
-3.883376114609309e21
-3.7718012497022325e21
-3.6393409606950196e21
-3.485933993076336e21
-3.311543655021362e21
-3.116158307800338e21
-2.8997918443293796e21
-2.662484155359484e21
-2.404301582804338e21
-2.1253373597103497e21
-1.8257120363754123e21
-1.5055738921287848e21
-1.1650993322873953e21
-8.044932698102091e20
-4.2398949117666106e20
-2.385100602204173e19
3.956296199324922e20
8.341299491091912e20
1.29129737391132e21
1.7667488366085622e21
2.260070567704187e21
2.77081784320734e21
3.2985147612280107e21
3.8426540383007586e21
4.402696825835738e21
4.978072547084732e21
5.568178755001345e21
6.172381011361827e21
6.790012787504968e21
7.42037538703509e21
8.062737890824407e21
8.716337124635841e21
9.380377649677131e21
1.005403177638333e22
1.0736439601713188e22
1.1426709070230608e22
1.2123916059229079e22
1.2827104488143033e22
1.3535286452476375e22
1.4247442382463575e22
1.4962521226663573e22
1.5679440660671976e22
1.6397087321122142e22
1.7114317065129183e22
1.782995525531559e22
1.8542797070540477e22
1.9251607842438896e22
1.995512341786016e22
2.065205054727745e22
2.1341067299223895e22
2.2020823500792915e22
2.2689941204223715e22
2.3347015179573337e22
2.399061343346093e22
2.4619277753850113e22
2.523152428081838e22
2.58258441032425e22
2.6400703881311974e22
2.6954546494762935e22
2.748579171670644e22
2.7992836912905904e22
2.847405776634014e22
2.892780902686832e22
2.9352425285795355e22
2.974622177511598e22
3.0107495191196906e22
3.0434524542637575e22
3.072557202203002e22
3.097888390132017e22
3.1192691450452174e22
3.13652118789598e22
3.149464930014828e22
3.157919571749212e22
3.1617032032854085e22
3.160632907611279e22
3.1545248655766406e22
3.1431944630062144e22
3.1264563998181483e22
3.10412480109938e22
3.0760133300871196e22
3.0419353030041012e22
3.0017038056932294e22
2.9551318119956466e22
2.90203230381438e22
2.8422183928040583e22
2.7755034436253193e22
2.701701198701103e22
2.620625904410012e22
2.5320924386506643e22
2.4359164397089534e22
2.331914436358895e22
2.219903979125953e22
2.099703772640405e22
1.971133809006587e22
1.8340155021126747e22
1.688171822804082e22
1.5334274348422372e22
1.3696088315690939e22
1.196544473196563e22
1.0140649246387826e22
8.22002993803803e21
6.201938702601552e21
4.0847526419282547e21
1.8668754556189325e21
-4.5326116623912796e20
-2.877196150074457e21
-5.406437646467143e21
-8.042461639321798e21
-1.0786710557493092e22
-1.3640591889782899e22
-1.6605476804238005e22
-1.968269877268036e22
-2.287355220141398e22
-2.617929106905109e22
-2.960112757241139e22
-3.31402307814458e22
-3.6797725304147e22
-4.057468996240588e22
-4.447215647978187e22
-4.849110818214763e22
-5.263247871218172e22
-5.689715075867234e22
-6.128595480160575e22
-6.5799667873999e22
-7.043901234145116e22
-7.5204654700370676e22
-8.009720439584719e22
-8.5117212660117e22
-9.026517137258602e22
-9.554151194235191e22
-1.0094660421417772e23
-1.064807553988469e23
-1.1214420902883869e23
-1.1793714394024385e23
-1.2385967328184332e23
-1.2991184355224835e23
-1.360936336660086e23
-1.4240495404957821e23
-1.488456457680076e23
-1.554154796832399e23
-1.6211415564485857e23
-1.689413017141329e23
-1.7589647342218555e23
-1.829791530631035e23
-1.90188749022782e23
-1.9752459514430303e23
-2.0498595013059647e23
-2.1257199698515304e23
-2.2028184249151446e23
-2.2811451673226392e23
-2.3606897264820942e23
-2.441440856384446e23
-2.5233865320194195e23
-2.6065139462132763e23
-2.6908095068944006e23
-2.7762588347928495e23
-2.8628467615795242e23
-2.9505573284505363e23
-3.039373785161993e23
-3.129278589520339e23
-3.220253407333e23
-3.312279112823891e23
-3.405335789518158e23
-3.4994027316001204e23
-3.594458445748257e23
-3.690480653450736e23
-3.787446293804712e23
-3.885331526802416e23
-3.984111737106675e23
-4.0837615383182496e23
-4.184254777737198e23
-4.2855645416199636e23
-4.387663160933778e23
-4.490522217609624e23
-4.594112551294582e23
-4.698404266604281e23
-4.80336674087571e23
-4.908968632420314e23
-5.015177889277213e23
-5.1219617584657174e23
-5.229286795736299e23
-5.337118875818662e23
-5.445423203165366e23
-5.5541643231890256e23
-5.6633061339908266e23
-5.772811898577792e23
-5.882644257565802e23
-5.992765242365309e23
-6.103136288845913e23
-6.213718251476059e23
-6.324471417933589e23
-6.43535552418249e23
-6.546329770011084e23
-6.657352835026257e23
-6.768382895098242e23
-6.879377639250141e23
-6.990294286985783e23
-7.101089606049521e23
-7.211719930610994e23
-7.322141179867759e23
-7.432308877058157e23
-7.54217816887665e23
-7.651703845283445e23
-7.760840359699966e23
-7.86954184958137e23
-7.977762157356955e23
-8.085454851729217e23
-8.1925732493217e23
-8.299070436665805e23
-8.404899292516094e23
-8.510012510483637e23
-8.614362621976595e23
-8.717902019436729e23
-8.820582979860533e23
-8.922357688593327e23
-9.023178263384273e23
-9.122996778690223e23
-9.221765290215813e23
-9.319435859677216e23
-9.41596057977648e23
-9.511291599373432e23
-9.605381148841566e23
-9.698181565594417e23
-9.78964531976847e23
-9.879725040048663e23
-9.968373539622123e23
-1.0055543842245768e24
-1.0141189208413088e24
-1.0225263161605393e24
-1.0307719514612418e24
-1.038851239590726e24
-1.0467596276060332e24
-1.0544925994176876e24
-1.0620456784342522e24
-1.0694144302061165e24
-1.0765944650669304e24
-1.0835814407711144e24
-1.0903710651258137e24
-1.0969590986157119e24
-1.1033413570190708e24
-1.1095137140133837e24
-1.1154721037690016e24
-1.1212125235290987e24
-1.1267310361743422e24
-1.1320237727706173e24
-1.13708693509817e24
-1.1419167981605156e24
-1.1465097126714659e24
-1.1508621075186443e24
-1.1549704922018313e24
-1.1588314592445068e24
-1.1624416865769592e24
-1.1657979398893308e24
-1.1688970749529704e24
-1.1717360399084891e24
-1.1743118775188986e24
-1.176621727386259e24
-1.1786628281302208e24
-1.1804325195269107e24
-1.181928244606591e24
-1.1831475517085451e24
-1.1840880964916644e24
-1.1847476438992076e24
-1.1851240700762552e24
-1.1852153642383584e24
-1.1850196304899369e24
-1.1845350895909733e24
-1.1837600806706067e24
-1.1826930628862045e24
-1.1813326170265597e24
-1.1796774470578529e24
-1.1777263816110782e24
-1.175478375409609e24
-1.1729325106356658e24
-1.1700879982344252e24
-1.1669441791545794e24
-1.1635005255241584e24
-1.1597566417604704e24
-1.1557122656130455e24
-1.1513672691385173e24
-1.1467216596063731e24
-1.1417755803345843e24
-1.1365293114541245e24
-1.1309832706014684e24
-1.1251380135381322e24
-1.118994234696435e24
-1.1125527676506292e24
-1.1058145855126514e24
-1.098780801251729e24
-1.0914526679371577e24
-1.0838315789035937e24
-1.0759190678382631e24
-1.0677168087894967e24
-1.0592266160960924e24
-1.0504504442370112e24
-1.041390387600998e24
-1.0320486801757204e24
-1.0224276951561047e24
-1.0125299444715686e24
-1.0023580782319277e24
-9.919148840917654e23
-9.812032865331317e23
-9.70226346066471e23
-9.589872583497586e23
-9.474893532258128e23
-9.35736093677872e23
-9.237310747035436e23
-9.114780221072598e23
-8.989807912114777e23
-8.862433654868657e23
-8.732698551018175e23
-8.600644953916228e23
-8.466316452477438e23
-8.329757854276488e23
-8.19101516785747e23
-8.050135584259711e23
-7.907167457766567e23
-7.76216028588379e23
-7.615164688555098e23
-7.466232386622367e23
-7.315416179539052e23
-7.162769922345598e23
-7.0083485019164e23
-6.852207812487867e23
-6.694404730478293e23
-6.5349970886102e23
-6.374043649346826e23
-6.211604077654365e23
-6.047738913102488e23
-5.882509541315986e23
-5.715978164791082e23
-5.5482077730898604e23
-5.379262112427506e23
-5.20920565466683e23
-5.038103565735654e23
-4.866021673482359e23
-4.693026434986002e23
-4.51918490333739e23
-4.344564693908406e23
-4.1692339501265955e23
-3.993261308773197e23
-3.8167158648226145e23
-3.6396671358422673e23
-3.46218502597148e23
-3.284339789499142e23
-3.1062019940595806e23
-2.9278424834672357e23
-2.749332340210113e23
-2.5707428476230737e23
-2.3921454517622574e23
-2.213611723001693e23
-2.035213317374196e23
-1.857021937678361e23
-1.6791092943742064e23
-1.501547066289793e23
-1.3244068611618492e23
-1.1477601760333106e23
-9.716783575313674e22
-7.962325620491354e22
-6.214937158549797e22
-4.4753247515327e22
-2.7441918612062192e22
-1.022238449419286e22
6.898394212958281e21
2.391349986635312e22
4.081606178704768e22
5.759926023220052e22
7.425633035481778e22
9.078056614871979e22
1.0716532437627859e23
1.2340402847639634e23
1.394901724502553e23
1.554173247223052e23
1.711791319740377e23
1.8676932294801512e23
2.02181712219693e23
2.1741020393451802e23
2.3244879550786642e23
2.472915812853235e23
2.6193275616087127e23
2.763666191505087e23
2.905875769189161e23
3.045901472567148e23
3.1836896250595076e23
3.319187729313934e23
3.4523445003532926e23
3.5831098981348704e23
3.711435159498023e23
3.837272829477103e23
3.9605767919574066e23
4.081302299651591e23
4.199406003374752e23
4.3148459805961965e23
4.427581763246948e23
4.5375743647617534e23
4.644786306334905e23
4.7491816423698656e23
4.850725985102679e23
4.949386528379798e23
5.0451320705711986e23
5.1379330366004335e23
5.227761499073314e23
5.3145911984877334e23
5.3983975625072506e23
5.479157724282062e23
5.556850539801033e23
5.631456604259206e23
5.702958267425661e23
5.771339647997343e23
5.836586646924715e23
5.898686959696032e23
5.957630087567174e23
6.013407347725157e23
6.066011882373522e23
6.115438666728702e23
6.161684515916992e23
6.204748090762556e23
6.24462990245732e23
6.281332316104491e23
6.314859553127824e23
6.345217692539917e23
6.372414671062924e23
6.396460282096358e23
6.417366173526698e23
6.435145844375024e23
6.449814640278905e23
6.461389747805965e23
6.469890187596946e23
6.475336806337207e23
6.477752267555934e23
6.477161041253537e23
6.473589392357801e23
6.467065368011009e23
6.457618783690221e23
6.445281208164108e23
6.43008594729023e23
6.412068026657789e23
6.391264173081234e23
6.367712794951164e23
6.34145396144953e23
6.312529380637212e23
6.280982376422514e23
6.246857864419957e23
6.210202326709697e23
6.17106378550848e23
6.129491775763866e23
6.085537316684185e23
6.0392528822176476e23
5.9906923704942826e23
5.9399110722458935e23
5.886965638219186e23
5.831914045598507e23
5.774815563455084e23
5.715730717240545e23
5.654721252343029e23
5.5918500967252434e23
5.527181322663955e23
5.4607801076118716e23
5.392712694202814e23
5.3230463494222384e23
5.2518493229656446e23
5.179190804808082e23
5.105140882008607e23
5.02977049477433e23
4.9531513918088565e23
4.875356084971299e23
4.796457803271813e23
4.716530446230784e23
4.635648536629032e23
4.5538871726771816e23
4.471321979632635e23
4.38802906089337e23
4.3040849485981764e23
4.2195665537632144e23
4.13455111598581e23
4.049116152746277e23
3.9633394083393076e23
3.877298802466879e23
3.791072378524919e23
3.704738251616445e23
3.618374556324357e23
3.53205939427697e23
3.445870781540484e23
3.3598865958720665e23
3.274184523868092e23
3.1888420080420526e23
3.1039361938670734e23
3.0195438768180504e23
2.935741449448812e23
2.8526048485395696e23
2.770209502350563e23
2.6886302780175137e23
2.60794142912481e23
2.5282165434924288e23
2.449528491212705e23
2.3719493729729518e23
2.2955504687001947e23
2.2204021865641644e23
2.146574012374453e23
2.0741344594082663e23
2.003151018704522e23
1.933690109860297e23
1.8658170323654497e23
1.7995959175110597e23
1.735089680907209e23
1.6723599756454338e23
1.611467146140848e23
1.552470182688984e23
1.4954266767718399e23
1.4403927771474905e23
1.3874231467572867e23
1.3365709204843278e23
1.2878876637965528e23
1.2414233323074079e23
1.197226232286582e23
1.15534298215304e23
1.1158184749819453e23
1.078695842056687e23
1.0440164174967311e23
1.0118197039915257e23
9.821433396699521e22
9.550230661345874e22
9.304926976891726e22
9.085840917870739e22
8.893271207282206e22
8.727496446308655e22
8.588774857042656e22
8.477344038474101e22
8.393420735983157e22
8.337200624577014e22
8.308858106100535e22
8.308546120642105e22
8.336395972350999e22
8.39251716987076e22
8.476997281587444e22
8.589901805882128e22
8.731274056568004e22
8.901135063684189e22
9.099483489809279e22
9.326295562047794e22
9.581525019834364e22
9.865103078689898e22
1.0176938410055496e23
1.0516917137318939e23
1.0884902848139274e23
1.1280736623165227e23
1.1704237081232159e23
1.2155200441112755e23
1.2633400599885605e23
1.3138589227975936e23
1.3670495880911448e23
1.4228828127826239e23
1.4813271696733961e23
1.5423490636581716e23
1.6059127496084156e23
1.6719803519326643e23
1.7405118858115328e23
1.8114652801040765e23
1.8847964019209882e23
1.9604590828591293e23
2.0384051468905725e23
2.1185844398983718e23
2.200944860850053e23
2.2854323945986703e23
2.3719911463002266e23
2.4605633774349734e23
2.5510895434191652e23
2.6435083327924526e23
2.737756707965272e23
2.8337699475091583e23
2.9314816899720388e23
3.0308239791991634e23
3.1317273111396227e23
3.234120682116764e23
3.3379316385402054e23
3.4430863280356917e23
3.549509551968201e23
3.6571248193324503e23
3.76585440198397e23
3.875619391182841e23
3.9863397554210716e23
4.0979343995037824e23
4.210321224852958e23
4.323417191001854e23
4.437138378247028e23
4.5514000514239204e23
4.666116724771079e23
4.78120222784698e23
4.896569772462646e23
5.012132020592354e23
5.12780115322355e23
5.243488940106546e23
5.359106810363544e23
5.4745659239157155e23
5.589777243686237e23
5.704651608536412e23
5.819099806891166e23
5.933032651009664e23
6.046361051855704e23
6.158996094522137e23
6.270849114162822e23
6.381831772384892e23
6.491856134053504e23
6.6008347444607e23
6.70868070680938e23
6.81530775996279e23
6.92063035640965e23
7.024563740394096e23
7.127024026159661e23
7.227928276255774e23
7.32719457985486e23
7.424742131027942e23
7.520491306926084e23
7.614363745814844e23
7.706282424908621e23
7.79617173795139e23
7.88395757249033e23
7.969567386788451e23
8.052930286322353e23
8.133977099810984e23
8.212640454721324e23
8.288854852196703e23
8.362556741353681e23
8.433684592893165e23
8.502178971971715e23
8.567982610278974e23
8.631040477267274e23
8.691299850479685e23
8.748710384922984e23
8.803224181432039e23
8.85479585397274e23
8.903382595830614e23
8.948944244632586e23
8.991443346149992e23
9.030845216831054e23
9.067118005011673e23
9.100232750753692e23
9.130163444260512e23
9.156887082820298e23
9.180383726227682e23
9.200636550635467e23
9.217631900788545e23
9.231359340592748e23
9.241811701972375e23
9.24898513197054e23
9.252879138047566e23
9.253496631533295e23
9.250843969190086e23
9.244930992844263e23
9.235771067044391e23
9.223381114706222e23
9.207781650704498e23
9.188996813373416e23
9.167054393878165e23
9.141985863421261e23
9.113826398248476e23
9.082614902420082e23
9.048394028314705e23
9.011210194833869e23
8.971113603276744e23
8.928158250855806e23
8.882401941825467e23
8.83390629619676e23
8.782736756013034e23
8.72896258916215e23
8.672656890702984e23
8.61389658168463e23
8.552762405438565e23
8.489338921325403e23
8.423714495919159e23
8.355981291613665e23
8.286235252637152e23
8.21457608846238e23
8.141107254601642e23
8.065935930777079e23
7.989172996458618e23
7.910933003763256e23
7.831334147711079e23
7.750498233835068e23
7.668550643143234e23
7.585620294433425e23
7.501839603962546e23
7.417344442473965e23
7.33227408958818e23
7.24677118556366e23
7.160981680436447e23
7.075054780548797e23
6.989142892478728e23
6.90340156438428e23
6.817989424777509e23
6.733068118745587e23
6.648802241637512e23
6.565359270236933e23
6.482909491443172e23
6.401625928484234e23
6.321684264687356e23
6.243262764834288e23
6.166542194129961e23
6.091705734815397e23
6.0189389004567645e23
5.948429447944584e23
5.880367287238503e23
5.814944388894751e23
5.752354689415059e23
5.6927939944573585e23
5.636459879950251e23
5.58355159115456e23
5.5342699397173645e23
5.4888171987648614e23
5.4473969960823166e23
5.4102142054306954e23
5.377474836051149e23
5.3493859204099034e23
5.326155400237643e23
5.307992010918669e23
5.2951051642868736e23
5.287704829886577e23
5.286001414757874e23
5.2902056418071186e23
5.3005284268249506e23
5.317180754215018e23
5.3403735514981593e23
5.370317562657565e23
5.4072232203921635e23
5.4513005173461e23
5.502758876383543e23
5.5618070199788154e23
5.6286528387934295e23
5.703503259511862e23
5.786564112009454e23
5.878039995926302e23
5.978134146722171e23
6.08704830128805e23
6.204982563191095e23
6.3321352676297e23
6.46870284617734e23
6.614879691393241e23
6.770858021379354e23
6.936827744363401e23
7.112976323388201e23
7.299488641188367e23
7.496546865335015e23
7.704330313730863e23
7.923015320537066e23
8.152775102614373e23
8.39377962656089e23
8.646195476429303e23
8.91018572220628e23
9.185909789137264e23
9.473523327978934e23
9.773178086263277e23
1.0085021780655522e24
1.0409197970489018e24
1.0745845932559652e24
1.1095100537262438e24
1.1457092126152168e24
1.1831946391010859e24
1.2219784254502082e24
1.2620721752495094e24
1.303486991813819e24
1.346233466776204e24
1.390321668869251e24
1.435761132905209e24
1.482560848962789e24
1.530729251788502e24
1.5802742104200254e24
1.631203018039415e24
1.6835223820635514e24
1.7372384144793038e24
1.7923566224307197e24
1.8488818990654973e24
1.9068185146478256e24
1.9661701079447107e24
2.0269396778924932e24
2.089129575550549e24
2.1527414963486951e24
2.2177764726348486e24
2.2842348665293474e24
2.352116363092141e24
2.421419963809051e24
2.4921439804028383e24
2.56428602897519e24
2.6378430244849947e24
2.7128111755685313e24
2.789185979706858e24
2.8669622187455287e24
2.946133954771625e24
3.026694526352957e24
3.108636545143832e24
3.1919518928621687e24
3.2766317186418463e24
3.362666436764561e24
3.4500457247749263e24
3.538758521982519e24
3.6287930283542707e24
3.7201367038005473e24
3.8127762678577064e24
3.9066976997702973e24
4.0018862389752007e24
4.098326385990234e24
4.1960019037093763e24
4.294895819106519e24
4.3949904253494497e24
4.496267284325669e24
4.5987072295810565e24
4.7022903696726515e24
4.8069960919362566e24
4.912803066669336e24
5.019689251729637e24
5.127631897549525e24
5.236607552565942e24
5.34659206906559e24
5.4575606094445e24
5.5694876528814e24
5.682347002423546e24
5.796111792483641e24
5.910754496746315e24
6.026246936482167e24
6.142560289267365e24
6.259665098106422e24
6.37753128095538e24
6.49612814064277e24
6.615424375185165e24
6.735388088493862e24
6.855986801469257e24
6.977187463478979e24
7.098956464215813e24
7.221259645930855e24
7.344062316037659e24
7.467329260082333e24
7.591024755074601e24
7.715112583174662e24
7.839556045730164e24
7.964317977657679e24
8.089360762162728e24
8.214646345791967e24
8.340136253811371e24
8.46579160590362e24
8.591573132177759e24
8.717441189484286e24
8.843355778028121e24
8.969276558272038e24
9.095162868123e24
9.220973740393138e24
9.346667920527617e24
9.472203884590889e24
9.597539857502759e24
9.722633831515824e24
9.847443584925094e24
9.971926701000948e24
1.0096040587136177e25
1.0219742494197535e25
1.0342989536072427e25
1.0465738709400918e25
1.0587946913483124e25
1.070957097035198e25
1.083056764500127e25
1.0950893665758384e25
1.1070505744791617e25
1.118936059874106e25
1.1307414969462687e25
1.142462564487465e25
1.1540949479894724e25
1.1656343417458009e25
1.1770764509603642e25
1.1884169938619272e25
1.1996517038231831e25
1.2107763314833378e25
1.2217866468730304e25
1.2326784415404417e25
1.243447530677421e25
1.2540897552444607e25
1.2646009840933482e25
1.2749771160863044e25
1.2852140822104305e25
1.295307847686276e25
1.3052544140693385e25
1.3150498213432978e25
1.324690150003797e25
1.3341715231315753e25
1.3434901084537593e25
1.3526421203921279e25
1.361623822097139e25
1.3704315274665612e25
1.3790616031475022e25
1.3875104705206603e25
1.395774607665627e25
1.4038505513060635e25
1.4117348987335858e25
1.4194243097092117e25
1.4269155083411975e25
1.434205284938143e25
1.4412904978362192e25
1.448168075199391e25
1.4548350167915353e25
1.4612883957193332e25
1.467525360144854e25
1.473543134966761e25
1.479339023469042e25
1.4849104089362485e25
1.490254756234183e25
1.4953696133550111e25
1.5002526129258015e25
1.5049014736794932e25
1.509314001887321e25
1.5134880927517363e25
1.5174217317588912e25
1.5211129959897667e25
1.5245600553890337e25
1.5277611739907864e25
1.5307147111002657e25
1.5334191224307616e25
1.5358729611948493e25
1.538074879149197e25
1.540023627592146e25
1.5417180583133378e25
1.54315712449466e25
1.5443398815618054e25
1.5452654879857869e25
1.545933206033747e25
1.5463424024684548e25
1.5464925491958863e25
1.5463832238603278e25
1.546014110386466e25
1.5453849994679424e25
1.5444957890019082e25
1.5433464844691098e25
1.5419371992590913e25
1.5402681549401128e25
1.538339681473433e25
1.5361522173716027e25
1.5337063098004837e25
1.5310026146247154e25
1.5280418963963835e25
1.5248250282866877e25
1.5213529919604334e25
1.5176268773931871e25
1.5136478826310114e25
1.5094173134926607e25
1.5049365832142332e25
1.5002072120362147e25
1.4952308267329944e25
1.4900091600848371e25
1.4845440502924447e25
1.478837440334208e25
1.472891377266297e25
1.466708011465788e25
1.4602895958170175e25
1.453638484841456e25
1.4467571337713408e25
1.4396480975674376e25
1.432314029881226e25
1.4247576819619414e25
1.41698190150888e25
1.4089896314693856e25
1.4007839087830681e25
1.3923678630726927e25
1.383744715282373e25
1.3749177762635701e25
1.3658904453095758e25
1.3566662086391054e25
1.3472486378296496e25
1.33764138820136e25
1.3278481971521366e25
1.3178728824447596e25
1.307719340446806e25
1.2973915443242414e25
1.2868935421894993e25
1.2762294552049733e25
1.2654034756428543e25
1.254419864902202e25
1.2432829514843228e25
1.2319971289273611e25
1.2205668537012317e25
1.2089966430638677e25
1.1972910728799404e25
1.1854547754031334e25
1.1734924370230796e25
1.1614087959782062e25
1.149208640035561e25
1.1368968041389494e25
1.1244781680265004e25
1.1119576538190227e25
1.0993402235803161e25
1.0866308768508573e25
1.0738346481560637e25
1.060956604490532e25
1.0480018427796144e25
1.0349754873196507e25
1.0218826871983214e25
1.008728613696443e25
9.955184576727058e24
9.822574269327479e24
9.689507435840064e24
9.556036413778626e24
9.422213630404848e24
9.28809157593938e24
9.153722776689769e24
9.019159768111036e24
8.884455067813539e24
8.749661148533836e24
8.614830411083472e24
8.48001515729124e24
8.345267562954737e24
8.210639650815918e24
8.076183263577186e24
7.941950036972475e24
7.807991372910193e24
7.674358412702257e24
7.54110201039606e24
7.408272706224066e24
7.275920700186981e24
7.14409582578627e24
7.012847523920889e24
6.882224816964423e24
6.752276283037473e24
6.62305003049105e24
6.494593672615916e24
6.366954302593179e24
6.24017846870155e24
6.114312149795556e24
5.989400731070451e24
5.86548898012766e24
5.742621023356438e24
5.620840322645122e24
5.500189652437301e24
5.380711077146405e24
5.262445928943012e24
5.145434785928915e24
5.029717450711063e24
4.915332929389424e24
4.802319410971667e24
4.6907142472279236e24
4.580553932998171e24
4.4718740869653306e24
4.36470943290593e24
4.259093781430769e24
4.155060012227428e24
4.0526400568161307e24
3.951864881830442e24
3.8527644728336105e24
3.755367818681756e24
3.6597028964439833e24
3.5657966568897795e24
3.4736750105537683e24
3.383362814386894e24
3.294883859004012e24
3.208260856536001e24
3.1235154290957043e24
3.0406680978653924e24
2.9597382728141267e24
2.8807442430521853e24
2.803703167829947e24
2.7286310681880795e24
2.655542819265408e24
2.584452143270625e24
2.515371603123414e24
2.4483125967705656e24
2.3832853521817493e24
2.3202989230296294e24
2.2593611850585297e24
2.2004788331451236e24
2.1436573790549328e24
2.088901149897057e24
2.036213287280066e24
1.9855957471709007e24
1.937049300458635e24
1.8905735342242538e24
1.846166853717338e24
1.8038264850400601e24
1.7635484785385515e24
1.7253277129010918e24
1.6891578999623283e24
1.6550315902122478e24
1.6229401790081158e24
1.5928739134873092e24
1.5648219001783272e24
1.5387721133071578e24
1.514711403795335e24
1.4926255089459595e24
1.4724990628132933e24
1.4543156072512417e24
1.438057603635492e24
1.4237064452537905e24
1.41124247035825e24
1.4006449758733569e24
1.3918922317527192e24
1.3849614959773067e24
1.379829030187557e24
1.3764701159411167e24
1.374859071587866e24
1.3749692697531508e24
1.3767731554200158e24
1.3802422646007526e24
1.3853472435874984e24
1.3920578687716237e24
1.4003430670208155e24
1.4101709366028275e24
1.42150876864406e24
1.434323069111219e24
1.4485795813034587e24
1.4642433088425673e24
1.481278539148002e24
1.499648867383355e24
1.519317220860741e24
1.5402458838887926e24
1.5623965230501897e24
1.5857302128937805e24
1.61020746202654e24
1.635788239590028e24
1.6624320021056725e24
1.690097720673304e24
1.718743908506531e24
1.748328648788916e24
1.778809622834012e24
1.810144138532727e24
1.8422891590706174e24
1.8752013318980496e24
1.9088370179356002e24
1.9431523209968507e24
1.978103117410943e24
2.013645085826426e24
2.0497337371784748e24
2.0863244448006923e24
2.1233724746632394e24
2.1608330157182292e24
2.1986612103337815e24
2.2368121847976565e24
2.2752410798712541e24
2.3139030813750735e24
2.3527534507860118e24
2.3917475558275193e24
2.4308409010328404e24
2.4699891582621804e24
2.50914819715417e24
2.548274115492013e24
2.587323269465037e24
2.62625230380578e24
2.66501818178341e24
2.703578215033661e24
2.7418900932060926e24
2.779911913408971e24
2.8176022094326277e24
2.8549199807318834e24
2.891824721148252e24
2.928276447352985e24
2.9642357269917046e24
2.9996637065119657e24
3.0345221386547024e24
3.0687734095912276e24
3.1023805656870193e24
3.135307339874213e24
3.1675181776145626e24
3.198978262434884e24
3.229653541017406e24
3.259510747827295e24
3.288517429260259e24
3.316641967292978e24
3.3438536026197127e24
3.370122457258448e24
3.395419556610251e24
3.4197168509559876e24
3.442987236374508e24
3.4652045750670595e24
3.486343715072699e24
3.5063805093600707e24
3.5252918342810046e24
3.543055607371919e24
3.559650804489307e24
3.5750574762658775e24
3.5892567638744533e24
3.602230914086939e24
3.613963293616231e24
3.624438402729191e24
3.633641888119355e24
3.641560555028358e24
3.648182378605568e24
3.6534965144957937e24
3.6574933086454425e24
3.6601643063178784e24
3.661502260309292e24
3.6615011383567384e24
3.660156129730612e24
3.65746365100418e24
3.653421350993364e24
3.6480281148604716e24
3.641284067375935e24
3.633190575332884e24
3.623750249109554e24
3.6129669433754024e24
3.6008457569369813e24
3.587393031720475e24
3.5726163508880425e24
3.5565245360858327e24
3.5391276438220357e24
3.520436960973787e24
3.500464999422453e24
3.4792254898171355e24
3.456733374467089e24
3.433004799363916e24
3.408057105335403e24
3.381908818332964e24
3.3545796388554937e24
3.3260904305130553e24
3.296463207733945e24
3.265721122619872e24
3.2338884509538884e24
3.20099057736685e24
3.167053979668261e24
3.1321062123481444e24
3.096175889257292e24
3.059292665473242e24
3.021487218360628e24
2.982791227834304e24
2.943237355834978e24
2.902859225026795e24
2.861691396727685e24
2.819769348083063e24
2.7771294484944864e24
2.7338089353153275e24
2.689845888825639e24
2.6452792064996027e24
2.6001485765786317e24
2.55449445096452e24
2.508358017446709e24
2.461781171278998e24
2.4148064861208752e24
2.3674771843594048e24
2.3198371068282192e24
2.271930681940091e24
2.223802894250727e24
2.1754992524710578e24
2.1270657569465596e24
2.078548866621764e24
2.0299954655090943e24
1.9814528286814179e24
1.932968587807747e24
1.8845906962525762e24
1.8363673937589119e24
1.7883471707361984e24
1.7405787321739177e24
1.6931109612026988e24
1.6459928823245127e24
1.5992736243340926e24
1.5530023829541926e24
1.5072283832070378e24
1.4620008415453171e24
1.4173689277655683e24
1.3733817267277495e24
1.3300881999044278e24
1.2875371467837303e24
1.245777166149982e24
1.2048566172664211e24
1.1648235809845772e24
1.1257258208047185e24
1.087610743912449e24
1.0505253622160738e24
1.0145162534101061e24
9.796295220897688e23
9.459107609418666e23
9.134050120373891e23
8.821567282510312e23
8.522097348332512e23
8.236071911600919e23
7.963915526863991e23
7.706045331277227e23
7.462870668964529e23
7.234792718174715e23
7.022204121487074e23
6.825488619318874e23
6.645020686986057e23
6.481165175568669e23
6.334276956830079e23
6.204700572439363e23
6.092769887742794e23
5.9988077503307036e23
5.923125653642804e23
5.866023405853867e23
5.8277888042794665e23
5.808697315538752e23
5.80901176170989e23
5.828982012709819e23
5.868844685128804e23
5.928822847746108e23
6.009125733950945e23
6.109948461289295e23
6.231471758354318e23
6.37386169923357e23
6.537269445724606e23
6.721830997524049e23
6.92766695059495e23
7.154882263908406e23
7.403566034756776e23
7.673791282827397e23
7.96561474322173e23
8.279076668603811e23
8.614200640651345e23
8.97099339098441e23
9.34944463173537e23
9.749526895924838e23
1.0171195387797177e24
1.0614387843269048e24
1.1079024400636282e24
1.156500748167719e24
1.2072221683290839e24
1.260053367979439e24
1.314979213600716e24
1.3719827631233814e24
1.431045259426103e24
1.4921461249471527e24
1.5552629574171036e24
1.6203715267226304e24
1.6874457729092215e24
1.7564578053315273e24
1.8273779029578155e24
1.900174515835869e24
1.9748142677255628e24
2.0512619599038873e24
2.129480576146829e24
2.2094312888915842e24
2.2910734665830652e24
2.3743646822062125e24
2.4592607230068267e24
2.545715601401034e24
2.633681567074625e24
2.723109120270988e24
2.813947026267289e24
2.906142331036678e24
2.999640378093794e24
3.0943848265209076e24
3.190317670169788e24
3.2873792580355845e24
3.3855083157961506e24
3.4846419685115173e24
3.584715764476159e24
3.68566370021611e24
3.7874182466233487e24
3.8899103762171964e24
3.9930695915241666e24
4.0968239545643365e24
4.201100117434266e24
4.3058233539732553e24
4.410917592501137e24
4.5163054496138467e24
4.621908265022218e24
4.7276461374201565e24
4.8334379613654724e24
4.939201465158406e24
5.044853249699742e24
5.150308828312167e24
5.25548266750547e24
5.360288228667713e24
5.464638010662408e24
5.568443593311171e24
5.671615681742071e24
5.774064151580985e24
5.875698094965289e24
5.976425867355933e24
6.076155135125755e24
6.174792923899859e24
6.272245667623224e24
6.368419258331729e24
6.463219096599812e24
6.556550142640174e24
6.64831696802762e24
6.738423808021445e24
6.826774614457513e24
6.913273109183217e24
6.997822838006347e24
7.080327225128663e24
7.160689628035915e24
7.238813392813263e24
7.31460190985735e24
7.387958669953223e24
7.458787320686425e24
7.526991723158054e24
7.592476008971951e24
7.65514463746192e24
7.714902453126424e24
7.771654743239245e24
7.825307295602252e24
7.875766456408446e24
7.922939188181186e24
7.966733127756846e24
8.007056644277209e24
8.043818897157299e24
8.076929893995705e24
8.106300548392828e24
8.131842737642632e24
8.153469360264609e24
8.171094393340538e24
8.184632949622696e24
8.194001334378432e24
8.199117101937256e24
8.199899111905463e24
8.196267585014554e24
8.188144158568925e24
8.17545194145823e24
8.158115568701088e24
8.13606125548503e24
8.10921685067013e24
8.077511889721148e24
8.040877647035677e24
7.999247187634574e24
7.952555418181175e24
7.900739137297083e24
7.843737085141076e24
7.78148999221929e24
7.713940627394409e24
7.641033845062021e24
7.562716631462563e24
7.478938150098113e24
7.389649786223074e24
7.294805190378277e24
7.194360320938867e24
7.08827348564649e24
6.976505382096491e24
6.859019137151687e24
6.735780345254842e24
6.606757105611954e24
6.471920058219595e24
6.33124241870977e24
6.184700011985944e24
6.032271304625937e24
5.873937436025641e24
5.709682248260395e24
5.53949231464009e24
5.363356966935286e24
5.181268321252135e24
4.993221302534614e24
4.799213667672999e24
4.599246027199289e24
4.39332186554905e24
4.181447559871968e24
3.963632397372798e24
3.739888591165752e24
3.510231294625915e24
3.2746786142222353e24
3.033251620817024e24
2.7859743594189006e24
2.5328738573749664e24
2.273980130990714e24
2.0093261905661678e24
1.7389480438374412e24
1.4628846978144147e24
1.1811781590055193e24
8.938734320213986e23
6.010185165516893e23
3.026644027070081e23
-1.1349352774694737e21
-3.1032254698208076e23
-6.248385153891329e23
-9.446199681185696e23
-1.2696010903141295e24
-1.5997131391807568e24
-1.934884460172206e24
-2.2750405048283928e24
-2.620103850259742e24
-2.9699942202749843e24
-3.324628508148894e24
-3.683920801023931e24
-4.047782405940834e24
-4.4161218774895344e24
-4.7888450470737916e24
-5.165855053779938e24
-5.547052376839489e24
-5.932334869675464e24
-6.321597795519718e24
-6.714733864589315e24
-7.111633272807735e24
-7.512183742055804e24
-7.916270561938105e24
-8.323776633046674e24
-8.734582511705907e24
-9.148566456179188e24
-9.565604474318965e24
-9.985570372639025e24
-1.0408335806789177e25
-1.0833770333408849e25
-1.1261741463337973e25
-1.1692114716161286e25
-1.2124753676060562e25
-1.2559520048950822e25
-1.2996273720872797e25
-1.3434872817615904e25
-1.3875173765543109e25
-1.431703135358873e25
-1.4760298796401062e25
-1.5204827798597998e25
-1.5650468620106112e25
-1.6097070142550258e25
-1.6544479936662467e25
-1.6992544330675898e25
-1.7441108479671464e25
-1.789001643584046e25
-1.833911121963061e25
-1.8788234891738171e25
-1.9237228625909726e25
-1.9685932782517722e25
-2.0134186982870737e25
-2.0581830184222355e25
-2.1028700755437154e25
-2.1474636553277677e25
-2.1919474999270805e25
-2.2363053157113562e25
-2.2805207810578693e25
-2.3245775541877606e25
-2.3684592810440635e25
-2.4121496032071794e25
-2.4556321658435888e25
-2.4988906256836013e25
-2.5419086590238052e25
-2.5846699697499315e25
-2.627158297375739e25
-2.669357425093621e25
-2.7112511878324744e25
-2.7528234803185e25
-2.7940582651343735e25
-2.8349395807725185e25
-2.8754515496778724e25
-2.91557838627576e25
-2.9553044049803977e25
-2.994614028179497e25
-3.033491794190556e25
-3.0719223651843377e25
-3.109890535070994e25
-3.147381237344469e25
-3.1843795528806577e25
-3.2208707176848765e25
-3.2568401305841914e25
-3.2922733608602307e25
-3.327156155818009e25
-3.361474448286478e25
-3.395214364046286e25
-3.4283622291806206e25
-3.4609045773446475e25
-3.4928281569493872e25
-3.5241199382557403e25
-3.5547671203744734e25
-3.5847571381680386e25
-3.6140776690500184e25
-3.642716639678232e25
-3.6706622325373986e25
-3.697902892407413e25
-3.7244273327132936e25
-3.7502245417529357e25
-3.775283788798857e25
-3.7995946300702007e25
-3.8231469145712244e25
-3.8459307897927656e25
-3.8679367072730137e25
-3.889155428014149e25
-3.9095780277514204e25
-3.929195902071262e25
-3.948000771375269e25
-3.96598468568673e25
-3.983140029296655e25
-3.9994595252462516e25
-4.014936239642903e25
-4.029563585806736e25
-4.043335328245078e25
-4.056245586452022e25
-4.068288838530545e25
-4.079459924634713e25
-4.089754050229433e25
-4.099166789165613e25
-4.107694086568321e25
-4.115332261536007e25
-4.122078009648618e25
-4.1279284052827986e25
-4.132880903732306e25
-4.136933343131956e25
-4.140083946183526e25
-4.142331321682047e25
-4.1436744658412455e25
-4.144112763416688e25
-4.143645988625632e25
-4.14227430586245e25
-4.13999827020867e25
-4.136818827736965e25
-4.132737315608155e25
-4.127755461960897e25
-4.1218753855933425e25
-4.115099595436669e25
-4.1074309898199715e25
-4.098872855526685e25
-4.089428866642319e25
-4.079103083193714e25
-4.067899949580138e25
-4.055824292796416e25
-4.042881320448775e25
-4.029076618563785e25
-4.014416149191391e25
-3.998906247802581e25
-3.982553620482931e25
-3.965365340922907e25
-3.94734884720621e25
-3.928511938397553e25
-3.9088627709311285e25
-3.88840985480156e25
-3.8671620495587764e25
-3.8451285601088303e25
-3.822318932322385e25
-3.798743048452983e25
-3.774411122367296e25
-3.7493336945894354e25
-3.723521627161926e25
-3.6969860983255583e25
-3.669738597021018e25
-3.64179091721464e25
-3.613155152051461e25
-3.5838436878381883e25
-3.5538691978592395e25
-3.523244636029067e25
-3.4919832303837336e25
-3.4600984764154106e25
-3.4276041302528764e25
-3.394514201691876e25
-3.360842947078646e25
-3.3266048620506477e25
-3.2918146741380243e25
-3.2564873352298157e25
-3.2206380139090404e25
-3.1842820876603947e25
-3.1474351349551346e25
-3.110112927216954e25
-3.07233142067362e25
-3.0341067480983624e25
-2.9954552104457175e25
-2.9563932683864075e25
-2.91693753374562e25
-2.877104760849723e25
-2.836911837785779e25
-2.7963757775790565e25
-2.7555137092930395e25
-2.7143428690572037e25
-2.6728805910272647e25
-2.6311442982830505e25
-2.5891514936691893e25
-2.5469197505834558e25
-2.5044667037183086e25
-2.4618100397604394e25
-2.418967488054016e25
-2.3759568112324403e25
-2.332795795824371e25
-2.289502242839039e25
-2.2460939583363225e25
-2.2025887439871216e25
-2.159004387629138e25
-2.115358653823814e25
-2.0716692744195805e25
-2.0279539391271204e25
-1.984230286111882e25
-1.9405158926094028e25
-1.8968282655689909e25
-1.8531848323309637e25
-1.8096029313432382e25
-1.7660998029223096e25
-1.7226925800644993e25
-1.6793982793124016e25
-1.6362337916823707e25
-1.5932158736580605e25
-1.5503611382555347e25
-1.507686046165319e25
-1.4652068969764363e25
-1.4229398204879682e25
-1.3809007681130818e25
-1.3391055043809226e25
-1.2975695985412446e25
-1.2563084162771235e25
-1.2153371115305404e25
-1.174670618445891e25
-1.1343236434364214e25
-1.094310657378234e25
-1.0546458879368859e25
-1.0153433120310435e25
-9.764166484381064e24
-9.378793505461615e24
-8.997445992568388e24
-8.620252960436102e24
-8.247340561696005e24
-7.878832020695246e24
-7.514847568995383e24
-7.155504382594421e24
-6.800916520909139e24
-6.451194867559374e24
-6.106447072990126e24
-5.766777498969334e24
-5.432287164997826e24
-5.103073696664937e24
-4.779231275985257e24
-4.460850593747468e24
-4.148018803908864e24
-3.840819480063969e24
-3.5393325740185396e24
-3.2436343764956295e24
-2.953797480000925e24
-2.669890743874362e24
-2.3919792615501663e24
-2.120124330051056e24
-1.854383421736267e24
-1.5948101583261243e24
-1.3414542872208815e24
-1.0943616601325675e24
-8.535742140469178e23
-6.191299545297179e23
-3.910629413927093e23
-1.69403276730393e23
4.582290465960722e22
2.545934424643273e23
4.5689015564148446e23
6.526988447980408e23
8.420092921549171e23
1.0248152590937393e24
1.2011144812836576e24
1.3709086613858215e24
1.534203459336911e24
1.691008480212217e24
1.8413372596724585e24
1.9852072469979081e24
2.1226397857165125e24
2.2536600918333218e24
2.3782972296698197e24
2.496584085324208e24
2.608557337763691e24
2.7142574275629186e24
2.813728523302509e24
2.907018485644561e24
2.994178829102343e24
3.075264681523338e24
3.1503347413063357e24
3.2194512323741397e24
3.28267985692562e24
3.3400897459914335e24
3.391753407819881e24
3.43774667412014e24
3.4781486441918353e24
3.51304162697119e24
3.5425110810251916e24
3.5666455525267455e24
3.5855366112449103e24
3.5992787845857253e24
3.607969489720335e24
3.6117089638384114e24
3.610600192566075e24
3.6047488365887854e24
3.5942631565207784e24
3.579253936063927e24
3.559834403499861e24
3.5361201515605806e24
3.508229055723547e24
3.4762811909787506e24
3.440398747115841e24
3.4007059425807696e24
3.357328936952374e24
3.310395742089948e24
3.260036132004484e24
3.206381551506236e24
3.149565023683228e24
3.08972105626513e24
3.0269855469286954e24
2.9614956876009665e24
2.893389867817692e24
2.8228075771951734e24
2.749889307073913e24
2.6747764513939394e24
2.597611206861333e24
2.5185364724672226e24
2.437695748419874e24
2.3552330345518922e24
2.271292728264974e24
2.1860195220743613e24
2.0995583008167393e24
2.012054038584514e24
1.9236516954507845e24
1.834496114048785e24
1.7447319160705676e24
1.6545033987493153e24
1.5639544313902023e24
1.47322835201512e24
1.3824678641858162e24
1.2918149340713733e24
1.2014106878245491e24
1.1113953093330497e24
1.0219079384100762e24
9.330865694901338e23
8.450679508945231e23
7.579874847315995e23
6.719791274967316e23
5.8717529143587066e23
5.037067467374342e23
4.2170252461599965e23
3.4128982135155617e23
2.6259390334722102e23
1.8573801326817215e23
1.1084327732421779e23
3.802861375725357e22
-3.258935740476527e22
-1.0089640326715782e23
-1.6678076560087227e23
-2.3013324692904194e23
-2.9084729510860513e23
-3.4881908634968656e23
-4.039476066154152e23
-4.561347313458611e23
-5.052853034510315e23
-5.513072095180217e23
-5.941114541791018e23
-6.336122325878061e23
-6.697270009517104e23
-7.02376545070934e23
-7.314850468331692e23
-7.569801486165415e23
-7.787930155531124e23
-7.968583956067404e23
-8.111146774205071e23
-8.21503945889716e23
-8.279720354182223e23
-8.304685808166016e23
-8.289470658024798e23
-8.233648690643384e23
-8.136833078515462e23
-7.998676790549497e23
-7.818872977434542e23
-7.597155331238233e23
-7.333298418920212e23
-7.027117989463466e23
-6.678471254336507e23
-6.287257141018262e23
-5.853416519333051e23
-5.376932400354438e23
-4.857830107660764e23
-4.296177420731053e23
-3.692084690298016e23
-3.045704925478832e23
-2.35723385253441e23
-1.626909945111673e23
-8.550144258493803e22
-4.1871239244791624e21
8.121530043137312e22
1.7066491134101665e23
2.641165429422029e23
3.6152079693271315e23
4.6282405975199924e23
5.6796852266363145e23
6.76892204736439e23
7.89528978721613e23
9.058085998195243e23
1.0256567373301383e24
1.1489950091771525e24
1.2757410192961723e24
1.4058083978735333e24
1.5391068444223116e24
1.6755421736790692e24
1.8150163643033594e24
1.9574276103611125e24
2.1026703755695334e24
2.2506354502814738e24
2.4012100111832808e24
2.554277683680629e24
2.7097186069428844e24
2.8674095015766836e24
3.0272237398967415e24
3.189031418759857e24
3.3526994349278916e24
3.518091562921705e24
3.685068535328705e24
3.8534881255226316e24
4.023205232754867e24
4.1940719695732714e24
4.365937751523445e24
4.538649389086675e24
4.7120511818053846e24
4.885985014547689e24
5.060290455858795e24
5.234804858347935e24
5.409363461055714e24
5.583799493747291e24
5.757944283074472e24
5.931627360548113e24
6.104676572262294e24
6.276918190308461e24
6.448177025818702e24
6.618276543573823e24
6.787038978112778e24
6.9542854512771e24
7.119836091124219e24
7.283510152141754e24
7.445126136693481e24
7.60450191762801e24
7.761454861978318e24
7.915801955681538e24
8.067359929245046e24
8.215945384286494e24
8.361374920872893e24
8.503465265583486e24
8.642033400221123e24
8.776896691094985e24
8.907873018798102e24
9.034780908401284e24
9.157439659985602e24
9.27566947943424e24
9.389291609404628e24
9.49812846040101e24
9.602003741867154e24
9.700742593219175e24
9.794171714737186e24
9.882119498235325e24
9.964416157428543e24
1.0040893857915111e25
1.0111386846693394e25
1.0175731581131394e25
1.023376685730753e25
1.028533393764151e25
1.0330276677733638e25
1.0368441652331778e25
1.0399678280344599e25
1.0423838948820866e25
1.0440779135813887e25
1.0450357532051295e25
1.0452436161330596e25
1.0446880499560774e25
1.0433559592371784e25
1.0412346171213198e25
1.0383116767864745e25
1.0345751827281395e25
1.030013581869716e25
1.024615734491141e25
1.0183709249683249e25
1.011268872316024e25
1.003299740526746e25
9.944541486985873e24
9.847231809447572e24
9.74098396077882e24
9.625718370620571e24
9.501360402259558e24
9.367840442302024e24
9.225093987824681e24
9.073061730939107e24
8.911689640704707e24
8.740929042330315e24
8.560736693601886e24
8.371074858478998e24
8.171911377800809e24
7.963219737045877e24
7.744979131091938e24
7.517174525920362e24
7.279796717216317e24
7.032842385811854e24
6.776314149926552e24
6.510220614156081e24
6.23457641516664e24
5.949402264049952e24
5.654724985298219e24
5.350577552360736e24
5.036999119741768e24
4.714035051607294e24
4.381736946863311e24
4.0401626606772024e24
3.6893763224086826e24
3.3294483499259603e24
2.9604554602780736e24
2.5824806767008416e24
2.195613331935718e24
1.7999490678385307e24
1.395589831264579e24
9.826438662101428e23
5.6122570220131445e23
1.3145613891507216e23
-3.06537772974811e23
-7.526227547325851e23
-1.2066593262848766e24
-1.668501836731955e24
-2.1379984986517495e24
-2.614991426189331e24
-3.099316676933287e24
-3.5908042975673197e24
-4.0892783732929736e24
-4.5945570810110545e24
-5.106452746246679e24
-5.624771903807703e24
-6.149315362152993e24
-6.679878271457079e24
-7.216250195343087e24
-7.7582151862661e24
-8.305551864514231e24
-8.858033500804339e24
-9.415428102439029e24
-9.977498502990295e24
-1.0544002455479838e25
-1.1114692729011937e25
-1.1689317208826613e25
-1.2267618999724587e25
-1.2849336532825753e25
-1.343420367561319e25
-1.402194984521269e25
-1.4612300124863057e25
-1.5204975383518768e25
-1.5799692398537516e25
-1.6396163981389955e25
-1.6994099106340439e25
-1.7593203042032113e25
-1.8193177485919986e25
-1.8793720701485967e25
-1.9394527658168128e25
-1.9995290173942263e25
-2.0595697060479656e25
-2.1195434270817284e25
-2.179418504946035e25
-2.2391630084850396e25
-2.29874476641155e25
-2.358131383003094e25
-2.4172902540108405e25
-2.476188582773155e25
-2.5347933965260405e25
-2.5930715629014307e25
-2.650989806605596e25
-2.708514726268234e25
-2.7656128114541005e25
-2.822250459828033e25
-2.878393994464091e25
-2.9340096812902857e25
-2.989063746658905e25
-3.0435223950338115e25
-3.0973518267845226e25
-3.150518256078245e25
-3.202987928859508e25
-3.2547271409082024e25
-3.305702255965975e25
-3.3558797239209517e25
-3.4052260990412335e25
-3.453708058246518e25
-3.5012924194085012e25
-3.5479461596691354e25
-3.5936364337673005e25
-3.6383305923629388e25
-3.6819962003489666e25
-3.7246010551404116e25
-3.766113204930214e25
-3.806500966901949e25
-3.8457329453883655e25
-3.883778049966094e25
-3.920605513475513e25
-3.9561849099558955e25
-3.990486172485236e25
-4.023479610914402e25
-4.055135929485526e25
-4.085426244323916e25
-4.114322100793836e25
-4.141795490707251e25
-4.16781886937607e25
-4.192365172497117e25
-4.215407832860278e25
-4.236920796869658e25
-4.256878540867576e25
-4.275256087252113e25
-4.292029020377779e25
-4.307173502230306e25
-4.320666287865331e25
-4.332484740602006e25
-4.342606846961921e25
-4.351011231344037e25
-4.357677170426696e25
-4.362584607287312e25
-4.365714165231373e25
-4.367047161321381e25
-4.36656561959773e25
-4.36425228398244e25
-4.360090630857898e25
-4.354064881312225e25
-4.346160013043111e25
-4.3363617719126624e25
-4.324656683145086e25
-4.311032062160222e25
-4.295476025035118e25
-4.277977498586802e25
-4.258526230069345e25
-4.237112796478159e25
-4.21372861345531e25
-4.188365943789138e25
-4.161017905502495e25
-4.131678479523126e25
-4.100342516930992e25
-4.0670057457765646e25
-4.031664777465243e25
-3.994317112702437e25
-3.954961146994821e25
-3.913596175703014e25
-3.870222398641292e25
-3.8248409242203694e25
-3.777453773129276e25
-3.7280638815525655e25
-3.6766751039200386e25
-3.6232922151850586e25
-3.5679209126292448e25
-3.5105678171905647e25
-3.4512404743127324e25
-3.389947354313546e25
-3.32669785227064e25
-3.2615022874227814e25
-3.1943719020857217e25
-3.1253188600812966e25
-3.054356244679234e25
-2.9814980560510674e25
-2.906759208235943e25
-2.8301555256185207e25
-2.751703738918824e25
-2.6714214806956532e25
-2.589327280363144e25
-2.5054405587226386e25
-2.4197816220108016e25
-2.3323716554658783e25
-2.243232716414e25
-2.152387726877772e25
-2.0598604657097563e25
-1.965675560253572e25
-1.8698584775356983e25
-1.7724355149913912e25
-1.6734337907282096e25
-1.5728812333311674e25
-1.4708065712135514e25
-1.3672393215179663e25
-1.2622097785718461e25
-1.1557490019033797e25
-1.0478888038217447e25
-9.386617365680937e24
-8.281010790425975e24
-7.162408231136298e24
-6.031156595152237e24
-4.887609633394117e24
-3.732127791299724e24
-2.5650780558473283e24
-1.3868337987346225e24
-1.9777461578873742e23
1.0017138373164115e24
2.2112400129566904e24
3.430406642986161e24
4.6588109136186674e24
5.896044643666197e24
7.141694466061327e24
8.395342012562288e24
9.656564101555017e24
1.0924932928856103e25
1.2200016261422698e25
1.3481377633871078e25
1.4768576547704785e25
1.606116867315181e25
1.7358706053507681e25
1.8660737311880263e25
1.9966807860230317e25
2.1276460110600695e25
2.258923368842408e25
2.3904665647799474e25
2.522229068862897e25
2.6541641375491175e25
2.78622483581515e25
2.9183640593582322e25
3.0505345569381514e25
3.1826889528469724e25
3.314779769494895e25
3.446759450100108e25
3.5785803814707305e25
3.7101949168666138e25
3.8415553989287656e25
3.972614182664239e25
4.10332365847396e25
4.233636275211282e25
4.363504563258689e25
4.492881157610141e25
4.621718820947022e25
4.749970466693978e25
4.877589182043622e25
5.004528250936362e25
5.130741176983316e25
5.256181706319559e25
5.380803850375237e25
5.5045619085519476e25
5.627410490791885e25
5.749304540027263e25
5.870199354497591e25
5.9900506099223375e25
6.108814381516716e25
6.226447165838244e25
6.342905902451828e25
6.458147995401592e25
6.572131334476419e25
6.684814316258571e25
6.7961558649424745e25
6.9061154529123216e25
7.0146531210667746e25
7.121729498879169e25
7.227305824181866e25
7.3313439626634104e25
7.433806427067367e25
7.534656396081795e25
7.6338577329085505e25
7.7313750035016615e25
7.827173494464284e25
7.921219230593831e25
8.013478992065095e25
8.103920331241548e25
8.192511589104382e25
8.27922191129057e25
8.364021263729813e25
8.446880447871468e25
8.527771115492322e25
8.606665783076625e25
8.683537845759517e25
8.758361590825834e25
8.831112210755944e25
8.901765815810956e25
8.970299446149509e25
9.036691083468862e25
9.100919662163276e25
9.162965079992569e25
9.222808208254558e25
9.280430901454978e25
9.335816006468493e25
9.38894737118567e25
9.439809852639824e25
9.488389324608964e25
9.53467268468752e25
9.578647860823661e25
9.620303817317393e25
9.65963056027588e25
9.696619142521762e25
9.731261667951571e25
9.763551295340534e25
9.793482241591391e25
9.8210497844246e25
9.846250264507446e25
9.869081087020849e25
9.889540722661216e25
9.907628708077371e25
9.923345645740516e25
9.936693203247363e25
9.947674112055704e25
9.956292165652569e25
9.962552217155585e25
9.966460176347607e25
9.968023006146426e25
9.967248718509993e25
9.964146369779659e25
9.958726055462708e25
9.950998904456806e25
9.940977072719095e25
9.928673736382365e25
9.914103084322384e25
9.897280310178808e25
9.87822160383484e25
9.856944142358722e25
9.833466080412457e25
9.807806540131926e25
9.779985600483828e25
9.750024286105147e25
9.717944555630195e25
9.683769289512182e25
9.647522277344728e25
9.609228204690886e25
9.568912639425738e25
9.5266020176006e25
9.482323628835746e25
9.436105601249593e25
9.38797688593295e25
9.337967240975552e25
9.28610721505492e25
9.232428130595025e25
9.176962066505122e25
9.119741840507254e25
9.060800991062436e25
9.000173758905703e25
8.937895068199403e25
8.874000507316064e25
8.808526309260403e25
8.741509331742357e25
8.672987036911139e25
8.60299747076255e25
8.53157924223022e25
8.458771501972772e25
8.384613920869016e25
8.30914666823248e25
8.232410389758488e25
8.154446185215023e25
8.07529558589117e25
7.99500053181461e25
7.91360334875218e25
7.831146725005618e25
7.747673688015967e25
7.663227580790336e25
7.577852038163436e25
7.4915909629085816e25
7.40448850171061e25
7.316589021015533e25
7.227937082769855e25
7.138577420063821e25
7.048554912692875e25
6.9579145626505425e25
6.8667014695678595e25
6.774960806112438e25
6.682737793362424e25
6.5900776761685065e25
6.497025698519247e25
6.40362707892321e25
6.309926985822432e25
6.215970513051972e25
6.121802655358806e25
6.027468283995549e25
5.933012122402017e25
5.838478721990028e25
5.743912438044403e25
5.649357405755467e25
5.554857516396156e25
5.460456393658089e25
5.36619737016091e25
5.272123464147795e25
5.178277356382032e25
5.084701367257135e25
4.991437434135131e25
4.898527088925618e25
4.806011435919186e25
4.713931129888716e25
4.622326354470793e25
4.531236800841072e25
4.440701646695366e25
4.350759535549953e25
4.261448556372538e25
4.172806223557091e25
4.084869457253709e25
3.997674564065734e25
3.9112572181260355e25
3.825652442563133e25
3.7408945913692823e25
3.6570173316805835e25
3.57405362648081e25
3.492035717738538e25
3.4109951099887556e25
3.3309625543682717e25
3.251968033114998e25
3.1740407445408535e25
3.0972090884869074e25
3.0215006522705166e25
2.9469421971323255e25
2.8735596451923737e25
2.801378066922705e25
2.7304216691446353e25
2.6607137835583762e25
2.592276855811671e25
2.525132435115031e25
2.459301164409441e25
2.3948027710935214e25
2.3316560583153435e25
2.2698788968352243e25
2.2094882174641796e25
2.1505000040832506e25
2.0929292872484573e25
2.0367901383851188e25
1.9820956645761007e25
1.9288580039468896e25
1.8770883216513088e25
1.8267968064601217e25
1.7779926679555873e25
1.7306841343336174e25
1.684878450815525e25
1.640581878670882e25
1.5977996948521162e25
1.5565361922420448e25
1.516794680514107e25
1.4785774876057123e25
1.4418859618038845e25
1.406720474442557e25
1.3730804232104361e25
1.3409642360675994e25
1.3103693757692593e25
1.2812923449940217e25
1.253728692074368e25
1.2276730173259585e25
1.2031189799726767e25
1.18005930566344e25
1.1584857945766918e25
1.1383893301082257e25
1.119759888137229e25
1.102586546865631e25
1.0868574972248927e25
1.0725600538446067e25
1.0596806665763632e25
1.0482049325665002e25
1.0381176088705952e25
1.029402625602465e25
1.0220430996100967e25
1.0160213486703494e25
1.0113189061943416e25
1.0079165364347046e25
1.005794250185883e25
1.0049313209681136e25
1.0053063016855685e25
1.0068970417487599e25
1.0096807046509778e25
1.0136337859883574e25
1.0187321319127141e25
1.024950958006164e25
1.0322648685661438e25
1.0406478762892542e25
1.050073422342035e25
1.0605143968065812e25
1.071943159488532e25
1.0843315610749152e25
1.097650964628907e25
1.1118722674084302e25
1.1269659229952765e25
1.1429019637212208e25
1.1596500233773723e25
1.1771793601928264e25
1.1954588800684788e25
1.2144571600516846e25
1.234142472037262e25
1.2544828066801737e25
1.275445897505083e25
1.2969992451977592e25
1.3191101420632811e25
1.341745696635777e25
1.3648728584242178e25
1.388458442778978e25
1.4124691558633707e25
1.4368716197145978e25
1.4616323973782492e25
1.4867180181005586e25
1.5120950025624239e25
1.5377298881392548e25
1.5635892541706075e25
1.5896397472234555e25
1.615848106333112e25
1.64218118820553e25
1.6686059923649759e25
1.6950896862308096e25
1.7215996301073059e25
1.7481034020704331e25
1.774568822735321e25
1.8009639798886202e25
1.8272572529695077e25
1.8534173373835646e25
1.8794132686334938e25
1.9052144462510115e25
1.9307906575140493e25
1.956112100933762e25
1.9811494094957457e25
2.005873673640061e25
2.03025646396484e25
2.0542698536382285e25
2.0778864405037844e25
2.101079368864341e25
2.1238223509298034e25
2.14608968791417e25
2.1678562907676423e25
2.1890977005295484e25
2.209790108288142e25
2.229910374733621e25
2.2494360492907155e25
2.268345388817692e25
2.2866173758585752e25
2.30423173643587e25
2.3211689573711726e25
2.337410303121331e25
2.352937832118202e25
2.3677344126001223e25
2.381783737923721e25
2.3950703413447965e25
2.4075796102574265e25
2.4192977998806594e25
2.430212046382576e25
2.440310379431735e25
2.4495817341663537e25
2.458015962571984e25
2.4656038442586646e25
2.4723370966290024e25
2.4782083844288786e25
2.4832113286729115e25
2.487340514937135e25
2.4905915010117245e25
2.4929608239069865e25
2.494446006206207e25
2.4950455617593333e25
2.4947590007118443e25
2.4935868338635954e25
2.491530576352776e25
2.4885927506605485e25
2.48477688893234e25
2.4800875346121545e25
2.4745302433867166e25
2.468111583436636e25
2.4608391349922086e25
2.452721489191957e25
2.443768246242296e25
2.433990012877309e25
2.423398399117899e25
2.412006014330092e25
2.3998264625826935e25
2.3868743373048884e25
2.373165215244845e25
2.358715649730832e25
2.3435431632367424e25
2.3276662392543435e25
2.311104313475143e25
2.2938777642849644e25
2.2760079025749663e25
2.257516960873189e25
2.2384280818010555e25
2.218765305859913e25
2.1985535585528267e25
2.1778186368475563e25
2.1565871949868434e25
2.1348867296526686e25
2.112745564491586e25
2.0901928340085106e25
2.0672584668369158e25
2.0439731683937128e25
2.0203684029274942e25
1.996476374969194e25
1.972330010194771e25
1.947962935709651e25
1.9234094597652766e25
1.8987045509184376e25
1.8738838166442848e25
1.8489834814145821e25
1.824040364252785e25
1.7990918557782226e25
1.774175894751704e25
1.749330944135506e25
1.724595966680778e25
1.7000104000558605e25
1.6756141315295045e25
1.6514474722228201e25
1.6275511309446785e25
1.603966187625117e25
1.5807340663619161e25
1.5578965080955853e25
1.5354955429283885e25
1.513573462103341e25
1.4921727896591918e25
1.4713362537778913e25
1.4511067578411642e25
1.4315273512129288e25
1.4126411997648397e25
1.3944915561621173e25
1.3771217299272636e25
1.3605750572992492e25
1.3448948709062672e25
1.3301244692699097e25
1.3163070861591216e25
1.3034858598122984e25
1.2917038020460527e25
1.2810037672693067e25
1.271428421421529e25
1.2630202108539862e25
1.255821331173037e25
1.249873696064558e25
1.2452189061186608e25
1.2418982176739592e25
1.2399525117006644e25
1.2394222627418957e25
1.2403475079325273e25
1.242767816114968e25
1.2467222570714117e25
1.2522493708917723e25
1.2593871374968655e25
1.2681729463360868e25
1.2786435662790855e25
1.2908351157205575e25
1.3047830329174966e25
1.320522046577997e25
1.3380861467208447e25
1.357508555824684e25
1.3788217002857047e25
1.4020571822028245e25
1.427245751508664e25
1.4544172784651096e25
1.4836007265415534e25
1.5148241256943924e25
1.5481145460653464e25
1.583498072116624e25
1.620999777220825e25
1.6606436987225102e25
1.7024528134890832e25
1.7464490139675993e25
1.7926530847647592e25
1.8410846797659922e25
1.8917622998101229e25
1.944703270935875e25
1.9999237232153176e25
2.0574385701901043e25
2.1172614889252314e25
2.1794049006956392e25
2.2438799523194163e25
2.310696498152253e25
2.379863082756549e25
2.451386924259197e25
2.5252738984103716e25
2.6015285233563656e25
2.680153945139253e25
2.761151923934442e25
2.8445228210384435e25
2.930265586617359e25
3.018377748227751e25
3.1088554001191676e25
3.2016931933286963e25
3.2968843265775844e25
3.3944205379778267e25
3.494292097558315e25
3.5964878006178665e25
3.7009949619139084e25
3.8077994106928185e25
3.9168854865692165e25
4.028236036261101e25
4.141832411185384e25
4.2576544659202125e25
4.37568055753806e25
4.495887545815038e25
4.618250794318908e25
4.742744172380216e25
4.8693400579485005e25
4.998009341337136e25
5.128721429857163e25
5.261444253342057e25
5.396144270565013e25
5.53278647654736e25
5.6713344107593e25
5.81175016621108e25
5.95399439943469e25
6.098026341352648e25
6.243803809032288e25
6.3912832183234456e25
6.540419597374496e25
6.691166601024242e25
6.843476526064097e25
6.9973003273670615e25
7.152587634876317e25
7.30928677144813e25
7.467344771543514e25
7.6267074007597345e25
7.78731917619566e25
7.94912338764166e25
8.112062119587157e25
8.276076274034663e25
8.44110559411243e25
8.607088688474271e25
8.773963056477765e25
8.941665114127762e25
9.110130220774588e25
9.279292706555863e25
9.449085900567482e25
9.619442159752457e25
9.790292898492957e25
9.961568618893347e25
1.0133198941737939e26
1.030511263810958e26
1.047723766165494e26
1.0649501181478765e26
1.0821829615652852e26
1.0994148665321939e26
1.1166383349391474e26
1.133845803977789e26
1.1510296497204787e26
1.1681821907527998e26
1.1852956918569066e26
1.2023623677440248e26
1.2193743868340543e26
1.2363238750805189e26
1.2532029198386683e26
1.2700035737748975e26
1.2867178588153283e26
1.3033377701316474e26
1.31985528016192e26
1.3362623426643332e26
1.352550896801845e26
1.3687128712553407e26
1.3847401883632859e26
1.400624768285523e26
1.4163585331891549e26
1.4319334114540325e26
1.4473413418956819e26
1.4625742780034646e26
1.477624192191457e26
1.4924830800598842e26
1.5071429646646502e26
1.5215959007927795e26
1.5358339792411912e26
1.5498493310965325e26
1.5636341320138e26
1.5771806064911244e26
1.590481032138514e26
1.6035277439380282e26
1.6163131384931308e26
1.628829678264625e26
1.641069895790915e26
1.6530263978900767e26
1.6646918698414885e26
1.6760590795444438e26
1.6871208816514133e26
1.697870221673703e26
1.7083001400568953e26
1.7184037762238897e26
1.728174372583045e26
1.7376052784992685e26
1.7466899542254785e26
1.7554219747922514e26
1.763795033853422e26
1.771802947485167e26
1.7794396579364597e26
1.7866992373285444e26
1.793575891301335e26
1.8000639626043878e26
1.8061579346303245e26
1.8118524348886616e26
1.8171422384177287e26
1.822022271132737e26
1.8264876131078184e26
1.830533501790141e26
1.834155335143895e26
1.8373486747223965e26
1.8401092486661635e26
1.842432954625265e26
1.8443158626039128e26
1.845754217725522e26
1.846744442916552e26
1.8472831415071958e26
1.8473670997473814e26
1.8469932892362883e26
1.8461588692639055e26
1.8448611890628995e26
1.843097789969348e26
1.840866407490892e26
1.8381649732807704e26
1.8349916170164354e26
1.8313446681813087e26
1.8272226577486052e26
1.8226243197657025e26
1.817548592838055e26
1.8119946215115277e26
1.8059617575519613e26
1.7994495611210486e26
1.7924578018474768e26
1.78498645979251e26
1.7770357263090652e26
1.7686060047935395e26
1.7596979113296204e26
1.750312275223438e26
1.740450139429376e26
1.7301127608660166e26
1.7193016106216813e26
1.7080183740492152e26
1.696264950749487e26
1.6840434544433776e26
1.671356212732001e26
1.658205766744907e26
1.6445948706761486e26
1.630526491208172e26
1.6160038068234554e26
1.601030207003996e26
1.5856092913187232e26
1.569744868399055e26
1.5534409548027813e26
1.5367017737666074e26
1.5195317538477358e26
1.5019355274548827e26
1.483917929269176e26
1.4654839945556593e26
1.4466389573657804e26
1.4273882486317075e26
1.4077374941531512e26
1.3876925124775031e26
1.3672593126741515e26
1.3464440920038901e26
1.3252532334844157e26
1.3036933033529513e26
1.2817710484270963e26
1.2594933933650752e26
1.2368674378265975e26
1.2139004535356175e26
1.1905998812463372e26
1.1669733276137757e26
1.1430285619705562e26
1.1187735130111405e26
1.09421626538529e26
1.0693650562022795e26
1.0442282714475491e26
1.0188144423135205e26
9.931322414463553e25
9.67190479110468e25
9.409980992726896e25
9.145641756079905e25
8.878979074287498e25
8.610086155395734e25
8.339057380197477e25
8.065988259354341e25
7.790975389837623e25
7.514116410709459e25
7.235509958268871e25
6.955255620582392e25
6.673453891424723e25
6.390206123652232e25
6.105614482033317e25
5.819781895559918e25
5.532812009264755e25
5.244809135569489e25
4.955878205188926e25
4.666124717616791e25
4.375654691219174e25
4.084574612961612e25
3.7929913877963964e25
3.50101228773646e25
3.208744900643325e25
2.91629707875493e25
2.6237768869831287e25
2.3312925510051965e25
2.0389524051794675e25
1.7468648403118317e25
1.4551382513012196e25
1.163880984692329e25
8.732012861636782e24
5.832072479791487e24
2.940067564316745e24
5.7074393072469365e22
-2.815833866020594e24
-5.677587679078603e24
-8.527121669291171e24
-1.1363375138613235e25
-1.4185292587834534e25
-1.6991824234720505e25
-1.97819265299699e25
-2.255456267068354e25
-2.5308703111070306e25
-2.8043326070108017e25
-3.0757418035877496e25
-3.344997426629197e25
-3.611999928594342e25
-3.876650737879038e25
-4.138852307641271e25
-4.3985081641561e25
-4.655522954673105e25
-4.909802494749539e25
-5.1612538150326445e25
-5.409785207464666e25
-5.655306270885519e25
-5.897727956005238e25
-6.136962609723507e25
-6.372924018769256e25
-6.605527452636327e25
-6.834689705790702e25
-7.060329139125094e25
-7.282365720637576e25
-7.500721065310608e25
-7.715318474168052e25
-7.926082972487113e25
-8.132941347143855e25
-8.335822183070478e25
-8.534655898802938e25
-8.729374781098965e25
-8.919913018605575e25
-9.106206734557805e25
-9.288194018486864e25
-9.4658149569225e25
-9.639011663069216e25
-9.80772830543921e25
-9.97191113542577e25
-1.0131508513799964e26
-1.0286470936115507e26
-1.043675105700564e26
-1.0582303713358458e26
-1.0723085946356134e26
-1.0859057022364215e26
-1.0990178452659176e26
-1.1116414011981248e26
-1.1237729755901576e26
-1.1354094036992596e26
-1.1465477519790878e26
-1.1571853194544228e26
-1.1673196389733356e26
-1.1769484783359284e26
-1.1860698412990419e26
-1.1946819684561731e26
-1.2027833379919247e26
-1.2103726663105923e26
-1.217448908538282e26
-1.224011258898273e26
-1.230059150959137e26
-1.2355922577555343e26
-1.2406104917814176e26
-1.2451140048554358e26
-1.2491031878586758e26
-1.25257867034466e26
-1.255541320021688e26
-1.2579922421077135e26
-1.2599327785580642e26
-1.2613645071662717e26
-1.2622892405383113e26
-1.2627090249409044e26
-1.2626261390242536e26
-1.2620430924199408e26
-1.2609626242144931e26
-1.2593877012995857e26
-1.2573215165995179e26
-1.2547674871770052e26
-1.2517292522180405e26
-1.248210670897092e26
-1.2442158201236255e26
-1.2397489921710461e26
-1.2348146921894243e26
-1.2294176356032587e26
-1.2235627453956931e26
-1.217255149280458e26
-1.2105001767632827e26
-1.2033033560942363e26
-1.1956704111124988e26
-1.1876072579855235e26
-1.179120001844132e26
-1.1702149333155244e26
-1.1608985249558628e26
-1.1511774275846425e26
-1.1410584665227147e26
-1.1305486377358918e26
-1.119655103886546e26
-1.1083851902950669e26
-1.096746380813679e26
-1.084746313614578e26
-1.0723927768950453e26
-1.0596937045016754e26
-1.0466571714763173e26
-1.033291389525982e26
-1.0196047024194945e26
-1.0056055813133594e26
-9.913026200092755e25
-9.767045301462788e25
-9.618201363299316e25
-9.466583712014983e25
-9.312282704496177e25
-9.155389677675806e25
-8.995996897589292e25
-8.83419750794062e25
-8.670085478211216e25
-8.50375555133797e25
-8.335303190992107e25
-8.164824528486364e25
-7.992416309343533e25
-7.818175839555424e25
-7.6422009315613775e25
-7.464589849980212e25
-7.28544125712395e25
-7.104854158326523e25
-6.9229278471160625e25
-6.739761850265457e25
-6.555455872750183e25
-6.370109742646866e25
-6.183823356001729e25
-5.996696621703732e25
-5.808829406392734e25
-5.620321479433057e25
-5.431272457987186e25
-5.241781752218961e25
-5.051948510659758e25
-4.861871565766957e25
-4.671649379709173e25
-4.48137999040837e25
-4.291160957868898e25
-4.101089310827623e25
-3.911261493753769e25
-3.7217733142312907e25
-3.532719890752134e25
-3.3441956009537618e25
-3.156294030329846e25
-2.96910792144309e25
-2.7827291236726007e25
-2.5972485435231644e25
-2.412756095527326e25
-2.229340653767015e25
-2.0470900040461062e25
-1.8660907967400013e25
-1.686428500351721e25
-1.508187355799955e25
-1.3314503314686665e25
-1.1562990790438544e25
-9.82813890162488e24
-8.110736539020449e24
-6.411558151338288e24
-4.731363337666435e24
-3.0708964490308523e24
-1.4308861993488072e24
1.8795471400668305e23
1.784929979811796e24
3.3593600325213786e24
4.910582401525328e24
6.43795204990498e24
7.940841702503552e24
9.418642163089018e24
1.0870762620426094e25
1.2296630943080626e25
1.369569396275512e25
1.5067417745997644e25
1.641128785410561e25
1.7726809591078837e25
1.9013508239448789e25
2.027092928385241e25
2.1498638622200262e25
2.2696222764320027e25
2.386328901793351e25
2.4999465661857356e25
2.610440210632431e25
2.7177769040305508e25
2.821925856575256e25
2.9228584318660828e25
3.020548157688714e25
3.1149707354633936e25
3.206104048354343e25
3.293928168034995e25
3.378425360102984e25
3.459580088141702e25
3.537379016424607e25
3.6118110112605886e25
3.6828671409775956e25
3.750540674544307e25
3.814827078830139e25
3.875724014503385e25
3.933231330569896e25
3.987351057554005e25
4.038087399325752e25
4.085446723577376e25
4.129437550954658e25
4.170070542848232e25
4.207358487851882e25
4.241316286894373e25
4.271960937053176e25
4.299311514059174e25
4.3233891535014605e25
4.344217030743017e25
4.361820339558228e25
4.376226269504616e25
4.387463982041022e25
4.395564585406093e25
4.400561108271447e25
4.402488472184202e25
4.401383462815042e25
4.3972847000280555e25
4.390232606789871e25
4.38026937693584e25
4.367438941812096e25
4.351786935812917e25
4.333360660833322e25
4.312209049657922e25
4.288382628307229e25
4.261933477363699e25
4.232915192300148e25
4.201382842834022e25
4.167392931331509e25
4.131003350286014e25
4.0922733388963555e25
4.051263438770479e25
4.0080354487808005e25
3.962652379098516e25
3.915178404433945e25
3.8656788165111996e25
3.8142199758053338e25
3.7608692625712987e25
3.7056950271939457e25
3.6487665398890007e25
3.5901539397854473e25
3.529928183420007e25
3.4681609926750684e25
3.4049248021912794e25
3.340292706287174e25
3.274338405417993e25
3.20713615220599e25
3.138760697075746e25
3.0692872335272913e25
2.9987913430808625e25
2.9273489399266506e25
2.855036215314099e25
2.7819295817145724e25
2.7081056167920946e25
2.6336410072164566e25
2.5586124923538174e25
2.4830968078696317e25
2.407170629278515e25
2.330910515476865e25
2.254392852292863e25
2.1776937960895313e25
2.10088921745561e25
2.0240546450201615e25
1.947265209425956e25
1.8705955874965245e25
1.794119946632808e25
1.717911889473995e25
1.6420443988579666e25
1.5665897831158325e25
1.4916196217358736e25
1.4172047114315012e25
1.3434150126470747e25
1.2703195965367729e25
1.1979865924499146e25
1.1264831359570123e25
1.0558753174495644e25
9.862281313475751e24
9.176054259472302e24
8.500698539418531e24
7.836828236478602e24
7.185044509684181e24
6.545935121260185e24
5.92007397194918e24
5.308020644648177e24
4.710319956656353e24
4.127501520835486e24
3.560079315973827e24
3.0085512666464083e24
2.473398832854598e24
1.9550866097201142e24
1.4540619375126454e24
9.707545222741282e23
5.055760673041871e23
5.891991575910417e22
-3.688392953818849e23
-7.773459697415734e23
-1.1662638741266092e24
-1.5352764490313818e24
-1.884087106844191e24
-2.212419517537011e24
-2.5200178816323625e24
-2.8066471902411e24
-3.0720934719798346e24
-3.316164026578276e24
-3.538687644999261e24
-3.7395148158966895e24
-3.9185179182486566e24
-4.075591400011057e24
-4.210651942640302e24
-4.323638611348318e24
-4.4145129909563065e24
-4.4832593072257027e24
-4.5298845335499077e24
-4.5544184829016603e24
-4.556913884938953e24
-4.537446448179313e24
-4.4961149071638264e24
-4.433041054539033e24
-4.348369757995158e24
-4.2422689620066426e24
-4.114929674331546e24
-3.9665659372344344e24
-3.7974147834070097e24
-3.6077361765693826e24
-3.3978129367451745e24
-3.1679506502106653e24
-2.918477564130715e24
-2.649744465900017e24
-2.36212454722055e24
-2.0560132529519552e24
-1.7318281147850036e24
-1.3900085697946623e24
-1.0310157639369492e24
-6.553323405699227e23
-2.634622140791668e23
1.4406967129492151e23
5.6671759732742986e23
1.0039153422621018e24
1.4550764657264022e24
1.919594607980537e24
2.3968438033570806e24
2.8861788077460463e24
3.386935439965949e24
3.898430936858064e24
4.4199643219258024e24
4.950816787337246e24
5.490252089101678e24
6.037516955216161e24
6.591841506575589e24
7.152439690429244e24
7.718509726161118e24
8.289234563157158e24
8.863782350522667e24
9.441306918398173e24
1.0020948270622387e25
1.0601833088473313e25
1.118307524521943e25
1.1763776331204776e25
1.2343026189178377e25
1.291990345957963e25
1.3493476135477952e25
1.4062802126865444e25
1.4626929833985661e25
1.5184898729383125e25
1.573573994835038e25
1.6278476887439521e25
1.6812125810704769e25
1.7335696463332262e25
1.784819269231434e25
1.8348613073811217e25
1.8835951546845564e25
1.930919805297039e25
1.976733918153906e25
2.0209358820210886e25
2.06342388103142e25
2.104095960669189e25
2.14285009416422e25
2.179584249257215e25
2.2141964552971667e25
2.2465848706318957e25
2.276647850251756e25
2.3042840136469767e25
2.3293923128386327e25
2.351872100542694e25
2.3716231984269593e25
2.388545965420047e25
2.40254136603184e25
2.4135110386442614e25
2.4213573637314636e25
2.425983531968426e25
2.427293612186612e25
2.4251926191356664e25
2.419586581009879e25
2.41038260669831e25
2.39748895271736e25
2.380815089784854e25
2.3602717689945115e25
2.3357710875500766e25
2.307226554018328e25
2.2745531530604486e25
2.2376674096013124e25
2.196487452396653e25
2.1509330769580806e25
2.1009258077964275e25
2.046388959943781e25
1.9872476997154596e25
1.923429104673065e25
1.854862222749982e25
1.7814781305017714e25
1.703209990443483e25
1.6199931074369043e25
1.5317649840908398e25
1.4384653751383063e25
1.340036340754947e25
1.2364222987828926e25
1.127570075826101e25
1.0134289571823374e25
8.939507355787995e24
7.690897586775632e24
6.38802975319397e24
5.030499804738524e24
3.617930588639731e24
2.1499722723633737e24
6.263027524576121e23
-9.53371950734247e23
-2.589317312791444e24
-4.2817699396193425e24
-6.030937216824322e24
-7.836996974304631e24
-9.700097166323116e24
-1.1620355567289708e25
-1.3597859483494218e25
-1.5632665481023607e25
-1.7724799130064895e25
-1.9874254765815015e25
-2.208099526618666e25
-2.4344951846515183e25
-2.6666023871428826e25
-2.9044078684063047e25
-3.1478951452788608e25
-3.3970445035587544e25
-3.651832986223765e25
-3.912234383441766e25
-4.1782192243884545e25
-4.449754770880593e25
-4.726805012836215e25
-5.009330665572232e25
-5.2972891689451955e25
-5.590634688344306e25
-5.889318117541288e25
-6.193287083404298e25
-6.502485952477078e25
-6.816855839428527e25
-7.136334617372814e25
-7.46085693006311e25
-7.790354205955918e25
-8.124754674145869e25
-8.463983382170165e25
-8.807962215675492e25
-9.156609919946349e25
-9.50984212328633e25
-9.867571362248549e25
-1.0229707108704129e26
-1.0596155798741434e26
-1.0966820863387337e26
-1.1341602761136487e26
-1.1720399012278918e26
-1.2103104235010955e26
-1.2489610183317671e26
-1.2879805786608546e26
-1.3273577191091239e26
-1.3670807802867854e26
-1.4071378332732161e26
-1.447516684265013e26
-1.4882048793902532e26
-1.5291897096870105e26
-1.5704582162435374e26
-1.6119971954980664e26
-1.6537932046955595e26
-1.6958325674991683e26
-1.7381013797534108e26
-1.7805855153964947e26
-1.8232706325191613e26
-1.866142179566749e26
-1.9091854016818017e26
-1.952385347183874e26
-1.9957268741837137e26
-2.039194657328123e26
-2.082773194672413e26
-2.126446814677103e26
-2.1701996833250744e26
-2.21401581135587e26
-2.257879061613231e26
-2.3017731565024837e26
-2.3456816855535727e26
-2.3895881130860447e26
-2.433475785972235e26
-2.47732794149424e26
-2.521127715290947e26
-2.564858149390719e26
-2.6085022003259066e26
-2.6520427473244605e26
-2.695462600574736e26
-2.738744509558823e26
-2.7818711714503856e26
-2.8248252395720727e26
-2.8675893319082723e26
-2.9101460396688127e26
-2.952477935898609e26
-2.9945675841289994e26
-3.036397547065842e26
-3.077950395310029e26
-3.1192087161052745e26
