1.3024610156250002e-13
1.3032826505170404e11
2.0891663154707817e12
1.0609447764091887e13
3.3677255336033445e13
8.267840030837366e13
1.7260320664012928e14
3.2230907350788325e14
5.5484026927615006e14
8.978042900753288e14
1.3838039973161205e15
2.050924630818526e15
2.9432746779554015e15
4.111579464482586e15
5.613826219725546e15
7.515959257689503e15
9.89262380662722e15
1.2827956912803942e16
1.6416423739808216e16
2.0763697482931636e16
2.5987581019040396e16
3.221896831614016e16
3.960284353364657e16
4.829931565436278e16
5.848468640247765e16
7.035254911867017e16
8.411491618377624e16
1.0000337250656696e17
1.182702525191333e17
1.3918983805528922e17
1.6305957442340262e17
1.9020130192526342e17
2.2096250001708598e17
2.5571754125763786e17
2.948689521418593e17
3.388486778762945e17
3.881193481152582e17
4.431755406440022e17
5.0454503996727226e17
5.727900877386409e17
6.485086219478981e17
7.323355017706522e17
8.249437149761484e17
9.270455647862204e17
1.0393938330802552e18
1.162782916848101e18
1.298049934804999e18
1.4460758010998863e18
1.6077862630707633e18
1.7841529000283128e18
1.9761940800814833e18
2.1849758720563807e18
2.411612909602468e18
2.6572692046277253e18
2.9231589072570317e18
3.2105470095655895e18
3.520749990401563e18
3.8551363986792883e18
4.215127372596332e18
4.6021970923042115e18
5.017873163643673e18
5.463736930641058e18
5.941423714552209e18
6.452622977334626e18
6.99907840752694e18
7.582587926617291e18
8.205003614088536e18
8.868231549438317e18
9.574231569586039e18
1.0325016940195987e19
1.112265393956669e19
1.196926135386056e19
1.2867009882574959e19
1.3818121453285726e19
1.4824868444827032e19
1.5889572818206669e19
1.7014605154693573e19
1.8202383600654467e19
1.945537271885821e19
2.077608224611062e19
2.2167065757227782e19
2.363091923550277e19
2.5170279549969457e19
2.6787822839915532e19
2.8486262807247925e19
3.0268348917464084e19
3.213686451013399e19
3.409462481994946e19
3.614447490954868e19
3.828928751547542e19
4.053196080878311e19
4.287541607194482e19
4.532259529387876e19
4.787645868504886e19
5.053998211474532e19
5.3316154472797544e19
5.620797495811448e19
5.921845029659008e19
6.2350591891051856e19
6.56074129060668e19
6.89919252905557e19
7.250713674129745e19
7.615604761053499e19
7.994164776102076e19
8.386691337196133e19
8.79348036994403e19
9.214825779501382e19
9.651019118628395e19
1.0102349252336252e20
1.0569102019523933e20
1.1051559892016877e20
1.1550001631427977e20
1.2064701944270332e20
1.2595931135759609e20
1.3143954762751332e20
1.3709033286266017e20
1.4291421724061539e20
1.4891369303718206e20
1.5509119116707706e20
1.6144907773921785e20
1.679896506314102e20
1.747151360892746e20
1.8162768535428327e20
1.887293713257973e20
1.9602218526201872e20
2.035080335247735e20
2.1118873437305343e20
2.1906601481023537e20
2.2714150748988867e20
2.3541674768506526e20
2.438931703259387e20
2.5257210711063174e20
2.6145478369402795e20
2.7054231695932247e20
2.798357123770079e20
2.8933586145593642e20
2.990435392910266e20
3.089594022121124e20
3.190839855383461e20
3.294177014424803e20
3.399608369292549e20
3.5071355193201426e20
3.616758775315643e20
3.728477143011663e20
3.842288307814357e20
3.9581886208878327e20
4.0761730866089755e20
4.196235351426236e20
4.318367694154358e20
4.442561017735519e20
4.568804842495636e20
4.6970873009229083e20
4.8273951339939063e20
4.959713689070651e20
5.0940269193902975e20
5.230317385166983e20
5.368566256323551e20
5.5087533168686694e20
5.6508569709328256e20
5.794854250474547e20
5.940720824665941e20
6.088431010964421e20
6.237957787875267e20
6.389272809407239e20
6.542346421221163e20
6.697147678469026e20
6.853644365318622e20
7.011803016156417e20
7.17158893845873e20
7.332966237318898e20
7.495897841615493e20
7.660345531804164e20
7.826269969313074e20
7.99363072751934e20
8.162386324281325e20
8.332494255998969e20
8.503911033171819e20
8.676592217421806e20
8.850492459945148e20
9.025565541355354e20
9.201764412876476e20
9.379041238843414e20
9.55734744046342e20
9.736633740790424e20
9.916850210861333e20
1.009794631694095e21
1.0279870968819751e21
1.0462572569106245e21
1.0645999063453416e21
1.0830097991656222e21
1.101481653955506e21
1.1200101591677559e21
1.1385899784549187e21
1.1572157560600756e21
1.1758821222598983e21
1.1945836988524142e21
1.2133151046816896e21
1.232070961191459e21
1.2508458979995277e21
1.2696345584846242e21
1.2884316053771798e21
1.3072317263453867e21
1.3260296395677111e21
1.344820099282895e21
1.3635979013083667e21
1.3823578885178303e21
1.4010949562687074e21
1.4198040577699784e21
1.438480209380907e21
1.457118495831003e21
1.4757140753515463e21
1.494262184708898e21
1.5127581441297836e21
1.531197362108702e21
1.5495753400875557e21
1.5678876769976032e21
1.5861300736538234e21
1.6042983369917666e21
1.622388384137004e21
1.6403962462973175e21
1.658318072467796e21
1.6761501329390667e21
1.6938888225989651e21
1.711530664018018e21
1.729072310309201e21
1.7465105477525549e21
1.7638422981753454e21
1.781064621078599e21
1.798174715500975e21
1.8151699216111213e21
1.832047722019781e21
1.8488057428031866e21
1.8654417542293713e21
1.881953671179333e21
1.8983395532551603e21
1.914597604567474e21
1.9307261731948137e21
1.9467237503078207e21
1.962588968951402e21
1.978320602478291e21
1.993917562627778e21
2.0093788972436585e21
2.0247037876258042e21
2.0398915455100767e21
2.054941609671694e21
2.06985354214748e21
2.0846270240728356e21
2.099261851129654e21
2.1137579286017957e21
2.128115266035138e21
2.1423339714996698e21
2.1564142454515014e21
2.1703563741931142e21
2.1841607229306244e21
2.1978277284273075e21
2.2113578912530773e21
2.2247517676301155e21
2.238009960875332e21
2.2511331124408085e21
2.264121892553928e21
2.2769769904593442e21
2.289699104265526e21
2.30228893039908e21
2.3147471526706199e21
2.3270744309564815e21
2.3392713895011e21
2.3513386048454475e21
2.3632765933874494e21
2.375085798580857e21
2.3867665777796186e21
2.398319188735349e21
2.409743775756033e21
2.421040355534701e21
2.432208802657333e21
2.443248834799852e21
2.454159997624598e21
2.4649416493872395e21
2.475592945265668e21
2.486112821422928e21
2.4964999788168494e21
2.50675286676954e21
2.516869666310501e21
2.526848273307626e21
2.5366862814009067e21
2.5463809647542026e21
2.5559292606409353e21
2.5653277518801247e21
2.574572649139646e21
2.583659773124143e21
2.592584536665489e21
2.6013419267341943e21
2.6099264863906074e21
2.618332296695252e21
2.6265529585980906e21
2.63458157482691e21
2.6424107317954945e21
2.6500324815526586e21
2.657438323793581e21
2.664619187955319e21
2.6715654154187084e21
2.6782667418392294e21
2.6847122796297653e21
2.6908905006184886e21
2.6967892189054233e21
2.702395573941515e21
2.7076960138543135e21
2.712676279044619e21
2.717321386078675e21
2.721615611900696e21
2.725542478390724e21
2.72908473729294e21
2.7322243555397594e21
2.734942500997106e21
2.737219528656392e21
2.739034967298828e21
2.7403675066576876e21
2.7411949851042413e21
2.741494377883055e21
2.741241785922317e21
2.7404124252448563e21
2.7389806170054035e21
2.736919778179582e21
2.734202412929999e21
2.7308001046746345e21
2.726683508882584e21
2.721822346622001e21
2.7161853988848586e21
2.7097405017129096e21
2.7024545421489104e21
2.6942934550369314e21
2.6852222206951744e21
2.675204863484393e21
2.6642044512946293e21
2.6521830959725266e21
2.6391019547110754e21
2.624921232423141e21
2.6096001851196383e21
2.593097124312722e21
2.575369422463693e21
2.556373519494923e21
2.536064930384252e21
2.514398253859961e21
2.4913271822134175e21
2.466804512246156e21
2.4407821573671155e21
2.413211160855268e21
2.384041710301872e21
2.3532231532460376e21
2.3207040140161796e21
2.2864320117893783e21
2.2503540798794973e21
2.2124163862643532e21
2.172564355360895e21
2.1307426910568584e21
2.0868954010059465e21
2.0409658221930097e21
1.992896647774305e21
1.94262995519723e21
1.890107235602546e21
1.8352694245113479e21
1.7780569337975962e21
1.718409684946311e21
1.6562671435959532e21
1.591568355362829e21
1.5242519829437408e21
1.4542563444923244e21
1.3815194532629856e21
1.3059790585154073e21
1.2275726876711274e21
1.1462376897127173e21
1.0619112798145201e21
9.745305851930414e20
8.84032692163364e20
7.903546943871165e20
6.934337422959517e20
5.932070936732185e20
4.8961216537547086e20
3.82586586173693e20
2.7206825069338218e20
1.5799537443071695e20
4.030654982130395e19
-8.105919666385532e19
-2.061623464213081e20
-3.350628296450182e20
-4.678199653118955e20
-6.044924002535877e20
-7.45138047345904e20
-8.898140228490415e20
-1.0385765829325803e21
-1.1914810594209715e21
-1.3485817947960168e21
-1.509932076494604e21
-1.675584070540676e21
-1.8455887545521977e21
-2.0199958501645175e21
-2.1988537549133295e21
-2.3822094736209703e21
-2.570108549331664e21
-2.7625949938417297e21
-2.959711217872593e21
-3.161497960934929e21
-3.3679942209338763e21
-3.5792371835658636e21
-3.7952621515589786e21
-4.016102473809521e21
-4.2417894744686655e21
-4.472352382033719e21
-4.707818258499786e21
-4.948211928628204e21
-5.19355590938922e21
-5.443870339636871e21
-5.699172910075351e21
-5.959478793576151e21
-6.224800575906825e21
-6.495148186931997e21
-6.770528832348815e21
-7.050946926018707e21
-7.336404022958576e21
-7.626898753054794e21
-7.922426755563665e21
-8.222980614462748e21
-8.528549794717684e21
-8.839120579529471e21
-9.154676008627319e21
-9.475195817672864e21
-9.80065637884105e21
-1.0131030642643914e22
-1.0466288081062788e22
-1.0806394632055158e22
-1.115131264550192e22
-1.1501000830661228e22
-1.1855414205194103e22
-1.221450404582818e22
-1.2578217840724178e22
-1.2946499243610831e22
-1.3319288029752548e22
-1.3696520053814578e22
-1.4078127209689192e22
-1.4464037392346845e22
-1.4854174461774461e22
-1.5248458209064045e22
-1.5646804324712196e22
-1.6049124369192326e22
-1.6455325745858912e22
-1.6865311676243678e22
-1.727898117780143e22
-1.7696229044163638e22
-1.8116945827955361e22
-1.85410178262317e22
-1.896832706858715e22
-1.9398751307991557e22
-1.9832164014403894e22
-2.026843437121485e22
-2.070742727456678e22
-2.1149003335599456e22
-2.159301888566713e22
-2.2039325984572226e22
-2.248777243185848e22
-2.2938201781205356e22
-2.3390453357963295e22
-2.3844362279868164e22
-2.4299759480971236e22
-2.4756471738819058e22
-2.521432170491607e22
-2.567312793850041e22
-2.6132704943661954e22
-2.6592863209828846e22
-2.705340925564765e22
-2.7514145676278976e22
-2.7974871194129645e22
-2.8435380713038625e22
-2.8895465375933506e22
-2.9354912625970284e22
-2.981350627116822e22
-3.0271026552548176e22
-3.0727250215781286e22
-3.118195058635175e22
-3.1634897648235126e22
-3.2085858126091235e22
-3.2534595570968365e22
-3.2980870449512105e22
-3.3424440236670592e22
-3.386505951188454e22
-3.430248005874805e22
-3.4736450968123525e22
-3.5166718744691395e22
-3.559302741691237e22
-3.6015118650377362e22
-3.6432731864517646e22
-3.6845604352644763e22
-3.7253471405286877e22
-3.76560664367859e22
-3.8053121115116334e22
-3.844436549488463e22
-3.882952815346425e22
-3.9208336330219716e22
-3.9580516068769246e22
-3.994579236223347e22
-4.030388930141438e22
-4.065453022584636e22
-4.099743787765785e22
-4.133233455817968e22
-4.1658942287233545e22
-4.1976982965030895e22
-4.228617853660994e22
-4.258625115873611e22
-4.287692336918781e22
-4.315791825834789e22
-4.34289596430168e22
-4.368977224236294e22
-4.394008185592119e22
-4.417961554354927e22
-4.440810180724848e22
-4.462527077475331e22
-4.483085438479141e22
-4.5024586573913665e22
-4.520620346479104e22
-4.5375443555873406e22
-4.55320479123021e22
-4.5675760357967604e22
-4.580632766859915e22
-4.592349976577317e22
-4.60270299117241e22
-4.611667490483989e22
-4.6192195275721626e22
-4.625335548368603e22
-4.629992411358692e22
-4.633167407283022e22
-4.634838278845587e22
-4.634983240415735e22
-4.633580997710928e22
-4.630610767447139e22
-4.626052296943572e22
-4.61988588366829e22
-4.612092394711216e22
-4.602653286170864e22
-4.591550622441005e22
-4.578767095383417e22
-4.564286043372842e22
-4.5480914702000135e22
-4.530168063818807e22
-4.510501214923227e22
-4.489077035340135e22
-4.465882376223436e22
-4.440904846035457e22
-4.414132828301232e22
-4.385555499121394e22
-4.355162844429348e22
-4.322945676978449e22
-4.288895653044944e22
-4.253005288832313e22
-4.215267976562919e22
-4.1756780002427684e22
-4.1342305510852475e22
-4.090921742579834e22
-4.045748625191818e22
-3.998709200679219e22
-3.949802436013085e22
-3.899028276887528e22
-3.846387660806042e22
-3.791882529730645e22
-3.735515842280678e22
-3.6772915854680665e22
-3.6172147859562573e22
-3.555291520829987e22
-3.4915289278634095e22
-3.4259352152741354e22
-3.3585196709511323e22
-3.2892926711445164e22
-3.2182656886055247e22
-3.1454513001653017e22
-3.0708631937411403e22
-2.9945161747594157e22
-2.916426171984435e22
-2.836610242742888e22
-2.755086577533673e22
-2.6718745040135364e22
-2.5869944903488187e22
-2.5004681479243436e22
-2.4123182334004345e22
-2.322568650109796e22
-2.2312444487859264e22
-2.1383718276154775e22
-2.0439781316069666e22
-1.948091851268994e22
-1.8507426205912076e22
-1.7519612143218702e22
-1.6517795445360545e22
-1.550230656489193e22
-1.4473487237508548e22
-1.343169042614247e22
-1.2377280257771985e22
-1.1310631952910092e22
-1.0232131747738666e22
-9.142176808859903e21
-8.041175140642505e21
-6.929545485142138e21
-5.807717214584329e21
-4.6761302163984063e21
-3.53523477079987e21
-2.385491420919607e21
-1.2273708354875068e21
-6.1353664079009415e19
1.1120696150584281e21
2.292398854580625e21
3.479124404995864e21
4.671727288959082e21
5.86967938287407e21
7.072443605764364e21
8.279474115364507e21
9.49021651138224e21
1.0704108045873501e22
1.1920577840670264e22
1.3139047111792e22
1.435892940077013e22
1.5579630812806678e22
1.6800550261686008e22
1.8021079721349325e22
1.9240604484040886e22
2.045850342492546e22
2.167414927307568e22
2.2886908888718024e22
2.4096143546625292e22
2.5301209225535645e22
2.650145690347399e22
2.7696232858847596e22
2.8884878977180186e22
3.0066733063346625e22
3.124112915916334e22
3.2407397866186765e22
3.3564866673564652e22
3.471286029078311e22
3.5850700985145353e22
3.6977708923815943e22
3.809320252025658e22
3.91964987848783e22
4.028691367972816e22
4.136376247702632e22
4.242636012136278e22
4.347402159536124e22
4.450606228861191e22
4.552179836967287e22
4.652054716093351e22
4.750162751613189e22
4.846436020031339e22
4.9408068272015115e22
5.033207746745564e22
5.123571658650885e22
5.211831788023542e22
5.297921743974321e22
5.3817755586146205e22
5.463327726138619e22
5.542513241968171e22
5.619267641936389e22
5.693527041485929e22
5.765228174857385e22
5.83430843424344e22
5.900705908883811e22
5.964359424076284e22
6.025208580078521e22
6.083193790875606e22
6.138256322787836e22
6.19033833289346e22
6.239382907240616e22
6.285334098823069e22
6.328136965293844e22
6.367737606391266e22
6.404083201051457e22
6.437122044181678e22
6.466803583068684e22
6.49307845339647e22
6.515898514847704e22
6.5352168862632045e22
6.550987980333989e22
6.563167537800528e22
6.571712661133796e22
6.576581847673056e22
6.577735022195258e22
6.575133568891396e22
6.56874036272501e22
6.558519800148472e22
6.544437829152836e22
6.526461978627373e22
6.504561387004978e22
6.478706830170122e22
6.448870748606159e22
6.415027273759389e22
6.377152253597192e22
6.335223277338292e22
6.289219699333339e22
6.239122662074645e22
6.184915118313926e22
6.126581852267763e22
6.064109499890545e22
5.9974865681955645e22
5.926703453604883e22
5.85175245930957e22
5.7726278116220124e22
5.689325675303022e22
5.601844167846404e22
5.510183372704707e22
5.41434535144016e22
5.314334154785725e22
5.210155832601238e22
5.1018184427108575e22
4.989332058608186e22
4.872708776016568e22
4.751962718292096e22
4.6271100406581525e22
4.4981689332605825e22
4.365159623033705e22
4.228104374367489e22
4.087027488567578e22
3.941955302100121e22
3.792916183614613e22
3.6399405297379855e22
3.4830607596345956e22
3.322311308327535e22
3.1577286187768303e22
2.989351132711692e22
2.817219280214185e22
2.6413754680530988e22
2.4618640667668174e22
2.278731396495674e22
2.092025711564398e22
1.9017971838168565e22
1.7080978847051442e22
1.5109817661370178e22
1.3105046400855928e22
1.106724156966939e22
8.996997827911475e21
6.894927750941658e21
4.761661576579666e21
2.597846940280003e21
4.041485983704972e20
-1.8187518605367202e21
-4.0701563158530223e21
-6.349350426913551e21
-8.65560395634506e21
-1.0988171104758333e22
-1.3346290856620798e22
-1.5729187337149503e22
-1.8136070180064002e22
-2.056613490602299e22
-2.3018563311565476e22
-2.549252386836248e22
-2.7987172132586265e22
-3.0501651164186186e22
-3.303509195585984e22
-3.558661387149151e22
-3.8155325093834125e22
-4.074032308118968e22
-4.334069503284617e22
-4.595551836301177e22
-4.8583861182990566e22
-5.122478279132526e22
-5.387733417163438e22
-5.654055849785543e22
-5.921349164660825e22
-6.1895162716379165e22
-6.458459455321784e22
-6.7280804282641905e22
-6.998280384742723e22
-7.268960055096325e22
-7.540019760583953e22
-7.811359468733282e22
-8.082878849144951e22
-8.35447732971792e22
-8.626054153260335e22
-8.89750843445065e22
-9.168739217112431e22
-9.43964553176636e22
-9.710126453421985e22
-9.980081159572092e22
-1.0249408988351377e23
-1.0518009496821295e23
-1.078578251934205e23
-1.1052628225993211e23
-1.1318447181003032e23
-1.1583140401147436e23
-1.1846609414078143e23
-1.2108756316540377e23
-1.2369483832439544e23
-1.2628695370716533e23
-1.2886295082990695e23
-1.3142187920930129e23
-1.339627969330808e23
-1.3648477122704821e23
-1.3898687901813419e23
-1.414682074930922e23
-1.4392785465241388e23
-1.463649298590591e23
-1.4877855438158875e23
-1.5116786193129675e23
-1.5353199919293032e23
-1.5587012634859803e23
-1.5818141759445693e23
-1.6046506164978342e23
-1.6272026225802654e23
-1.649462386794487e23
-1.6714222617495927e23
-1.6930747648075526e23
-1.7144125827338134e23
-1.7354285762482596e23
-1.7561157844727928e23
-1.776467429271775e23
-1.796476919481676e23
-1.816137855026246e23
-1.8354440309137024e23
-1.8543894411123706e23
-1.8729682823013115e23
-1.891174957492564e23
-1.9090040795216523e23
-1.9264504744031016e23
-1.94350918454777e23
-1.960175471838858e23
-1.9764448205635805e23
-1.9923129401975206e23
-2.0077757680387933e23
-2.022829471689188e23
-2.037470451379644e23
-2.0516953421373695e23
-2.0655010157921218e23
-2.078884582819189e23
-2.0918433940167468e23
-2.1043750420153443e23
-2.1164773626174124e23
-2.1281484359646945e23
-2.1393865875317564e23
-2.1501903889436932e23
-2.160558658616367e23
-2.1704904622175387e23
-2.179985112947457e23
-2.189042171637509e23
-2.19766144666571e23
-2.2058429936878583e23
-2.2135871151834237e23
-2.22089435981521e23
-2.2277655216021134e23
-2.234201638904258e23
-2.2402039932200787e23
-2.245774107794943e23
-2.250913746041088e23
-2.255624909768705e23
-2.2599098372282884e23
-2.263771000964303e23
-2.267211105480529e23
-2.2702330847174648e23
-2.272840099342372e23
-2.2750355338526524e23
-2.2768229934933764e23
-2.278206300989969e23
-2.279189493097108e23
-2.279776816965143e23
-2.2799727263253867e23
-2.2797818774957982e23
-2.279209125208753e23
-2.2782595182626758e23
-2.2769382949994905e23
-2.2752508786099714e23
-2.27320287226919e23
-2.2708000541044514e23
-2.268048371998179e23
-2.2649539382283963e23
-2.2615230239495592e23
-2.2577620535166436e23
-2.2536775986555245e23
-2.249276372482807e23
-2.244565223378396e23
-2.2395511287142624e23
-2.2342411884429255e23
-2.228642618549368e23
-2.2227627443701656e23
-2.216608993783786e23
-2.2101888902761022e23
-2.2035100458853093e23
-2.1965801540305098e23
-2.1894069822284296e23
-2.1819983647027477e23
-2.1743621948907055e23
-2.1665064178517247e23
-2.1584390225829138e23
-2.150168034246405e23
-2.141701506313599e23
-2.1330475126314845e23
-2.1242141394162658e23
-2.1152094771796946e23
-2.106041612593536e23
-2.09671862029768e23
-2.0872485546575646e23
-2.0776394414765704e23
-2.067899269669185e23
-2.05803598290081e23
-2.048057471200083e23
-2.037971562549787e23
-2.027786014462335e23
-2.017508505545991e23
-2.007146627068012e23
-1.996707874520898e23
-1.986199639198081e23
-1.9756291997853463e23
-1.9650037139743742e23
-1.954330210104791e23
-1.9436155788411776e23
-1.9328665648915092e23
-1.9220897587735046e23
-1.911291588635412e23
-1.9004783121377558e23
-1.889656008402579e23
-1.8788305700367658e23
-1.868007695235935e23
-1.8571928799755256e23
-1.8463914102955624e23
-1.835608354685696e23
-1.824848556576968e23
-1.8141166269468727e23
-1.8034169370441326e23
-1.792753611239696e23
-1.7821305200103096e23
-1.7715512730610962e23
-1.761019212593427e23
-1.7505374067244258e23
-1.740108643064288e23
-1.7297354224576265e23
-1.7194199528949326e23
-1.7091641436002555e23
-1.6989695993009937e23
-1.6888376146857887e23
-1.678769169056283e23
-1.6687649211785126e23
-1.658825204339572e23
-1.6489500216150848e23
-1.6391390413530002e23
-1.6293915928789746e23
-1.619706662428667e23
-1.610082889312028e23
-1.6005185623146222e23
-1.5910116163408695e23
-1.581559629303986e23
-1.5721598192672218e23
-1.5628090418409915e23
-1.5535037878401543e23
-1.5442401812057547e23
-1.5350139771952486e23
-1.5258205608452016e23
-1.5166549457101613e23
-1.5075117728813853e23
-1.4983853102888353e23
-1.4892694522897766e23
-1.480157719547041e23
-1.4710432591999554e23
-1.4619188453306763e23
-1.4527768797285567e23
-1.4436093929549156e23
-1.4344080457104653e23
-1.425164130507414e23
-1.4158685736481216e23
-1.4065119375119165e23
-1.3970844231515624e23
-1.3875758732005777e23
-1.3779757750925677e23
-1.3682732645932694e23
-1.3584571296460733e23
-1.3485158145313635e23
-1.3384374243399885e23
-1.3282097297607597e23
-1.3178201721818789e23
-1.3072558691057577e23
-1.2965036198767215e23
-1.2855499117206032e23
-1.2743809260952054e23
-1.262982545350373e23
-1.2513403596960409e23
-1.2394396744766048e23
-1.2272655177495776e23
-1.2148026481663762e23
-1.2020355631527948e23
-1.1889485073864925e23
-1.175525481568651e23
-1.1617502514867224e23
-1.147606357364872e23
-1.1330771234986298e23
-1.1181456681699272e23
-1.1027949138385899e23
-1.0870075976059659e23
-1.070766281946346e23
-1.0540533657014128e23
-1.0368510953329497e23
-1.0191415764285898e23
-1.0009067854553726e23
-9.821285817555049e22
-9.627887197786787e22
-9.428688615448549e22
-9.22350589331474e22
-9.012154185786105e22
-8.79444811005613e22
-8.570201879323219e22
-8.339229437980013e22
-8.101344598707122e22
-7.856361181398944e22
-7.604093153844326e22
-7.3443547740864145e22
-7.076960734380903e22
-6.801726306673222e22
-6.518467489510583e22
-6.2270011563052265e22
-5.927145204862339e22
-5.618718708085583e22
-5.301542065769973e22
-4.97543715739197e22
-4.640227495804043e22
-4.295738381740658e22
-3.941797059039532e22
-3.5782328704821025e22
-3.204877414156246e22
-2.8215647002407322e22
-2.4281313081126036e22
-2.024416543674997e22
-1.6102625968047566e22
-1.1855146988143645e22
-7.500212798256218e21
-3.036341259486547e21
1.5379146383831775e21
6.223965212169607e21
1.102318252570657e22
1.5936898836489744e22
2.09664050496309e22
2.6112949180215526e22
3.137773482516332e22
3.6761919645677787e22
4.226661386140723e22
4.7892878757406634e22
5.364172520501775e22
5.9514112197761425e22
6.551094540336806e22
7.163307573303737e22
7.788129792904732e22
8.425634917179908e22
9.075890770741884e22
9.73895914970001e22
1.0414895688859125e23
1.1103749731300186e23
1.180556420045304e23
1.2520375474767535e23
1.324821326509108e23
1.3989100494857248e23
1.4743053183192888e23
1.5510080331046318e23
1.6290183810441445e23
1.708335825695831e23
1.7889590965543384e23
1.870886178974782e23
1.9541143044493454e23
2.0386399412462325e23
2.1244587854207322e23
2.2115657522076748e23
2.2999549678046586e23
2.3896197615549822e23
2.4805526585394018e23
2.5727453725853757e23
2.6661887997022266e23
2.7608730119508216e23
2.856787251755712e23
2.9539199266678607e23
3.0522586045854664e23
3.151790009440645e23
3.252500017359073e23
3.354373653299756e23
3.457395088181559e23
3.5615476365032864e23
3.666813754463418e23
3.7731750385857056e23
3.880612224856196e23
3.9891051883774485e23
4.09863294354495e23
4.209173644750882e23
4.320704587619623e23
4.433202210779674e23
4.546642098175817e23
4.6609989819254816e23
4.7762467457225154e23
4.892358428791796e23
5.0093062303973065e23
5.127061514906322e23
5.245594817411701e23
5.364875849914377e23
5.4848735080673825e23
5.605555878482738e23
5.72689024660185e23
5.848843105130173e23
5.971380163036104e23
6.094466355114052e23
6.218065852110963e23
6.342142071415646e23
6.466657688309455e23
6.591574647776868e23
6.716854176873813e23
6.842456797651648e23
6.968342340633923e23
7.09446995884303e23
7.2207981423731e23
7.34728473350566e23
7.473886942363747e23
7.600561363099879e23
7.727263990613281e23
7.853950237790876e23
7.980574953266658e23
8.107092439693217e23
8.233456472519398e23
8.359620319267215e23
8.485536759301055e23
8.611158104081685e23
8.736436217897439e23
8.861322539064361e23
8.985768101586982e23
9.109723557270674e23
9.233139198276716e23
9.355964980110383e23
9.478150545032364e23
9.599645245883109e23
9.720398170309894e23
9.84035816538556e23
9.959473862607924e23
1.0077693703268161e24
1.0194965964176695e24
1.03112387837342e24
1.0426460188335582e24
1.0540578119093936e24
1.0653540458871797e24
1.0765295059606226e24
1.0875789769914242e24
1.0984972462964701e24
1.1092791064602638e24
1.1199193581711572e24
1.1304128130799349e24
1.1407542966792395e24
1.1509386512023557e24
1.1609607385398041e24
1.1708154431721914e24
1.1804976751177396e24
1.1900023728929015e24
1.199324506484438e24
1.2084590803313254e24
1.2174011363148288e24
1.2261457567550815e24
1.234688067412473e24
1.2430232404921363e24
1.2511464976498285e24
1.2590531129974614e24
1.2667384161065406e24
1.2741977950077509e24
1.2814266991849256e24
1.288420642561621e24
1.295175206478511e24
1.3016860426597924e24
1.3079488761668248e24
1.3139595083371835e24
1.319713819707313e24
1.3252077729169765e24
1.3304374155936712e24
1.335398883215209e24
1.3400884019486288e24
1.3445022914636317e24
1.3486369677187154e24
1.35248894571821e24
1.3560548422383976e24
1.35933137852091e24
1.3623153829316167e24
1.365003793583216e24
1.3673936609197444e24
1.3694821502612353e24
1.3712665443067703e24
1.3727442455941822e24
1.3739127789146725e24
1.374769793680619e24
1.3753130662448915e24
1.3755405021699618e24
1.3754501384451694e24
1.3750401456504756e24
1.374308830065078e24
1.373254635719294e24
1.3718761463881176e24
1.3701720875248797e24
1.3681413281334982e24
1.3657828825777947e24
1.3630959123263853e24
1.360079727631709e24
1.3567337891417598e24
1.3530577094431084e24
1.3490512545338812e24
1.3447143452253335e24
1.340047058470733e24
1.3350496286202796e24
1.3297224486008326e24
1.3240660710192485e24
1.3180812091881825e24
1.3117687380732044e24
1.3051296951601808e24
1.298165281241867e24
1.2908768611226976e24
1.283265964240838e24
1.2753342852065582e24
1.267083684256065e24
1.2585161876199758e24
1.2496339878056063e24
1.2404394437923832e24
1.230935081139657e24
1.2211235920062716e24
1.2110078350813015e24
1.2005908354253933e24
1.1898757842222154e24
1.1788660384395756e24
1.1675651203997645e24
1.1559767172588248e24
1.1441046803944079e24
1.1319530247019824e24
1.1195259277991949e24
1.1068277291382404e24
1.0938629290261483e24
1.0806361875529434e24
1.0671523234277143e24
1.0534163127226169e24
1.0394332875249912e24
1.0252085344977298e24
1.0107474933481428e24
9.960557552056119e23
9.811390609083693e23
9.660032991997985e23
9.506545048347315e23
9.350988565962019e23
9.193426752232794e23
9.03392421250563e23
8.872546927600195e23
8.709362230459023e23
8.544438781935271e23
8.377846545727493e23
8.209656762470524e23
8.039941922991517e23
7.868775740741772e23
7.696233123414516e23
7.522390143759906e23
7.34732400960887e23
7.171113033117993e23
6.993836599248107e23
6.815575133489888e23
6.63641006885023e23
6.456423812113331e23
6.275699709391792e23
6.094322010982551e23
5.9123758355435916e23
5.7299471336076067e23
5.547122650449376e23
5.3639898883239804e23
5.1806370680937335e23
4.9971530902614196e23
4.813627495429069e23
4.630150424200788e23
4.4468125765492504e23
4.263705170665666e23
4.0809199013135125e23
3.898548897706636e23
3.7166846809329934e23
3.535420120944954e23
3.354848393138662e23
3.1750629345441004e23
2.9961573996485898e23
2.8182256158765233e23
2.6413615387485342e23
2.46565920674357e23
2.291212695887629e23
2.1181160740934477e23
1.9464633552749756e23
1.7763484532619247e23
1.6078651355387538e23
1.4411069768333899e23
1.2761673125809343e23
1.113139192287942e23
9.521153328228805e22
7.931880716589249e22
6.364493200945995e22
4.819905164791685e22
3.2990257946860034e22
1.8027586133877332e22
3.320010138242253e21
-1.1123562058347186e22
-2.5294293057322485e22
-3.9183420662388605e22
-5.278226247962978e22
-6.608222049582482e22
-7.907478563233346e22
-9.175154227185654e22
-1.0410417275538346e23
-1.1612446184665425e23
-1.2780430116145782e23
-1.391356935591085e23
-1.5011075749343007e23
-1.6072173132063133e23
-1.7096097756139942e23
-1.808209871146158e23
-1.902943834200908e23
-1.9937392656771735e23
-2.0805251735048444e23
-2.163232012587959e23
-2.2417917241356736e23
-2.316137774356196e23
-2.3862051924885243e23
-2.4519306081477516e23
-2.5132522879598062e23
-2.5701101714613705e23
-2.6224459062417202e23
-2.6702028823030037e23
-2.713326265616097e23
-2.7517630308496506e23
-2.7854619932497962e23
-2.814373839649061e23
-2.83845115858302e23
-2.857648469493699e23
-2.8719222509991958e23
-2.8812309682097277e23
-2.8855350990701264e23
-2.8847971597100247e23
-2.8789817287829562e23
-2.8680554707764455e23
-2.8519871582752816e23
-2.830747693161212e23
-2.8043101267323532e23
-2.772649678726683e23
-2.7357437552340066e23
-2.6935719654817808e23
-2.6461161374806764e23
-2.593360332516358e23
-2.535290858474403e23
-2.4718962819863344e23
-2.4031674393848432e23
-2.329097446457625e23
-2.2496817069889953e23
-2.1649179200801444e23
-2.0748060862387688e23
-1.9793485122298212e23
-1.878549814680022e23
-1.772416922429001e23
-1.6609590776211733e23
-1.5441878355327687e23
-1.422117063129171e23
-1.2947629363493012e23
-1.1621439361127725e23
-1.0242808430482762e23
-8.811967309409605e22
-7.329169588980389e22
-5.79469162232411e22
-4.208832420648723e22
-2.5719135364595543e22
-8.842789340033036e21
8.537051530446256e21
2.641650376604606e22
4.479146441888109e22
6.365761287711138e22
8.301041279365313e22
1.028451141398256e23
1.231567553830855e23
1.4394016578814672e23
1.651899678404721e23
1.8690057979119383e23
2.0906621832239237e23
2.3168090133159036e23
2.54738450834233e23
2.7823249598291118e23
3.0215647620184536e23
3.265036444353256e23
3.5126707050848955e23
3.7643964459887684e23
4.0201408081709094e23
4.279829208948294e23
4.5433853797845814e23
4.8107314052628934e23
5.08178776307509e23
5.356473365008593e23
5.6347055989088955e23
5.916400371596456e23
6.201472152715753e23
6.489834019493461e23
6.78139770238211e23
7.07607363156558e23
7.373770984300278e23
7.674397733068208e23
7.977860694514657e23
8.284065579144413e23
8.59291704174913e23
8.904318732538148e23
9.218173348944396e23
9.534382688076924e23
9.852847699789666e23
1.017346854033811e24
1.0496144626592272e24
1.082077469077589e24
1.1147256835700238e24
1.1475488590461171e24
1.1805366966567048e24
1.213678851446557e24
1.2469649380435563e24
1.280384536381201e24
1.3139271974509624e24
1.3475824490811518e24
1.3813398017388801e24
1.4151887543516477e24
1.4491188001451463e24
1.4831194324936492e24
1.5171801507796473e24
1.5512904662590508e24
1.5854399079284674e24
1.6196180283909642e24
1.6538144097167334e24
1.688018669295058e24
1.722220465674007e24
1.7564095043841415e24
1.7905755437427601e24
1.8247084006349466e24
1.858797956267846e24
1.8928341618945365e24
1.9268070445038806e24
1.9607067124727355e24
1.9945233611769787e24
2.028247278557611e24
2.0618688506385485e24
2.095378566992397e24
2.1287670261507176e24
2.1620249409552566e24
2.1951431438466105e24
2.2281125920868765e24
2.2609243729128406e24
2.2935697086161866e24
2.3260399615474798e24
2.358326639040453e24
2.390421398253301e24
2.422316050923713e24
2.454002568034373e24
2.4854730843857235e24
2.516719903072885e24
2.5477354998634915e24
2.578512527473532e24
2.6090438197380767e24
2.6393223956739566e24
2.669341463431504e24
2.699094424132468e24
2.728574875591395e24
2.757776615917598e24
2.7866936469952203e24
2.815320177838673e24
2.8436506278209623e24
2.871679629772421e24
2.899402032947472e24
2.926812905857063e24
2.9539075389646116e24
2.980681447243135e24
3.007130372591645e24
3.0332502861086825e24
3.0590373902210913e24
3.0844881206661805e24
3.109599148325516e24
3.134367380908637e24
3.158789964485156e24
3.1828642848636593e24
3.206587968816057e24
3.229958885146061e24
3.2529751456005013e24
3.2756351056224113e24
3.297937364944792e24
3.319880768024131e24
3.341464404312845e24
3.362687608369818e24
3.383549959808501e24
3.404051283081912e24
3.42419164710415e24
3.4439713647080476e24
3.4633909919387085e24
3.4824513271828124e24
3.5011534101336196e24
3.51949852059171e24
3.5374881771017133e24
3.5551241354251937e24
3.572408386850135e24
3.5893431563374807e24
3.605930900505315e24
3.62217430545138e24
3.63807628441474e24
3.653639975277447e24
3.6688687379072867e24
3.683766151342667e24
3.6983360108208777e24
3.7125823246510595e24
3.7265093109333057e24
3.7401213941254286e24
3.7534232014590024e24
3.766419559206482e24
3.7791154888011757e24
3.79151620281208e24
3.803627100775552e24
3.815453764886031e24
3.8270019555480237e24
3.838277606791715e24
3.8492868215546074e24
3.860035866831789e24
3.870531168697434e24
3.880779307200265e24
3.890787011135787e24
3.900561152698259e24
3.910108742015345e24
3.919436921568608e24
3.9285529605029407e24
3.937464248828296e24
3.946178291517013e24
3.954702702500186e24
3.963045198566589e24
3.9712135931677753e24
3.9792157901329853e24
3.987059777297657e24
3.994753620049311e24
4.002305454794737e24
4.0097234823524516e24
4.017015961274408e24
4.024191201101122e24
4.0312575555542924e24
4.0382234156712003e24
4.04509720288514e24
4.0518873620561745e24
4.0586023544566675e24
4.065250650715978e24
4.0718407237288103e24
4.0783810415317675e24
4.084880060152632e24
4.0913462164370707e24
4.097787920857296e24
4.104213550307489e24
4.1106314408906115e24
4.1170498807013984e24
4.1234771026102825e24
4.1299212770530817e24
4.1363905048311934e24
4.1428928099272256e24
4.1494361323408437e24
4.1560283209497136e24
4.1626771264004406e24
4.1693901940343313e24
4.176175056852905e24
4.183039128528007e24
4.1899896964614007e24
4.1970339148987414e24
4.204178798102735e24
4.21143121359039e24
4.218797875439172e24
4.226285337666854e24
4.2338999876899027e24
4.241648039865118e24
4.2495355291193266e24
4.257568304671762e24
4.2657520238538965e24
4.274092146031275e24
4.2825939266320296e24
4.2912624112865594e24
4.300102430082941e24
4.3091185919424896e24
4.318315279119897e24
4.3276966418322935e24
4.3372665930215196e24
4.3470288032538473e24
4.356986695761307e24
4.36714344162874e24
4.377501955130571e24
4.388064889221284e24
4.398834631183471e24
4.4098132984372514e24
4.4210027345147824e24
4.4324045052034933e24
4.444019894861602e24
4.455849902909339e24
4.467895240499284e24
4.4801563273690524e24
4.49263328887953e24
4.505325953241688e24
4.518233848934998e24
4.531356202320277e24
4.544691935449718e24
4.558239664076784e24
4.571997695868456e24
4.585964028822304e24
4.6001363498906534e24
4.614512033814042e24
4.6290881421660436e24
4.6438614226114035e24
4.65882830837929e24
4.6739849179533747e24
4.6893270549803123e24
4.704850208398046e24
4.7205495527852557e24
4.736419948933125e24
4.7524559446404726e24
4.768651775733151e24
4.785001367308491e24
4.801498335205416e24
4.818135987700738e24
4.8349073274319886e24
4.851805053546977e24
4.868821564080184e24
4.885948958555927e24
4.903179040818026e24
4.9205033220857e24
4.937913024235131e24
4.955399083306087e24
4.972952153232814e24
4.990562609798223e24
5.008220554810389e24
5.025915820499992e24
5.043637974137512e24
5.061376322868468e24
5.079119918765218e24
5.096857564093379e24
5.114577816790992e24
5.13226899615835e24
5.149919188756131e24
5.167516254509641e24
5.185047833016455e24
5.202501350054951e24
5.219864024290759e24
5.237122874178398e24
5.254264725054751e24
5.271276216421398e24
5.288143809412317e24
5.304853794443409e24
5.321392299040419e24
5.337745295841207e24
5.35389861076879e24
5.36983793137084e24
5.385548815321683e24
5.401016699082503e24
5.416226906715219e24
5.431164658845719e24
5.445815081771601e24
5.460163216709888e24
5.474194029179612e24
5.487892418514513e24
5.501243227500547e24
5.514231252133199e24
5.526841251489171e24
5.539057957707019e24
5.550866086071399e24
5.562250345195069e24
5.573195447293231e24
5.583686118544144e24
5.593707109530376e24
5.603243205754572e24
5.612279238223774e24
5.620800094096176e24
5.628790727384031e24
5.636236169706609e24
5.643121541086667e24
5.649432060784279e24
5.655153058161238e24
5.660269983569914e24
5.664768419259661e24
5.668634090294278e24
5.671852875473938e24
5.674410818254703e24
5.676294137659078e24
5.677489239170567e24
5.677982725605753e24
5.677761407956696e24
5.676812316197077e24
5.675122710045064e24
5.672680089675992e24
5.669472206378055e24
5.665487073143978e24
5.660712975191816e24
5.655138480407981e24
5.648752449705552e24
5.641544047290929e24
5.633502750832064e24
5.624618361521317e24
5.61488101402608e24
5.604281186320453e24
5.592809709391015e24
5.580457776810203e24
5.567216954170295e24
5.553079188371538e24
5.53803681675776e24
5.522082576092823e24
5.505209611371546e24
5.487411484458518e24
5.468682182548494e24
5.449016126442102e24
5.428408178630521e24
5.406853651183031e24
5.384348313431373e24
5.360888399444901e24
5.336470615290619e24
5.311092146072343e24
5.284750662743144e24
5.257444328685761e24
5.229171806055077e24
5.199932261877629e24
5.169725373902635e24
5.138551336199515e24
5.106410864496849e24
5.073305201257681e24
5.039236120486774e24
5.004205932264692e24
4.96821748700455e24
4.931274179426848e24
4.893379952248282e24
4.854539299580326e24
4.814757270033743e24
4.774039469525098e24
4.732392063781852e24
4.689821780542317e24
4.6463359114472926e24
4.6019423136202053e24
4.556649410932746e24
4.5104661949531795e24
4.463402225574722e24
4.415467631321366e24
4.3666731093291523e24
4.3170299250003853e24
4.2665499113291457e24
4.2152454678961964e24
4.16312955953177e24
4.110215714644819e24
4.056518023217558e24
4.00205113446418e24
3.946830254153204e24
3.890871141592462e24
3.834190106276573e24
3.776804004196552e24
3.7187302338115493e24
3.659986731682868e24
3.600591967770629e24
3.54056494039357e24
3.479925170852956e24
3.418692697721254e24
3.3568880707969476e24
3.2945323447268026e24
3.231647072297108e24
3.1682542973957453e24
3.10437654764685e24
3.0400368267206193e24
2.975258606320177e24
2.9100658178483914e24
2.8444828437573e24
2.778534508583119e24
2.712246069670026e24
2.645643207586094e24
2.578752016234814e24
2.5115989926663023e24
2.4442110265917034e24
2.3766153896052822e24
2.3088397241184006e24
2.2409120320099422e24
2.1728606629979026e24
2.1047143027370886e24
2.0365019606478655e24
1.9682529574815714e24
1.8999969126276297e24
1.8317637311682853e24
1.7635835906866977e24
1.6954869278343338e24
1.6275044246638764e24
1.559666994733939e24
1.492005768991998e24
1.4245520814424464e24
1.3573374546062178e24
1.2903935847792233e24
1.2237523270965922e24
1.157445680410015e24
1.0915057719855834e24
1.0259648420297138e24
9.608552280507174e23
8.962093490641052e23
8.320596896492653e23
7.684387838657837e23
7.053791990375831e23
6.429135194131575e23
5.810743297103573e23
5.198941985542794e23
4.594056618168063e23
3.996412058667962e23
3.406332507394148e23
2.824141332338016e23
2.250160899479885e23
1.684712402601716e23
1.1281156926554486e23
5.80689106778171e22
4.274929705011502e21
-4.853889409148221e22
-1.0034128394483928e23
-1.5110118302841851e23
-2.007877715894836e23
-2.49370484061452e23
-2.9681902614513483e23
-3.4310339184933386e23
-3.8819388048099474e23
-4.32061113575523e23
-4.746760517573428e23
-5.160100115211674e23
-5.5603468192416015e23
-5.947221411794644e23
-6.320448731412378e23
-6.679757836717935e23
-7.02488216880834e23
-7.355559712276189e23
-7.671533154761244e23
-7.972550044938375e23
-8.25836294884681e23
-8.528729604465378e23
-8.783413074441174e23
-9.022181896877359e23
-9.244810234087607e23
-9.4510780192259e23
-9.640771100700458e23
-9.813681384280996e23
-9.96960697281022e23
-1.0108352303432347e24
-1.0229728282248373e24
-1.0333552416316263e24
-1.0419648942905064e24
-1.0487848955924897e24
-1.053799052944573e24
-1.0569918838224713e24
-1.0583486275163359e24
-1.0578552565612495e24
-1.0554984878452111e24
-1.0512657933864399e24
-1.045145410773221e24
-1.0371263532584023e24
-1.0271984195019285e24
-1.015352202954112e24
-1.0015791008729875e24
-9.858713229693335e23
-9.68221899672568e23
-9.486246900117154e23
-9.27074389104989e23
-9.03566535252618e23
-8.780975166267503e23
-8.506645775535295e23
-8.212658243816804e23
-7.899002309327568e23
-7.565676435284813e23
-7.212687855900015e23
-6.840052618054602e23
-6.44779561860996e23
-6.035950637319392e23
-5.604560365300141e23
-5.1536764290330306e23
-4.683359409860053e23
-4.1936788589449495e23
-3.684713307676077e23
-3.156550273480251e23
-2.6092862610323252e23
-2.04302675883354e23
-1.4578862311487924e23
-8.539881052822211e22
-2.3146475418148156e22
4.095425256358871e22
1.0688835408478944e23
1.7463992327805566e23
2.441921713558235e23
3.1552743069417e23
3.886271593859009e23
4.634719462614483e23
5.4004151637733495e23
6.183147369707741e23
6.98269623878685e23
7.798833484201117e23
8.631322447391833e23
9.479918176073199e23
1.0344367506812299e24
1.1224409152146991e24
1.2119773792207937e24
1.3030184170808923e24
1.3955355195977185e24
1.4894994044875834e24
1.584880027308736e24
1.6816465928204567e24
1.779767566769278e24
1.879210688096463e24
1.9799429815624263e24
2.0819307707823614e24
2.1851396916671226e24
2.2895347062642882e24
2.3950801169922341e24
2.5017395812619216e24
2.6094761264786754e24
2.7182521654181886e24
2.8280295119686153e24
2.9387693972322253e24
3.050432485978791e24
3.16297889344251e24
3.276368202455375e24
3.3905594809076554e24
3.505511299528185e24
3.6211817499747283e24
3.737528463226442e24
3.854508628269023e24
3.972079011062959e24
4.090195973786308e24
4.208815494341275e24
4.327893186115941e24
4.447384317989985e24
4.5672438345753923e24
4.687426376680739e24
4.8078863019894064e24
4.928577705940786e24
5.04945444280329e24
5.170470146929119e24
5.291578254178624e24
5.412732023504201e24
5.533884558681212e24
5.654988830175641e24
5.775997697135829e24
5.896863929497441e24
6.017540230189631e24
6.137979257430061e24
6.258133647097796e24
6.377956035170889e24
6.497399080217675e24
6.616415485928515e24
6.734958023676576e24
6.852979555095094e24
6.970433054658272e24
7.087271632254478e24
7.203448555738071e24
7.318917273448649e24
7.433631436684068e24
7.547544922115917e24
7.660611854133829e24
7.77278662710708e24
7.884023927550624e24
7.994278756182796e24
8.103506449863048e24
8.211662703396384e24
8.318703591193087e24
8.424585588770479e24
8.529265594085426e24
8.632700948684427e24
8.734849458659993e24
8.835669415400871e24
8.935119616123933e24
9.033159384176544e24
9.12974858909673e24
9.224847666420452e24
9.318417637223482e24
9.410420127387135e24
9.500817386576385e24
9.5895723069187e24
9.67664844137349e24
9.762010021780214e24
9.845621976575402e24
9.927449948167125e24
1.0007460309957342e25
1.0085620183001083e25
1.016189745229302e25
1.0236260782671463e25
1.0308679634329576e25
1.037912427792524e25
1.0447565809279385e25
1.0513976163654534e25
1.0578328129603963e25
1.0640595362383635e25
1.0700752396917806e25
1.0758774660310651e25
1.0814638483895957e25
1.086832111481672e25
1.0919800727128147e25
1.0969056432415845e25
1.1016068289923348e25
1.106081731618145e25
1.1103285494133652e25
1.1143455781751379e25
1.1181312120133002e25
1.1216839441081573e25
1.1250023674155653e25
1.1280851753188624e25
1.1309311622271466e25
1.1335392241195171e25
1.1359083590348244e25
1.1380376675065953e25
1.139926352942782e25
1.1415737219499944e25
1.1429791846020063e25
1.1441422546521996e25
1.145062549689819e25
1.1457397912397847e25
1.1461738048059634e25
1.1463645198577483e25
1.1463119697598822e25
1.1460162916454635e25
1.1454777262321245e25
1.144696617581389e25
1.1436734128012591e25
1.1424086616921252e25
1.140903016336091e25
1.1391572306298917e25
1.1371721597615573e25
1.1349487596310662e25
1.1324880862152184e25
1.1297912948770072e25
1.126859639619837e25
1.1236944722868897e25
1.1202972417060694e25
1.116669492780905e25
1.1128128655278685e25
1.108729094060618e25
1.104420005521626e25
1.0998875189617896e25
1.0951336441685613e25
1.090160480443245e25
1.084970215328068e25
1.079565123283723e25
1.0739475643180587e25
1.0681199825666986e25
1.062084904826296e25
1.0558449390412559e25
1.0494027727447403e25
1.0427611714548028e25
1.0359229770265434e25
1.0288911059611838e25
1.0216685476729997e25
1.0142583627150991e25
1.006663680965e25
9.9888769977105e24
9.909336820607308e24
9.828049544119057e24
9.745049050881122e24
9.660369820390153e24
9.57404690867148e24
9.486115927621447e24
9.396613024035939e24
9.305574858337647e24
9.213038583014158e24
9.119041820779371e24
9.023622642470956e24
8.926819544696722e24
8.82867142724277e24
8.729217570257131e24
8.62849761122164e24
8.526551521726037e24
8.423419584057895e24
8.319142367622132e24
8.213760705204215e24
8.107315669090863e24
7.999848547063105e24
7.891400818275242e24
7.782014129034538e24
7.6717302684965e24
7.560591144289631e24
7.448638758084888e24
7.335915181124486e24
7.222462529724737e24
7.108322940768026e24
6.993538547198424e24
6.878151453536587e24
6.762203711428071e24
6.645737295240694e24
6.528794077725611e24
6.411415805757176e24
6.293644076166644e24
6.175520311684507e24
6.057085737006398e24
5.938381354997798e24
5.819447923051807e24
5.700325929615174e24
5.581055570897152e24
5.461676727775877e24
5.342228942916678e24
5.222751398117009e24
5.103282891891945e24
4.983861817315166e24
4.864526140128714e24
4.745313377136154e24
4.6262605748926634e24
4.5074042887058577e24
4.388780561960914e24
4.2704249057831237e24
4.152372279051649e24
4.034657068776752e24
3.9173130708538924e24
3.8003734712070603e24
3.683870827333855e24
3.5678370502644543e24
3.452303386946512e24
3.3373004030675346e24
3.222857966326716e24
3.1090052301668397e24
2.9957706179777256e24
2.88318180778178e24
2.771265717412129e24
2.660048490193525e24
2.5495554811359655e24
2.439811243650421e24
2.3308395167965032e24
2.2226632130703763e24
2.115304406742143e24
2.0087843227508412e24
1.903123326165162e24
1.79834091221758e24
1.6944556969193514e24
1.5914854082631607e24
1.4894468780206738e24
1.3883560341406094e24
1.2882278937538586e24
1.1890765567910493e24
1.0909152002178463e24
9.937560728928535e23
8.976104910526891e23
8.024888344281582e23
7.08400542995687e23
6.153541143668613e23
5.2335710181934645e23
4.3241611297176005e23
3.425368091045043e23
2.5372390512851822e23
1.6598117020325384e23
7.931142900463574e22
-6.283436355825783e21
-9.08024837614069e22
-1.742457078696368e23
-2.566140362418673e23
-3.379093248238146e23
-4.181343527786936e23
-4.9729281667487325e23
-5.753893240299654e23
-6.524293862147186e23
-7.284194107192507e23
-8.033666927855204e23
-8.772794064097527e23
-9.501665947194064e23
-1.0220381597291626e24
-1.0929048514815452e24
-1.1627782565770984e24
-1.2316707861007682e24
-1.2995956629505158e24
-1.366566908574905e24
-1.4325993291270597e24
-1.4977085010422995e24
-1.561910756047639e24
-1.6252231656114172e24
-1.6876635248414816e24
-1.7492503358416452e24
-1.8100027905352423e24
-1.8699407529660732e24
-1.929084741086632e24
-1.9874559080444402e24
-2.045076022977095e24
-2.1019674513277412e24
-2.1581531346919315e24
-2.21365657020841e24
-2.2685017895058723e24
-2.322713337218061e24
-2.3763162490805558e24
-2.429336029621995e24
-2.481798629463689e24
-2.533730422241127e24
-2.5851581811615695e24
-2.6361090552122094e24
-2.686610545033407e24
-2.7366904784720974e24
-2.7863769858302944e24
-2.8356984748244184e24
-2.8846836052708975e24
-2.93336126351395e24
-2.9817605366118265e24
-3.0299106862976056e24
-3.0778411227313695e24
-3.125581378060114e24
-3.1731610798027e24
-3.220609924076541e24
-3.267957648683739e24
-3.3152340060734174e24
-3.3624687361985625e24
-3.4096915392844484e24
-3.456932048526681e24
-3.504219802736914e24
-3.551584218953878e24
-3.599054565038286e24
-3.646659932269456e24
-3.6944292079620194e24
-3.7423910481210887e24
-3.7905738501542466e24
-3.8390057256586373e24
-3.8877144733016954e24
-3.936727551813977e24
-3.986072053112366e24
-4.0357746755724246e24
-4.0858616974677685e24
-4.1363589505954544e24
-4.1872917941053036e24
-4.2386850885515247e24
-4.2905631701850443e24
-4.3429498255043635e24
-4.395868266083328e24
-4.4493411036935143e24
-4.5033903257391547e24
-4.5580372710223354e24
-4.613302605856073e24
-4.6692063005426e24
-4.725767606234194e24
-4.7830050321936926e24
-4.840936323471601e24
-4.899578439016419e24
-4.958947530234877e24
-5.019058920018372e24
-5.079927082251557e24
-5.141565621819132e24
-5.203987255126309e24
-5.267203791148403e24
-5.331226113024602e24
-5.396064160210639e24
-5.461726911205098e24
-5.528222366863404e24
-5.595557534313449e24
-5.663738411486539e24
-5.732769972276853e24
-5.802656152342346e24
-5.873399835559842e24
-5.945002841146265e24
-6.017465911458193e24
-6.090788700481037e24
-6.164969763019058e24
-6.240006544596889e24
-6.315895372082914e24
-6.392631445044514e24
-6.470208827844547e24
-6.548620442488233e24
-6.627858062229117e24
-6.707912305942352e24
-6.788772633272952e24
-6.870427340566589e24
-6.952863557589534e24
-7.036067245044373e24
-7.120023192887448e24
-7.20471501945321e24
-7.290125171390952e24
-7.376234924417965e24
-7.463024384893576e24
-7.55047249221714e24
-7.638557022053481e24
-7.727254590388016e24
-7.816540658413662e24
-7.906389538251124e24
-7.99677439950339e24
-8.087667276645293e24
-8.179039077247595e24
-8.270859591035595e24
-8.36309749978076e24
-8.455720388024085e24
-8.548694754629009e24
-8.641986025161049e24
-8.735558565091443e24
-8.829375693820542e24
-8.923399699517381e24
-9.017591854770027e24
-9.11191243304215e24
-9.206320725929344e24
-9.300775061209438e24
-9.395232821679798e24
-9.489650464773995e24
-9.583983542950591e24
-9.678186724844945e24
-9.77221381717586e24
-9.866017787397064e24
-9.959550787084047e24
-1.00527641760458e25
-1.0145608547150173e25
-1.023803375185216e25
-1.0329988926412442e25
-1.0421422518794639e25
-1.0512282316227625e25
-1.0602515473420376e25
-1.0692068541414893e25
-1.078088749706347e25
-1.086891777311547e25
-1.0956104288898198e25
-1.1042391481576918e25
-1.1127723337977242e25
-1.1212043426954292e25
-1.1295294932290962e25
-1.137742068610886e25
-1.145836320277352e25
-1.153806471327642e25
-1.1616467200075232e25
-1.1693512432373205e25
-1.176914200181915e25
-1.1843297358607815e25
-1.1915919847961537e25
-1.198695074697237e25
-1.205633130178457e25
-1.2124002765096673e25
-1.2189906433961604e25
-1.2253983687864201e25
-1.2316176027053645e25
-1.2376425111109653e25
-1.2434672797719509e25
-1.2490861181644408e25
-1.2544932633851424e25
-1.2596829840789202e25
-1.2646495843783818e25
-1.2693874078531445e25
-1.2738908414664983e25
-1.2781543195370317e25
-1.2821723277029195e25
-1.28593940688642e25
-1.2894501572562513e25
-1.2926992421853576e25
-1.2956813922017212e25
-1.2983914089297524e25
-1.3008241690198132e25
-1.3029746280634872e25
-1.3048378244920703e25
-1.3064088834559502e25
-1.3076830206822984e25
-1.3086555463087352e25
-1.3093218686904805e25
-1.3096774981785216e25
-1.309718050866446e25
-1.3094392523034036e25
-1.3088369411708706e25
-1.307907072920753e25
-1.3066457233724366e25
-1.3050490922664047e25
-1.303113506772035e25
-1.300835424947243e25
-1.2982114391475813e25
-1.2952382793825342e25
-1.2919128166166212e25
-1.288232066013128e25
-1.2841931901180897e25
-1.279793501982391e25
-1.275030468219688e25
-1.2699017119980291e25
-1.2644050159629846e25
-1.2585383250901408e25
-1.2522997494649303e25
-1.2456875669876384e25
-1.2387002260016425e25
-1.2313363478428158e25
-1.223594729308196e25
-1.2154743450419614e25
-1.2069743498368328e25
-1.1980940808490628e25
-1.1888330597252363e25
-1.1791909946390743e25
-1.1691677822365622e25
-1.1587635094877217e25
-1.1479784554434042e25
-1.1368130928955247e25
-1.1252680899392251e25
-1.1133443114354452e25
-1.101042820372551e25
-1.0883648791255628e25
-1.0753119506117123e25
-1.0618856993410382e25
-1.0480879923608223e25
-1.0339209000926857e25
-1.0193866970612743e25
-1.0044878625134351e25
-9.892270809269915e24
-9.73607242408079e24
-9.576314429762574e24
-9.413029847365581e24
-9.246253759377333e24
-9.076023309160195e24
-8.902377699238013e24
-8.725358188425972e24
-8.545008087799404e24
-8.361372755496345e24
-8.174499590350944e24
-7.984438024354505e24
-7.791239513941756e24
-7.594957530101059e24
-7.395647547306935e24
-7.193367031275564e24
-6.988175425542714e24
-6.780134136865583e24
-6.569306519450434e24
-6.355757858007979e24
-6.139555349640128e24
-5.920768084561483e24
-5.699467025660064e24
-5.47572498690302e24
-5.249616610592095e24
-5.021218343476384e24
-4.790608411728852e24
-4.557866794795115e24
-4.3230751981223705e24
-4.0863170247784546e24
-3.84767734597009e24
-3.6072428704719376e24
-3.365101912976748e24
-3.121344361379014e24
-2.8760616430047586e24
-2.629346689800375e24
-2.3812939024947985e24
-2.1319991137491846e24
-1.8815595503093212e24
-1.6300737941771415e24
-1.3776417428167043e24
-1.1243645684127858e24
-8.703446761988876e23
-6.156856618736418e23
-3.6049226812387536e23
-1.0487034027433073e23
1.5107321891664861e23
4.072304952937567e23
6.634926101536712e23
9.197497678839714e23
1.1758913043697362e24
1.4318057361454189e24
1.68738081026819e24
1.94250355488942e24
2.1970603304998334e24
2.4509368818230363e24
2.7040183903332045e24
2.9561895273701364e24
3.207334507826273e24
3.457337144378572e24
3.7060809022385447e24
3.9534489543930244e24
4.199324237307347e24
4.443589507063573e24
4.6861273959045626e24
4.926820469155296e24
5.165551282492009e24
5.402202439529867e24
5.63665664969896e24
5.868796786379167e24
6.098505945262257e24
6.325667502912082e24
6.550165175490883e24
6.771883077620986e24
6.990705781350658e24
7.206518375192362e24
7.419206523202066e24
7.628656524067746e24
7.834755370174622e24
8.037390806615977e24
8.236451390116691e24
8.431826547837555e24
8.623406636028003e24
8.811082998494969e24
8.994748024855422e24
9.174295208540562e24
9.349619204518549e24
9.520615886704436e24
9.687182405024345e24
9.849217242101925e24
1.0006620269534925e25
1.0159292803730031e25
1.0307137661263703e25
1.0450059213738012e25
1.058796344209872e25
1.0720757990385544e25
1.0848352218882443e25
1.097065725663728e25
1.1087586053320233e25
1.119905343039007e25
1.1304976131538785e25
1.1405272872383492e25
1.1499864389377372e25
1.1588673487909108e25
1.1671625089562813e25
1.1748646278509144e25
1.181966634699975e25
1.1884616839937332e25
1.1943431598493553e25
1.1996046802748066e25
1.2042401013322008e25
1.2082435211980214e25
1.2116092841175862e25
1.2143319842513388e25
1.2164064694104244e25
1.2178278446791817e25
1.2185914759222427e25
1.2186929931738204e25
1.2181282939071177e25
1.2168935461815061e25
1.2149851916655033e25
1.2123999485333838e25
1.2091348142334663e25
1.2051870681261958e25
1.200554273990053e25
1.1952342823936008e25
1.1892252329318362e25
1.182525556325306e25
1.1751339763802507e25
1.1670495118084101e25
1.1582714779049266e25
1.1487994880830068e25
1.1386334552641272e25
1.1277735931223849e25
1.1162204171820666e25
1.1039747457671488e25
1.091037700801949e25
1.077410708461816e25
1.0630954996732208e25
1.048094110462351e25
1.032408882151585e25
1.0160424614033467e25
9.989978001106559e24
9.812781551341735e24
9.628870878851746e24
9.438284637544233e24
9.241064513865961e24
9.037255218002435e24
8.826904473533701e24
8.610063005545221e24
8.386784527198054e24
8.157125724758275e24
7.921146241091757e24
7.678908657625888e24
7.430478474786049e24
7.175924090910697e24
6.915316779652803e24
6.648730665876244e24
6.376242700053502e24
6.097932631176923e24
5.813882978190866e24
5.52417899995885e24
5.228908663774686e24
4.928162612433251e24
4.62203412987235e24
4.3106191054008437e24
3.9940159965295257e24
3.672325790418246e24
3.345651963959382e24
3.014100442512088e24
2.6777795573090116e24
2.3368000015521505e24
1.9912747852191212e24
1.6413191886014633e24
1.287050714594139e24
9.285890397618392e23
5.6605596420162335e23
1.995753602293126e23
-1.7072688008941494e23
-5.447228985347055e23
-9.222829254314786e23
-1.3032753354244746e24
-1.6875667043005702e24
-2.0750218668335163e24
-2.4655039756190107e24
-2.858874560874481e24
-3.254993591170434e24
-3.6537195350662306e24
-4.0549094236162694e24
-4.4584189137176943e24
-4.86410235226646e24
-5.271812841088108e24
-5.681402302613078e24
-6.092721546259283e24
-6.505620335491862e24
-6.919947455521644e24
-7.335550781610755e24
-7.752277347948488e24
-8.169973417060722e24
-8.588484549719588e24
-9.007655675313353e24
-9.427331162643269e24
-9.84735489110687e24
-1.0267570322233395e25
-1.0687820571530624e25
-1.11079484806077e25
-1.1527796689534478e25
-1.1947207709398224e25
-1.2366023995021293e25
-1.2784088017797978e25
-1.3201242338614954e25
-1.361732968081245e25
-1.4032193003150928e25
-1.4445675572740185e25
-1.4857621037894419e25
-1.5267873500872856e25
-1.5676277590465071e25
-1.6082678534384892e25
-1.6486922231429644e25
-1.688885532336888e25
-1.7288325266520387e25
-1.768518040297656e25
-1.8079270031441173e25
-1.8470444477636641e25
-1.8858555164245402e25
-1.9243454680343963e25
-1.962499685029425e25
-2.000303680205086e25
-2.0377431034849797e25
-2.0748037486237756e25
-2.111471559840716e25
-2.147732638379902e25
-2.183573248993581e25
-2.218979826345086e25
-2.2539389813274752e25
-2.288437507294686e25
-2.3224623862013635e25
-2.356000794648186e25
-2.38904010982901e25
-2.42156791537669e25
-2.45357200710413e25
-2.4850403986372797e25
-2.5159613269369977e25
-2.5463232577064543e25
-2.5761148906811713e25
-2.6053251647984514e25
-2.6339432632434292e25
-2.6619586183687312e25
-2.6893609164848476e25
-2.7161401025186336e25
-2.742286384536997e25
-2.7677902381333836e25
-2.7926424106742657e25
-2.816833925403381e25
-2.840356085401105e25
-2.8632004773967848e25
-2.885358975431738e25
-2.9068237443706546e25
-2.92758724325952e25
-2.947642228527814e25
-2.9669817570333e25
-2.9855991889473688e25
-3.0034881904793885e25
-3.020642736438207e25
-3.037057112629436e25
-3.052725918086912e25
-3.06764406713698e25
-3.081806791294379e25
-3.0952096409884227e25
-3.107848487118515e25
-3.119719522437838e25
-3.1308192627644686e25
-3.1411445480189954e25
-3.15069254308798e25
-3.159460738512647e25
-3.1674469510022624e25
-3.1746493237718543e25
-3.1810663267038503e25
-3.186696756333558e25
-3.1915397356582583e25
-3.1955947137699533e25
-3.1988614653119115e25
-3.20134008975907e25
-3.2030310105227236e25
-3.203934973879825e25
-3.204053047727413e25
-3.2033866201627497e25
-3.201937397889938e25
-3.1997074044536797e25
-3.1966989783012583e25
-3.1929147706736222e25
-3.188357743326682e25
-3.183031166084113e25
-3.176938614222854e25
-3.1700839656928103e25
-3.1624713981721693e25
-3.1541053859599893e25
-3.144990696707751e25
-3.1351323879916337e25
-3.12453580372741e25
-3.1132065704299746e25
-3.101150593319548e25
-3.08837405227671e25
-3.0748833976485816e25
-3.0606853459084142e25
-3.045786875171121e25
-3.0301952205671947e25
-3.013917869477658e25
-2.9969625566327453e25
-2.97933725907709e25
-2.961050191004275e25
-2.9421097984636763e25
-2.9225247539426695e25
-2.902303950827231e25
-2.8814564977441806e25
-2.859991712788191e25
-2.837919117637115e25
-2.8152484315587384e25
-2.7919895653126308e25
-2.768152614950517e25
-2.7437478555188215e25
-2.7187857346669887e25
-2.6932768661653142e25
-2.6672320233360906e25
-2.6406621324018292e25
-2.6135782657545435e25
-2.585991635149917e25
-2.5579135848304426e25
-2.5293555845815037e25
-2.5003292227245224e25
-2.4708461990512804e25
-2.440918317703502e25
-2.4105574800021416e25
-2.3797756772302895e25
-2.3485849833742237e25
-2.3169975478267853e25
-2.2850255880574816e25
-2.252681382253601e25
-2.2199772619368126e25
-2.1869256045595895e25
-2.153538826085872e25
-2.119829373560503e25
-2.085809717671751e25
-2.0514923453115287e25
-2.0168897521376327e25
-1.9820144351426335e25
-1.94687888523378e25
-1.9114955798283716e25
-1.8758769754693353e25
-1.8400355004650714e25
-1.8039835475584026e25
-1.7677334666288328e25
-1.7312975574327386e25
-1.6946880623857588e25
-1.6579171593919275e25
-1.6209969547238351e25
-1.5839394759582306e25
-1.5467566649714148e25
-1.509460370998662e25
-1.472062343762046e25
-1.4345742266707984e25
-1.3970075500985381e25
-1.3593737247413164e25
-1.3216840350609735e25
-1.2839496328174332e25
-1.2461815306942967e25
-1.2083905960216014e25
-1.1705875445996415e25
-1.132782934627819e25
-1.09498716074222e25
-1.0572104481658018e25
-1.0194628469747777e25
-9.817542264848943e24
-9.44094269761163e24
-9.064924682544935e24
-8.689581165687275e24
-8.315003073613481e24
-7.94127926381231e24
-7.568496476464546e24
-7.19673928765639e24
-6.826090064054133e24
-6.456628919072796e24
-6.088433670566362e24
-5.721579800067301e24
-5.356140413602523e24
-4.992186204111596e24
-4.629785415492532e24
-4.269003808298844e24
-3.909904627111555e24
-3.552548569607858e24
-3.1969937573477576e24
-2.843295708299136e24
-2.4915073111197526e24
-2.1416788012152562e24
-1.7938577385882833e24
-1.4480889874982482e24
-1.1044146979423227e24
-7.628742889745044e23
-4.235044338745322e23
-8.633904717800835e22
2.4859072642134276e23
5.812565212883448e23
9.116327581733637e23
1.2396966496428995e24
1.565428203607593e24
1.8888102249430334e24
2.2098283151998248e24
2.52847087040026e24
2.8447290769204445e24
3.1585969054586037e24
3.4700711030882934e24
3.7791511834020493e24
4.08583941474655e24
4.390140806554825e24
4.692063093781237e24
4.991616719446324e24
5.28881481529957e24
5.583673180609582e24
5.876210259092243e24
6.166447113988518e24
6.454407401304833e24
6.740117341230183e24
7.023605687745003e24
7.304903696438486e24
7.584045090551319e24
7.861066025263968e24
8.13600505024731e24
8.408903070500351e24
8.679803305494114e24
8.948751246646225e24
9.215794613149965e24
9.480983306183129e24
9.744369361523306e24
1.0006006900596546e25
1.026595207998837e25
1.0524263039446105e25
1.0780999848403518e25
1.1036224451058714e25
1.1290000610038282e25
1.1542393848680458e25
1.179347139197293e25
1.2043302106178067e25
1.2291956437184864e25
1.2539506347622523e25
1.278602525277411e25
1.3031587955329473e25
1.327627057901649e25
1.3520150501151327e25
1.3763306284148908e25
1.4005817606035264e25
1.4247765190004771e25
1.4489230733065282e25
1.4730296833815587e25
1.497104691939947e25
1.5211565171682247e25
1.545193645269501e25
1.569224622939443e25
1.5932580497782882e25
1.6173025706439239e25
1.6413668679506699e25
1.6654596539186537e25
1.6895896627787346e25
1.713765642937844e25
1.7379963491098082e25
1.762290534416607e25
1.786656942465152e25
1.8111042994046742e25
1.8356413059698e25
1.8602766295144931e25
1.8850188960419595e25
1.9098766822357547e25
1.934858507497209e25
1.9599728259944847e25
1.985228018728248e25
2.010632385619466e25
2.0361941376243147e25
2.061921388881498e25
2.0878221488971952e25
2.1139043147728028e25
2.1401756634807014e25
2.1666438441932e25
2.1933163706698226e25
2.220200613708097e25
2.247303793662941e25
2.274632973039759e25
2.3021950491662894e25
2.329996746948245e25
2.3580446117138106e25
2.386345002151737e25
2.41490408334824e25
2.4437278199273585e25
2.4728219692996764e25
2.502192075024152e25
2.531843460287794e25
2.561781221507818e25
2.5920102220608936e25
2.622535086144021e25
2.6533601927714865e25
2.6844896699123196e25
2.7159273887725593e25
2.7476769582265917e25
2.7797417194017353e25
2.812124740420139e25
2.8448288113021298e25
2.877856439034647e25
2.9112098428089725e25
2.9448909494312346e25
2.978901388909431e25
3.013242490220525e25
3.0479152772610703e25
3.0829204649847226e25
3.118258455729863e25
3.15392933574055e25
3.189932871883761e25
3.226268508565907e25
3.2629353648514292e25
3.2999322317861564e25
3.3372575699280633e25
3.374909507087819e25
3.4128858362816337e25
3.451184013898349e25
3.4898011580832245e25
3.528734047340155e25
3.5679791193542407e25
3.60753247003648e25
3.6473898527921046e25
3.6875466780141114e25
3.7279980128032186e25
3.7687385809155593e25
3.8097627629390683e25
3.8510645966995737e25
3.89263777789736e25
3.934475660974814e25
3.976571260215731e25
4.018917251076674e25
4.0615059717504744e25
4.104329424962161e25
4.1473792799971946e25
4.190646874961743e25
4.234123219274813e25
4.277798996391651e25
4.321664566757845e25
4.365709970993395e25
4.409924933305787e25
4.454298865131115e25
4.498820869001986e25
4.543479742640923e25
4.588263983277844e25
4.633161792189882e25
4.678161079461929e25
4.723249468965988e25
4.768414303557181e25
4.813642650484409e25
4.858921307013314e25
4.904236806259014e25
4.949575423226117e25
4.994923181053314e25
5.040265857459601e25
5.0855889913892795e25
5.130877889852493e25
5.176117634958193e25
5.2212930911360315e25
5.266388912543801e25
5.311389550656691e25
5.356279262034704e25
5.40104211626434e25
5.445662004070522e25
5.490122645594681e25
5.534407598834819e25
5.578500268243165e25
5.622383913476999e25
5.666041658298069e25
5.709456499616014e25
5.752611316670877e25
5.795488880350036e25
5.83807186263439e25
5.880342846168911e25
5.922284333952239e25
5.96387875914025e25
6.005108494958045e25
6.045955864715153e25
6.086403151918325e25
6.126432610476246e25
6.166026474990756e25
6.205166971128573e25
6.243836326067894e25
6.282016779013878e25
6.319690591777187e25
6.356840059409452e25
6.3934475208897415e25
6.429495369855819e25
6.464966065374065e25
6.49984214274188e25
6.534106224316226e25
6.567741030362168e25
6.600729389914884e25
6.633054251648951e25
6.664698694748468e25
6.6956459397714805e25
6.725879359502476e25
6.755382489786287e25
6.784139040337082e25
6.812132905515844e25
6.8393481750699445e25
6.865769144828212e25
6.891380327345106e25
6.916166462487425e25
6.940112527957118e25
6.963203749743689e25
6.985425612499753e25
7.006763869833358e25
7.0272045545105485e25
7.0467339885619225e25
7.065338793286703e25
7.083005899148093e25
7.099722555553614e25
7.1154763405141415e25
7.130255170175524e25
7.14404730821659e25
7.156841375107472e25
7.168626357222223e25
7.179391615799747e25
7.18912689574717e25
7.19782233427975e25
7.205468469391669e25
7.2120562481519035e25
7.217577034819669e25
7.222022618773836e25
7.225385222250928e25
7.227657507886371e25
7.228832586053661e25
7.228904021996379e25
7.22786584274795e25
7.225712543834194e25
7.222439095753868e25
7.218040950232373e25
7.2125140462441085e25
7.205854815798876e25
7.198060189487996e25
7.1891276017858466e25
7.179054996102699e25
7.167840829584823e25
7.155484077657961e25
7.141984238310479e25
7.1273413361124565e25
7.111555925967437e25
7.094629096593289e25
7.076562473729079e25
7.057358223064974e25
7.03701905289213e25
7.01554821646992e25
6.9929495141078775e25
6.969227294959884e25
6.944386458528335e25
6.9184324558761414e25
6.891371290544605e25
6.863209519175305e25
6.833954251834478e25
6.8036131520382e25
6.772194436477237e25
6.73970687444031e25
6.706159786934864e25
6.671563045504355e25
6.635927070741673e25
6.599262830497976e25
6.561581837786755e25
6.5228961483830215e25
6.483218358117534e25
6.442561599866441e25
6.40093954023656e25
6.358366375947016e25
6.3148568299078516e25
6.2704261469965566e25
6.225090089533688e25
6.1788649324586845e25
6.131767458207427e25
6.083814951293158e25
6.035025192592497e25
5.985416453338442e25
5.935007488822685e25
5.883817531809371e25
5.831866285662759e25
5.779173917191653e25
5.725761049213074e25
5.6716487528385245e25
5.616858539485612e25
5.5614123526187245e25
5.50533255922189e25
5.448641941007776e25
5.391363685366338e25
5.333521376057299e25
5.275138983650447e25
5.216240855718151e25
5.156851706784401e25
5.09699660803495e25
5.036700976793472e25
4.975990565768372e25
4.91489145207539e25
4.853430026041272e25
4.791632979793507e25
4.729527295642003e25
4.667140234257788e25
4.604499322654945e25
4.541632341981173e25
4.478567315123309e25
4.415332494133659e25
4.351956347483301e25
4.288467547149142e25
4.224894955540454e25
4.161267612272102e25
4.097614720790629e25
4.033965634860341e25
3.970349844915961e25
3.9067969642889124e25
3.8433367153144217e25
3.7799989153262353e25
3.716813462546604e25
3.6538103218783912e25
3.59101951060711e25
3.528471084019945e25
3.466195120949637e25
3.404221709250561e25
3.342580931214625e25
3.281302848935123e25
3.2204174896255894e25
3.1599548309021373e25
3.099944786036621e25
3.040417189188913e25
2.9814017806258304e25
2.92292819193504e25
2.8650259312416135e25
2.807724368435366e25
2.751052720417086e25
2.6950400363714315e25
2.6397151830748516e25
2.585106830246228e25
2.531243435948639e25
2.4781532320499766e25
2.4258642097505064e25
2.3744041051856914e25
2.323800385111693e25
2.274080232682096e25
2.2252705333233374e25
2.1773978607171225e25
2.1304884628973464e25
2.084568248469659e25
2.039662772961217e25
1.9957972253084368e25
1.952996414490508e25
1.9112847563160634e25
1.8706862603708083e25
1.8312245171333251e25
1.7929226852667211e25
1.7558034790931243e25
1.719889156258677e25
1.6852015055957648e25
1.651761835189791e25
1.619590960657464e25
1.588709193643303e25
1.5591363305413317e25
1.5308916414484267e25
1.5039938593560234e25
1.4784611695864936e25
1.4543111994805378e25
1.4315610083418405e25
1.4102270776449116e25
1.3903253015121945e25
1.371870977466081e25
1.3548787974616299e25
1.3393628392053378e25
1.3253365577655224e25
1.3128127774793314e25
1.3018036841615694e25
1.2923208176202265e25
1.2843750644834085e25
1.277976651342323e25
1.273135138214671e25
1.2698594123327684e25
1.2681576822604128e25
1.268037472342458e25
1.2695056174907962e25
1.272568258310313e25
1.2772308365681917e25
1.2834980910097524e25
1.2913740535238316e25
1.3008620456605163e25
1.31196467550386e25
1.3246838349020282e25
1.3390206970571016e25
1.354975714476565e25
1.3725486172883994e25
1.3917384119213252e25
1.4125433801517663e25
1.434961078518661e25
1.4589883381073003e25
1.484621264702907e25
1.5118552393146972e25
1.5406849190708341e25
1.57110423848444e25
1.6031064110908108e25
1.6366839314555423e25
1.6718285775532296e25
1.7085314135161163e25
1.746782792751966e25
1.7865723614299993e25
1.8278890623338166e25
1.8707211390798447e25
1.915056140699563e25
1.9608809265838875e25
2.0081816717874133e25
2.05694387269052e25
2.1071523530166434e25
2.1587912702022515e25
2.2118441221165944e25
2.266293754128066e25
2.3221223665141435e25
2.3793115222112394e25
2.4378421549008927e25
2.4976945774284473e25
2.5588484905502537e25
2.621282992004961e25
2.684976585904686e25
2.7499071924413863e25
2.8160521579035047e25
2.883388264998186e25
2.9518917434735957e25
3.0215382810363165e25
3.0923030345579996e25
3.1641606415659375e25
3.2370852320113353e25
3.311050440309576e25
3.386029417646267e25
3.4619948445423325e25
3.5389189436723674e25
3.6167734929288863e25
3.695529838726254e25
3.775158909536879e25
3.8556312296529604e25
3.936916933166395e25
4.0189857781593906e25
4.10180716109859e25
4.185350131424804e25
4.269583406330657e25
4.354475385718628e25
4.439994167330981e25
4.526107562043946e25
4.612783109317616e25
4.6999880927938585e25
4.787689556032988e25
4.875854318381431e25
4.964448990961749e25
5.053439992775975e25
5.1427935669139765e25
5.23247579685769e25
5.3224526228729e25
5.412689858478991e25
5.5031532069880555e25
5.593808278104524e25
5.684620604575708e25
5.775555658884629e25
5.866578869975565e25
5.957655640003669e25
6.048751361098799e25
6.13983143213478e25
6.230861275494718e25
6.3218063538230345e25
6.4126321867550835e25
6.503304367614838e25
6.5937885800718495e25
6.684050614747635e25
6.774056385762735e25
6.8637719472148715e25
6.953163509579451e25
7.04219745602275e25
7.130840358618907e25
7.2190589944618895e25
7.3068203616628765e25
7.3940916952245e25
7.480840482782858e25
7.567034480208494e25
7.652641727057544e25
7.737630561864208e25
7.821969637266334e25
7.905627934954962e25
7.9885747804399e25
8.070779857622534e25
8.152213223168181e25
8.23284532066912e25
8.312646994590733e25
8.391589503992815e25
8.469644536017956e25
8.546784219139554e25
8.622981136161692e25
8.698208336963776e25
8.772439350982293e25
8.845648199422622e25
8.91780940719402e25
8.988898014560981e25
9.058889588503953e25
9.127760233783135e25
9.195486603699016e25
9.262045910543259e25
9.327415935733982e25
9.391575039629604e25
9.454502171015635e25
9.51617687625868e25
9.576579308122559e25
9.635690234241423e25
9.693491045244727e25
9.74996376252964e25
9.805091045675913e25
9.85885619949943e25
9.91124318073985e25
9.962236604378552e25
1.001182174958337e26
1.0059984565276292e26
1.0106711675321086e26
1.0151990383327658e26
1.0195808677070375e26
1.0238155232517689e26
1.027901941747062e26
1.0318391294808004e26
1.035626162533651e26
1.0392621870243706e26
1.0427464193152666e26
1.0460781461776957e26
1.0492567249174768e26
1.0522815834601673e26
1.0551522203961181e26
1.0578682049852986e26
1.060429177121865e26
1.0628348472584977e26
1.0650849962905406e26
1.0671794754000046e26
1.0691182058595244e26
1.070901178796372e26
1.0725284549166653e26
1.0740001641899247e26
1.075316505494157e26
1.076477746221673e26
1.0774842218458638e26
1.0783363354491808e26
1.0790345572126076e26
1.0795794238668961e26
1.0799715381059116e26
1.0802115679624072e26
1.0803002461466088e26
1.080238369347983e26
1.080026797500608e26
1.0796664530125754e26
1.0791583199598697e26
1.0785034432452098e26
1.0777029277223436e26
1.0767579372863125e26
1.0756696939302189e26
1.0744394767690675e26
1.0730686210312484e26
1.0715585170182598e26
1.0699106090332975e26
1.0681263942793404e26
1.066207421727394e26
1.0641552909555546e26
1.0619716509596058e26
1.0596581989358526e26
1.057216679036899e26
1.0546488811011522e26
1.0519566393567873e26
1.0491418311009672e26
1.0462063753550893e26
1.0431522314968995e26
1.0399813978702719e26
1.0366959103735155e26
1.0332978410270196e26
1.0297892965211654e26
1.0261724167453341e26
1.022449373298906e26
1.0186223679851895e26
1.0146936312891521e26
1.0106654208399173e26
1.0065400198589232e26
1.0023197355947236e26
9.980068977453807e25
9.936038568693866e25
9.8911298278612e25
9.845366629668035e25
9.798773009169483e25
9.751373145512683e25
9.703191345620931e25
9.65425202782255e25
9.604579705434724e25
9.55419897031245e25
9.503134476372652e25
9.451410923103959e25
9.399053039071808e25
9.346085565429805e25
9.292533239447051e25
9.238420778062018e25
9.183772861472922e25
9.128614116775195e25
9.072969101656106e25
9.016862288156598e25
8.960318046510856e25
8.903360629073537e25
8.846014154344802e25
8.78830259110335e25
8.730249742657274e25
8.671879231222998e25
8.613214482441799e25
8.554278710044175e25
8.495094900671527e25
8.435685798865053e25
8.376073892231115e25
8.316281396793023e25
8.256330242538366e25
8.196242059171116e25
8.136038162077995e25
8.075739538517902e25
8.015366834043572e25
7.95494033916402e25
7.894479976256684e25
7.834005286737924e25
7.773535418499961e25
7.7130891136226535e25
7.652684696368399e25
7.592340061467929e25
7.532072662704729e25
7.4718995018058815e25
7.4118371176466725e25
7.3519015757762514e25
7.2921084582713125e25
7.232472853924873e25
7.173009348776767e25
7.11373201699222e25
7.054654412095056e25
6.9957895585614144e25
6.937149943779895e25
6.878747510383976e25
6.820593648961855e25
6.762699191149206e25
6.7050744031096435e25
6.647728979407831e25
6.590672037279688e25
6.533912111304015e25
6.477457148479549e25
6.421314503711376e25
6.365490935710182e25
6.3099926033077746e25
6.254825062191758e25
6.199993262062463e25
6.145501544214518e25
6.091353639545265e25
6.037552666992554e25
5.984101132403095e25
5.931000927833346e25
5.878253331283989e25
5.825859006869112e25
5.773818005420805e25
5.722129765529555e25
5.670793115020786e25
5.6198062728673775e25
5.569166851537857e25
5.51887185977965e25
5.468917705836526e25
5.419300201099096e25
5.370014564186895e25
5.3210554254604685e25
5.2724168319612585e25
5.22409225277755e25
5.176074584833359e25
5.128356159097967e25
5.0809287472128675e25
5.033783568532874e25
4.986911297577851e25
4.940302071891167e25
4.89394550030088e25
4.847830671579244e25
4.801946163495969e25
4.756280052260352e25
4.710819922347169e25
4.665552876701032e25
4.620465547313524e25
4.5755441061671245e25
4.530774276540374e25
4.4861413446671615e25
4.441630171744159e25
4.397225206279336e25
4.352910496774636e25
4.308669704735451e25
4.264486117999478e25
4.220342664377278e25
4.176221925596562e25
4.13210615154214e25
4.087977274783136e25
4.043816925379082e25
3.999606445955984e25
3.955326907043554e25
3.9109591226646065e25
3.8664836661669115e25
3.8218808862888484e25
3.7771309234482413e25
3.7322137262454015e25
3.6871090681699516e25
3.6417965645015254e25
3.5962556893939645e25
3.5504657931327675e25
3.5044061195550822e25
3.458055823621613e25
3.4113939891297812e25
3.3643996465570155e25
3.317051791023295e25
3.269329400361701e25
3.221211453285894e25
3.1726769476430373e25
3.123704918740606e25
3.0742744577362616e25
3.0243647300782215e25
2.9739549939852924e25
2.9230246189544405e25
2.871553104284392e25
2.819520097603248e25
2.7669054133883966e25
2.71368905146688e25
2.659851215484214e25
2.605372331329791e25
2.550233065506957e25
2.4944143434358317e25
2.437897367676885e25
2.380663636063446e25
2.322694959730956e25
2.2639734810317635e25
2.2044816913227095e25
2.1442024486143404e25
2.0831189950698064e25
2.0212149743416407e25
1.9584744487348967e25
1.8948819161849644e25
1.8304223270386516e25
1.7650811006269887e25
1.6988441416184931e25
1.6316978561416709e25
1.563629167665521e25
1.4946255326270948e25
1.4246749557951352e25
1.3537660053591233e25
1.2818878277327078e25
1.2090301620617218e25
1.1351833544255065e25
1.0603383717219556e25
9.84486815225966e24
9.076209338113873e24
8.297336368267697e24
7.508185066153186e24
6.708698106696682e24
5.898825134122927e24
5.078522875925323e24
4.2477552529143806e24
3.4064934852586967e24
2.554716194433783e24
1.6924095009981174e24
8.195671181164927e23
-6.380955924845282e22
-9.57711369545428e23
-1.8621213043251203e24
-2.7770144324755896e24
-3.702357829073683e24
-4.6381105089155185e24
-5.584223364789376e24
-6.540639110550507e24
-7.507292229055656e24
-8.48410892501039e24
-9.471007082781767e24
-1.0467896229225887e25
-1.1474677501574691e25
-1.2491243620426759e25
-1.3517478867880518e25
-1.4553259070852293e25
-1.5598451589603557e25
-1.665291531152084e25
-1.7716500650167578e25
-1.8789049549638516e25
-1.987039549423583e25
-2.0960363523487297e25
-2.2058770252524227e25
-2.31654238978288e25
-2.428012430836375e25
-2.5402663002088283e25
-2.653282320786735e25
-2.76703799127703e25
-2.8815099914758545e25
-2.9966741880756884e25
-3.1125056410095813e25
-3.2289786103318082e25
-3.3460665636323497e25
-3.463742183984694e25
-3.5819773784235376e25
-3.700743286950373e25
-3.820010292064201e25
-3.939748028813817e25
-4.059925395368484e25
-4.180510564102929e25
-4.301470993192843e25
-4.422773438716064e25
-4.544383967254895e25
-4.666267968994383e25
-4.788390171311352e25
-4.910714652848195e25
-5.033204858065494e25
-5.155823612267712e25
-5.2785331370941045e25
-5.401295066469398e25
-5.5240704630059304e25
-5.6468198348504445e25
-5.7695031529673124e25
-5.892079868850285e25
-6.0145089326546355e25
-6.136748811740666e25
-6.2587575096200235e25
-6.3804925852954264e25
-6.501911172984681e25
-6.622970002218936e25
-6.743625418305417e25
-6.863833403144617e25
-6.983549596391368e25
-7.10272931694875e25
-7.221327584784702e25
-7.3392991430597475e25
-7.456598480554391e25
-7.573179854384939e25
-7.688997312995641e25
-7.80400471941562e25
-7.918155774767913e25
-8.031404042018541e25
-8.14370296995315e25
-8.255005917368222e25
-8.365266177464177e25
-8.474437002427157e25
-8.582471628186526e25
-8.689323299334341e25
-8.794945294193763e25
-8.899290950022148e25
-9.002313688335758e25
-9.10396704034171e25
-9.204204672463235e25
-9.302980411944402e25
-9.400248272519788e25
-9.495962480134965e25
-9.590077498703502e25
-9.682548055885868e25
-9.773329168875838e25
-9.862376170179858e25
-9.949644733374726e25
-1.0035090898828885e26
-1.0118671099372747e26
-1.0200342185903424e26
-1.0280061452908707e26
-1.0357786663896232e26
-1.043347607671259e26
-1.0507088468737926e26
-1.057858316194118e26
-1.0647920047781505e26
-1.0715059611940992e26
-1.077996295887436e26
-1.0842591836160884e26
-1.090290865864423e26
-1.09608765323457e26
-1.1016459278136673e26
-1.1069621455155887e26
-1.112032838395753e26
-1.1168546169376032e26
-1.1214241723093806e26
-1.1257382785897738e26
-1.1297937949611244e26
-1.1335876678688103e26
-1.1371169331454613e26
-1.1403787180987059e26
-1.143370243561116e26
-1.1460888259010768e26
-1.1485318789933104e26
-1.1506969161477845e26
-1.1525815519957756e26
-1.154183504331881e26
-1.1555005959107826e26
-1.1565307561975668e26
-1.1572720230704898e26
-1.1577225444750206e26
-1.1578805800280995e26
-1.1577445025714703e26
-1.1573127996731057e26
-1.156584075075651e26
-1.1555570500908706e26
-1.1542305649391736e26
-1.1526035800332191e26
-1.150675177204724e26
-1.1484445608735245e26
-1.1459110591580997e26
-1.1430741249266863e26
-1.1399333367881607e26
-1.1364884000219795e26
-1.1327391474463833e26
-1.1286855402242105e26
-1.124327668605568e26
-1.1196657526068144e26
-1.1147001426251737e26
-1.1094313199884687e26
-1.1038598974393417e26
-1.097986619553575e26
-1.0918123630919771e26
-1.0853381372853648e26
-1.0785650840523488e26
-1.071494478149456e26
-1.0641277272533586e26
-1.056466371974806e26
-1.0485120858041301e26
-1.0402666749880608e26
-1.0317320783376104e26
-1.0229103669670167e26
-1.013803743963535e26
-1.0044145439881009e26
-9.947452328067304e25
-9.847984067527958e25
-9.745767921201748e25
-9.640832444873018e25
-9.533207479723737e25
-9.422924144197752e25
-9.310014825180169e25
-9.194513168492963e25
-9.076454068711466e25
-8.955873658303366e25
-8.832809296095017e25
-8.707299555067703e25
-8.579384209489668e25
-8.449104221388021e25
-8.316501726364838e25
-8.181620018764609e25
-8.04450353619745e25
-7.905197843425434e25
-7.7637496156172e25
-7.62020662097956e25
-7.474617702772551e25
-7.327032760714899e25
-7.177502731789671e25
-7.026079570456926e25
-6.872816228283451e25
-6.717766632997013e25
-6.560985666976414e25
-6.402529145186264e25
-6.242453792565799e25
-6.0808172208837395e25
-5.917677905068858e25
-5.753095159027993e25
-5.5871291109616785e25
-5.419840678190859e25
-5.251291541505159e25
-5.081544119046187e25
-4.910661539736802e25
-4.738707616271098e25
-4.565746817677329e25
-4.391844241466293e25
-4.2170655853806086e25
-4.041477118757333e25
-3.8651456535191317e25
-3.6881385148068583e25
-3.510523511270057e25
-3.332368905029182e25
-3.1537433813240106e25
-2.9747160178649944e25
-2.7953562539017136e25
-2.61573385902515e25
-2.435918901718039e25
-2.2559817176711833e25
-2.075992877881073e25
-1.896023156544106e25
-1.7161434987659227e25
-1.5364249881007646e25
-1.3569388139389158e25
-1.1777562387573107e25
-9.989485652524881e24
-8.205871033712827e24
-6.427431372574966e24
-4.654878921305492e24
-2.8889250111494116e24
-1.1302797203729598e24
6.203484579257421e23
2.3622529479717175e24
4.09472942327413e24
5.817076138206162e24
7.528594259043965e24
9.228588194269512e24
1.0916365923970789e25
1.259123932817292e25
1.4252524513905393e25
1.5899542140846634e25
1.7531617745359032e25
1.9148082062756407e25
2.0748271347612e25
2.2331527691941384e25
2.389719934109999e25
2.5444641007203034e25
2.697321417991491e25
2.848228743442707e25
2.99712367364721e25
3.1439445744188617e25
3.2886306106687e25
3.431121775914175e25
3.5713589214262758e25
3.709283784996839e25
3.8448390193109875e25
3.977968219909893e25
4.108615952726662e25
4.236727781181554e25
4.36225029282044e25
4.4851311254830515e25
4.605318992984823e25
4.72276371029878e25
4.8374162182241074e25
4.949228607525962e25
5.058154142534374e25
5.164147284187857e25
5.267163712510084e25
5.367160348505337e25
5.464095375461083e25
5.5579282596461855e25
5.648619770391534e25
5.736131999542788e25
5.820428380273229e25
5.901473705246949e25
5.979234144120644e25
6.053677260374767e25
6.124772027463615e25
6.192488844275896e25
6.2567995498954654e25
6.317677437654162e25
6.375097268468959e25
6.429035283454301e25
6.479469215803074e25
6.526378301928324e25
6.569743291859903e25
6.609546458888533e25
6.645771608451921e25
6.678404086257797e25
6.707430785637763e25
6.732840154127886e25
6.754622199271597e25
6.772768493641153e25
6.787272179073758e25
6.7981279701195885e25
6.805332156699511e25
6.808882605969499e25
6.808778763390716e25
6.805021653003457e25
6.7976138769047455e25
6.786559613928326e25
6.771864617527746e25
6.753536212862515e25
6.731583293088784e25
6.70601631485523e25
6.676847293006338e25
6.644089794495199e25
6.607758931508649e25
6.5678713538074015e25
6.5244452402850445e25
6.477500289750007e25
6.427057710934458e25
6.373140211735243e25
6.315771987692272e25
6.2549787097096424e25
6.190787511025995e25
6.123226973440357e25
6.0523271128007765e25
5.97811936376272e25
5.9006365638252855e25
5.819912936653519e25
5.7359840746948615e25
5.648886921099832e25
5.558659750955039e25
5.4653421518392755e25
5.368975003712474e25
5.269600458148136e25
5.167261916920206e25
5.062004009955675e25
4.953872572664554e25
4.842914622659303e25
4.729178335876027e25
4.612713022110214e25
4.4935690999800075e25
4.371798071330541e25
4.247452495092817e25
4.120585960611473e25
3.991253060455235e25
3.8595093627256978e25
3.7254113828781e25
3.589016555070252e25
3.4503832030547827e25
3.309570510630393e25
3.16663849166832e25
3.0216479597302163e25
2.8746604972938223e25
2.725738424603436e25
2.574944768161957e25
2.4223432288818037e25
2.2679981499119254e25
2.1119744841587695e25
1.954337761518716e25
1.7951540558402125e25
1.6344899516329848e25
1.472412510544069e25
1.308989237617408e25
1.14428804735649e25
9.783772296086514e24
8.113254152895551e24
6.432015419670071e24
4.740748193227241e24
3.040146945115546e24
1.3309081743701046e24
-3.862699403775336e23
-2.110687889240272e24
-3.8416451796763963e24
-5.578440685155596e24
-7.320372993699233e24
-9.066740756102781e24
-1.0816843033636285e25
-1.2569979645048943e25
-1.432545151266777e25
-1.608256100740747e25
-1.7840612292495256e25
-1.9598911665723514e25
-2.135676790003555e25
-2.311349258225745e25
-2.486840044978597e25
-2.662080972504727e25
-2.8370042447536473e25
-3.0115424803254778e25
-3.1856287451361834e25
-3.3591965847857744e25
-3.5321800566115824e25
-3.7045137614089914e25
-3.876132874801032e25
-4.046973178240462e25
-4.2169710896261334e25
-4.38606369351699e25
-4.554188770926515e25
-4.721284828681237e25
-4.88729112832659e25
-5.052147714564336e25
-5.215795443205246e25
-5.378176008621619e25
-5.539231970684371e25
-5.698906781169375e25
-5.857144809618542e25
-6.013891368640857e25
-6.16909273864003e25
-6.322696191953389e25
-6.474650016390393e25
-6.624903538156274e25
-6.773407144148635e25
-6.920112303614321e25
-7.064971589154582e25
-7.207938697066881e25
-7.348968467011899e25
-7.488016900994921e25
-7.6250411816509185e25
-7.75999968982343e25
-7.892852021427192e25
-8.02355900358545e25
-8.152082710032909e25
-8.27838647577584e25
-8.40243491100163e25
-8.524193914229235e25
-8.643630684694542e25
-8.760713733963137e25
-8.875412896764343e25
-8.98769934104081e25
-9.097545577208127e25
-9.204925466619667e25
-9.309814229232145e25
-9.41218845046788e25
-9.51202608727023e25
-9.60930647334926e25
-9.70401032361492e25
-9.796119737795711e25
-9.885618203241147e25
-9.972490596907032e25
-1.0056723186522807e26
-1.0138303630940403e26
-1.0217220979665674e26
-1.0293465671572632e26
-1.0367029532801735e26
-1.0437905773844255e26
-1.0506088985814871e26
-1.0571575135914951e26
-1.0634361562090053e26
-1.069444696688509e26
-1.0751831410501478e26
-1.0806516303060552e26
-1.0858504396078771e26
-1.0907799773160066e26
-1.0954407839911097e26
-1.099833531308663e26
-1.1039590208970947e26
-1.1078181831003898e26
-1.1114120756658287e26
-1.114741882357789e26
-1.1178089114984133e26
-1.120614594436125e26
-1.1231604839428793e26
-1.12544825254124e26
-1.127479690762287e26
-1.1292567053354164e26
-1.1307813173112414e26
-1.1320556601186926e26
-1.1330819775575963e26
-1.1338626217279011e26
-1.1344000508969309e26
-1.1346968273059632e26
-1.1347556149174317e26
-1.1345791771042763e26
-1.1341703742827806e26
-1.1335321614904392e26
-1.132667585910272e26
-1.1315797843432392e26
-1.1302719806302561e26
-1.1287474830254024e26
-1.1270096815220186e26
-1.125062045133302e26
-1.122908119129141e26
-1.1205515222308264e26
-1.1179959437655007e26
-1.115245140782015e26
-1.1123029351300707e26
-1.1091732105043823e26
-1.1058599094557843e26
-1.1023670303711205e26
-1.0986986244237495e26
-1.094858792496659e26
-1.0908516820800381e26
-1.0866814841453014e26
-1.0823524299974483e26
-1.077868788107809e26
