2.1490606757812493e-13
2.148954383728715e11
3.4377688224374736e12
1.7399043828868293e13
5.4968997354065266e13
1.3413717485200567e14
2.779836797465543e14
5.14642444607165e14
8.772566221926154e14
1.4039262646194082e15
2.1376484887418648e15
3.1262503552823865e15
4.4223147182659375e15
6.083099329836329e15
8.170449513507726e15
1.0750704746278266e16
1.3894599516749754e16
1.7677158852405058e16
2.2177588934441348e16
2.7479163242991148e16
3.366910469913537e16
4.083846429277383e16
4.90819967071222e16
5.849803347130417e16
6.918835419215917e16
8.125805643494634e16
9.48154248400529e16
1.099718000790711e17
1.2684144826865174e17
1.4554143147434176e17
1.661914799491282e17
1.8891386676261482e17
2.1383328548661462e17
2.4107673161142515e17
2.7077338837413526e17
3.030545176859733e17
3.3805335684991066e17
3.7590502176247904e17
4.1674641729501216e17
4.607161555492693e17
5.079544826806346e17
5.5860321497878285e17
6.12805684890874e17
6.707066976659456e17
7.324524992912504e17
7.981907563817914e17
8.680705486732653e17
9.422423747560489e17
1.0208581716736969e18
1.104071348993772e18
1.1920368379415972e18
1.2849111561688036e18
1.3828524887083095e18
1.486020785645658e18
1.59457787701344e18
1.708687605390892e18
1.8285159766647196e18
1.9542313293797115e18
2.0860045230788923e18
2.2240091460028096e18
2.3684217424860503e18
2.51942206035636e18
2.677193318607738e18
2.841922495583739e18
3.0138006378708475e18
3.1930231900643717e18
3.3797903455308355e18
3.5743074182512466e18
3.7767852357892444e18
3.987440553386636e18
4.2064964891466266e18
4.4341829802219745e18
4.67073725988146e18
4.916404355283571e18
5.171437605741174e18
5.436099201215206e18
5.710660740729234e18
5.995403810350037e18
6.29062058033239e18
6.596614420978792e18
6.913700536717423e18
7.242206617853714e18
7.582473509403196e18
7.934855896365284e18
8.299723004749885e18
8.677459317621003e18
9.068465305373816e18
9.47315816941468e18
9.89197259836631e18
1.0325361535873978e19
1.077379695904257e19
1.1237770666488754e19
1.1717795074947647e19
1.2214404023329421e19
1.2728153583077728e19
1.3259622873639373e19
1.380941488181338e19
1.4378157283706558e19
1.496650326798389e19
1.5575132359063095e19
1.6204751238866295e19
1.685609456570552e19
1.7529925788844636e19
1.8227037957247488e19
1.8948254520990188e19
1.969443012378646e19
2.046645138504582e19
2.1265237669858935e19
2.209174184527904e19
2.2946951021246063e19
2.3831887274478817e19
2.474760835364204e19
2.569520836407783e19
2.6675818430376542e19
2.769060733504917e19
2.8740782131553096e19
2.9827588729914655e19
3.0952312453185786e19
3.211627856296903e19
3.3320852752243003e19
3.45674416037224e19
3.585749301198964e19
3.719249656764159e19
3.857398390170351e19
4.00035289885731e19
4.148274840577155e19
4.301330154879521e19
4.459689079937923e19
4.623526164550751e19
4.793020275152679e19
4.968354597674958e19
5.149716634096042e19
5.337298193527242e19
5.531295377681555e19
5.7319085605775925e19
5.939342362334608e19
6.153805616918866e19
6.375511333706183e19
6.60467665273032e19
6.841522793491982e19
7.086274997208534e19
7.339162462390198e19
7.600418273634291e19
7.870279323535286e19
8.148986227614802e19
8.436783232182187e19
8.733918115043431e19
9.040642078982955e19
9.357209637950418e19
9.683878495892149e19
1.0020909418174475e20
1.0368566095554493e20
1.072711500066179e20
1.1096825236963167e20
1.147796838019099e20
1.1870818312224645e20
1.2275651047423527e20
1.2692744551419122e20
1.3122378552383203e20
1.3564834344798467e20
1.4020394585767784e20
1.448934308390784e20
1.4971964580882973e20
1.546854452564503e20
1.597936884145521e20
1.650472368577413e20
1.7044895203116633e20
1.7600169270978465e20
1.817083123895226e20
1.8757165661160935e20
1.935945602214732e20
1.9977984456369144e20
2.0613031461459778e20
2.1264875605425183e20
2.1933793227958777e20
2.2620058136066205e20
2.3323941294203018e20
2.4045710509138638e20
2.4785630109770806e20
2.554396062212508e20
2.6320958439784556e20
2.7116875490005333e20
2.793195889578352e20
2.8766450634149714e20
2.9620587190977207e20
3.049459921259972e20
3.13887111545446e20
3.2303140927696785e20
3.323809954221857e20
3.419379074955905e20
3.5170410682896744e20
3.616814749636724e20
3.7187181003436596e20
3.8227682314789624e20
3.9289813476110225e20
4.0373727106138984e20
4.1479566035400386e20
4.260746294600016e20
4.375754001289936e20
4.492990854707904e20
4.612466864101569e20
4.734190881689339e20
4.858170567798472e20
4.9844123563637336e20
5.112921420830848e20
5.243701640509411e20
5.376755567420338e20
5.5120843936833294e20
5.6496879194901394e20
5.789564521709774e20
5.931711123171917e20
6.076123162675205e20
6.222794565766998e20
6.371717716341567e20
6.522883429103525e20
6.676280922943463e20
6.831897795272726e20
6.989719997364082e20
7.149731810745093e20
7.311915824690596e20
7.476252914860735e20
7.642722223130444e20
7.811301138656213e20
7.981965280225344e20
8.15468847993267e20
8.32944276822914e20
8.506198360386056e20
8.684923644418378e20
8.865585170509613e20
9.048147641980265e20
9.232573907841054e20
9.418824956971245e20
9.606859913961607e20
9.796636036660616e20
9.988108715461565e20
1.0181231474367092e21
1.0375955973866833e21
1.0572232015662429e21
1.0770007549273275e21
1.096922868055492e21
1.116983968216087e21
1.1371783005977186e21
1.1574999297557831e21
1.1779427412587437e21
1.1985004435396404e21
1.2191665699552074e21
1.2399344810547756e21
1.260797367061013e21
1.2817482505643515e21
1.30277998943281e21
1.323885279938721e21
1.3450566601037106e21
1.366286513263072e21
1.3875670718505078e21
1.40889042140401e21
1.4302485047934536e21
1.4516331266702726e21
1.4730359581394097e21
1.4944485416534768e21
1.5158622961289118e21
1.537268522283644e21
1.5586584081956188e21
1.5800230350812713e21
1.6013533832928412e21
1.622640338533191e21
1.6438746982865586e21
1.665047178463456e21
1.6861484202576873e21
1.7071689972132385e21
1.7280994224985397e21
1.748930156385393e21
1.769651613929601e21
1.790254172850099e21
1.8107281816031744e21
1.8310639676480938e21
1.8512518459002373e21
1.8712821273676066e21
1.8911451279663122e21
1.9108311775104464e21
1.9303306288714642e21
1.9496338673020093e21
1.9687313199188596e21
1.9876134653394278e21
2.0062708434660507e21
2.0246940654120455e21
2.0428738235632947e21
2.0608009017689044e21
2.0784661856542419e21
2.095860673049448e21
2.1129754845263167e21
2.1298018740361972e21
2.146331239641373e21
2.1625551343321924e21
2.1784652769219765e21
2.1940535630115756e21
2.2093120760152255e21
2.2242330982391957e21
2.2388091220044892e21
2.2530328608047484e21
2.2668972604902718e21
2.2803955104689365e21
2.2935210549146388e21
2.3062676039737116e21
2.31862914495962e21
2.3305999535261284e21
2.3421746048089472e21
2.3533479845257963e21
2.3641153000246335e21
2.37447209126977e21
2.384414241755397e21
2.3939379893360106e21
2.4030399369631383e21
2.411717063317615e21
2.4199667333266774e21
2.4277867085550274e21
2.435175157458947e21
2.442130665492553e21
2.448652245055183e21
2.454739345268927e21
2.460391861575243e21
2.465610145139655e21
2.4703950120534546e21
2.474747752321396e21
2.478670138624364e21
2.4821644348460284e21
2.4852334043525457e21
2.487880318014387e21
2.490108961959499e21
2.491923645046968e21
2.493329206050556e21
2.494331020541462e21
2.494935007459848e21
2.495147635364708e21
2.494975928351838e21
2.494427471629762e21
2.4935104167436243e21
2.4922334864372033e21
2.4906059791434085e21
2.48863777309369e21
2.4863393300371336e21
2.483721698560049e21
2.4807965169971993e21
2.4775760159259167e21
2.4740730202347096e21
2.4703009507580534e21
2.4662738254694585e21
2.4620062602250095e21
2.4575134690500233e21
2.452811263961538e21
2.4479160543198325e21
2.442844845702329e21
2.437615238293631e21
2.432245424785692e21
2.4267541877825303e21
2.421160896704101e21
2.4154855041844705e21
2.4097485419595636e21
2.403971116240366e21
2.398174902567575e21
2.392382140144323e21
2.38661562564375e21
2.3808987064888134e21
2.37525527360191e21
2.3697097536225065e21
2.364287100591189e21
2.3590127870991558e21
2.3539127949024072e21
2.349013605000537e21
2.3443421871802472e21
2.3399259890243737e21
2.3357929243874443e21
2.3319713613394619e21
2.3284901095798745e21
2.3253784073242862e21
2.3226659076669057e21
2.3203826644221197e21
2.3185591174492224e21
2.3172260774645853e21
2.316414710346286e21
2.3161565209364487e21
2.3164833363472438e21
2.317427288776823e21
2.3190207978420825e21
2.3212965524354876e21
2.3242874921138525e21
2.328026788027296e21
2.3325478233971915e21
2.3378841735523362e21
2.34406958553315e21
2.3511379572740362e21
2.3591233163747137e21
2.3680597984716154e21
2.3779816252210796e21
2.388923081906402e21
2.400918494681405e21
2.4140022074634897e21
2.428208558489778e21
2.44357185655022e21
2.4601263569121224e21
2.47790623695091e21
2.496945571502408e21
2.51727830795234e21
2.5389382410791525e21
2.5619589876666613e21
2.586373960903529e21
2.6122163445867453e21
2.6395190671469587e21
2.668314775513586e21
2.698635808838248e21
2.730514172095211e21
2.7639815095780413e21
2.799069078311799e21
2.8358077214007194e21
2.8742278413312375e21
2.914359373250897e21
2.9562317582436516e21
2.999873916622537e21
3.0453142212608776e21
3.092580470983333e21
3.1416998640385193e21
3.1926989716748936e21
3.245603711842093e21
3.3004393230397216e21
3.357230338336113e21
3.416000559579432e21
3.476773031823878e21
3.539570017993601e21
3.6044129738072533e21
3.6713225229860455e21
3.7403184327683274e21
3.8114195897536254e21
3.8846439760992896e21
3.960008646092656e21
4.037529703121913e21
4.1172222770685443e21
4.199100502144348e21
4.2831774951958983e21
4.369465334499309e21
4.457975039067858e21
4.548716548495131e21
4.641698703356027e21
4.73692922618795e21
4.834414703074125e21
4.934160565850996e21
5.036171074961238e21
5.140449302973809e21
5.246997118792158e21
5.355815172571356e21
5.466902881364698e21
5.580258415519944e21
5.695878685845086e21
5.81375933156304e21
5.933894709074385e21
6.056277881546822e21
6.180900609349632e21
6.307753341350895e21
6.436825207094827e21
6.568104009876072e21
6.701576220727392e21
6.837226973336444e21
6.975040059907056e21
7.11499792797962e21
7.257081678224903e21
7.401271063224676e21
7.547544487252197e21
7.695879007064803e21
7.846250333720388e21
7.998632835428578e21
8.152999541447116e21
8.309322147032927e21
8.467571019456859e21
8.627715205090275e21
8.789722437570869e21
8.95355914705446e21
9.119190470558598e21
9.286580263403222e21
9.455691111752528e21
9.62648434626173e21
9.79892005683123e21
9.972957108470288e21
1.0148553158270936e22
1.0325664673492476e22
1.0504246950755767e22
1.068425413634582e22
1.0865639247620031e22
1.1048354195518916e22
1.1232349808174895e22
1.141757585561414e22
1.1603981075545202e22
1.17915132002276e22
1.1980118984412298e22
1.2169744234345363e22
1.236033383782488e22
1.2551831795300492e22
1.274418125200389e22
1.293732453109761e22
1.3131203167828713e22
1.3325757944672782e22
1.3520928927452781e22
1.3716655502416597e22
1.3912876414255822e22
1.4109529805047607e22
1.4306553254100469e22
1.4503883818683937e22
1.4701458075621096e22
1.4899212163722074e22
1.5097081827035697e22
1.529500245889557e22
1.5492909146736052e22
1.5690736717652556e22
1.588841978467989e22
1.608589279376133e22
1.6283090071380552e22
1.6479945872827256e22
1.6676394431066992e22
1.6872370006184446e22
1.7067806935369099e22
1.726263968341082e22
1.7456802893672835e22
1.7650231439508195e22
1.7842860476085492e22
1.8034625492588798e22
1.8225462364755894e22
1.8415307407718514e22
1.8604097429107401e22
1.8791769782384532e22
1.8978262420364053e22
1.9163513948883172e22
1.934746368058329e22
1.9530051688761626e22
1.971121886125251e22
1.9890906954297508e22
2.0069058646362758e22
2.02456175918617e22
2.0420528474740696e22
2.0593737061885008e22
2.0765190256301814e22
2.0934836150037115e22
2.110262407678262e22
2.126850466412876e22
2.1432429885419554e22
2.1594353111165013e22
2.175422915996643e22
2.1912014348909843e22
2.206766654338289e22
2.2221145206270162e22
2.2372411446482038e22
2.252142806677216e22
2.2668159610798515e22
2.2812572409383424e22
2.2954634625927537e22
2.309431630093319e22
2.3231589395592894e22
2.3366427834398313e22
2.349880754672615e22
2.362870650735675e22
2.375610477588236e22
2.388098453496172e22
2.4003330127378323e22
2.412312809186012e22
2.4240367197618818e22
2.4355038477567264e22
2.4467135260174424e22
2.457665319991737e22
2.4683590306290823e22
2.478794697133527e22
2.488972599564511e22
2.4988932612819446e22
2.5085574512318523e22
2.5179661860689722e22
2.5271207321127864e22
2.5360226071335334e22
2.5446735819648648e22
2.5530756819398687e22
2.561231188147294e22
2.569142638504933e22
2.57681282864717e22
2.5842448126238507e22
2.5914419034077377e22
2.598407673207882e22
2.6051459535864324e22
2.611660835376446e22
2.6179566683984455e22
2.6240380609735445e22
2.6299098792311436e22
2.6355772462092738e22
2.6410455407458397e22
2.6463203961591315e22
2.651407698716119e22
2.656313585887184e22
2.661044444386088e22
2.6656069079941157e22
2.6700078551674927e22
2.6742544064273285e22
2.6783539215314645e22
2.6823139964278073e22
2.6861424599888235e22
2.6898473705271063e22
2.693437012092008e22
2.696919890547574e22
2.7003047294320796e22
2.7036004655997596e22
2.706816244645374e22
2.7099614161124966e22
2.713045528486541e22
2.7160783239737378e22
2.719069733067426e22
2.7220298689032227e22
2.7249690214047523e22
2.727897651221876e22
2.7308263834634475e22
2.7337660012268658e22
2.7367274389268205e22
2.7397217754258333e22
2.7427602269693584e22
2.745854139928387e22
2.7490149833526584e22
2.7522543413377855e22
2.755583905209741e22
2.7590154655303566e22
2.7625609039276205e22
2.7662321847547734e22
2.770041346582338e22
2.7740004935274104e22
2.7781217864246775e22
2.78241743384383e22
2.7868996829581784e22
2.791580810269443e22
2.796473112193862e22
2.8015888955149067e22
2.806940467708054e22
2.8125401271432286e22
2.8184001531706698e22
2.824532796096113e22
2.8309502670513564e22
2.8376647277663943e22
2.844688280249469e22
2.852032956381475e22
2.8597107074313707e22
2.8677333934992932e22
2.876112772894263e22
2.884860491453449e22
2.89398807181011e22
2.9035069026174264e22
2.9134282277355757e22
2.923763135389453e22
2.9345225473046136e22
2.9457172078290815e22
2.957357673048735e22
2.9694542999041216e22
2.9820172353166016e22
2.995056405331827e22
3.0085815042885976e22
3.0226019840212737e22
3.037127043103911e22
3.052165616144404e22
3.067726363136959e22
3.0838176588812534e22
3.100447582476703e22
3.1176239069002908e22
3.135354088676438e22
3.1536452576474273e22
3.1725042068529267e22
3.191937382527133e22
3.211950874222129e22
3.232550405065994e22
3.2537413221642295e22
3.2755285871530525e22
3.2979167669131118e22
3.3209100244520977e22
3.3445121099647876e22
3.36872635207894e22
3.393555649295471e22
3.419002461631283e22
3.4450688024730497e22
3.471756230650222e22
3.499065842735451e22
3.526998265580543e22
3.555553649095974e22
3.5847316592819463e22
3.61453147151883e22
3.644951764124776e22
3.6759907121881286e22
3.707645981682248e22
3.739914723870103e22
3.772793570006022e22
3.806278626341717e22
3.840365469443678e22
3.875049141828792e22
3.9103241479250076e22
3.94618445036354e22
3.982623466609178e22
4.0196340659348545e22
4.0572085667466526e22
4.0953387342651e22
4.134015778568548e22
4.173230353004127e22
4.212972552971647e22
4.2532319150855535e22
4.293997416719909e22
4.3352574759410994e22
4.376999951832759e22
4.419212145217193e22
4.461880799777336e22
4.504992103583081e22
4.548531691025521e22
4.592484645162419e22
4.636835500478034e22
4.681568246060055e22
4.726666329196279e22
4.772112659393262e22
4.817889612819031e22
4.86397903717159e22
4.910362256974732e22
4.957020079302331e22
5.003932799932062e22
5.051080209929225e22
5.098441602660944e22
5.145995781240875e22
5.1937210664041534e22
5.241595304812085e22
5.289595877785682e22
5.3376997104669845e22
5.385883281406701e22
5.4341226325764114e22
5.482393379803283e22
5.53067072362498e22
5.578929460562025e22
5.6271439948046985e22
5.675288350311112e22
5.7233361833129115e22
5.771260795224618e22
5.81903514595242e22
5.866631867597832e22
5.914023278551356e22
5.961181397970961e22
6.008077960639898e22
6.054684432197995e22
6.100972024740376e22
6.1469117127771e22
6.19247424954704e22
6.237630183678878e22
6.282349876191948e22
6.326603517829183e22
6.370361146714251e22
6.413592666324612e22
6.456267863771921e22
6.498356428380949e22
6.539827970557875e22
6.580652040938506e22
6.620798149806738e22
6.6602357867732774e22
6.698934440704318e22
6.736863619889702e22
6.7739928724397084e22
6.810291806899464e22
6.845730113069624e22
6.880277583021784e22
6.913904132296797e22
6.946579821273975e22
6.9782748766988505e22
7.008959713357045e22
7.0386049558814805e22
7.067181460679983e22
7.094660337970199e22
7.1210129739083636e22
7.1462110527984815e22
7.170226579368147e22
7.193031901097069e22
7.214599730584305e22
7.234903167939879e22
7.253915723186438e22
7.271611338656389e22
7.287964411369859e22
7.302949815378643e22
7.316542924061223e22
7.328719632353826e22
7.3394563789023835e22
7.348730168120131e22
7.356518592135547e22
7.362799852615251e22
7.367552782446371e22
7.370756867262912e22
7.372392266800498e22
7.372439836063976e22
7.370881146292192e22
7.367698505704383e22
7.362874980012448e22
7.356394412683564e22
7.348241444937461e22
7.338401535462845e22
7.326860979837286e22
7.313606929635247e22
7.29862741120865e22
7.281911344124715e22
7.263448559245701e22
7.24322981643543e22
7.2212468218773945e22
7.197492244989597e22
7.1719597349210945e22
7.144643936615686e22
7.115540506428074e22
7.084646127278066e22
7.051958523328633e22
7.017476474173695e22
6.981199828521782e22
6.943129517361841e22
6.903267566597808e22
6.861617109138571e22
6.818182396430474e22
6.772968809419374e22
6.72598286892997e22
6.6772322454499865e22
6.626725768307285e22
6.574473434228243e22
6.520486415265973e22
6.4647770660872795e22
6.407358930607675e22
6.3482467479638036e22
6.287456457813438e22
6.225005204953051e22
6.160911343243668e22
6.095194438835914e22
6.027875272685596e22
5.9589758423515e22
5.88851936306753e22
5.816530268081686e22
5.7430342082547e22
5.668058050911803e22
5.591629877941189e22
5.513778983133486e22
5.434535868756771e22
5.353932241362184e22
5.272001006815657e22
5.188776264551808e22
5.104293301046201e22
5.018588582503186e22
4.931699746756441e22
4.843665594380212e22
4.754526079009598e22
4.6643222968686806e22
4.573096475505847e22
4.480891961736293e22
4.387753208791781e22
4.293725762678865e22
4.198856247746699e22
4.103192351466503e22
4.006782808424987e22
3.90967738353484e22
3.811926854465538e22
3.7135829932987606e22
3.614698547412745e22
3.515327219600673e22
3.4155236474287907e22
3.315343381840355e22
3.2148428650120565e22
3.114079407470144e22
3.0131111644739553e22
2.9119971116752638e22
2.810797020062101e22
2.7095714301963772e22
2.608381625755341e22
2.507289606387165e22
2.406358059891496e22
2.305650333736568e22
2.205230405924768e22
2.1051628552190385e22
2.0055128307433873e22
1.9063460209705085e22
1.8077286221110309e22
1.7097273059185728e22
1.6124091869256628e22
1.5158417891259595e22
1.4200930121187808e22
1.325231096732311e22
1.2313245901424335e22
1.1384423105043708e22
1.0466533111151186e22
9.560268441248403e21
8.666323238158011e21
7.78539289468093e21
6.918173678315241e21
6.065362352237087e21
5.227655792745578e21
4.4057506033804226e21
3.6003427259206515e21
2.8121270484819027e21
2.0417970109274873e21
1.2900442078174658e21
5.5755798911772734e20
-1.5497494110030896e20
-8.468709277401812e20
-1.5174497693051682e21
-2.166035123832791e21
-2.7919549158971293e21
-3.394541744437823e21
-3.973133291171162e21
-4.5270727293365136e21
-5.05570913252811e21
-5.558397883362727e21
-6.034501081727733e21
-6.483387952358939e21
-6.904435251487449e21
-7.29702767230135e21
-7.660558248961733e21
-7.994428758913758e21
-8.298050123231593e21
-8.570842804736026e21
-8.812237203621296e21
-9.021674050330558e21
-9.198604795414793e21
-9.342491996113907e21
-9.452809699395025e21
-9.52904382118773e21
-9.570692521551328e21
-9.577266575513953e21
-9.54828973932175e21
-9.483299111837675e21
-9.381845490832459e21
-9.24349372390727e21
-9.067823053793518e21
-8.854427457775571e21
-8.602915980981005e21
-8.312913063290037e21
-7.984058859613013e21
-7.616009553291386e21
-7.208437662376635e21
-6.761032338546237e21
-6.27349965841885e21
-5.745562907031252e21
-5.176962853247585e21
-4.5674580168684905e21
-3.9168249272182327e21
-3.2248583729850236e21
-2.491371643098838e21
-1.7161967584312579e21
-8.991846941094828e20
-4.020559223746829e19
8.608510351746531e20
1.8040761132718416e21
2.789540821592353e21
3.8172964216744696e21
4.887374095208981e21
5.999784792914653e21
7.154519094305613e21
8.351547078517031e21
9.590818206346237e21
1.087226121366274e22
1.2195784016333558e22
1.356127362680517e22
1.4968596082475577e22
1.641759638598554e22
1.7908098457547433e22
1.9439905099429817e22
2.101279797270304e22
2.2626537586347632e22
2.428086329881766e22
2.5975493332148003e22
2.7710124798682465e22
2.9484433740496437e22
3.1298075181576438e22
3.315068319281538e22
3.5041870969870574e22
3.6971230923929453e22
3.893833478541043e22
4.094273372063164e22
4.298395846145965e22
4.5061519447951434e22
4.717490698398796e22
4.9323591405895716e22
5.150702326404049e22
5.372463351736713e22
5.5975833740859794e22
5.826001634587702e22
6.057655481331862e22
6.292480393956201e22
6.530410009510918e22
6.771376149586676e22
7.015308848697907e22
7.262136383912159e22
7.511785305716001e22
7.764180470106364e22
8.019245071896075e22
8.27690067922081e22
8.537067269234503e22
8.799663264979142e22
9.06460557341382e22
9.331809624587264e22
9.601189411937589e22
9.872657533701473e22
1.0146125235414969e23
1.0421502453486254e23
1.0698697859821303e23
1.097761890748126e23
1.1258171877350348e23
1.1540261925791926e23
1.1823793133270034e23
1.2108668553912321e23
1.2394790265990359e23
1.268205942329142e23
1.29703763073565e23
1.325964038055751e23
1.3549750339986331e23
1.3840604172127586e23
1.41320992082866e23
1.4424132180743e23
1.471659927959984e23
1.5009396210297578e23
1.5302418251761714e23
1.5595560315151936e23
1.5888717003180574e23
1.6181782669966794e23
1.6474651481393374e23
1.67672174759317e23
1.7059374625900063e23
1.735101689912046e23
1.7642038320937893e23
1.793233303656623e23
1.822179537372385e23
1.85103199055223e23
1.8797801513570358e23
1.908413545125591e23
1.9369217407167203e23
1.9652943568615446e23
1.9935210685219567e23
2.0215916132514224e23
2.0494957975541817e23
2.0772235032388723e23
2.104764693762616e23
2.1321094205615405e23
2.159247829363751e23
2.186170166480705e23
2.2128667850729473e23
2.239328151386138e23
2.265544850953355e23
2.2915075947595448e23
2.3172072253641347e23
2.342634722977637e23
2.3677812114882902e23
2.3926379644345973e23
2.417196410919766e23
2.441448141463969e23
2.4653849137904414e23
2.488998658541383e23
2.512281484919686e23
2.535225686252509e23
2.557823745472781e23
2.5800683405146937e23
2.6019523496193143e23
2.6234688565464547e23
2.644611155688988e23
2.6653727570858296e23
2.68574739132985e23
2.7057290143670008e23
2.725311812183038e23
2.7444902053742132e23
2.763258853598401e23
2.781612659903142e23
2.7995467749271925e23
2.8170566009721733e23
2.834137795941005e23
2.85078627713988e23
2.866998224940569e23
2.882770086299958e23
2.8980985781337322e23
2.912980690541278e23
2.9274136898788643e23
2.941395121678297e23
2.9549228134082977e23
2.96799487707596e23
2.980609711665707e23
2.9927660054132493e23
3.004462737912164e23
3.0156991820507987e23
3.0264749057772534e23
3.036789773690373e23
3.0466439484546896e23
3.0560378920374276e23
3.0649723667657467e23
3.073448436202501e23
3.081467465838911e23
3.089031123602666e23
3.0961413801800296e23
3.102800509150703e23
3.1090110869342374e23
3.1147759925469736e23
3.120098407168539e23
3.124981813517091e23
3.129429995032577e23
3.1334470348674326e23
3.137037314684252e23
3.1402055132600494e23
3.1429566048969036e23
3.145295857638866e23
3.147228831295148e23
3.1487613752697335e23
3.14989962619764e23
3.150650005388276e23
3.151019216076356e23
3.1510142404810367e23
3.150642336674029e23
3.149911035257583e23
3.14882813585337e23
3.147401703403395e23
3.145640064284214e23
3.143551802235879e23
3.141145754107108e23
3.1384310054183614e23
3.1354168857445796e23
3.1321129639195257e23
3.1285290430637276e23
3.124675155438206e23
3.1205615571262814e23
3.116198722545816e23
3.1115973387944945e23
3.10676829983075e23
3.1017227004931256e23
3.0964718303609613e23
3.091027167459442e23
3.085400371812123e23
3.079603278844192e23
3.0736478926398265e23
3.067546379057149e23
3.0613110587043544e23
3.054954399780723e23
3.0484890107863434e23
3.0419276331044425e23
3.035283133460388e23
3.0285684962614735e23
3.02179681582171e23
3.0149812884759925e23
3.0081352045880503e23
3.0012719404567177e23
2.9944049501251334e23
2.987547757097612e23
2.980713945968942e23
2.9739171539710486e23
2.9671710624419586e23
2.9604893882221057e23
2.953885874983153e23
2.947374284494492e23
2.9409683878327102e23
2.9346819565393694e23
2.92852875373252e23
2.9225225251773944e23
2.9166769903218552e23
2.91100583330214e23
2.905522693924609e23
2.900241158629128e23
2.8951747514398794e23
2.8903369249093585e23
2.8857410510613972e23
2.8814004123390633e23
2.8773281925633572e23
2.873537467908593e23
2.8700411979004697e23
2.866852216442753e23
2.8639832228786022e23
2.8614467730925295e23
2.8592552706590166e23
2.85742095804382e23
2.8559559078639883e23
2.8548720142126393e23
2.8541809840544965e23
2.853894328698219e23
2.8540233553515476e23
2.85457915876523e23
2.8555726129717038e23
2.8570143631245053e23
2.8589148174442953e23
2.8612841392774114e23
2.8641322392727888e23
2.8674687676830685e23
2.8713031067956545e23
2.8756443634994626e23
2.8805013619930022e23
2.885882636639429e23
2.891796424974117e23
2.8982506608702424e23
2.905252967867808e23
2.9128106526714557e23
2.920930698822354e23
2.929619760549359e23
2.938884156804563e23
2.948729865488272e23
2.9591625178683353e23
2.9701873931986967e23
2.9818094135419028e23
2.994033138800215e23
3.006862761959882e23
3.020302104552997e23
3.034354612341257e23
3.049023351225858e23
3.064311003387571e23
3.080219863661018e23
3.096751836146935e23
3.113908431066184e23
3.1316907618590575e23
3.150099542533325e23
3.1691350852643584e23
3.1887972982504576e23
3.209085683826429e23
3.229999336838287e23
3.2515369432817815e23
3.273696779207358e23
3.296476709893939e23
3.319874189293802e23
3.3438862597506446e23
3.368509551992784e23
3.3937402854032595e23
3.4195742685684366e23
3.446006900106564e23
3.4730331697775495e23
3.500647659875026e23
3.52884454690166e23
3.5576176035284234e23
3.586960200838406e23
3.616865310855541e23
3.647325509358471e23
3.6783329789795556e23
3.7098795125888715e23
3.741956516962884e23
3.774555016737204e23
3.8076656586427787e23
3.841278716024585e23
3.875384093641726e23
3.909971332747689e23
3.945029616449273e23
3.9805477753425296e23
4.016514293423923e23
4.052917314274606e23
4.0897446475156664e23
4.12698377553188e23
4.164621860461423e23
4.202645751448723e23
4.24104199215752e23
4.279796828540925e23
4.3188962168652295e23
4.358325831983826e23
4.3980710758576355e23
4.4381170863180845e23
4.478448746068592e23
4.519050691920322e23
4.559907324257738e23
4.601002816729415e23
4.6423211261592436e23
4.6838460026732004e23
4.725561000036431e23
4.767449486195443e23
4.8094946540199347e23
4.851679532238622e23
4.893986996563316e23
4.9363997809952796e23
4.9789004893077834e23
5.021471606698651e23
5.064095511606328e23
5.10675448768299e23
5.149430735917973e23
5.192106386904728e23
5.234763513244302e23
5.2773841420782866e23
5.319950267743963e23
5.36244386454437e23
5.4048468996257296e23
5.447141345954695e23
5.489309195387719e23
5.5313324718246984e23
5.573193244439005e23
5.6148736409758565e23
5.6563558611109304e23
5.697622189860987e23
5.738655011038248e23
5.779436820740098e23
5.819950240865663e23
5.8601780326507876e23
5.9001031102127096e23
5.939708554095877e23
5.9789776248100877e23
6.01789377635225e23
6.05644066970291e23
6.094602186288657e23
6.132362441401543e23
6.169705797566557e23
6.206616877848187e23
6.243080579087109e23
6.279082085057968e23
6.314606879539256e23
6.3496407592863e23
6.384169846898281e23
6.418180603570347e23
6.451659841721761e23
6.484594737491158e23
6.516972843089918e23
6.548782099004767e23
6.580010846040678e23
6.610647837195245e23
6.640682249355763e23
6.670103694810173e23
6.698902232563286e23
6.727068379449605e23
6.754593121034193e23
6.78146792229312e23
6.80768473806509e23
6.83323602326593e23
6.858114742857759e23
6.88231438156464e23
6.905828953326822e23
6.928653010485537e23
6.950781652690688e23
6.972210535523677e23
6.992935878827872e23
7.012954474739305e23
7.032263695410355e23
7.05086150041924e23
7.068746443858385e23
7.085917681094863e23
7.102374975196192e23
7.118118703015038e23
7.133149860926494e23
7.147470070211747e23
7.161081582082228e23
7.173987282338383e23
7.186190695657506e23
7.197695989505261e23
7.208507977665602e23
7.21863212338417e23
7.228074542120339e23
7.2368420039033e23
7.244941935287886e23
7.252382420905888e23
7.259172204609056e23
7.265320690199979e23
7.270837941747436e23
7.275734683483e23
7.280022299275835e23
7.283712831683012e23
7.286818980572793e23
7.28935410131863e23
7.291332202561882e23
7.292767943541487e23
7.293676630989094e23
7.294074215588445e23
7.293977287997946e23
7.293403074435829e23
7.292369431827378e23
7.290894842514051e23
7.28899840852461e23
7.286699845408582e23
7.284019475632737e23
7.28097822154144e23
7.27759759788207e23
7.27389970389697e23
7.269907214983681e23
7.265643373925416e23
7.261131981694102e23
7.256397387828564e23
7.25146448039065e23
7.246358675502476e23
7.241105906468128e23
7.235732612483585e23
7.230265726938689e23
7.224732665315542e23
7.219161312687703e23
7.213580010825065e23
7.208017544909395e23
7.202503129865907e23
7.197066396316422e23
7.191737376160034e23
7.186546487787333e23
7.181524520934671e23
7.176702621185026e23
7.172112274122442e23
7.167785289147234e23
7.163753782959292e23
7.160050162717239e23
7.156707108881355e23
7.153757557748396e23
7.151234683686735e23
7.149171881080496e23
7.147602745991498e23
7.14656105754818e23
7.146080759070793e23
7.146195938942421e23
7.146940811235626e23
7.148349696104661e23
7.150456999953439e23
7.153297195389679e23
7.15690480097578e23
7.161314360787203e23
7.166560423789358e23
7.172677523044058e23
7.179700154756961e23
7.187662757177409e23
7.196599689362303e23
7.206545209815913e23
7.217533455017443e23
7.22959841784857e23
7.242773925933117e23
7.25709361990126e23
7.27259093159074e23
7.289299062197725e23
7.307250960389981e23
7.326479300395223e23
7.347016460077559e23
7.368894499014997e23
7.39214513659114e23
7.416799730114225e23
7.442889252976699e23
7.470444272868681e23
7.49949493005858e23
7.530070915754303e23
7.562201450558429e23
7.595915263030826e23
7.631240568372157e23
7.668205047241746e23
7.706835824723273e23
7.747159449451818e23
7.789201872915644e23
7.832988428946224e23
7.878543813409871e23
7.925892064114352e23
7.975056540943873e23
8.026059906235581e23
8.078924105410916e23
8.133670347874887e23
8.190319088196328e23
8.248890007582129e23
8.309401995658309e23
8.371873132570656e23
8.436320671417716e23
8.502761021028476e23
8.57120972909732e23
8.641681465688437e23
8.714190007121848e23
8.788748220252961e23
8.865368047157539e23
8.944060490233647e23
9.024835597732132e23
9.107702449726765e23
9.19266914453528e23
9.279742785602094e23
9.368929468853393e23
9.460234270535089e23
9.553661235543762e23
9.649213366260793e23
9.746892611899104e23
9.84669985837246e23
9.948634918696197e23
1.0052696523928593e24
1.0158882314661555e24
1.0267188833069088e24
1.0377611515521689e24
1.0490144685774671e24
1.0604781548737758e24
1.0721514184833641e24
1.0840333544952095e24
1.0961229446006595e24
1.1084190567099675e24
1.1209204446303132e24
1.1336257478058755e24
1.146533491120499e24
1.159642084763446e24
1.172949824158729e24
1.1864548899584343e24
1.2001553481004475e24
1.2140491499309423e24
1.228134132391965e24
1.2424080182743982e24
1.2568684165365716e24
1.271512822688717e24
1.2863386192434636e24
1.30134307623252e24
1.3165233517896264e24
1.33187649279986e24
1.34739943561531e24
1.3630890068371203e24
1.3789419241638444e24
1.3949547973060082e24
1.4111241289667735e24
1.427446315888528e24
1.4439176499651712e24
1.460534319419876e24
1.477292410048019e24
1.4941879065249555e24
1.5112166937782825e24
1.5283745584241476e24
1.5456571902671973e24
1.5630601838636575e24
1.5805790401470066e24
1.5982091681156948e24
1.6159458865822883e24
1.6337844259834067e24
1.6517199302497427e24
1.669747458735475e24
1.687861988206277e24
1.7060584148851424e24
1.724331556555186e24
1.7426761547185256e24
1.7610868768103447e24
1.7795583184671905e24
1.7980850058484892e24
1.8166613980102848e24
1.8352818893301237e24
1.8539408119819823e24
1.8726324384601242e24
1.8913509841507016e24
1.9100906099499026e24
1.9288454249274275e24
1.9476094890339933e24
1.9663768158515991e24
1.9851413753852031e24
2.0038970968944455e24
2.0226378717640373e24
2.041357556411378e24
2.0600499752299502e24
2.078708923567028e24
2.0973281707341543e24
2.1159014630488932e24
2.1344225269062586e24
2.1528850718782615e24
2.17128279383993e24
2.1896093781202083e24
2.2078585026760342e24
2.226023841287943e24
2.2440990667754742e24
2.2620778542306824e24
2.279953884267992e24
2.2977208462886358e24
2.3153724417579137e24
2.332902387493465e24
2.3503044189627547e24
2.3675722935879302e24
2.384699794056239e24
2.4016807316341374e24
2.418508949483232e24
2.4351783259761913e24
2.4516827780107314e24
2.4680162643197984e24
2.4841727887760595e24
2.5001464036887606e24
2.5159312130910975e24
2.5315213760161466e24
2.5469111097594634e24
2.56209469312642e24
2.5770664696623803e24
2.591820850863776e24
2.6063523193681974e24
2.620655432121553e24
2.634724823520425e24
2.648555208527702e24
2.662141385759584e24
2.675478240542102e24
2.688560747935235e24
2.701383975722785e24
2.713943087366142e24
2.7262333449200813e24
2.7382501119087793e24
2.749988856160215e24
2.761445152597159e24
2.7726146859829667e24
2.783493253620397e24
2.7940767680017185e24
2.804361259408376e24
2.8143428784584807e24
2.8240178986004855e24
2.833382718551337e24
2.8424338646774974e24
2.8511679933172074e24
2.859581893042414e24
2.867672486858798e24
2.875436834342376e24
2.88287213371118e24
2.889975723830541e24
2.896745086150541e24
2.903177846574239e24
2.909271777255286e24
2.915024798323601e24
2.9204349795378266e24
2.925500541863263e24
2.9302198589740896e24
2.9345914586786844e24
2.93861402426687e24
2.9422863957780105e24
2.9456075711888756e24
2.948576707520251e24
2.951193121861322e24
2.953456292310884e24
2.955365858834493e24
2.956921624036706e24
2.958123553847612e24
2.9589717781228885e24
2.959466591156693e24
2.9596084521067075e24
2.959397985330738e24
2.9588359806342985e24
2.9579233934286674e24
2.956661344798951e24
2.955051121481741e24
2.953094175752001e24
2.9507921252188684e24
2.9481467525301207e24
2.9451600049850824e24
2.941833994055842e24
2.9381709948166347e24
2.934173445281406e24
2.9298439456494705e24
2.9251852574594303e24
2.9202003026513684e24
2.9148921625375275e24
2.909264076681714e24
2.9033194416876394e24
2.897061809896598e24
2.890494887994792e24
2.8836225355308206e24
2.876448763343723e24
2.868977731902245e24
2.861213749555806e24
2.8531612706978947e24
2.844824893842605e24
2.8362093596149985e24
2.827319548656226e24
2.8181604794441397e24
2.80873730603045e24
2.7990553156952895e24
2.7891199265202924e24
2.7789366848812216e24
2.768511262861261e24
2.757849455586234e24
2.7469571784828506e24
2.7358404644614047e24
2.724505461024119e24
2.712958427300645e24
2.701205731012025e24
2.689253845364675e24
2.677109345875904e24
2.664778907132467e24
2.6522692994838797e24
2.6395873856720284e24
2.626740117398908e24
2.613734531834107e24
2.600577748063931e24
2.587276963483947e24
2.5738394501367924e24
2.56027255099725e24
2.54658367620641e24
2.5327802992570415e24
2.518869953132071e24
2.504860226398337e24
2.490758759257597e24
2.476573239557052e24
2.462311398761415e24
2.4479810078887724e24
2.433589873412501e24
2.419145833131371e24
2.4046567520102561e24
2.390130517993608e24
2.375575037794141e24
2.360998232659012e24
2.3464080341158565e24
2.3318123797011572e24
2.3172192086732356e24
2.3026364577124292e24
2.288072056610783e24
2.2735339239538185e24
2.2590299627967797e24
2.2445680563379202e24
2.2301560635912655e24
2.21580181506139e24
2.2015131084227789e24
2.1872977042061895e24
2.1731633214946862e24
2.1591176336317292e24
2.145168263944034e24
2.1313227814815542e24
2.1175886967773e24
2.103973457629404e24
2.0904844449080172e24
2.0771289683896057e24
2.063914262621068e24
2.050847482816305e24
2.0379357007876423e24
2.0251859009146858e24
2.0126049761530256e24
2.000199724085275e24
1.9879768430169394e24
1.975942928119451e24
1.9641044676229032e24
1.9524678390607495e24
1.9410393055689776e24
1.9298250122419632e24
1.9188309825474578e24
1.9080631148029105e24
1.89752717871543e24
1.8872288119876583e24
1.8771735169916863e24
1.8673666575132715e24
1.8578134555684374e24
1.8485189882946054e24
1.839488184918282e24
1.8307258238014024e24
1.8222365295682507e24
1.814024770314954e24
1.8060948549034568e24
1.7984509303418263e24
1.7910969792527348e24
1.7840368174318603e24
1.777274091497981e24
1.770812276636415e24
1.7646546744374226e24
1.758804410831214e24
1.7532644341210032e24
1.7480375131156804e24
1.743126235363431e24
1.738533005487752e24
1.7342600436271028e24
1.7303093839795134e24
1.7266828734532854e24
1.7233821704249518e24
1.7204087436055822e24
1.7177638710164106e24
1.715448639074785e24
1.713463941791283e24
1.7118104800788638e24
1.710488761174788e24
1.7094990981760188e24
1.7088416096887336e24
1.7085162195925098e24
1.7085226569196966e24
1.7088604558503814e24
1.7095289558233428e24
1.7105273017632642e24
1.711854444424454e24
1.7135091408512116e24
1.7154899549549446e24
1.7177952582080464e24
1.7204232304544845e24
1.7233718608369812e24
1.7266389488405884e24
1.7302221054523993e24
1.7341187544370573e24
1.7383261337276647e24
1.7428412969316025e24
1.747661114950729e24
1.752782277715328e24
1.7582012960311264e24
1.7639145035386059e24
1.7699180587838062e24
1.7762079473996884e24
1.7827799843971107e24
1.7896298165643667e24
1.796752924974173e24
1.804144627596942e24
1.8118000820190755e24
1.819714288264979e24
1.8278820917213995e24
1.836298186162656e24
1.8449571168752246e24
1.853853283880118e24
1.8629809452513987e24
1.8723342205291187e24
1.8819070942249212e24
1.8916934194184448e24
1.9016869214426653e24
1.9118812016561793e24
1.9222697413004434e24
1.9328459054398644e24
1.9436029469826213e24
1.9545340107800281e24
1.965632137802166e24
1.9768902693875197e24
1.9883012515642215e24
1.9998578394405304e24
2.0115527016620562e24
2.023378424933246e24
2.0353275186005608e24
2.0473924192947324e24
2.0595654956294844e24
2.0718390529539672e24
2.0842053381562357e24
2.096656544514938e24
2.1091848165964297e24
2.1217822551944525e24
2.1344409223094717e24
2.1471528461647756e24
2.1599100262563342e24
2.1727044384334843e24
2.1855280400073543e24
2.1983727748840347e24
2.2112305787193896e24
2.2240933840924174e24
2.236953125694035e24
2.2498017455281443e24
2.2626311981218294e24
2.275433455741465e24
2.2882005136116004e24
2.3009243951333445e24
2.313597157099095e24
2.326210894900312e24
2.3387577477251645e24
2.351229903742761e24
2.3636196052707192e24
2.3759191539228534e24
2.388120915733686e24
2.4002173262565705e24
2.4122008956321644e24
2.4240642136240075e24
2.435799954617987e24
2.4474008825824615e24
2.458859855985836e24
2.470169832668387e24
2.4813238746651683e24
2.4923151529768176e24
2.5031369522851563e24
2.5137826756104054e24
2.524245848906985e24
2.5345201255947854e24
2.5445992910228726e24
2.554477266862633e24
2.5641481154273486e24
2.573606043915286e24
2.5828454085733663e24
2.5918607187785356e24
2.6006466410340273e24
2.609198002877698e24
2.6175097966996985e24
2.625577183466766e24
2.633395496350491e24
2.640960244256934e24
2.648267115255043e24
2.655311979901355e24
2.662090894458542e24
2.6686001040053856e24
2.674836045435855e24
2.68079535034499e24
2.686474847799393e24
2.691871566990136e24
2.696982739766027e24
2.701805803045166e24
2.7063384011028636e24
2.7105783877339993e24
2.7145238282880104e24
2.718173001574754e24
2.7215244016395507e24
2.724576739405825e24
2.7273289441837744e24
2.7297801650436527e24
2.7319297720522443e24
2.7337773573712745e24
2.735322736216492e24
2.736565947676305e24
2.737507255388928e24
2.7381471480770225e24
2.738486339938984e24
2.738525770896031e24
2.73826660669441e24
2.7377102388620424e24
2.736858284519101e24
2.7357125860420357e24
2.734275210580666e24
2.7325484494280965e24
2.7305348172432047e24
2.728237051125658e24
2.725658109543384e24
2.722801171112635e24
2.719669633230742e24
2.716267110561901e24
2.712597433376268e24
2.708664645742832e24
2.7044730035766383e24
2.700026972540904e24
2.695331225804842e24
2.69039064165791e24
2.685210300981465e24
2.679795484578765e24
2.6741516703643947e24
2.668284530414373e24
2.662199927878074e24
2.655903913753463e24
2.649402723526951e24
2.6427027736795465e24
2.635810658060778e24
2.628733144132245e24
2.6214771690824834e24
2.614049835815079e24
2.6064584088120314e24
2.598710309874328e24
2.590813113742004e24
2.5827745435957673e24
2.574602466442635e24
2.5663048883878326e24
2.5578899497955535e24
2.54936592034102e24
2.540741193956517e24
2.5320242836741225e24
2.5232238163678275e24
2.5143485273980135e24
2.505407255161068e24
2.496408935547271e24
2.487362596309898e24
2.4782773513487246e24
2.469162394911144e24
2.4600269957140835e24
2.450880490990137e24
2.4417322804611904e24
2.4325918202430987e24
2.4234686166847784e24
2.4143722201454134e24
2.405312218713258e24
2.3962982318697481e24
2.3873399041026743e24
2.3784468984720473e24
2.3696288901326124e24
2.3608955598167097e24
2.3522565872814813e24
2.3437216447242622e24
2.3353003901701826e24
2.327002460835929e24
2.3188374664736889e24
2.310814982699407e24
2.3029445443093118e24
2.2952356385889593e24
2.2876976986187953e24
2.2803400965805086e24
2.27317213706824e24
2.2662030504088906e24
2.25944198599573e24
2.2528980056394646e24
2.2465800769410492e24
2.2404970666903817e24
2.2346577342951997e24
2.2290707252443004e24
2.2237445646094054e24
2.2186876505898062e24
2.2139082481040377e24
2.2094144824327976e24
2.2052143329172411e24
2.2013156267168866e24
2.1977260326312292e24
2.1944530549892515e24
2.191504027610877e24
2.1888861078445231e24
2.1866062706847486e24
2.1846713029740424e24
2.1830877976927792e24
2.1818621483412293e24
2.1810005434176234e24
2.180508960996058e24
2.1803931634081706e24
2.1806586920322965e24
2.1813108621938772e24
2.1823547581808232e24
2.183795228377428e24
2.185636880520456e24
2.1878840770808782e24
2.190540930774771e24
2.193611300206715e24
2.1970987856490783e24
2.2010067249604133e24
2.205338189646182e24
2.2100959810649252e24
2.2152826267829173e24
2.2209003770802948e24
2.2269512016115344e24
2.2334367862231074e24
2.2403585299310309e24
2.2477175420609695e24
2.2555146395534352e24
2.263750344436574e24
2.2724248814688967e24
2.2815381759542589e24
2.291089851731279e24
2.3010792293392914e24
2.3115053243628326e24
2.3223668459565666e24
2.3336621955524586e24
2.3453894657508682e24
2.3575464393971973e24
2.370130588845547e24
2.3831390754107946e24
2.3965687490103415e24
2.4104161479967403e24
2.424677499182204e24
2.439348718055989e24
2.4544254091954856e24
2.469902866871687e24
2.4857760758497224e24
2.502039712384866e24
2.5186881454144787e24
2.5357154379460683e24
2.5531153486416736e24
2.5708813335985516e24
2.589006548326108e24
2.607483849918856e24
2.626305799425037e24
2.645464664410529e24
2.6649524217173716e24
2.684760760416346e24
2.704881084952664e24
2.725304518483959e24
2.7460219064094736e24
2.7670238200892393e24
2.788300560752086e24
2.809842163590902e24
2.831638402043814e24
2.853678792259451e24
2.875952597744707e24
2.8984488341929764e24
2.9211562744909736e24
2.9440634539019847e24
2.96715867542329e24
2.99043001531551e24
3.013865328801296e24
3.0374522559309385e24
3.061178227612069e24
3.085030471800807e24
3.108996019851332e24
3.133061713020955e24
3.157214209127584e24
3.1814399893562443e24
3.205725365211539e24
3.2300564856123944e24
3.254419344125795e24
3.2787997863356614e24
3.303183517343348e24
3.327556109395838e24
3.3519030096377077e24
3.3762095479829796e24
3.400460945102611e24
3.4246423205236194e24
3.448738700835407e24
3.472735027999099e24
3.496616167755337e24
3.520366918126112e24
3.543972018006044e24
3.567416155838381e24
3.590683978371127e24
3.6137600994883265e24
3.636629109111861e24
3.6592755821686005e24
3.681684087618142e24
3.7038391975359136e24
3.725725496246669e24
3.747327589503176e24
3.768630113704853e24
3.789617745151217e24
3.8102752093247103e24
3.830587290197722e24
3.850538839558287e24
3.870114786349167e24
3.889300146014871e24
3.9080800298509963e24
3.926439654350636e24
3.9443643505421753e24
3.961839573312938e24
3.9788509107132614e24
3.995384093235263e24
4.0114250030608977e24
4.0269596832735715e24
4.0419743470278673e24
4.056455386671673e24
4.0703893828152245e24
4.0837631133414785e24
4.096563562352191e24
4.108777929044234e24
4.1203936365105456e24
4.131398340460294e24
4.1417799378526467e24
4.1515265754387873e24
4.160626658206714e24
4.169068857723381e24
4.176842120368912e24
4.1839356754574586e24
4.190339043239535e24
4.196042042780493e24
4.2010347997100673e24
4.2053077538377556e24
4.208851666629043e24
4.211657628537448e24
4.2137170661873865e24
4.2150217494030615e24
4.2155637980784943e24
4.2153356888840144e24
4.214330261804477e24
4.2125407265047123e24
4.209960668517625e24
4.2065840552505666e24
4.202405241805669e24
4.1974189766098146e24
4.1916204068502335e24
4.1850050837115463e24
4.177568967410376e24
4.1693084320236597e24
4.160220270106927e24
4.150301697098894e24
4.139550355508849e24
4.127964318883405e24
4.1155420955493786e24
4.102282632129503e24
4.088185316828018e24
4.0732499824831226e24
4.057476909383514e24
4.040866827846303e24
4.023420920553745e24
4.005140824646333e24
3.98602863357001e24
3.966086898675272e24
3.945318630566125e24
3.923727300197089e24
3.901316839716371e24
3.8780916430537003e24
3.85405656625129e24
3.829216927536589e24
3.803578507135749e24
3.7771475468265905e24
3.7499307492303544e24
3.7219352768413625e24
3.6931687507941013e24
3.663639249367222e24
3.6333553062241825e24
3.602325908390396e24
3.5705604939669456e24
3.538068949580958e24
3.504861607572991e24
3.470949242921968e24
3.4363430699081747e24
3.401054738515256e24
3.365096330571979e24
3.328480355635048e24
3.2912197466140813e24
3.253327855140193e24
3.214818446679816e24
3.175705695395338e24
3.1360041787546114e24
3.095728871891149e24
3.0548951417173457e24
3.0135187407930423e24
2.9716158009517434e24
2.929202826687381e24
2.886296688304159e24
2.8429146148326043e24
2.7990741867147295e24
2.754793328261694e24
2.7100902998871604e24
2.6649836901200236e24
2.619492407400054e24
2.573635671660239e24
2.527433005699867e24
2.4809042263522566e24
2.4340694354515163e24
2.3869490106024805e24
2.3395635957584336e24
2.2919340916111814e24
2.2440816457981018e24
2.1960276429311636e24
2.1477936944527365e24
2.0994016283234225e24
2.050873478546946e24
2.0022314745376123e24
1.9534980303355236e24
1.90469573367539e24
1.8558473349142795e24
1.8069757358242154e24
1.7581039782554933e24
1.7092552326765196e24
1.6604527865963877e24
1.6117200328760738e24
1.5630804579348262e24
1.5145576298576376e24
1.4661751864104731e24
1.417956822969617e24
1.3699262803716076e24
1.3221073326904936e24
1.274523774948922e24
1.227199410769914e24
1.1801580399760594e24
1.1334234461429926e24
1.0870193841139989e24
1.0409695674827547e24
9.952976560511776e23
9.500272432693604e23
9.051818436647427e23
8.607848802674731e23
8.168596720393083e23
7.734294213129186e23
7.305172012490098e23
6.881459433182774e23
6.463384248154741e23
6.051172564127747e23
5.6450486975961605e23
5.245235051362006e23
4.851951991679706e23
4.465417726080855e23
4.085848181951679e23
3.713456885934633e23
3.348454844225343e23
2.991050423835896e23
2.6414492348955398e23
2.2998540140584193e23
1.9664645090898235e23
1.6414773646987842e23
1.3250860096872548e23
1.0174805454840452e23
7.188476361319008e22
4.293703997943915e22
1.4922830184997823e22
-1.214029503605392e22
-3.823515110684769e22
-6.3344949782862285e22
-8.745330914237629e22
-1.1054426338594621e23
-1.326022724387159e23
-1.5361223134943948e23
-1.735594794802315e23
-1.9242980948103684e23
-2.1020947604317528e23
-2.2688520442609263e23
-2.4244419875184815e23
-2.5687415006180606e23
-2.701632441301872e23
-2.8230016902927697e23
-2.9327412244115628e23
-3.030748187109797e23
-3.116924956369671e23
-3.191179209924407e23
-3.253423987752379e23
-3.303577751802303e23
-3.341564442905025e23
-3.367313534831771e23
-3.3807600854591626e23
-3.381844785001254e23
-3.3705140012744e23
-3.346719821957283e23
-3.310420093814928e23
-3.261578458853002e23
-3.200164387373971e23
-3.12615320790546e23
-3.0395261339745046e23
-2.940270287703425e23
-2.8283787202025946e23
-2.7038504287407814e23
-2.5666903706711207e23
-2.416909474097158e23
-2.2545246452614935e23
-2.0795587726429025e23
-1.89204072775162e23
-1.6920053626091823e23
-1.4794935039079366e23
-1.254551943840116e23
-1.0172334275955037e23
-7.67596637520971e22
-5.057061739450076e22
-2.3163253266519947e22
5.454792089685987e21
3.5275298086736607e22
6.628946334144533e22
9.848790925525183e22
1.3186068392491024e23
1.663972663818509e23
2.020865711590145e23
2.389169531832496e23
2.768762129915734e23
3.159516022692121e23
3.561298297069974e23
3.97397067176012e23
4.3973895621642515e23
4.8314061483811444e23
5.2758664462966755e23
5.730611381728523e23
6.195476867590573e23
6.670293884039608e23
7.154888561570193e23
7.649082267013941e23
8.152691692406374e23
8.665528946673409e23
9.187401650097836e23
9.718113031514024e23
1.0257462028186262e24
1.080524338831965e24
1.1361247776149619e24
1.1925261879560826e24
1.2497068520175626e24
1.30764467658601e24
1.366317204558467e24
1.4257016266584598e24
1.485774793375355e24
1.5465132271212212e24
1.60789313459856e24
1.6698904193721563e24
1.7324806946388044e24
1.795639296187503e24
1.8593412955437177e24
1.923561513290019e24
1.988274532556378e24
2.053454712672532e24
2.1190762029748096e24
2.1851129567602626e24
2.2515387453798707e24
2.318327172463605e24
2.3854516882688876e24
2.452885604144986e24
2.5206021071047914e24
2.5885742744961964e24
2.656775088764651e24
2.7251774522984255e24
2.793754202348597e24
2.862478126014739e24
2.9313219752883874e24
3.0002584821450547e24
3.0692603736767876e24
3.1383003872559875e24
3.207351285722209e24
3.2763858725829767e24
3.345377007219623e24
3.4142976200897877e24
3.4831207279171454e24
3.5518194488599864e24
3.6203670176493444e24
3.6887368006880737e24
3.7569023111018646e24
3.824837223733102e24
3.8925153900691077e24
3.959910853095325e24
4.026997862065201e24
4.093750887177235e24
4.160144634151109e24
4.226154058693438e24
4.2917543808449084e24
4.356921099199905e24
4.4216300049898353e24
4.485857196021949e24
4.549579090464651e24
4.612772440471296e24
4.6754143456336477e24
4.7374822662571067e24
4.798954036449036e24
4.85980787701241e24
4.920022408136537e24
4.979576661876826e24
5.038450094415985e24
5.096622598098566e24
5.154074513231585e24
5.210786639643295e24
5.266740247993024e24
5.321917090824681e24
5.376299413356631e24
5.429869964001272e24
5.482612004606987e24
5.534509320416206e24
5.585546229732557e24
5.635707593291079e24
5.684978823324827e24
5.733345892322097e24
5.780795341468163e24
5.827314288765651e24
5.872890436828231e24
5.917512080341847e24
5.961168113188586e24
6.003848035227818e24
6.045541958729983e24
6.08624061445813e24
6.125935357392907e24
6.16461817209662e24
6.202281677712213e24
6.238919132593481e24
6.274524438562579e24
6.309092144791658e24
6.342617451305092e24
6.375096212099458e24
6.406524937878422e24
6.436900798399784e24
6.46622162443257e24
6.494485909321731e24
6.521692810158813e24
6.547842148556639e24
6.572934411026758e24
6.596970748958268e24
6.619952978197126e24
6.641883578225148e24
6.662765690938087e24
6.682603119022688e24
6.701400323932439e24
6.719162423462418e24
6.735895188923471e24
6.751605041916572e24
6.766299050708071e24
6.779984926207166e24
6.79267101754686e24
6.80436630727005e24
6.815080406122669e24
6.824823547455905e24
6.833606581239933e24
6.841440967691647e24
6.848338770519269e24
6.854312649786934e24
6.859375854402416e24
6.863542214231676e24
6.866826131843843e24
6.869242573890771e24
6.87080706212527e24
6.871535664062528e24
6.871444983289374e24
6.870552149426329e24
6.868874807747479e24
6.8664311084636e24
6.863239695674069e24
6.859319695993294e24
6.854690706857717e24
6.849372784519532e24
6.843386431733528e24
6.836752585143696e24
6.829492602376359e24
6.821628248846831e24
6.81318168428682e24
6.804175448999938e24
6.794632449852867e24
6.784575946009957e24
6.774029534419155e24
6.763017135057384e24
6.751562975943588e24
6.739691577927925e24
6.727427739265666e24
6.714796519984546e24
6.701823226054454e24
6.688533393368504e24
6.674952771544674e24
6.661107307557329e24
6.647023129208031e24
6.632726528445237e24
6.618243944542612e24
6.603601947145674e24
6.58882721919676e24
6.573946539748237e24
6.558986766674247e24
6.54397481929095e24
6.528937660895739e24
6.513902281235769e24
6.498895678916151e24
6.483944843758454e24
6.469076739119997e24
6.454318284184595e24
6.439696336235496e24
6.425237672921118e24
6.410968974524481e24
6.396916806247027e24
6.383107600517725e24
6.369567639338244e24
6.356323036675111e24
6.343399720909599e24
6.330823417356416e24
6.318619630861729e24
6.306813628491712e24
6.295430422322146e24
6.28449475234003e24
6.274031069467921e24
6.264063518721678e24
6.254615922512335e24
6.245711764102717e24
6.237374171229313e24
6.229625899899971e24
6.222489318377765e24
6.215986391361446e24
6.210138664372687e24
6.204967248360301e24
6.200492804531541e24
6.196735529420386e24
6.193715140202698e24
6.191450860268029e24
6.189961405057611e24
6.189264968178095e24
6.189379207800347e24
6.190321233352529e24
6.192107592516541e24
6.194754258536705e24
6.198276617849481e24
6.202689458042777e24
6.208006956153301e24
6.214242667310155e24
6.221409513732811e24
6.229519774091233e24
6.238585073235971e24
6.248616372305565e24
6.259623959218707e24
6.271617439558051e24
6.284605727852741e24
6.298597039266164e24
6.313598881695389e24
6.329618048288564e24
6.346660610386129e24
6.364731910891702e24
6.383836558078045e24
6.403978419833446e24
6.425160618353425e24
6.44738552528264e24
6.470654757311457e24
6.49496917223133e24
6.520328865453199e24
6.546733166992357e24
6.574180638923512e24
6.602669073308972e24
6.632195490603126e24
6.66275613853556e24
6.694346491475473e24
6.726961250279241e24
6.760594342622993e24
6.79523892382178e24
6.830887378136421e24
6.867531320569107e24
6.905161599148266e24
6.943768297703151e24
6.983340739128189e24
7.023867489136773e24
7.065336360504108e24
7.107734417798152e24
7.151047982597674e24
7.195262639195849e24
7.240363240787875e24
7.286333916140405e24
7.333158076740664e24
7.380818424422588e24
7.429296959467005e24
7.478574989172891e24
7.528633136895958e24
7.579451351551088e24
7.631008917574222e24
7.683284465339751e24
7.736255982028358e24
7.789900822940727e24
7.844195723251758e24
7.899116810199715e24
7.954639615704813e24
8.010739089410849e24
8.067389612143928e24
8.124565009781301e24
8.182238567523845e24
8.240383044564799e24
8.29897068914739e24
8.357973254003919e24
8.417362012168083e24
8.477107773152716e24
8.53718089948423e24
8.597551323585478e24
8.658188564997748e24
8.719061747933149e24
8.780139619147869e24
8.841390566126667e24
8.902782635569071e24
8.964283552166932e24
9.025860737663519e24
9.087481330183357e24
9.149112203822516e24
9.210719988488307e24
9.272271089977551e24
9.333731710282228e24
9.395067868111004e24
9.456245419615389e24
9.517230079308518e24
9.577987441165121e24
9.638482999890215e24
9.698682172344824e24
9.758550319116248e24
9.818052766220394e24
9.877154826923967e24
9.935821823673456e24
9.994019110118621e24
1.0051712093217226e25
1.010886625540839e25
1.0165447176841312e25
1.0221420557646381e25
1.0276752240235504e25
1.0331408231618226e25
1.0385354725720626e25
1.0438558125693326e25
1.0490985066195535e25
1.054260243564134e25
1.0593377398395177e25
1.0643277416902676e25
1.0692270273743565e25
1.0740324093593208e25
1.0787407365079026e25
1.0833488962518695e25
1.087853816752634e25
1.0922524690473562e25
1.0965418691791736e25
1.1007190803102368e25
1.1047812148162178e25
1.108725436360966e25
1.1125489619500062e25
1.116249063961557e25
1.1198230721537897e25
1.123268375647018e25
1.1265824248795558e25
1.129762733535963e25
1.1328068804464313e25
1.135712511456061e25
1.1384773412627965e25
1.1410991552228092e25
1.143575811122119e25
1.1459052409132743e25
1.1480854524159146e25
1.1501145309800651e25
1.1519906411110292e25
1.1537120280547574e25
1.1552770193425987e25
1.1566840262943574e25
1.1579315454785912e25
1.1590181601291269e25
1.1599425415167623e25
1.1607034502751857e25
1.161299737680123e25
1.1617303468807787e25
1.1619943140826601e25
1.1620907696808682e25
1.1620189393430125e25
1.161778145040886e25
1.1613678060301045e25
1.1607874397769047e25
1.1600366628313603e25
1.159115191646273e25
1.1580228433410354e25
1.156759536409816e25
1.1553252913733893e25
1.1537202313740412e25
1.1519445827129315e25
1.149998675329402e25
1.1478829432216781e25
1.14559792480852e25
1.1431442632313367e25
1.1405227065963647e25
1.1377341081565375e25
1.1347794264326618e25
1.1316597252736302e25
1.1283761738553417e25
1.1249300466181346e25
1.1213227231424717e25
1.1175556879627302e25
1.1136305303189652e25
1.1095489438465002e25
1.1053127262033345e25
1.1009237786352702e25
1.0963841054788292e25
1.0916958136019332e25
1.08686111178249e25
1.0818823100249372e25
1.076761818814929e25
1.0715021483123621e25
1.0661059074829084e25
1.060575803168391e25
1.0549146390962181e25
1.0491253148282875e25
1.0432108246496477e25
1.0371742563974013e25
1.0310187902302285e25
1.0247476973390318e25
1.0183643385992403e25
1.0118721631652603e25
1.0052747070077365e25
9.98575591394154e24
9.917785213135313e24
9.848872838458105e24
9.779057464767066e24
9.708378553588005e24
9.636876335195935e24
9.564591790174417e24
9.491566630461334e24
9.417843279890982e24
9.343464854240727e24
9.268475140792727e24
9.192918577419897e24
9.116840231206488e24
9.040285776614161e24
8.963301473203587e24
8.885934142923504e24
8.808231146977743e24
8.730240362282775e24
8.652010157526797e24
8.573589368843388e24
8.495027275111632e24
8.416373572895533e24
8.337678351036166e24
8.258992064908931e24
8.180365510360388e24
8.101849797337301e24
8.023496323222887e24
7.945356745893496e24
7.867482956510505e24
7.789927052062193e24
7.7127413076696e24
7.635978148672289e24
7.55969012250804e24
7.48392987040286e24
7.408750098885632e24
7.334203551144067e24
7.26034297823683e24
7.187221110178104e24
7.114890626910785e24
7.043404129183794e24
6.972814109350581e24
6.903172922104194e24
6.834532755166332e24
6.766945599945866e24
6.700463222184369e24
6.635137132604546e24
6.571018557578484e24
6.508158409832862e24
6.446607259207009e24
6.386415303481674e24
6.327632339294224e24
6.27030773315811e24
6.214490392602576e24
6.160228737449824e24
6.107570671246529e24
6.056563552865873e24
6.00725416829763e24
5.959688702641979e24
5.913912712324623e24
5.869971097548718e24
5.827908075001034e24
5.787767150827822e24
5.74959109389705e24
5.713421909363297e24
5.679300812550673e24
5.647268203170447e24
5.617363639888261e24
5.589625815257351e24
5.564092531032432e24
5.540800673880055e24
5.519786191500196e24
5.501084069173998e24
5.484728306752694e24
5.470751896101452e24
5.459186799013377e24
5.450063925606738e24
5.443413113220077e24
5.439263105818184e24
5.437641533922423e24
5.438574895078815e24
5.442088534875949e24
5.44820662852613e24
5.456952163021123e24
5.468346919875228e24
5.482411458466794e24
5.49916509998967e24
5.518625912025829e24
5.540810693749485e24
5.565734961773642e24
5.593412936648387e24
5.623857530021491e24
5.657080332469801e24
5.693091602011263e24
5.731900253305515e24
5.773513847551895e24
5.817938583092339e24
5.865179286726923e24
5.915239405749275e24
5.968121000708284e24
6.023824738902851e24
6.082349888615512e24
6.14369431409014e24
6.207854471259595e24
6.274825404227402e24
6.344600742508206e24
6.417172699030619e24
6.492532068906202e24
6.570668228967403e24
6.651569138077325e24
6.73522133821324e24
6.821609956325905e24
6.910718706975791e24
7.002529895747142e24
7.097024423440512e24
7.194181791043402e24
7.293980105479218e24
7.396396086132534e24
7.501405072150754e24
7.60898103051929e24
7.719096564908559e24
7.831722925290021e24
7.946830018318084e24
8.064386418474474e24
8.184359379970908e24
8.306714849405767e24
8.431417479169825e24
8.558430641595676e24
8.68771644384521e24
8.819235743528835e24
8.952948165049895e24
9.088812116667083e24
9.226784808267898e24
9.366822269844008e24
9.508879370661776e24
9.652909839118007e24
9.798866283272258e24
9.946700212045993e24
1.0096362057078687e25
1.0247801195230423e25
1.0400965971720233e25
1.0555803723889014e25
1.0712260805575508e25
1.08702826120933e25
1.1029813605796688e25
1.1190797342222578e25
1.1353176496795397e25
1.1516892892082132e25
1.1681887525582458e25
1.1848100598041514e25
1.2015471542269765e25
1.2183939052455657e25
1.23534411139558e25
1.2523915033547574e25
1.269529747012825e25
1.2867524465844664e25
1.3040531477637428e25
1.3214253409182773e25
1.3388624643215599e25
1.3563579074216325e25
1.3739050141444528e25
1.3914970862301551e25
1.4091273866004403e25
1.4267891427553353e25
1.4444755501973707e25
1.4621797758815125e25
1.4798949616888445e25
1.4976142279221932e25
1.515330676821761e25
1.5330373960988847e25
1.5507274624859607e25
1.5683939453006221e25
1.5860299100221916e25
1.6036284218784466e25
1.6211825494407322e25
1.6386853682254086e25
1.656129964299666e25
1.6735094378896748e25
1.6908169069890756e25
1.7080455109658281e25
1.725188414165282e25
1.74223880950762e25
1.759189922077502e25
1.77603501270397e25
1.7927673815285506e25
1.8093803715595536e25
1.8258673722105375e25
1.8422218228209326e25
1.8584372161568155e25
1.8745071018898193e25
1.890425090052203e25
1.90618485446608e25
1.921780136144837e25
1.937204746664769e25
1.9524525715050225e25
1.967517573353799e25
1.982393795379036e25
1.997075364461563e25
2.011556494388863e25
2.025831489007577e25
2.0398947453328885e25
2.053740756612958e25
2.0673641153465955e25
2.080759516252379e25
2.0939217591874565e25
2.1068457520142856e25
2.119526513413603e25
2.131959175641926e25
2.1441389872319325e25
2.1560613156340825e25
2.167721649797907e25
2.179115602691309e25
2.1902389137564654e25
2.201087451300709e25
2.2116572148209972e25
2.221944337260464e25
2.2319450871957227e25
2.2416558709534853e25
2.251073234655231e25
2.2601938661885853e25
2.2690145971042006e25
2.2775324044368903e25
2.285744412449873e25
2.293647894300993e25
2.3012402736298167e25
2.3085191260645866e25
2.315482180648016e25
2.3221273211809567e25
2.3284525874830757e25
2.3344561765696155e25
2.340136443743491e25
2.3454919036018634e25
2.350521230956566e25
2.3552232616676162e25
2.3595969933892563e25
2.3636415862278895e25
2.3673563633114357e25
2.370740811269572e25
2.373794580624466e25
2.3765174860916327e25
2.3789095067905204e25
2.380970786364669e25
2.3827016330110533e25
2.3841025194186084e25
2.385174082615687e25
2.3859171237264407e25
2.386332607636105e25
2.3864216625651854e25
2.3861855795526945e25
2.385625811848506e25
2.384743974215107e25
2.383541842138887e25
2.3820213509513766e25
2.3801845948606897e25
2.37803382589362e25
2.375571452748867e25
2.372800039561818e25
2.3697223045815746e25
2.3663411187606676e25
2.3626595042583055e25
2.358680632857706e25
2.354407824298412e25
2.3498445445243074e25
2.3449944038482305e25
2.339861155034162e25
2.3344486912978267e25
2.3287610442268683e25
2.3228023816215165e25
2.316577005257006e25
2.310089348568748e25
2.3033439742616165e25
2.29634557184448e25
2.289098955091316e25
2.2816090594303097e25
2.2738809392621967e25
2.2659197652094294e25
2.2577308212974947e25
2.2493195020700376e25
2.240691309639228e25
2.2318518506730296e25
2.2228068333210372e25
2.2135620640804527e25
2.2041234446040546e25
2.1944969684517647e25
2.1846887177877424e25
2.1747048600246916e25
2.1645516444173666e25
2.154235398607059e25
2.1437625251190347e25
2.133139497814906e25
2.1223728583018286e25
2.11146921230066e25
2.1004352259749693e25
2.0892776222231286e25
2.0780031769354107e25
2.0666187152183675e25
2.055131107588496e25
2.043547266137407e25
2.0318741406707377e25
2.0201187148228566e25
2.0082880021497637e25
1.996389042202243e25
1.9844288965816833e25
1.9724146449807003e25
1.9603533812108953e25
1.948252209220087e25
1.9361182391011976e25
1.9239585830952508e25
1.9117803515906433e25
1.8995906491211787e25
1.887396570365028e25
1.8752051961471028e25
1.8630235894470618e25
1.850858791415325e25
1.8387178173994937e25
1.826607652983376e25
1.8145352500411125e25
1.8025075228085644e25
1.7905313439744456e25
1.778613540793357e25
1.7667608912231802e25
1.7549801200889998e25
1.7432778952758926e25
1.7316608239529025e25
1.7201354488303355e25
1.7087082444527676e25
1.697385613529839e25
1.686173883307187e25
1.6750793019795898e25
1.6641080351485285e25
1.653266162326372e25
1.642559673489173e25
1.631994465680334e25
1.6215763396670454e25
1.6113109966517063e25
1.6012040350401848e25
1.591260947269045e25
1.5814871166935845e25
1.5718878145386488e25
1.562468196914155e25
1.5532333018970644e25
1.5441880466817662e25
1.5353372248005054e25
1.5266855034157388e25
1.5182374206859918e25
1.5099973832069968e25
1.5019696635296491e25
1.4941583977563843e25
1.4865675832175626e25
1.4792010762292521e25
1.472062589933974e25
1.4651556922256932e25
1.4584838037605206e25
1.4520501960543333e25
1.4458579896686167e25
1.4399101524857614e25
1.4342094980748823e25
1.4287586841493703e25
1.4235602111171244e25
1.4186164207245586e25
1.413929494795236e25
1.4095014540641053e25
1.405334157108104e25
1.4014292993739426e25
1.3977884123038058e25
1.3944128625595851e25
1.3913038513463203e25
1.3884624138353226e25
1.385889418687558e25
1.3835855676776373e25
1.3815513954188622e25
1.379787269189594e25
1.3782933888612113e25
1.3770697869278815e25
1.3761163286382245e25
1.3754327122290092e25
1.375018469260827e25
1.3748729650557707e25
1.3749953992369392e25
1.3753848063696463e25
1.3760400567040907e25
1.376959857019184e25
1.3781427515672151e25
1.3795871231188894e25
1.3812911941083238e25
1.3832530278774244e25
1.3854705300190665e25
1.3879414498184236e25
1.3906633817917176e25
1.3936337673216378e25
1.396849896388564e25
1.4003089093967334e25
1.4040077990943672e25
1.4079434125867743e25
1.4121124534413409e25
1.4165114838832997e25
1.4211369270810835e25
1.4259850695200286e25
1.4310520634631431e25
1.4363339294975673e25
1.4418265591653578e25
1.4475257176771087e25
1.4534270467069176e25
1.4595260672671249e25
1.4658181826612295e25
1.4722986815132977e25
1.478962740872169e25
1.4858054293886918e25
1.492821710564184e25
1.5000064460682542e25
1.5073543991241028e25
1.5148602379593282e25
1.5225185393202808e25
1.5303237920479187e25
1.5382704007130756e25
1.546352689309063e25
1.5545649049994316e25
1.5629012219187058e25
1.5713557450238638e25
1.579922513994308e25
1.5885955071780279e25
1.5973686455816115e25
1.6062357969017742e25
1.6151907795959804e25
1.62422736698977e25
1.6333392914183143e25
1.6425202483997542e25
1.6517639008377954e25
1.6610638832510656e25
1.6704138060266837e25
1.6798072596954433e25
1.6892378192260986e25
1.6986990483360776e25
1.708184503816066e25
1.717687739865787e25
1.7272023124383755e25
1.736721783590654e25
1.746239725836675e25
1.755749726501846e25
1.7652453920749557e25
1.7747203525554352e25
1.784168265793136e25
1.7935828218179764e25
1.8029577471567299e25
1.8122868091342923e25
1.8215638201567482e25
1.8307826419735124e25
1.8399371899159448e25
1.8490214371097e25
1.85802941865822e25
1.866955235794665e25
1.875793059999708e25
1.884537137082519e25
1.8931817912223887e25
1.9017214289683674e25
1.9101505431943738e25
1.918463717007225e25
1.92665562760506e25
1.9347210500836656e25
1.9426548611882216e25
1.950452043008036e25
1.9581076866118158e25
1.965616995621135e25
1.972975289719704e25
1.9801780080961244e25
1.9872207128178606e25
1.9940990921341293e25
2.0008089637055574e25
2.007346277758352e25
2.0137071201609127e25
2.0198877154207497e25
2.025884429599663e25
2.0316937731451862e25
2.037312403636312e25
2.042737128441593e25
2.047964907287751e25
2.0529928547369696e25
2.0578182425710977e25
2.062438502081049e25
2.066851226259752e25
2.0710541718969937e25
2.0750452615746563e25
2.078822585560799e25
2.08238440360118e25
2.0857291466068084e25
2.088855418236214e25
2.0917619963711648e25
2.0944478344846343e25
2.096912062899871e25
2.099153989939485e25
2.101173102963557e25
2.1029690692957907e25
2.1045417370368447e25
2.105891135764013e25
2.1070174771165004e25
2.107921155265606e25
2.108602747269202e25
2.109063013309945e25
2.1093028968167463e25
2.1093235244690885e25
2.10912620608383e25
2.108712434384254e25
2.1080838846511225e25
2.107242414255628e25
2.1061900620741707e25
2.104929047784982e25
2.103461771046652e25
2.101790810558735e25
2.099918923004656e25
2.097849041877201e25
2.0955842761869587e25
2.093127909054175e25
2.0904833961845005e25
2.0876543642292296e25
2.084644609030693e25
2.081458093753498e25
2.078098946902452e25
2.0745714602279925e25
2.0708800865201017e25
2.0670294372916783e25
2.063024280352456e25
2.0588695372746234e25
2.054570280751334e25
2.050131731849405e25
2.045559257157562e25
2.040858365831623e25
2.036034706538102e25
2.031094064297821e25
2.026042357231087e25
2.020885633206141e25
2.0156300663926286e25
2.0102819537218457e25
2.0048477112556974e25
1.999333870466204e25
1.9937470744276184e25
1.988094073923138e25
1.9823817234683495e25
1.9766169772535336e25
1.9708068850070338e25
1.9649585877820157e25
1.9590793136688384e25
1.953176373435488e25
1.9472571560984367e25
1.941329124426444e25
1.935399810379765e25
1.9294768104873651e25
1.9235677811647451e25
1.9176804339749955e25
1.9118225308358102e25
1.9060018791751864e25
1.900226327038546e25
1.8945037581501464e25
1.8888420869315738e25
1.8832492534802522e25
1.8777332185108033e25
1.8723019582623038e25
1.8669634593743313e25
1.8617257137348227e25
1.856596713302798e25
1.8515844449089732e25
1.8466968850373541e25
1.841941994590886e25
1.8373277136443003e25
1.832861956187283e25
1.8285526048610888e25
1.8244075056917974e25
1.8204344628233655e25
1.816641233253666e25
1.813035521576688e25
1.8096249747341321e25
1.806417176779559e25
1.8034196436583346e25
1.8006398180065605e25
1.7980850639721778e25
1.7957626620614892e25
1.793679804014247e25
1.7918435877105339e25
1.7902610121125888e25
1.788938972244778e25
1.7878842542148335e25
1.7871035302795317e25
1.786603353957921e25
1.7863901551952096e25
1.7864702355804119e25
1.786849763620797e25
1.7875347700761948e25
1.7885311433561958e25
1.7898446249831787e25
1.7914808051241729e25
1.7934451181944709e25
1.7957428385358707e25
1.7983790761724183e25
1.8013587726464618e25
1.8046866969378304e25
1.8083674414688388e25
1.812405418197838e25
1.816804854803991e25
1.8215697909658427e25
1.8267040747362837e25
1.8322113590163933e25
1.8380950981306754e25
1.8443585445060376e25
1.8510047454569284e25
1.858036540078889e25
1.8654565562528295e25
1.8732672077621594e25
1.8814706915249053e25
1.8900689849429673e25
1.899063843370402e25
1.908456797702767e25
1.918249152089338e25
1.9284419817700983e25
1.939036131039144e25
1.950032211336219e25
1.9614305994680533e25
1.97323143596091e25
1.985434623545915e25
1.9980398257784657e25
2.0110464657931525e25
2.024453725195298e25
2.0382605430903274e25
2.052465615252143e25
2.067067393431348e25
2.082064084804377e25
2.0974536515642886e25
2.1132338106541173e25
2.129402033643299e25
2.1459555467479263e25
2.162891330995223e25
2.1802061225328576e25
2.197896413083249e25
2.215958450543228e25
2.2343882397293448e25
2.253181543268712e25
2.2723338826355893e25
2.2918405393335025e25
2.311696556222915e25
2.3318967389940286e25
2.3524356577844574e25
2.3733076489414944e25
2.394506816928251e25
2.4160270363732612e25
2.4378619542627785e25
2.4600049922751536e25
2.482449349256284e25
2.505188003835273e25
2.528213717179444e25
2.551519035887357e25
2.575096295018863e25
2.5989376212607828e25
2.6230349362270864e25
2.647379959891867e25
2.6719642141538494e25
2.6967790265306354e25
2.7218155339812917e25
2.747064686855237e25
2.7725172529657274e25
2.798163821786191e25
2.823994808767118e25
2.8500004597717224e25
2.876170855628029e25
2.902495916795434e25
2.928965408143182e25
2.9555689438385223e25
2.982295992342259e25
3.009135881508931e25
3.0360778037892857e25
3.0631108215322313e25
3.090223872383832e25
3.1174057747802777e25
3.1446452335321575e25
3.1719308454972804e25
3.1992511053387997e25
3.2265944113659108e25
3.253949071453834e25
3.281303309040256e25
3.3086452691947187e25
3.3359630247579967e25
3.3632445825479935e25
3.390477889629106e25
3.417650839641358e25
3.4447512791860604e25
3.471767014264672e25
3.498685816767061e25
3.5254954310058793e25
3.552183580293303e25
3.5787379735567664e25
3.605146311989745e25
3.631396295734063e25
3.6574756305901623e25
3.6833720347512977e25
3.7090732455581543e25
3.7345670262699096e25
3.75984117284823e25
3.7848835207500154e25
3.809681951725255e25
3.8342244006162686e25
3.858498862154156e25
3.882493397748847e25
3.9061961422686814e25
3.929595310805872e25
3.952679205423656e25
3.975436221881505e25
3.997854856334269e25
4.0199237120016895e25
4.041631505804019e25
4.062967074960087e25
4.083919383544049e25
4.10447752899666e25
4.1246307485875294e25
4.144368425824294e25
4.16368009680521e25
4.182555456511044e25
4.20098436503267e25
4.218956853730777e25
4.236463131323678e25
4.253493589899811e25
4.270038810851111e25
4.286089570723848e25
4.301636846983143e25
4.316671823687706e25
4.331185897071464e25
4.345170681028378e25
4.358618012497214e25
4.371519956742844e25
4.38386881253088e25
4.395657117192198e25
4.406877651574367e25
4.417523444876619e25
4.427587779365535e25
4.437064194968174e25
4.445946493739764e25
4.454228744203195e25
4.46190528555722e25
4.468970731750806e25
4.4754199754208e25
4.481248191690397e25
4.486450841825741e25
4.491023676748186e25
4.494962740399932e25
4.498264372960528e25
4.500925213912103e25
4.50294220495104e25
4.504312592744243e25
4.5050339315276355e25
4.505104085545204e25
4.50452123132674e25
4.503283859802385e25
4.5013907782524574e25
4.498841112090864e25
4.495634306480741e25
4.491770127780789e25
4.487248664821101e25
4.4820703300072024e25
4.476235860251276e25
4.469746317729454e25
4.4626030904642916e25
4.454807892731615e25
4.446362765291032e25
4.437270075439375e25
4.4275325168866375e25
4.4171531094539585e25
4.406135198593288e25
4.394482454728502e25
4.3821988724178975e25
4.369288769337935e25
4.355756785088396e25
4.3416078798190506e25
4.3268473326781765e25
4.311480740083247e25
4.295514013814294e25
4.278953378930535e25
4.261805371510923e25
4.244076836219361e25
4.225774923695634e25
4.206907087772809e25
4.187481082522347e25
4.167504959128079e25
4.1469870625903e25
4.125936028261428e25
4.1043607782146405e25
4.082270517447128e25
4.0596747299196205e25
4.036583174433982e25
4.013005880350719e25
3.988953143148409e25
3.964435519827091e25
3.939463824157788e25
3.914049121780343e25
3.88820272515212e25
3.861936188349702e25
3.835261301726337e25
3.8081900864276618e25
3.780734788768392e25
3.7529078744727713e25
3.7247220227816705e25
3.6961901204292248e25
3.667325255492103e25
3.6381407111144755e25
3.6086499591118914e25
3.578866653457296e25
3.5488046236525642e25
3.518477867988951e25
3.487900546699909e25
3.457086975009799e25
3.4260516160823114e25
3.3948090738719673e25
3.3633740858826595e25
3.33176151583701e25
3.299986346260364e25
3.2680636709833766e25
3.236008687567154e25
3.203836689655007e25
3.171563059254882e25
3.13920325895659e25
3.10677282408804e25
3.074287354814691e25
3.0417625081864816e25
3.0092139901365194e25
2.9766575474359465e25
2.9441089596091884e25
2.911584030814311e25
2.8790985816925145e25
2.8466684411915555e25
2.8143094383674478e25
2.782037394168942e25
2.749868113209392e25
2.717817375530493e25
2.6859009283624684e25
2.654134477885307e25
2.6225336809955993e25
2.5911141370836036e25
2.5598913798250923e25
2.528880868992623e25
2.4980979822908095e25
2.4675580072201225e25
2.4372761329740096e25
2.407267442373637e25
2.377546903845011e25
2.3481293634429843e25
2.3190295369266485e25
2.29026200189068e25
2.2618411899570824e25
2.2337813790318433e25
2.206096685630897e25
2.1788010572798532e25
2.151908264991833e25
2.1254318958277757e25
2.0993853455435146e25
2.0737818113278966e25
2.0486342846361738e25
2.023955544122746e25
1.9997581486776484e25
1.9760544305705122e25
1.9528564887062875e25
1.9301761819965913e25
1.9080251228506152e25
1.8864146707894563e25
1.8653559261876505e25
1.8448597241456291e25
1.824936628496781e25
1.8055969259527055e25
1.7868506203901642e25
1.7687074272831688e25
1.7511767682836344e25
1.7342677659538147e25
1.7179892386538005e25
1.7023496955870814e25
1.6873573320075261e25
1.6730200245903256e25
1.6593453269700835e25
1.646340465448748e25
1.6340123348760453e25
1.6223674947050632e25
1.6114121652254395e25
1.6011522239766721e25
1.5915932023437286e25
1.5827402823372253e25
1.5745982935603828e25
1.5671717103645885e25
1.5604646491956287e25
1.554480866132289e25
1.5492237546190895e25
1.5446963433947561e25
1.5409012946178023e25
1.53784090219066e25
1.5355170902837105e25
1.533931412060194e25
1.5330850486030975e25
1.5329788080450786e25
1.5336131249020025e25
1.5349880596109715e25
1.5371032982732975e25
1.5399581526030536e25
1.543551560081351e25
1.5478820843166476e25
1.5529479156113423e25
1.5587468717344188e25
1.5652763989001448e25
1.572533572952589e25
1.5805151007556328e25
1.5892173217878671e25
1.5986362099418485e25
1.608767375527164e25
1.619606067476182e25
1.6311471757517787e25
1.643385233955814e25
1.6563144221374061e25
1.6699285697994028e25
1.6842211591019125e25
1.6991853282611208e25
1.7148138751420866e25
1.7310992610433907e25
1.7480336146719575e25
1.7656087363061662e25
1.7838161021449543e25
1.8026468688408381e25
1.8220918782144379e25
1.8421416621483404e25
1.8627864476574278e25
1.8840161621332148e25
1.9058204387596187e25
1.9281886220969858e25
1.951109773831716e25
1.9745726786882296e25
1.998565850500457e25
2.023077538439232e25
2.048095733392438e25
2.0736081744946824e25
2.0996023558025736e25
2.126065533112364e25
2.1529847309159756e25
2.1803467494919923e25
2.2081381721273386e25
2.2363453724660335e25
2.2649545219807323e25
2.29395159756333e25
2.323322389230013e25
2.353052507936719e25
2.3831273935008846e25
2.413532322624681e25
2.4442524170156223e25
2.475272651599794e25
2.5065778628234483e25
2.5381527570379385e25
2.5699819189634767e25
2.6020498202272e25
2.6343408279703043e25
2.6668392135197687e25
2.6995291611195197e25
2.7323947767164644e25
2.7654200967959883e25
2.7985890972621305e25
2.8318857023575765e25
2.8652937936180033e25
2.8987972188559967e25
2.9323798011691928e25
2.9660253479678073e25
2.9997176600159886e25
3.033440540482127e25
3.0671778039926918e25
3.10091328568471e25
3.1346308502512845e25
3.168314400975118e25
3.20194788874501e25
3.2355153210497147e25
3.269000770944271e25
3.302388385983367e25
3.335662397116851e25
3.3688071275418345e25
3.401807001506393e25
3.434646553059919e25
3.4673104347445925e25
3.499783426223227e25
3.532050442838154e25
3.5640965440964475e25
3.595906942076096e25
3.627467009748349e25
3.6587622892114736e25
3.689778499830698e25
3.72050154627978e25
3.750917526479229e25
3.7810127394267244e25
3.8107736929146806e25
3.840187111130656e25
3.869239942135809e25
3.897919365217205e25
3.92621279810921e25
3.954107904079757e25
3.981592598877382e25
4.008655057534449e25
4.035283721022744e25
4.061467302757155e25
4.087194794943722e25
4.112455474767872e25
4.137238910419197e25
4.161534966949145e25
4.185333811957757e25
4.208625921106174e25
4.231402083451238e25
4.253653406599163e25
4.2753713216747e25
4.29654758810285e25
4.317174298200185e25
4.3372438815725985e25
4.356749109316909e25
4.375683098023443e25
4.394039313577195e25
4.411811574754864e25
4.428994056615599e25
4.445581293683039e25
4.46156818291673e25
4.476949986470678e25
4.4917223342373e25
4.505881226175018e25
4.519423034417749e25
4.532344505164885e25
4.544642760350283e25
4.55631529908913e25
4.567359998901394e25
4.577775116710961e25
4.587559289619588e25
4.596711535454869e25
4.605231253091623e25
4.613118222546262e25
4.620372604843758e25
4.6269949416569826e25
4.6329861547183695e25
4.6383475450039375e25
4.643080791689854e25
4.647187950881877e25
4.650671454118093e25
4.653534106645606e25
4.655779085471817e25
4.657409937191214e25
4.658430575588631e25
4.658845279020109e25
4.6586586875725974e25
4.657875800003929e25
4.656501970464502e25
4.6545429050024286e25
4.652004657853837e25
4.648893627520293e25
4.645216552635341e25
4.640980507622366e25
4.6361928981460635e25
4.6308614563598965e25
4.624994235952135e25
4.618599606993114e25
4.611686250586522e25
4.60426315332758e25
4.596339601571189e25
4.5879251755132e25
4.57902974308798e25
4.5696634536857455e25
4.55983673169312e25
4.549560269860508e25
4.538845022499935e25
4.527702198517294e25
4.516143254282798e25
4.5041798863437386e25
4.4918240239835815e25
4.479087821631717e25
4.465983651128146e25
4.45252409384743e25
4.43872193268654e25
4.42459014392108e25
4.4101418889346595e25
4.395390505826011e25
4.3803495008988885e25
4.365032540039547e25
4.34945343998677e25
4.3336261594996045e25
4.317564790427865e25
4.301283548690666e25
4.284796765168128e25
4.2681188765117515e25
4.2512644158787635e25
4.234248003595775e25
4.217084337757444e25
4.199788184765521e25
4.182374369813969e25
4.164857767325645e25
4.147253291346406e25
4.129575885902166e25
4.1118405153247855e25
4.0940621545523855e25
4.076255779410066e25
4.058436356876761e25
4.04061883534396e25
4.0228181348723596e25
4.00504913745212e25
3.987326677272739e25
3.969665531008251e25
3.952080408123811e25
3.934585941209482e25
3.917196676346977e25
3.899927063515413e25
3.88279144704181e25
3.865804056102235e25
3.8489789952793032e25
3.8323302351819775e25
3.815871603133407e25
3.7996167739323904e25
3.783579260694428e25
3.767772405777831e25
3.752209371800679e25
3.736903132754026e25
3.7218664652171474e25
3.7071119396801137e25
3.69265191197931e25
3.678498514851088e25
3.6646636496090957e25
3.651158977950459e25
3.6379959138959268e25
3.6251856158692987e25
3.612738978921046e25
3.6006666271012263e25
3.588978905986443e25
3.5776858753658665e25
3.566797302090968e25
3.5563226530935347e25
3.5462710885767117e25
3.536651455383413e25
3.527472280546534e25
3.51874176502518e25
3.510467777631168e25
3.502657849149867e25
3.495319166659225e25
3.4884585680510056e25
3.4820825367578553e25
3.4761971966899195e25
3.470808307384402e25
3.4659212593716152e25
3.46154106976066e25
3.457672378047997e25
3.4543194421518066e25
3.4514861346751658e25
3.44917593940075e25
3.4473919480196454e25
3.446136857096888e25
3.445412965276001e25
3.4452221707248197e25
3.445565968824654e25
3.4464454501047806e25
3.447861298424073e25
3.449813789401388e25
3.45230278909632e25
3.4553277529416397e25
3.4588877249286743e25
3.4629813370467043e25
3.4676068089773433e25
3.472761948044679e25
3.478444149421792e25
3.484650396594179e25
3.4913772620804e25
3.4986209084101475e25
3.506377089359754e25
3.514641151445042e25
3.523408035671238e25
3.532672279539529e25
3.5424280193096795e25
3.55266899251799e25
3.563388540749706e25
3.5745796126648774e25
3.5862347672763933e25
3.5983461774789752e25
3.610905633827543e25
3.6239045485633567e25
3.6373339598861263e25
3.651184536470159e25
3.6654465822224474e25
3.6801100412804573e25
3.695164503247242e25
3.7105992086613224e25
3.726403054698722e25
3.742564601104244e25
3.7590720763491012e25
3.775913384011783e25
3.79307610937891e25
3.810547526262656e25
3.8283146040313038e25
3.846364014849242e25
3.8646821411225937e25
3.883255083146626e25
3.902068666950838e25
3.9211084523376155e25
3.940359741110129e25
3.95980758548504e25
3.979436796685569e25
3.999231953710162e25
4.0191774122720795e25
4.039257313904979e25
4.05945559522954e25
4.079755997376015e25
4.100142075557515e25
4.120597208788721e25
4.141104609744657e25
4.161647334753988e25
4.182208293921272e25
4.2027702613725375e25
4.223315885618331e25
4.243827700028464e25
4.264288133412529e25
4.284679520700148e25
4.304984113714898e25
4.325184092035764e25
4.3452615739399475e25
4.365198627420675e25
4.3849772812737485e25
4.404579536246392e25
4.423987376242046e25
4.44318277957445e25
4.4621477302646625e25
4.480864229374335e25
4.499314306368635e25
4.5174800305022145e25
4.535343522221471e25
4.552886964576502e25
4.570092614635925e25
4.586942814897865e25
4.603420004690366e25
4.6195067315544185e25
4.635185662602874e25
4.6504395958483875e25
4.665251471493722e25
4.679604383177565e25
4.693481589169086e25
4.706866523504548e25
4.719742807059195e25
4.732094258547715e25
4.743904905446589e25
4.755158994831676e25
4.765841004124414e25
4.775935651740029e25
4.785427907631239e25
4.794303003720911e25
4.802546444217254e25
4.810144015805153e25
4.817081797707233e25
4.823346171608469e25
4.828923831438048e25
4.833801793002378e25
4.837967403463098e25
4.841408350654181e25
4.844112672232146e25
4.8460687646535015e25
4.847265391973762e25
4.847691694462268e25
4.847337197027333e25
4.8461918174461415e25
4.844245874394078e25
4.841490095268264e25
4.837915623799977e25
4.833514027451091e25
4.828277304589431e25
4.8221978914383536e25
4.8152686687956785e25
4.807482968517579e25
4.798834579762811e25
4.789317754993076e25
4.778927215725163e25
4.767658158030968e25
4.755506257781408e25
4.742467675630301e25
4.728539061734809e25
4.713717560208712e25
4.6980008133053575e25
4.681386965326814e25
4.663874666256442e25
4.645463075111865e25
4.6261518630154545e25
4.605941215979989e25
4.584831837406835e25
4.562824950294572e25
4.5399222991556515e25
4.516126151639487e25
4.491439299860026e25
4.465865061426038e25
4.439407280172998e25
4.412070326594997e25
4.3838590979758024e25
4.354779018217816e25
4.324836037368559e25
4.294036630843758e25
4.262387798346895e25
4.229897062484597e25
4.196572467078245e25
4.1624225751716774e25
4.12745646673508e25
4.091683736066002e25
4.055114488887665e25
4.0177593391457395e25
3.979629405504184e25
3.940736307541728e25
3.9010921616501515e25
3.8607095766356667e25
3.8196016490255215e25
3.7777819580813137e25
3.7352645605213677e25
3.6920639849539512e25
3.6481952260242134e25
3.603673738277159e25
3.5585154297391754e25
3.5127366552214203e25
3.466354209347849e25
3.419385319311267e25
3.371847637360474e25
3.323759233022544e25
3.2751385850635487e25
3.2260045731918938e25
3.1763764695078727e25
3.1262739297041555e25
3.075716984021287e25
3.024726027962435e25
2.9733218127725725e25
2.921525435686395e25
2.8693583299502997e25
2.816842254622973e25
2.7639992841603917e25
2.7108517977902773e25
2.6574224686813056e25
2.6037342529131213e25
2.5498103782525144e25
2.4956743327419293e25
2.4413498531058396e25
2.3868609129816432e25
2.3322317109810267e25
2.2774866585878554e25
2.222650367899608e25
2.1677476392184054e25
2.11280344849864e25
2.057842934657455e25
2.002891386755545e25
1.9479742310546577e25
1.8931170179592524e25
1.8383454088488175e25
1.783685162808728e25
1.7291621232665067e25
1.674802204540551e25
1.62063137830935e25
1.5666756600080859e25
1.5129610951605137e25
1.4595137456531965e25
1.4063596759602696e25
