5.150641289062496e-13
5.148453280826274e11
8.2269097349661455e12
4.155931154203369e13
1.3095262810091044e14
3.184688072290575e14
6.57238299224905e14
1.210752061860346e15
2.0520005578051972e15
3.262462327212042e15
4.930945176850617e15
7.152283480405027e15
1.0025895531518166e16
1.3654205331078424e16
1.8140933622296176e16
2.3589263410524496e16
3.009988561876533e16
3.776893093360663e16
4.668579428921017e16
5.693085881817997e16
6.857312646697369e16
8.166776282926946e16
9.625356409269376e16
1.1235035432188362e17
1.2995632161336038e17
1.4904530195451142e17
1.695640198995084e17
1.9142929543866365e17
2.1452522668398214e17
2.3870035822198774e17
2.6376484519476346e17
2.89487623361104e17
3.1559359556124614e17
3.41760845160426e17
3.676178871781006e17
3.927409679207044e17
4.166514240259485e17
4.3881311189561376e17
4.586299185412468e17
4.754433648929101e17
4.885303126249399e17
4.97100785534352e17
5.002959164669432e17
4.9718603072317094e17
4.867688767904406e17
4.6796801514046317e17
4.396313756998231e17
4.00529994448863e17
3.493569394284549e17
2.8472643623630144e17
2.051732028742052e17
1.0915200356539213e17
-4.962569103318272e15
-1.3887607464575949e17
-2.94373958985825e17
-4.7332103417957274e17
-6.776606954671025e17
-9.094138679414943e17
-1.170677675512382e18
-1.4636238252517688e18
-1.7904967006390753e18
-2.1536111576705516e18
-2.555350018264671e18
-2.9981612558793554e18
-3.4845548687583375e18
-4.017099436742068e18
-4.5984183581124695e18
-5.23118576349032e18
-5.918122104368003e18
-6.661989414438137e18
-7.465586242469901e18
-8.331742256088189e18
-9.263312516426056e18
-1.0263171424246714e19
-1.1334206338767557e19
-1.2479310871063579e19
-1.37013778545811e19
-1.5003291995953457e19
-1.638792220997741e19
-1.785811364328192e19
-1.9416679391898284e19
-2.106639191862109e19
-2.2809974176733946e19
-2.465009044735796e19
-2.6589336898367717e19
-2.863023187350461e19
-3.0775205921001e19
-3.3026591571711115e19
-3.5386612877421933e19
-3.785737472069125e19
-4.044085190822791e19
-4.313887806049082e19
-4.595313431083632e19
-4.888513782818955e19
-5.193623017784867e19
-5.510756553565733e19
-5.84000987713903e19
-6.1814573417798975e19
-6.535150954234687e19
-6.9011191539236135e19
-7.279365585988003e19
-7.669867870051351e19
-8.07257636661521e19
-8.48741294306101e19
-8.914269741276732e19
-9.353007948973384e19
-9.8034565767997e19
-1.0265411243404968e20
-1.0738632970638834e20
-1.1222846991113388e20
-1.1717741570386782e20
-1.222296684605906e20
-1.2738133686099075e20
-1.3262812568747693e20
-1.3796532486364715e20
-1.4338779875607305e20
-1.488899757634451e20
-1.5446583821725916e20
-1.601089126183367e20
-1.658122602335386e20
-1.7156846807707805e20
-1.7736964030084337e20
-1.832073900181162e20
-1.8907283158500763e20
-1.9495657336384464e20
-2.008487109926001e20
-2.0673882118430074e20
-2.1261595608014163e20
-2.184686381797962e20
-2.2428485587213772e20
-2.3005205958927653e20
-2.3575715860646625e20
-2.413865185100487e20
-2.4692595935518543e20
-2.5236075453466113e20
-2.5767563037955018e20
-2.6285476651200387e20
-2.6788179696984385e20
-2.727398121220412e20
-2.774113613935178e20
-2.818784568170248e20
-2.861225774291391e20
-2.9012467452666564e20
-2.9386517779894996e20
-2.973240023507791e20
-3.004805566296977e20
-3.033137512706743e20
-3.058020088701338e20
-3.079232747004096e20
-3.096550283746904e20
-3.109742964715149e20
-3.118576661268164e20
-3.122812996004457e20
-3.122209498229931e20
-3.116519769275928e20
-3.105493657702344e20
-3.088877444409169e20
-3.0664140376677247e20
-3.0378431780704295e20
-3.002901653385449e20
-2.9613235232896726e20
-2.9128403539405262e20
-2.857181462333931e20
-2.7940741703823032e20
-2.723244068632989e20
-2.644415289533829e20
-2.557310790138715e20
-2.46165264413205e20
-2.3571623430369752e20
-2.2435611064580525e20
-2.1205702011948846e20
-1.987911269048832e20
-1.845306663130634e20
-1.6924797924624453e20
-1.5291554746532567e20
-1.3550602964124276e20
-1.1699229816515782e20
-9.73474766910796e19
-7.654497838308069e19
-5.455854483785362e19
-3.1362285651934913e19
-6.93071860151842e18
1.876118959860076e19
4.57379819918061e19
7.402366956836312e19
1.0364168898360199e20
1.3461485984445637e20
1.6696534160454268e20
2.0071459010924275e20
2.358833138335192e20
2.7249142985641093e20
3.105580196173764e20
3.5010128450081233e20
3.9113850129622657e20
4.3368597758264705e20
4.777590070869306e20
5.233718250666666e20
5.7053756376936926e20
6.19268208020617e20
6.695745509947091e20
7.214661502222868e20
7.749512838901926e20
8.30036907489625e20
8.867286108693896e20
9.450305757516923e20
1.0049455337686335e21
1.0664747250780343e21
1.1296178576178643e21
1.194373067058913e21
1.2607368775158446e21
1.3287041630770637e21
1.3982681102141552e21
1.4694201811319028e21
1.5421500781200262e21
1.6164457089679376e21
1.6922931535038123e21
1.7696766313193257e21
1.848578470741215e21
1.928979079110818e21
2.0108569144323636e21
2.0941884584506604e21
2.178948191218334e21
2.2651085672124564e21
2.3526399930598152e21
2.441510806929599e21
2.5316872596515397e21
2.6231334976169496e21
2.715811547519192e21
2.809681302989393e21
2.9047005131821563e21
3.000824773365158e21
3.0980075175653073e21
3.196200013323154e21
3.2953513586058293e21
3.3954084809277314e21
3.496316138726572e21
3.5980169250411884e21
3.700451273535837e21
3.8035574669142215e21
3.9072716477648344e21
4.0115278318774277e21
4.116257924068725e21
4.221391736553539e21
4.326857009895648e21
4.432579436570644e21
4.538482687171109e21
4.644488439282139e21
4.750516409053264e21
4.856484385490374e21
4.962308267489151e21
5.067902103628932e21
5.173178134743719e21
5.278046839284414e21
5.382416981483905e21
5.48619566233402e21
5.58928837338074e21
5.691599053341353e21
5.79303014754456e21
5.893482670191671e21
5.992856269434296e21
6.091049295261029e21
6.187958870182758e21
6.283480962703229e21
6.377510463558581e21
6.469941264706606e21
6.560666341043312e21
6.649577834821458e21
6.73656714274258e21
6.821525005690902e21
6.904341601074462e21
6.984906637735597e21
7.063109453389791e21
7.138839114548746e21
7.211984518880317e21
7.282434499954859e21
7.350077934324256e21
7.414803850876801e21
7.476501542407913e21
7.535060679343485e21
7.59037142554952e21
7.642324556158579e21
7.690811577340464e21
7.735724847941376e21
7.776957702912816e21
7.814404578448379e21
7.847961138743563e21
7.877524404290769e21
7.902992881618722e21
7.924266694382518e21
7.941247715707797e21
7.953839701689636e21
7.961948425943905e21
7.965481815106295e21
7.964350085171357e21
7.958465878561496e21
7.947744401813064e21
7.932103563764527e21
7.911464114128966e21
7.885749782331087e21
7.854887416486521e21
7.818807122398983e21
7.777442402448942e21
7.730730294245208e21
7.678611508909061e21
7.621030568858736e21
7.557935944960148e21
7.489280192908362e21
7.415020088702511e21
7.335116763075654e21
7.249535834739451e21
7.158247542302651e21
7.061226874720923e21
6.958453700134779e21
6.849912892951344e21
6.735594459024972e21
6.615493658791143e21
6.489611128207278e21
6.357952997354049e21
6.220531006550231e21
6.077362619834041e21
5.928471135663943e21
5.773885794691932e21
5.613641884462617e21
5.447780840891719e21
5.276350346378163e21
5.099404424404622e21
4.917003530482042e21
4.729214639294768e21
4.536111327903792e21
4.3377738548669904e21
4.1342892351365254e21
3.925751310594988e21
3.7122608160937607e21
3.4939254408585025e21
3.2708598851289387e21
3.0431859119020017e21
2.811032393649572e21
2.574535353884813e21
2.3338380034528395e21
2.0890907714251192e21
1.840451330478774e21
1.5880846166459312e21
1.3321628433202817e21
1.072865509412308e21
8.103794015470994e20
5.448985902028916e20
2.7662441969152845e20
5.765491886437433e18
-2.6746235639299257e20
-5.4283608242703565e20
-8.201254731542084e20
-1.0990931873205164e21
-1.3794948042936623e21
-1.6610788796108888e21
-1.9435870073254691e21
-2.2267538892108732e21
-2.5103074108780797e21
-2.793968724854847e21
-3.07745234067225e21
-3.3604662219969386e21
-3.64271189084353e21
-3.923884538894932e21
-4.203673145953839e21
-4.4817606055417736e21
-4.757823857657672e21
-5.031534028700594e21
-5.302556578556643e21
-5.570551454842904e21
-5.835173254296058e21
-6.09607139128637e21
-6.352890273432158e21
-6.605269484282862e21
-6.852843973033052e21
-7.095244251222952e21
-7.332096596374303e21
-7.563023262504783e21
-7.78764269745625e21
-8.005569766966948e21
-8.216415985409731e21
-8.4197897531131e21
-8.615296600173751e21
-8.802539436664032e21
-8.981118809129548e21
-9.15063316326703e21
-9.310679112664153e21
-9.460851713477936e21
-9.600744744920243e21
-9.729950995413478e21
-9.848062554271673e21
-9.954671108756888e21
-1.0049368246352911e22
-1.0131745762092975e22
-1.0201395970770643e22
-1.0257912023857412e22
-1.0300888230943672e22
-1.03299203855136e22
-1.0344606094858387e22
-1.0344545113925837e22
-1.0329339682898485e22
-1.0298594868286395e22
-1.0251918907314868e22
-1.0188923555381414e22
-1.0109224436351088e22
-1.0012441395453355e22
-9.898198854537985e21
-9.76612616944328e21
-9.615857989223327e21
-9.447034616977226e21
-9.259302372017149e21
-9.052313953108924e21
-8.825728802512329e21
-8.579213470546047e21
-8.312441980395586e21
-8.025096192880972e21
-7.716866170894843e21
-7.387450543219588e21
-7.036556867427598e21
-6.663901991565663e21
-6.269212414321982e21
-5.852224643370443e21
-5.41268555158502e21
-4.950352730813494e21
-4.4649948428990845e21
-3.956391967634873e21
-3.4243359473354e21
-2.868630727706968e21
-2.2890926946982822e21
-1.685551007010733e21
-1.0578479239476386e21
-4.058391282799807e20
2.7060595619235627e20
9.716038527068353e20
1.6972567255533953e21
2.447652080360933e21
3.222862470974968e21
4.0229452132473357e21
4.847942106056032e21
5.697879159873481e21
6.572766333197618e21
7.472597277160138e21
8.397349088622675e21
9.346982072070329e21
1.032143951060735e22
1.1320647446358355e22
1.2344514470574364e22
1.3392931523738544e22
1.4465771705964719e22
1.5562890097974254e22
1.6684123592935659e22
1.782929073944368e22
1.899819159591252e22
2.019060759664863e22
2.140630142986703e22
2.2645016927905377e22
2.390647896988764e22
2.5190393397078663e22
2.649644694116766e22
2.782430716570937e22
2.917362242094645e22
3.054402181222614e22
3.1935115182219796e22
3.3346493107143113e22
3.4777726907168812e22
3.6228368671212663e22
3.7697951296266986e22
3.918598854144526e22
4.0691975096893776e22
4.2215386667714515e22
4.375568007303561e22
4.53122933603554e22
4.688464593527457e22
4.847213870672319e22
5.007415424777526e22
5.1690056972135945e22
5.331919332637317e22
5.496089199795658e22
5.661446413915219e22
5.8279203606812665e22
5.99543872180894e22
6.163927502208266e22
6.333311058743074e22
6.5035121305831206e22
6.674451871147084e22
6.846049881633245e22
7.018224246132984e22
7.190891568321378e22
7.36396700971756e22
7.5373643295065375e22
7.710995925912485e22
7.884772879112653e22
8.058604995679334e22
8.232400854536339e22
8.406067854414866e22
8.579512262792447e22
8.752639266297319e22
8.925353022559231e22
9.097556713486327e22
9.269152599946494e22
9.440042077830141e22
9.610125735470124e22
9.779303412393219e22
9.94747425937613e22
1.0114536799777804e23
1.028038899211844e23
1.044492829387442e23
1.0608051726456872e23
1.0769655941340511e23
1.0929637287307986e23
1.1087891878773838e23
1.1244315665150763e23
1.1398804501219775e23
1.1551254218464606e23
1.1701560697329489e23
1.18496199403582e23
1.1995328146171268e23
1.2138581784236857e23
1.2279277670389975e23
1.2417313043053308e23
1.2552585640112072e23
1.2684993776394179e23
1.2814436421705873e23
1.294081327937223e23
1.3064024865230603e23
1.3183972587024509e23
1.3300558824144165e23
1.3413687007659369e23
1.3523261700589163e23
1.3629188678352292e23
1.3731375009341286e23
1.3829729135562584e23
1.3924160953284122e23
1.4014581893631261e23
1.4100905003071248e23
1.4183045023725761e23
1.426091847345055e23
1.4334443725620595e23
1.4403541088558779e23
1.4468132884545541e23
1.4528143528346585e23
1.4583499605195372e23
1.4634129948166806e23
1.4679965714878101e23
1.4720940463452795e23
1.4756990227683531e23
1.4788053591329021e23
1.4814071761480754e23
1.4834988640934674e23
1.4850750899503134e23
1.4861308044202634e23
1.4866612488252698e23
1.4866619618821492e23
1.4861287863453954e23
1.485057875511857e23
1.4834456995808912e23
1.4812890518636705e23
1.4785850548353378e23
1.4753311660237626e23
1.4715251837286898e23
1.4671652525651185e23
1.4622498688248444e23
1.4567778856501095e23
1.4507485180134234e23
1.4441613474976542e23
1.4370163268705982e23
1.4293137844483004e23
1.4210544282415038e23
1.4122393498796822e23
1.4028700283072304e23
1.3929483332464878e23
1.3824765284223599e23
1.371457274543458e23
1.3598936320347417e23
1.347789063516847e23
1.3351474360273356e23
1.3219730229793058e23
1.3082705058528737e23
1.2940449756152602e23
1.2793019338652944e23
1.264047293698349e23
1.2482873802878334e23
1.2320289311796059e23
1.2152790962957445e23
1.1980454376443726e23
1.1803359287323324e23
1.1621589536777601e23
1.1435233060197269e23
1.124438187222359e23
1.1049132048709864e23
1.084958370558122e23
1.0645840974572262e23
1.043801197582451e23
1.022620878732724e23
1.00105474111879e23
9.79114773672011e22
9.568133500339366e22
9.341632242259191e22
9.111775259981865e22
8.8786975585813e22
8.642537797776667e22
8.403438235798764e22
8.16154467005235e22
7.91700637458123e22
7.669976034344127e22
7.420609676312579e22
7.169066597403789e22
6.915509289264572e22
6.660103359924198e22
6.403017452337011e22
6.144423159837429e22
5.884494938533377e22
5.6234100166656275e22
5.361348300963879e22
5.09849228003201e22
4.835026924798441e22
4.571139586069016e22
4.307019889223089e22
4.042859626095215e22
3.778852644088204e22
3.5151947325648553e22
3.25208350656892e22
2.9897182879274448e22
2.728299983790088e22
2.468030962662444e22
2.209114927993434e22
1.951756789378986e22
1.6961625314463763e22
1.4425390804864835e22
1.1910941689029037e22
9.420361975496199e21
6.955740960307248e21
4.5191718103853333e21
2.1127501280794934e21
-2.6142750232315062e20
-2.601264985295676e21
-4.904668201130385e21
-7.16954650849611e21
-9.393814261605371e21
-1.157539234108899e22
-1.3712209697649686e22
-1.5802204907553981e22
-1.784332773899902e22
-1.983354072837733e22
-2.1770820765439958e22
-2.3653160686346914e22
-2.547857087357429e22
-2.7245080861635173e22
-2.895074094755197e22
-3.059362380500756e22
-3.2171826101087646e22
-3.368347011451165e22
-3.5126705354241626e22
-3.6499710177340694e22
-3.780069340494732e22
-3.902789593521692e22
-4.017959235207694e22
-4.125409252862657e22
-4.224974322401115e22
-4.3164929672586816e22
-4.399807716419171e22
-4.474765261432547e22
-4.541216612304206e22
-4.59901725213497e22
-4.648027290391417e22
-4.688111614685252e22
-4.719140040940907e22
-4.740987461829752e22
-4.753533993350121e22
-4.7566651194313695e22
-4.750271834441398e22
-4.734250783476427e22
-4.7085044003127295e22
-4.6729410429001795e22
-4.627475126277903e22
-4.572027252792996e22
-4.506524339504227e22
-4.430899742652735e22
-4.345093379083298e22
-4.249051844500104e22
-4.142728528442677e22
-4.026083725867852e22
-3.8990847452256965e22
-3.761706012918061e22
-3.6139291740303457e22
-3.45574318922785e22
-3.287144427710338e22
-3.108136756119612e22
-2.9187316232972378e22
-2.7189481407904794e22
-2.5088131590074407e22
-2.288361338923552e22
-2.0576352192447176e22
-1.8166852789331393e22
-1.565569995005614e22
-1.3043558955153086e22
-1.0331176076316049e22
-7.519379007336744e21
-4.609077244375165e21
-1.6012624147778172e21
1.5029914463050651e21
4.7025276722356085e21
7.996106794830345e21
1.1382406428597456e22
1.4860021209899364e22
1.842746279165335e22
2.2083159894135612e22
2.582545841243232e22
2.965262158103666e22
3.3562830196071603e22
3.7554182895567813e22
4.162469649820277e22
4.577230640085723e22
4.999486703532753e22
5.429015238447573e22
5.8655856558075705e22
6.308959442856218e22
6.758890232686604e22
7.215123879846869e22
7.67739854197658e22
8.145444767480586e22
8.618985589240997e22
9.09773662436542e22
9.581406179963737e22
1.0069695364943421e23
1.0562298207807769e23
1.1058901780437773e23
1.1559186327833675e23
1.206282540378888e23
1.256948601246339e23
1.3078828755820632e23
1.3590507986886208e23
1.4104171968784053e23
1.461946303949966e23
1.5136017782317044e23
1.5653467201870332e23
1.6171436905748006e23
1.6689547291582248e23
1.7207413739552296e23
1.77246468102253e23
1.8240852447655636e23
1.875563218765724e23
1.9268583371160964e23
1.977929936256311e23
2.0287369772968718e23
2.0792380688227537e23
2.1293914901657254e23
2.179155215134359e23
2.228486936190417e23
2.277344089059712e23
2.325683877765319e23
2.37346330007042e23
2.4206391733178925e23
2.4671681606531565e23
2.513006797616571e23
2.5581115190911428e23
2.6024386865911106e23
2.6459446158764547e23
2.6885856048781194e23
2.7303179619182933e23
2.7710980342098814e23
2.810882236618856e23
2.8496270806728428e23
2.887289203799101e23
2.9238253987746045e23
2.9591926433707133e23
2.993348130174588e23
3.026249296569295e23
3.057853854854141e23
3.088119822486679e23
3.11700555242741e23
3.1444697635681264e23
3.170471571224448e23
3.194970517673053e23
3.2179266027136926e23
3.23930031423615e23
3.259052658771815e23
3.2771451920096384e23
3.293540049255889e23
3.3081999758170916e23
3.3210883572853414e23
3.3321692497050754e23
3.341407409600279e23
3.348768323840999e23
3.354218239328002e23
3.357724192474215e23
3.359254038461715e23
3.358776480252829e23
3.356261097334006e23
3.351678374170972e23
3.344999728353827e23
3.336197538410659e23
3.325245171268319e23
3.3121170093390066e23
3.296788477211451e23
3.279236067925464e23
3.2594373688087905e23
3.237371086855233e23
3.2130170736232016e23
3.18635634963393e23
3.157371128248796e23
3.1260448390052476e23
3.0923621503911705e23
3.056308992037598e23
3.017872576309889e23
2.9770414192778293e23
2.9338053610452e23
2.888155585419737e23
2.8400846389045937e23
2.78958644899275e23
2.7366563417460745e23
2.6812910586411668e23
2.6234887726641468e23
2.5632491036373675e23
2.5005731327609294e23
2.435463416352514e23
2.3679239987693548e23
2.2979604244965854e23
2.225579749386578e23
2.150790551034446e23
2.0736029382749995e23
1.994028559787431e23
1.9120806117939196e23
1.827773844839197e23
1.7411245696384384e23
1.6521506619814417e23
1.5608715666814817e23
1.4673083005578406e23
1.3714834544415842e23
1.2734211941944457e23
1.173147260731736e23
1.0706889690402696e23
9.660752061831842e22
8.593364282840418e22
7.505046564831976e22
6.396134718600433e22
5.266980093154568e22
4.117949504091101e22
2.949425151474528e22
1.7618045271832118e22
5.555003116909383e21
-6.690597397410907e21
-1.9114329214803004e22
-3.1711617125583157e22
-4.447773922329501e22
-5.740782846752838e22
-7.04968743528424e22
-8.37397246836556e22
-9.713108745485532e22
-1.1066553283782603e23
-1.2433749527151319e23
-1.3814127565807998e23
-1.520710436626271e23
-1.66120840116378e23
-1.8028457952268604e23
-1.9455605266508638e23
-2.0892892931660615e23
-2.2339676104943752e23
-2.3795298414401376e23
-2.5259092259645894e23
-2.673037912233018e23
-2.8208469886227142e23
-2.9692665166794658e23
-3.118225565009038e23
-3.267652244089879e23
-3.4174737419923914e23
-3.567616360989305e23
-3.718005555041117e23
-3.868565968139816e23
-4.019221473493249e23
-4.169895213532321e23
-4.320509640721676e23
-4.4709865591546635e23
-4.6212471669122217e23
-4.771212099164874e23
-4.9208014719962356e23
-5.0699349269258695e23
-5.2185316761086526e23
-5.3665105481873586e23
-5.513790034774128e23
-5.660288337536406e23
-5.805923415861942e23
-5.950613035077101e23
-6.094274815192034e23
-6.23682628014573e23
-6.378184907523542e23
-6.518268178718915e23
-6.656993629511178e23
-6.794278901029867e23
-6.930041791076416e23
-7.064200305773019e23
-7.196672711508302e23
-7.327377587148858e23
-7.456233876485362e23
-7.58316094088148e23
-7.708078612093673e23
-7.830907245229151e23
-7.951567771809369e23
-8.069981752905829e23
-8.186071432314814e23
-8.299759789737175e23
-8.41097059392933e23
-8.519628455790974e23
-8.625658881355363e23
-8.72898832464705e23
-8.829544240372464e23
-8.927255136408192e23
-9.022050626051736e23
-9.113861479999457e23
-9.202619678016213e23
-9.288258460261258e23
-9.370712378234781e23
-9.449917345309552e23
-9.525810686811977e23
-9.598331189617007e23
-9.667419151221434e23
-9.733016428259885e23
-9.795066484428284e23
-9.853514437779373e23
-9.908307107355112e23
-9.95939305912104e23
-1.0006722651167627e24
-1.005024807814399e24
-1.0089923414889736e24
-1.0125704659230517e24
-1.0157549773903608e24
-1.0185418727579813e24
-1.0209273534948522e24
-1.022907829583298e24
-1.024479923330313e24
-1.0256404730754122e24
-1.026386536791848e24
-1.0267153955780921e24
-1.0266245570364757e24
-1.0261117585359838e24
-1.0251749703561985e24
-1.0238123987094822e24
-1.0220224886385167e24
-1.0198039267864028e24
-1.017155644036555e24
-1.0140768180197074e24
-1.0105668754854073e24
-1.0066254945354503e24
-1.0022526067167544e24
-9.974483989712703e23
-9.922133154405782e23
-9.865480591229255e23
-9.804535933804874e23
-9.739311432947731e23
-9.669821968681288e23
-9.596085060694196e23
-9.518120877220087e23
-9.43595224232288e23
-9.349604641570555e23
-9.259106226081892e23
-9.164487814930791e23
-9.065782895894463e23
-8.963027624532262e23
-8.856260821583278e23
-8.745523968671375e23
-8.630861202307741e23
-8.512319306181819e23
-8.389947701732687e23
-8.263798436993732e23
-8.133926173704883e23
-8.000388172687307e23
-7.863244277477102e23
-7.722556896214973e23
-7.57839098179049e23
-7.430814010240391e23
-7.2798959574016e23
-7.125709273820636e23
-6.968328857922326e23
-6.80783202744203e23
-6.644298489126196e23
-6.477810306707908e23
-6.308451867164618e23
-6.136309845267062e23
-5.96147316642864e23
-5.784032967866677e23
-5.604082558087358e23
-5.42171737470791e23
-5.237034940630129e23
-5.050134818581126e23
-4.861118564037856e23
-4.6700896765535895e23
-4.477153549505188e23
-4.282417418281369e23
-4.0859903069335534e23
-3.887982973311732e23
-3.6885078527088116e23
-3.487679000038475e23
-3.2856120305721567e23
-3.0824240592625206e23
-2.8782336386811796e23
-2.67316069559993e23
-2.4673264662458883e23
-2.260853430261891e23
-2.053865243404288e23
-1.8464866690118587e23
-1.6388435082800482e23
-1.4310625293763182e23
-1.2232713954327788e23
-1.0155985914536276e23
-8.081733501758717e22
-6.011255769227913e22
-3.945857734901289e22
-1.8868496110643845e22
1.6445397490447103e21
2.2067347681772405e22
4.238671682091978e22
6.258941601291684e22
8.266220191936923e22
1.025918271852388e23
1.2236504866844762e23
1.4196863572610783e23
1.613893785525326e23
1.806140965641539e23
1.996296468263534e23
2.1842293251718698e23
2.3698091142291005e23
2.5529060446015895e23
2.7333910421958533e23
2.91113583525704e23
3.086013040076331e23
3.2578962467541515e23
3.4266601049651346e23
3.592180409670651e23
3.754334186724494e23
3.9129997783166214e23
4.06805692819996e23
4.219386866644756e23
4.366872395064919e23
4.510397970260491e23
4.649849788220364e23
4.7851158674290067e23
4.916086131621285e23
5.042652491928997e23
5.164708928363096e23
5.282151570575175e23
5.3948787778424965e23
5.502791218220212e23
5.605791946805173e23
5.703786483055468e23
5.796682887110391e23
5.884391835055496e23
5.9668266930779226e23
6.0439035904572486e23
6.115541491337817e23
6.181662265228533e23
6.242190756176836e23
6.297054850563854e23
6.346185543468354e23
6.389517003547627e23
6.426986636384016e23
6.458535146246376e23
6.484106596216556e23
6.503648466631509e23
6.517111711792521e23
6.524450814893668e23
6.525623841122586e23
6.520592488887334e23
6.509322139124033e23
6.49178190264097e23
6.46794466545569e23
6.437787132082547e23
6.401289866729395e23
6.358437332362916e23
6.309217927603273e23
6.2536240214099e23
6.191651985521336e23
6.123302224613168e23
6.048579204139527e23
5.967491475824369e23
5.8800517007707634e23
5.7862766701569333e23
5.686187323489645e23
5.5798087643866514e23
5.4671702738613975e23
5.3483053210844396e23
5.2232515715977376e23
5.092050892958914e23
4.954749357794875e23
4.811397244244768e23
4.662049033774482e23
4.5067634063460315e23
4.3456032329270154e23
4.1786355653266386e23
4.005931623346659e23
3.827566779237114e23
3.643620539448219e23
3.45417652367183e23
3.2593224411671355e23
3.059150064367135e23
2.853755199764283e23
2.6432376560750304e23
2.4277012096851138e23
2.2072535673789555e23
1.9820063263582263e23
1.752074931556688e23
1.5175786302598257e23
1.278640424039695e23
1.0353870180174084e23
7.879487674669724e22
5.364596217763263e22
2.810570657834575e22
2.1882058506227753e21
-2.4092103071223496e22
-5.072044886202188e22
-7.768173270111646e22
-1.049605354188294e23
-1.325411248911748e23
-1.6040746367983737e23
-1.88543216914231e23
-2.1693176041229282e23
-2.4555618903652247e23
-2.7439932528152826e23
-3.0344372808923516e23
-3.326717018877362e23
-3.620653058495636e23
-3.916063633650287e23
-4.2127647172606976e23
-4.5105701201593435e23
-4.8092915919984327e23
-5.10873892411588e23
-5.408720054309e23
-5.709041173462718e23
-6.009506833977314e23
-6.309920059939503e23
-6.610082458978786e23
-6.909794335750052e23
-7.208854806981767e23
-7.507061918027479e23
-7.804212760857206e23
-8.100103593424209e23
-8.394529960340787e23
-8.687286814796005e23
-8.978168641646487e23
-9.266969581610942e23
-9.553483556497037e23
-9.837504395389212e23
-1.0118825961723529e24
-1.0397242281176116e24
-1.0672547670289665e24
-1.0944536865762072e24
-1.1213005154319854e24
-1.1477748503098954e24
-1.1738563690453739e24
-1.1995248437114826e24
-1.224760153761558e24
-1.2495422991906063e24
-1.2738514137073137e24
-1.297667777908414e24
-1.3209718324471664e24
-1.3437441911876068e24
-1.3659656543361932e24
-1.387617221542433e24
-1.4086801049600508e24
-1.4291357422602122e24
-1.4489658095883013e24
-1.4681522344557138e24
-1.4866772085581533e24
-1.504523200511857e24
-1.5216729684992192e24
-1.5381095728152294e24
-1.5538163883062265e24
-1.568777116692398e24
-1.5829757987655268e24
-1.5963968264534932e24
-1.6090249547430622e24
-1.620845313452543e24
-1.6318434188459225e24
-1.6420051850801182e24
-1.6513169354770825e24
-1.659765413612508e24
-1.6673377942129672e24
-1.674021693853366e24
-1.6798051814467014e24
-1.684676788518149e24
-1.6886255192556266e24
-1.691640860329042e24
-1.6937127904705389e24
-1.6948317898081782e24
-1.6949888489455492e24
-1.69417547777996e24
-1.6923837140519536e24
-1.689606131619027e24
-1.685835848446552e24
-1.6810665343090142e24
-1.6752924181948813e24
-1.6685082954084602e24
-1.660709534362354e24
-1.6518920830542065e24
-1.6420524752216166e24
-1.6311878361692516e24
-1.6192958882623752e24
-1.6063749560811443e24
-1.5924239712302713e24
-1.5774424767987153e24
-1.5614306314643963e24
-1.5443892132390027e24
-1.5263196228481997e24
-1.5072238867427582e24
-1.4871046597362973e24
-1.4659652272655574e24
-1.4438095072693583e24
-1.4206420516825037e24
-1.396468047541294e24
-1.371293317697348e24
-1.3451243211367734e24
-1.3179681529019116e24
-1.2898325436131198e24
-1.2607258585882938e24
-1.230657096558085e24
-1.1996358879749278e24
-1.1676724929143959e24
-1.1347777985674697e24
-1.1009633163226717e24
-1.0662411784372223e24
-1.0306241342966398e24
-9.941255462624444e23
-9.567593851079048e23
-9.185402250420322e23
-8.794832383221859e23
-8.396041894561155e23
-7.989194289943136e23
-7.574458869139407e23
-7.15201065595825e23
-6.722030323962735e23
-6.284704118157291e23
-5.840223772665885e23
-5.388786424426456e23
-4.9305945229310144e23
-4.465855736041304e23
-3.99478285191402e23
-3.517593677071422e23
-3.0345109306564065e23
-2.5457621349131116e23
-2.0515795019378303e23
-1.5521998167454894e23
-1.0478643167026467e23
-5.388185673775526e22
-2.531233486235834e21
4.92400545375885e22
1.0140623030558404e23
1.5394113709920948e23
2.06818252629058e23
2.600107034761829e23
3.13491279848384e23
3.672324506441232e23
4.212063788167588e23
4.753849370314206e23
5.297397236066385e23
5.84242078732624e23
6.388631009578685e23
6.935736639354747e23
7.483444334205583e23
8.031458845095912e23
8.579483191126013e23
9.12721883648809e23
9.674365869561064e23
1.0220623184046016e24
1.0765688662042545e24
1.130925935896412e24
1.1851031690190205e24
1.2390701619348517e24
1.2927964848121748e24
1.3462517007470094e24
1.3994053850159513e24
1.4522271444484432e24
1.5046866369071907e24
1.5567535908653084e24
1.6083978250685897e24
1.6595892682713328e24
1.7102979790337594e24
1.7604941655692294e24
1.8101482056291864e24
1.859230666413711e24
1.9077123244954788e24
1.9555641857448226e24
2.002757505243494e24
2.049263807174768e24
2.0950549046772555e24
2.1401029196499495e24
2.1843803024958634e24
2.2278598517916018e24
2.2705147338701904e24
2.312318502304438e24
2.3532451172780833e24
2.3932689648320678e24
2.4323648759730715e24
2.4705081456316636e24
2.507674551457312e24
2.5438403724375577e24
2.578982407328681e24
2.6130779928852215e24
2.646105021875771e24
2.6780419608724895e24
2.7088678678019245e24
2.738562409244652e24
2.767105877471466e24
2.7944792072038963e24
2.820663992086863e24
2.845642500861466e24
2.8693976932259567e24
2.891913235373109e24
2.9131735151922907e24
2.933163657124676e24
2.9518695366602144e24
2.969277794465093e24
2.9853758501286003e24
3.000151915518449e24
3.0135950077338193e24
3.0256949616455327e24
3.036442442013006e24
3.0458289551677475e24
3.053846860253439e24
3.0604893800128644e24
3.065750611112075e24
3.069625533992501e24
3.0721100222419244e24
3.073200851475446e24
3.072895707717842e24
3.071193195278972e24
3.068092844114163e24
3.063595116661712e24
3.057701414150002e24
3.050414082366919e24
3.04173641688466e24
3.0316726677331684e24
3.0202280435158576e24
3.007408714961509e24
2.993221817906614e24
2.97767545570263e24
2.960778701043075e24
2.942541597205597e24
2.922975158704588e24
2.9020913713501076e24
2.879903191709412e24
2.856424545967529e24
2.831670328183801e24
2.8056563979416317e24
2.7783995773890044e24
2.749917647667741e24
2.720229344729795e24
2.689354354539219e24
2.657313307658987e24
2.624127773221879e24
2.589820252285391e24
2.554414170570747e24
2.517933870586589e24
2.480404603138253e24
2.4418525182239626e24
2.4023046553195457e24
2.3617889330539224e24
2.3203341382776167e24
2.2779699145272543e24
2.2347267498892835e24
2.1906359642664794e24
2.145729696051295e24
2.100040888210358e24
2.0536032737850815e24
2.0064513608132973e24
1.9586204166776722e24
1.9101464518867234e24
1.8610662032947982e24
1.811417116767694e24
1.7612373293010076e24
1.710565650598588e24
1.6594415441190985e24
1.6079051075986522e24
1.5559970530582414e24
1.503758686304852e24
1.4512318859355152e24
1.398459081854e24
1.3454832333101272e24
1.2923478064719944e24
1.239096751541994e24
1.1857744794274205e24
1.1324258379772345e24
1.0790960877966175e24
1.0258308776513358e24
9.726762194743313e23
9.196784629871692e23
8.668842699492645e23
8.143405880483671e23
7.620946244456329e23
7.101938189893274e23
6.58685817111255e23
6.076184424203436e23
5.570396690080896e23
5.069975934808428e23
4.575404067340471e23
4.087163654841151e23
3.6057376357334526e23
3.1316090306404265e23
2.665260651378651e23
2.2071748081682157e23
1.757833015224276e23
1.3177156948984593e23
8.873018805385064e22
4.670689182391402e22
5.74921676549846e21
-3.4095529794873397e22
-7.278029922319889e22
-1.1025833167251658e23
-1.4648318620048556e23
-1.814087708921155e23
-2.149893729694046e23
-2.4717968886991293e23
-2.779348542758589e23
-3.0721047407544725e23
-3.349626522380198e23
-3.611480215845709e23
-3.857237734351034e23
-4.086476871143619e23
-4.298781592972364e23
-4.4937423317546506e23
-4.670956274269171e23
-4.8300276496898665e23
-4.970568014775305e23
-5.0921965365288514e23
-5.194540272144992e23
-5.277234446058287e23
-5.339922723910942e23
-5.38225748325795e23
-5.4039000808273124e23
-5.404521116155436e23
-5.383800691418456e23
-5.341428667281478e23
-5.2771049145893975e23
-5.190539561723971e23
-5.081453237453844e23
-4.9495773091061186e23
-4.7946541158893537e23
-4.6164371972001114e23
-4.41469151574753e23
-4.189193675331995e23
-3.9397321331171524e23
-3.666107406235457e23
-3.368132272571852e23
-3.045631965571335e23
-2.6984443629194507e23
-2.3264201689476104e23
-1.929423090617983e23
-1.5073300069457548e23
-1.0600311317197908e23
-5.87430169386235e22
-8.944446396152087e21
4.339948591524777e22
9.82942758577931e22
1.5574401497163434e23
2.157513784967782e23
2.7831761415282613e23
3.434425316875659e23
4.111244932049769e23
4.813604042830253e23
5.5414570589085345e23
6.294743671148642e23
7.073388787026152e23
7.877302474330008e23
8.706379913207921e23
9.560501356631413e23
1.0439532099350713e24
1.1343322455408578e24
1.227170774427192e24
1.322450828564025e24
1.4201529402982348e24
1.5202561435848424e24
1.622737976099984e24
1.7275744822394045e24
1.8347402170055727e24
1.944208250786153e24
2.0559501750261331e24
2.1699361087949882e24
2.2861347062502084e24
2.404513164997706e24
2.525037235349133e24
2.647671230475714e24
2.7723780374574206e24
2.899119129226038e24
3.027854577400085e24
3.1585430660087136e24
3.2911419061015854e24
3.425607051240908e24
3.5618931138713393e24
3.699953382562964e24
3.839739840121856e24
3.98120318256236e24
4.1242928389347404e24
4.2689569920008673e24
4.4151425997506365e24
4.562795417750877e24
4.7118600223182144e24
4.862279834506485e24
5.013997144899225e24
5.166953139196837e24
5.32108792458758e24
5.476340556891358e24
5.632649068464099e24
5.789950496850638e24
5.948180914173215e24
6.107275457242065e24
6.267168358374462e24
6.427792976907693e24
6.589081831391099e24
6.750966632442088e24
6.913378316249948e24
7.07624707871148e24
7.23950241018162e24
7.40307313082174e24
7.566887426528228e24
7.730872885423082e24
7.89495653488803e24
8.059064879123451e24
8.223123937212475e24
8.387059281670707e24
8.550796077461504e24
8.714259121456086e24
8.877372882317831e24
9.040061540789392e24
9.202249030361124e24
9.363859078298768e24
9.52481524700841e24
9.685040975715846e24
9.844459622437728e24
1.0002994506221154e25
1.0160568949628484e25
1.0317106321443499e25
1.047253007957506e25
1.0626763814133973e25
1.0779731290658902e25
1.0931356493466416e25
1.1081563669100422e25
1.1230277369856178e25
1.1377422497353437e25
1.1522924346133615e25
1.1666708647255353e25
1.1808701611862946e25
1.194882997470196e25
1.208702103755621e25
1.222320271258008e25
1.2357303565500466e25
1.248925285866218e25
1.2618980593890742e25
1.2746417555146698e25
1.2871495350945022e25
1.299414645651407e25
1.3114304255667514e25
1.3231903082363606e25
1.334687826192575e25
1.3459166151898477e25
1.3568704182513113e25
1.3675430896737444e25
1.37792859898838e25
1.3880210348750233e25
1.3978146090269492e25
1.4073036599640672e25
1.4164826567918642e25
1.4253462029036704e25
1.4338890396237733e25
1.4421060497889743e25
1.4499922612661871e25
1.4575428504036874e25
1.4647531454136954e25
1.4716186296839365e25
1.478134945015937e25
1.484297894787765e25
1.4901034470390234e25
1.4955477374758934e25
1.5006270723940924e25
1.505337931517632e25
1.509676970751313e25
1.513641024844922e25
1.5172271099671568e25
1.5204324261873271e25
1.5232543598629491e25
1.5256904859313685e25
1.5277385701036358e25
1.5293965709588601e25
1.5306626419373587e25
1.5315351332309413e25
1.5320125935687486e25
1.5320937718970959e25
1.531777618951839e25
1.5310632887218373e25
1.5299501398021427e25
1.5284377366356061e25
1.5265258506416512e25
1.52421446123102e25
1.5215037567053723e25
1.5183941350406741e25
1.5148862045533614e25
1.5109807844483688e25
1.5066789052481272e25
1.5019818091017487e25
1.4968909499736545e25
1.491407993710976e25
1.485534817989136e25
1.4792735121350864e25
1.4726263768277268e25
1.4655959236751375e25
1.4581848746682963e25
1.4503961615110355e25
1.442232924826086e25
1.433698513237065e25
1.4247964823264537e25
1.4155305934695174e25
1.4059048125443969e25
1.39592330851847e25
1.385590451911304e25
1.3749108131345593e25
1.363889160709199e25
1.3525304593605821e25
1.3408398679919195e25
1.3288227375368304e25
1.3164846086916199e25
1.3038312095281714e25
1.2908684529882328e25
1.2776024342600859e25
1.2640394280386305e25
1.2501858856699024e25
1.2360484321812976e25
1.221633863198605e25
1.2069491417513103e25
1.1920013949673976e25
1.1767979106592371e25
1.161346133802002e25
1.145653662906216e25
1.1297282462861682e25
1.1135777782258118e25
1.097210295044089e25
1.0806339710614134e25
1.0638571144693864e25
1.0468881631056337e25
1.0297356801358987e25
1.0124083496455521e25
9.949149721426046e24
9.77264459974646e24
9.594658326618551e24
9.41528212148641e24
9.234608179761853e24
9.052729623785389e24
8.869740453047236e24
8.685735493694665e24
8.50081034735317e24
8.315061339287123e24
8.128585465929323e24
7.941480341805975e24
7.753844145887373e24
7.565775567391729e24
7.377373751073594e24
7.188738242025261e24
6.999968930022367e24
6.811165993444985e24
6.622429842804184e24
6.433861063907238e24
6.24556036069187e24
6.057628497763313e24
5.870166242665739e24
5.683274307921286e24
5.497053292870486e24
5.311603625346335e24
5.12702550321723e24
4.943418835831148e24
4.760883185396728e24
4.5795177083341886e24
4.399421096631893e24
4.2206915192421e24
4.0434265635511615e24
3.86772317695952e24
3.693677608605225e24
3.521385351267588e24
3.3509410834843377e24
3.182438611919203e24
3.015970814013135e24
2.851629580956046e24
2.689505761012703e24
2.529689103238369e24
2.3722682016194994e24
2.2173304396731403e24
2.0649619355411193e24
1.915247487612161e24
1.768270520707592e24
1.6241130328637606e24
1.4828555427455528e24
1.344577037725197e24
1.2093549226587044e24
1.0772649693945547e24
9.483812670460891e23
8.22776173061668e23
7.005202651234073e23
5.816822939077469e23
4.663291367383269e23
3.5452575216273134e23
2.463351354841525e23
1.4181827527733414e23
4.103411091972322e22
-5.596050883396472e22
-1.4911086620384305e23
-2.3836441363636277e23
-3.2367081192644356e23
-4.049819671838128e23
-4.82252066616581e23
-5.554376131056876e23
-6.244974585455753e23
-6.893928359252957e23
-7.500873901268572e23
-8.065472074164215e23
-8.587408436062261e23
-9.066393508648266e23
-9.502163031540064e23
-9.894478202722805e23
-1.0243125904843904e24
-1.0547918917182203e24
-1.0808696113101686e24
-1.1025322642819614e24
-1.1197690101315049e24
-1.132571668122281e24
-1.1409347310559437e24
-1.1448553775135624e24
-1.1443334825526486e24
-1.1393716268466464e24
-1.12997510425585e24
-1.1161519278183613e24
-1.0979128341515909e24
-1.0752712862550593e24
-1.0482434747063875e24
-1.0168483172434326e24
-9.81107456726269e23
-9.410452574736977e23
-8.966887999699187e23
-8.480678739380969e23
-7.952149697782422e23
-7.381652683680618e23
-6.769566292262704e23
-6.116295770387062e23
-5.422272865491063e23
-4.687955658165024e23
-3.9138283784304875e23
-3.100401205765844e23
-2.2482100529332332e23
-1.3578163336721646e23
-4.298067143313045e22
5.352071504732811e22
1.536588898084191e23
2.5736777538063913e23
3.645788842575521e23
4.75221351616782e23
5.892219695817483e23
7.065052230098958e23
8.269933267922854e23
9.506062646477731e23
1.0772618293953385e24
1.206875664685716e24
1.3393613081736424e24
1.4746302361103917e24
1.6125919093358627e24
1.7531538206479987e24
1.8962215435271328e24
2.0416987821909874e24
2.1894874229561765e24
2.3394875868805448e24
2.491597683659753e24
2.645714466751259e24
2.8017330896971966e24
2.959547163617586e24
3.119048815843942e24
3.28012874966259e24
3.442676305136836e24
3.6065795209752935e24
3.771725197413993e24
3.937998960078259e24
4.1052853247904105e24
4.273467763287776e24
4.442428769815928e24
4.612049928559957e24
4.78221198187738e24
4.952794899294778e24
5.123677947229672e24
5.294739759399131e24
5.465858407875246e24
5.636911474747844e24
5.807776124353702e24
5.978329176031051e24
6.148447177358403e24
6.318006477835052e24
6.486883302961415e24
6.654953828675909e24
6.822094256105545e24
6.988180886586447e24
7.153090196910302e24
7.316698914752732e24
7.478884094238987e24
7.639523191602113e24
7.798494140888547e24
7.955675429666128e24
8.110946174688747e24
8.264186197472603e24
8.41527609973754e24
8.564097338668578e24
8.710532301951142e24
8.854464382534178e24
8.995778053075314e24
9.134358940022e24
9.270093897282725e24
9.40287107944259e24
9.532580014477057e24
9.659111675918763e24
9.782358554431475e24
9.902214728746023e24
1.0018575935912974e25
1.0131339640827224e25
1.0240405104979748e25
1.0345673454392332e25
1.0447047746690773e25
1.054443303727344e25
1.0637736444531327e25
1.0726867214076894e25
1.0811736781939024e25
1.0892258836682143e25
1.096834938040765e25
1.1039926788596992e25
1.1106911868755027e25
1.11692279178146e25
1.1226800778262131e25
1.1279558892945666e25
1.1327433358527367e25
1.1370357977542405e25
1.1408269309028151e25
1.1441106717686502e25
1.1468812421545116e25
1.1491331538081795e25
1.150861212877908e25
1.152060524207529e25
1.1527264954680117e25
1.1528548411223543e25
1.152441586220713e25
1.1514830700228607e25
1.1499759494450456e25
1.1479172023285601e25
1.1453041305272374e25
1.1421343628114001e25
1.1384058575856993e25
1.1341169054184938e25
1.1292661313805442e25
1.1238524971907338e25
1.1178753031669066e25
1.1113341899797177e25
1.1042291402077892e25
1.0965604796923397e25
1.088328878689704e25
1.0795353528202947e25
1.0701812638125042e25
1.0602683200404203e25
1.049798576854058e25
1.0387744367012344e25
1.0271986490400164e25
1.015074310041122e25
1.0024048620794706e25
9.891940930144082e24
9.754461352582486e24
9.611654646326924e24
9.463568990131569e24
9.310255967607829e24
9.151770549424089e24
8.98817107338536e24
8.819519222398324e24
8.645880000324883e24
8.467321705731e24
8.283915903538864e24
8.095737394589283e24
7.902864183126446e24
7.705377442214048e24
7.503361477097462e24
7.296903686524024e24
7.086094522037207e24
6.871027445261865e24
6.651798883196242e24
6.4285081815321e24
6.201257556020623e24
5.970152041908086e24
5.73529944146139e24
5.496810269609944e24
5.254797697726925e24
5.009377495577263e24
4.7606679714605813e24
4.508789910575939e24
4.25386651164087e24
3.996023321793201e24
3.735388169810608e24
3.472091097678697e24
3.206264290544718e24
2.9380420050906296e24
2.6675604963629206e24
2.3949579430980773e24
2.1203743715803584e24
1.8439515780745441e24
1.5658330498718158e24
1.286163884993465e24
1.0050907105931203e24
7.227616001024078e23
4.3932598916555466e23
1.549345904066361e23
-1.302606929212572e23
-4.161068543602464e23
-7.02449872694151e23
-9.891348013708984e23
-1.2760058588482934e24
-1.5629065198145043e24
-1.849679607231199e24
-2.1361673851461705e24
-2.4222116522249844e24
-2.7076538359454237e24
-2.992335087403544e24
-3.2760963766739574e24
-3.558778588671794e24
-3.840222619458198e24
-4.1202694729351005e24
-4.3987603578719005e24
-4.6755367852060365e24
-4.950440665562148e24
-5.22331440692935e24
-5.494001012441142e24
-5.762344178196888e24
-6.028188391068242e24
-6.291379026430727e24
-6.551762445760505e24
-6.809186094039076e24
-7.063498596903959e24
-7.31454985748841e24
-7.562191152888117e24
-7.806275230197697e24
-8.046656402055125e24
-8.283190641636479e24
-8.515735677040749e24
-8.744151085004807e24
-8.968298383891087e24
-9.188041125886951e24
-9.403244988359205e24
-9.613777864303176e24
-9.819509951830385e24
-1.0020313842634956e25
-1.021606460938311e25
-1.0406639891967902e25
-1.0591919982572306e25
-1.0771787909485952e25
-1.094612951961821e25
-1.1114833559654553e25
-1.1277791755799994e25
-1.1434898892057354e25
-1.1586052886986604e25
-1.173115486889253e25
-1.1870109249390206e25
-1.200282379529602e25
-1.2129209698795485e25
-1.2249181645837409e25
-1.2362657882707136e25
-1.2469560280730287e25
-1.256981439906139e25
-1.2663349545511388e25
-1.275009883536906e25
-1.2829999248173709e25
-1.2902991682395537e25
-1.2969021007983206e25
-1.3028036116737396e25
-1.3079989970472054e25
-1.312483964692443e25
-1.316254638337777e25
-1.3193075617960865e25
-1.3216397028589662e25
-1.3232484569518806e25
-1.3241316505470258e25
-1.3242875443309457e25
-1.3237148361239254e25
-1.3224126635484335e25
-1.320380606443959e25
-1.3176186890257465e25
-1.3141273817850905e25
-1.3099076031289902e25
-1.3049607207570932e25
-1.2992885527740229e25
-1.292893368535352e25
-1.2857778892255934e25
-1.2779452881667762e25
-1.2693991908563007e25
-1.2601436747329421e25
-1.2501832686700304e25
-1.2395229521949703e25
-1.2281681544344463e25
-1.2161247527848354e25
-1.2033990713074546e25
-1.1899978788485184e25
-1.1759283868837597e25
-1.1611982470878686e25
-1.1458155486291423e25
-1.1297888151897137e25
-1.1131270017121439e25
-1.095839490873077e25
-1.0779360892850591e25
-1.0594270234275902e25
-1.0403229353087397e25
-1.0206348778589045e25
-1.0003743100582062e25
-9.795530917995067e24
-9.581834784888887e24
-9.362781153858765e24
-9.138500316855918e24
-8.909126343454367e24
-8.674797016588348e24
-8.435653765789176e24
-8.191841597950945e24
-7.943509025655741e24
-7.690807993092301e24
-7.433893799601147e24
-7.172925020883504e24
-6.908063427910127e24
-6.639473903570161e24
-6.36732435710003e24
-6.091785636333939e24
-5.813031437820634e24
-5.531238214849747e24
-5.246585083435764e24
-4.959253726305594e24
-4.6694282949406907e24
-4.377295309722455e24
-4.08304355823396e24
-3.7868639917709335e24
-3.488949620115455e24
-3.1894954046296827e24
-2.888698149724577e24
-2.5867563927636694e24
-2.283870292459157e24
-1.9802415158224087e24
-1.6760731237294112e24
-1.371569455163488e24
-1.0669360102001455e24
-7.623793317968272e23
-4.581068864551057e23
-1.5432694381979147e23
1.4875154471555375e23
4.509190683307597e23
7.519656799571926e23
1.0516811202443922e24
1.3498549422434055e24
1.6462766367350845e24
1.9407357581329298e24
2.233022050885839e24
2.5229255763098265e24
2.8102368397725057e24
3.0947469181582414e24
3.3762475875386707e24
3.6545314509717746e24
3.9293920663569093e24
4.2006240742680056e24
4.468023325688845e24
4.731387009575377e24
4.990513780166752e24
5.245203883970307e24
5.495259286341547e24
5.740483797584479e24
5.980683198493397e24
6.215665365260711e24
6.44524039367348e24
6.669220722521491e24
6.887421256141589e24
7.099659486020621e24
7.305755611382173e24
7.505532658680313e24
7.698816599925867e24
7.885436469769903e24
8.06522448126943e24
8.23801614026241e24
8.403650358277215e24
8.561969563905051e24
8.712819812561581e24
8.85605089456765e24
8.991516441476855e24
9.119074030580862e24
9.238585287522736e24
9.349915986949527e24
9.452936151137406e24
9.547520146521646e24
9.633546778066931e24
9.710899381412333e24
9.779465912728383e24
9.839139036222985e24
9.889816209235515e24
9.931399764858807e24
9.963796992029946e24
9.986920213032862e24
1.000068685835588e25
1.00050195388498e25
9.999846115132652e24
9.98509976418929e24
9.960719043115115e24
9.92664794995478e24
9.882835981588268e24
9.829238188618582e24
9.765815227216226e24
9.692533407878078e24
9.609364741059266e24
9.516286979638866e24
9.413283658181556e24
9.300344128959365e24
9.177463594699354e24
9.044643138024998e24
8.901889747560633e24
8.749216340670245e24
8.58664178280429e24
8.414190903429025e24
8.231894508516181e24
8.03978938957145e24
7.837918329182828e24
7.626330103072617e24
7.405079478636705e24
7.174227209959621e24
6.933840029293181e24
6.683990634990982e24
6.424757675891047e24
6.1562257321423e24
5.87848529247235e24
5.591632727895793e24
5.295770261864922e24
4.991005936865878e24
4.6774535774671626e24
4.3552327498271177e24
4.0244687176718455e24
3.685292394754304e24
3.3378402938101874e24
2.982254472026461e24
2.618682473040676e24
2.247277265493086e24
1.8681971781526717e24
1.4816058316438993e24
1.0876720667993952e24
6.865698696691685e23
2.7847829321715077e23
-1.3641862426242314e23
-5.5793194397168545e23
-9.858679146434584e23
-1.4200280637416486e24
-1.860209291788286e24
-2.306203969771579e24
-2.757800039591596e24
-3.214781117494304e24
-3.6769266004452757e24
-4.1440117753924955e24
-4.615807931363058e24
-5.092082474341032e24
-5.572599044867062e24
-6.057117638303211e24
-6.545394727700613e24
-7.037183389208272e24
-7.532233429959612e24
-8.030291518369188e24
-8.531101316774251e24
-9.034403616349814e24
-9.539936474228659e24
-1.0047435352751728e25
-1.0556633260777788e25
-1.1067260896973592e25
-1.1579046795011192e25
-1.2091717470592312e25
-1.2604997570219861e25
-1.3118610021637617e25
-1.3632276185853318e25
-1.4145716010664792e25
-1.465864818560085e25
-1.5170790298194765e25
-1.5681858991501246e25
-1.6191570122769154e25
-1.6699638923182323e25
-1.7205780158576545e25
-1.7709708291044154e25
-1.8211137641332564e25
-1.8709782551945533e25
-1.920535755085315e25
-1.969757751571729e25
-2.018615783853756e25
-2.0670814590622035e25
-2.1151264687788293e25
-2.162722605569699e25
-2.209841779522324e25
-2.2564560347766012e25
-2.3025375660401424e25
-2.3480587350779524e25
-2.392992087166846e25
-2.4373103675047445e25
-2.4809865375649994e25
-2.523993791386044e25
-2.566305571786461e25
-2.6078955864956997e25
-2.648737824190667e25
-2.6888065704284313e25
-2.728076423465275e25
-2.7665223099523695e25
-2.804119500498477e25
-2.8408436250899364e25
-2.8766706883584873e25
-2.911577084687246e25
-2.9455396131455408e25
-2.9785354922430717e25
-3.0105423744941613e25
-3.041538360782776e25
-3.071502014519214e25
-3.1004123755793807e25
-3.128248974017608e25
-3.154991843544229e25
-3.1806215347591068e25
-3.20511912813242e25
-3.2284662467242294e25
-3.2506450686343645e25
-3.271638339174357e25
-3.2914293827533015e25
-3.310002114469526e25
-3.327341051400356e25
-3.3434313235821206e25
-3.358258684672909e25
-3.3718095222906482e25
-3.384070868019259e25
-3.395030407075856e25
-3.4046764876320436e25
-3.4129981297826424e25
-3.4199850341552605e25
-3.4256275901544693e25
-3.429916883834274e25
-3.432844705393119e25
-3.434403556285498e25
-3.4345866559447224e25
-3.4333879481115692e25
-3.4308021067634676e25
-3.4268245416396295e25
-3.4214514033571356e25
-3.4146795881137807e25
-3.4065067419732097e25
-3.3969312647285826e25
-3.3859523133408003e25
-3.3735698049478537e25
-3.3597844194420865e25
-3.344597601612122e25
-3.328011562846927e25
-3.3100292823991676e25
-3.290654508205867e25
-3.269891757264068e25
-3.247746315559793e25
-3.2242242375489368e25
-3.199332345188449e25
-3.1730782265172622e25
-3.145470233785732e25
-3.116517481133583e25
-3.086229841815655e25
-3.05461794497598e25
-3.0216931719700938e25
-2.9874676522363615e25
-2.9519542587172414e25
-2.91516660283132e25
-2.8771190289978796e25
-2.8378266087152517e25
-2.797305134195286e25
-2.7555711115557222e25
-2.7126417535733166e25
-2.6685349720001496e25
-2.6232693694461903e25
-2.5768642308316012e25
-2.529339514411865e25
-2.480715842380056e25
-2.43101449104978e25
-2.3802573806236187e25
-2.3284670645512073e25
-2.2756667184820026e25
-2.2218801288179575e25
-2.1671316808710304e25
-2.1114463466316844e25
-2.054849672153623e25
-1.9973677645614666e25
-1.939027278687093e25
-1.8798554033418099e25
-1.8198798472307116e25
-1.7591288245164361e25
-1.6976310400398277e25
-1.6354156742045106e25
-1.572512367533714e25
-1.5089512049066939e25
-1.4447626994835366e25
-1.3799777763260796e25
-1.3146277557242293e25
-1.2487443362358659e25
-1.1823595774496278e25
-1.1155058824799137e25
-1.0482159802029965e25
-9.805229072444425e24
-9.124599897269175e24
-8.440608247889749e24
-7.753592618843456e24
-7.06389383872229e24
-6.371854879092093e24
-5.67782066152818e24
-4.982137862881351e24
-4.285154718875876e24
-3.5872208261562493e24
-2.8886869428873387e24
-2.1899047880265943e24
-1.4912268393768564e24
-7.930061305367119e23
-9.559604686613341e22
6.006498794210681e23
1.295378174913607e24
1.9882356312964456e24
2.6788695121552695e24
3.3669277601790143e24
4.052059204632847e24
4.733913768985714e24
5.412142678568635e24
6.086398668139323e24
6.756336189235922e24
7.421611617190533e24
8.081883457685803e24
8.736812552725416e24
9.386062285899894e24
1.0029298786822517e25
1.0666191134610059e25
1.1296411560290202e25
1.191963564800659e25
1.2535542534905285e25
1.314381510957381e25
1.3744140208917596e25
1.4336208813346203e25
1.4919716240153465e25
1.5494362334969605e25
1.6059851661164037e25
1.6615893687084948e25
1.7162202971012292e25
1.7698499343713223e25
1.8224508088478546e25
1.8739960118531225e25
1.9244592151687949e25
1.9738146882166014e25
2.0220373149422635e25
2.0691026103915654e25
2.114986736968154e25
2.1596665203619064e25
2.2031194651378654e25
2.2453237699749263e25
2.286258342544493e25
2.3259028140189476e25
2.364237553199997e25
2.401243680257632e25
2.436903080069858e25
2.4711984151544005e25
2.504113138182975e25
2.535631504069736e25
2.565738581624943e25
2.5944202647658297e25
2.621663283276427e25
2.6474552131083512e25
2.6717844862152645e25
2.694640399913215e25
2.7160131257601496e25
2.7358937179473515e25
2.7542741211965733e25
2.771147178156194e25
2.786506636290631e25
2.800347154257075e25
2.8126643077640602e25
2.8234545949067808e25
2.832715440974054e25
2.840445202722536e25
2.8466431721136474e25
2.851309579509359e25
2.8544455963230863e25
2.8560533371221518e25
2.8561358611790275e25
2.8546971734682055e25
2.8517422251065865e25
2.8472769132349727e25
2.841308080339073e25
2.8338435130083466e25
2.8248919401316254e25
2.814463030528711e25
2.8025673900172964e25
2.7892165579151946e25
2.7744230029779287e25
2.7582001187722404e25
2.7405622184862926e25
2.721524529177779e25
2.701103185461355e25
2.6793152226373714e25
2.656178569263904e25
2.6317120391747e25
2.6059353229458475e25
2.5788689788143526e25
2.550534423052103e25
2.5209539197991185e25
2.490150570360153e25
2.4581483019693447e25
2.4249718560275206e25
2.390646775817474e25
2.3551993937026513e25
2.3186568178150572e25
2.281046918238504e25
2.242398312693686e25
2.2027403517317554e25
2.162103103443665e25
2.1205173376923952e25
2.078014509876016e25
2.034626744229396e25
1.9903868166729807e25
1.9453281372171266e25
1.8994847319309704e25
1.85289122448487e25
1.8055828172760584e25
1.757595272147046e25
1.708964890706868e25
1.6597284942654586e25
1.6099234033916181e25
1.5595874171054473e25
1.5087587917161883e25
1.4574762193168253e25
1.4057788059470268e25
1.3537060494360046e25
1.3012978169375022e25
1.2485943221689404e25
1.1956361023672963e25
1.142463994974231e25
1.089119114063344e25
1.0356428265226694e25
9.820767280055019e24
9.284626186630241e24
8.748424786723025e24
8.212584435734322e24
7.677527794296319e24
7.14367857824483e24
6.611461307102993e24
6.081301051222712e24
5.553623177724959e24
5.028853095386898e24
4.507415998622469e24
3.9897366107033747e24
3.476238926370602e24
2.9673459539850844e24
2.463479457368357e24
1.9650596974852324e24
1.4725051741187245e24
9.862323676906549e23
5.066554813800792e23
3.4186183693225005e22
-4.307666483626761e23
-8.877971853471555e23
-1.3365029005438702e24
-1.7764848240515512e24
-2.207347795658187e24
-2.628700716342902e24
-3.040156798253754e24
-3.4413338130086525e24
-3.831854338167287e24
-4.211346001722749e24
-4.5794417244623687e24
-4.935779960046369e24
-5.280004932657095e24
-5.611766872069005e24
-5.93072224599277e24
-6.236533989547243e24
-6.52887173171418e24
-6.807412018632801e24
-7.071838533590188e24
-7.321842313568965e24
-7.557121962211198e24
-7.777383859061837e24
-7.982342364955453e24
-8.171720023412146e24
-8.345247757910873e24
-8.502665064909629e24
-8.643720202484174e24
-8.768170374459827e24
-8.875781909912617e24
-8.96633043791743e24
-9.03960105742554e24
-9.095388502153671e24
-9.133497300370916e24
-9.153741929473302e24
-9.155946965234457e24
-9.139947225630121e24
-9.105587909129794e24
-9.052724727358345e24
-8.98122403202805e24
-8.890962936047848e24
-8.781829428719543e24
-8.65372248493099e24
-8.506552168263844e24
-8.340239727932341e24
-8.154717689477597e24
-7.949929939139631e24
-7.725831801839476e24
-7.482390112700781e24
-7.21958328204799e24
-6.937401353822117e24
-6.635846057353676e24
-6.314930852444381e24
-5.974680967703493e24
-5.615133432098011e24
-5.236337099670247e24
-4.838352667389788e24
-4.421252686101905e24
-3.985121564544202e24
-3.530055566406917e24
-3.056162800410962e24
-2.5635632033908693e24
-2.0523885163631285e24
-1.522782253575677e24
-9.748996645281543e23
-4.0890768896314555e23
1.7501509516730878e23
7.766785307579875e23
1.3958809476129924e24
2.032409235505759e24
2.6860389242112156e24
3.3565342704933986e24
4.043648352014788e24
4.7471231681411715e24
5.466689747604096e24
6.202068262979232e24
6.952968151942041e24
7.71908824524592e24
8.500116901377864e24
9.295732147828163e24
1.0105601828921277e25
1.0929383760136448e25
1.176672588885516e25
1.2617266461461433e25
1.3480634196715787e25
1.4356448465328816e25
1.5244319475642847e25
1.6143848465341434e25
1.7054627899087255e25
1.7976241671999426e25
1.8908265318867627e25
1.9850266228998576e25
2.0801803866593854e25
2.17624299965412e25
2.2731688915513853e25
2.370911768825233e25
2.469424638891635e25
2.5686598347375102e25
2.6685690400314423e25
2.76910331470286e25
2.870213120975995e25
2.971848349845607e25
3.0739583479796785e25
3.1764919450356455e25
3.279397481374788e25
3.382622836160675e25
3.4861154558258737e25
3.589822382892072e25
3.6936902851277875e25
3.7976654850274643e25
3.901693989596522e25
4.005721520425131e25
4.1096935440350805e25
4.213555302481946e25
4.31725184419641e25
4.420728055047159e25
4.523928689607742e25
4.626798402610501e25
4.729281780569035e25
4.831323373552134e25
4.932867727090405e25
5.0338594141981046e25
5.134243067491282e25
5.233963411384329e25
5.33296529434623e25
5.4311937211976835e25
5.52859388543096e25
5.625111201533066e25
5.720691337294101e25
5.8152802460811795e25
5.9088241990597935e25
6.0012698173429325e25
6.092564104049551e25
6.182654476253224e25
6.2714887968017575e25
6.359015405989402e25
6.445183153062049e25
6.529941427537144e25
6.613240190318952e25
6.695030004590772e25
6.775262066465282e25
6.8538882353741275e25
6.930861064178716e25
7.00613382898322e25
7.079660558632015e25
7.1513960638727915e25
7.221295966167881e25
7.289316726135315e25
7.355415671602288e25
7.419551025253295e25
7.48168193185538e25
7.541768485043653e25
7.59977175364963e25
7.655653807556027e25
7.7093777430610525e25
7.760907707736196e25
7.810208924761116e25
7.857247716720018e25
7.901991528843846e25
7.944408951682936e25
7.984469743195226e25
8.022144850235188e25
8.057406429429151e25
8.090227867422797e25
8.120583800487143e25
8.14845013346951e25
8.173804058076276e25
8.196624070474817e25
8.216889988202024e25
8.234582966367496e25
8.249685513139634e25
8.262181504503397e25
8.272056198278774e25
8.279296247389483e25
8.283889712371762e25
8.285826073113596e25
8.285096239815049e25
8.281692563160894e25
8.27560884369708e25
8.26684034040307e25
8.255383778452473e25
8.241237356154964e25
8.224400751072731e25
8.204875125305305e25
8.1826631299372e25
8.157768908642824e25
8.130198100444234e25
8.099957841617097e25
8.067056766741387e25
8.031505008893207e25
7.993314198974984e25
7.952497464181923e25
7.909069425602377e25
7.863046194951396e25
7.814445370435988e25
7.763286031752325e25
7.709588734214486e25
7.653375502015976e25
7.594669820624657e25
7.533496628313082e25
7.469882306826472e25
7.403854671190614e25
7.3354429586634945e25
7.264677816833713e25
7.191591290870551e25
7.116216809929749e25
7.0385891727208635e25
6.958744532241466e25
6.876720379684503e25
6.792555527525906e25
6.70629009179901e25
6.6179654735643125e25
6.52762433958193e25
6.435310602196295e25
6.3410693984416085e25
6.244947068377975e25
6.14699113266866e25
6.047250269408337e25
5.945774290214372e25
5.842614115591669e25
5.737821749584099e25
5.631450253723953e25
5.523553720293256e25
5.414187244909605e25
5.303406898450437e25
5.191269698330399e25
5.077833579145539e25
4.963157362700385e25
4.847300727432268e25
4.730324177249781e25
4.6122890098005386e25
4.493257284185809e25
4.3732917881382345e25
4.25245600468012e25
4.130814078280623e25
4.008430780528631e25
3.885371475341035e25
3.7617020837238334e25
3.637489048106198e25
3.5127992962658924e25
3.387700204865982e25
3.2622595626231323e25
3.136545533126643e25
3.0106266173298774e25
2.884571615733449e25
2.758449590282365e25
2.6323298259969843e25
2.5062817923603404e25
2.380375104482437e25
2.2546794840635636e25
2.1292647201791264e25
2.0042006299068773e25
1.8795570188201772e25
1.755403641368355e25
1.6318101611679683e25
1.5088461112263258e25
1.3865808541212528e25
1.265083542158948e25
1.1444230775332455e25
1.024668072509646e25
9.058868096561818e24
7.881472021454089e24
6.715167541493539e24
5.560625213517709e24
4.4185107159981887e24
3.289484457186468e24
2.1742011851239728e24
1.0733095997360856e24
-1.2548032747557943e22
-1.0827362628298325e24
-2.1366268379996264e24
-3.173599079986632e24
-4.19304025878003e24
-5.194345963194864e24
-6.17692046775908e24
-7.140177095695529e24
-8.083538577787152e24
-9.00643740689581e24
-9.90831618792906e24
-1.078862798302893e25
-1.1646836651780802e25
-1.248241718622213e25
-1.3294856040450504e25
-1.408365145462296e25
-1.4848313773140192e25
-1.5588365756823944e25
-1.6303342888880452e25
-1.6992793674466115e25
-1.7656279933654903e25
-1.8293377087627505e25
-1.8903674437895069e25
-1.9486775438374e25
-2.0042297960141913e25
-2.0569874548692776e25
-2.106915267353068e25
-2.1539794969928203e25
-2.1981479472695723e25
-2.2393899841798504e25
-2.277676557967219e25
-2.3129802240087894e25
-2.345275162841936e25
-2.3745371993179096e25
-2.400743820868131e25
-2.423874194870898e25
-2.4439091851052836e25
-2.460831367280886e25
-2.474625043631251e25
-2.4852762565605294e25
-2.4927728013325646e25
-2.497104237792386e25
-2.498261901111055e25
-2.4962389115444714e25
-2.491030183198172e25
-2.48263243179029e25
-2.471044181405184e25
-2.4562657702314326e25
-2.438299355277735e25
-2.417148916061591e25
-2.3928202572654026e25
-2.365321010356067e25
-2.334660634163884e25
-2.3008504144179905e25
-2.263903462235421e25
-2.223834711562048e25
-2.180660915563952e25
-2.1344006419683596e25
-2.0850742673542377e25
-2.0327039703925055e25
-1.977313724037777e25
-1.9189292866722394e25
-1.8575781922048067e25
-1.7932897391279734e25
-1.7260949785360886e25
-1.6560267011090737e25
-1.5831194230663079e25
-1.507409371096101e25
-1.4289344662666063e25
-1.3477343069247585e25
-1.2638501505904546e25
-1.177324894853629e25
-1.088203057282675e25
-9.965307543531201e24
-9.023556794061657e24
-8.057270796469257e24
-7.066957321938312e24
-6.053139191895253e24
-5.016354019857981e24
-3.95715394414819e24
-2.8761053515962504e24
-1.7737885923741726e24
-6.507976860994159e23
4.922599806464914e23
1.6547639652300668e24
2.8360810881532493e24
4.0355657603524383e24
5.252560318442622e24
6.486395367732816e24
7.736390132835451e24
9.001852815691034e24
1.0282080960810195e25
1.1576361827555742e25
1.2883972769256277e25
1.4204181618956913e25
1.5536247081598232e25
1.6879419132416039e25
1.823293942134727e25
1.959604168322313e25
2.0967952153530147e25
2.234788998951046e25
2.373506769637487e25
2.5128691558393436e25
2.6527962074629443e25
2.793207439907487e25
2.9340218784945777e25
3.0751581032895147e25
3.2165342942883472e25
3.3580682769470775e25
3.4996775680263604e25
3.641279421726694e25
3.7827908760878513e25
3.924128799626711e25
4.06520993818689e25
4.205950961973901e25
4.346268512748995e25
4.4860792511547985e25
4.625299904145962e25
4.763847312497375e25
4.901638478363003e25
5.038590612857765e25
5.174621183635099e25
5.309647962433098e25
5.443589072560551e25
5.576363036296845e25
5.707888822176899e25
5.838085892134106e25
5.966874248473489e25
6.094174480647584e25
6.219907811807475e25
6.343996145101562e25
6.466362109694622e25
6.586929106479935e25
6.705621353457218e25
6.822363930749362e25
6.937082825231046e25
7.0497049747423806e25
7.160158311861384e25
7.2683718072079774e25
7.374275512254512e25
7.477800601615961e25
7.578879414794416e25
7.677445497352294e25
7.773433641489122e25
7.866779925996893e25
7.957421755569425e25
8.045297899441398e25
8.130348529332971e25
8.212515256676581e25
8.291741169102335e25
8.367970866159369e25
8.441150494250385e25
8.511227780757468e25
8.578152067337513e25
8.641874342365422e25
8.702347272505163e25
8.759525233387521e25
8.813364339375069e25
8.863822472394662e25
8.910859309818815e25
8.954436351377184e25
8.994516945080615e25
9.03106631214004e25
9.064051570863692e25
9.093441759516107e25
9.119207858123296e25
9.141322809209103e25
9.159761537447789e25
9.174500968219399e25
9.185520045054143e25
9.192799745953155e25
9.196323098573703e25
9.196075194267021e25
9.1920432009584e25
9.184216374858644e25
9.172586070998224e25
9.1571457525743e25
9.137890999103372e25
9.114819513371052e25
9.087931127173044e25
9.057227805840443e25
9.022713651544138e25
8.984394905373902e25
8.942279948187275e25
8.896379300226026e25
8.84670561949612e25
8.793273698910856e25
8.736100462194436e25
8.675204958546735e25
8.610608356068619e25
8.542333933949033e25
8.470407073415999e25
8.39485524745289e25
8.315708009284393e25
8.232996979634677e25
8.14675583276363e25
8.057020281285449e25
7.96382805977597e25
7.867218907176e25
7.767234547996929e25
7.6639186723383526e25
7.557316914724868e25
7.447476831773457e25
7.334447878700042e25
7.218281384677807e25
7.099030527057758e25
6.976750304464448e25
6.85149750878046e25
6.7233306960321106e25
6.592310156192498e25
6.4584978819153095e25
6.3219575362168285e25
6.182754419120933e25
6.040955433285768e25
5.896629048628539e25
5.749845265967214e25
5.600675579698715e25
5.449192939531803e25
5.2954717112964915e25
5.13958763684901e25
4.9816177930954e25
4.821640550154195e25
4.659735528681286e25
4.495983556380478e25
4.3304666237218956e25
4.163267838894058e25
3.994471382012355e25
3.824162458610815e25
3.65242725244086e25
3.4793528776048826e25
3.305027330049588e25
3.1295394384466018e25
2.9529788144883203e25
2.7754358026251288e25
2.597001429274043e25
2.4177673515253255e25
2.2378258053778496e25
2.0572695535305163e25
1.8761918327610846e25
1.6946863009207967e25
1.5128469835755082e25
1.3307682203243624e25
1.1485446108251965e25
9.662709605594378e24
7.840422263657605e24
6.019534617757034e24
4.2009976218131305e24
2.3857620986710376e24
5.7477818938922404e23
-1.2310051981990106e24
-3.0306409413103586e24
-4.8231842541193554e24
-6.607693239407675e24
-8.383229439649082e24
-1.014885838718842e25
-1.1903650153204296e25
-1.3646679895124999e25
-1.5377028402168046e25
-1.7093782638692729e25
-1.8796036285025323e25
-2.0482890275451596e25
-2.2153453333036888e25
-2.380684250097095e25
-2.544218367010008e25
-2.705861210234312e25
-2.8655272949668834e25
-3.023132176831459e25
-3.178592502794755e25
-3.331826061544152e25
-3.4827518332977926e25
-3.6312900390150094e25
-3.777362188978093e25
-3.920891130714915e25
-4.061801096232317e25
-4.200017748532162e25
-4.335468227379589e25
-4.468081194296455e25
-4.5977868767502206e25
-4.724517111512004e25
-4.848205387155022e25
-4.968786885667627e25
-5.086198523153963e25
-5.200378989595933e25
-5.311268787651891e25
-5.418810270465948e25
-5.522947678464495e25
-5.623627175114962e25
-5.7207968816244804e25
-5.814406910554593e25
-5.904409398330618e25
-5.990758536623691e25
-6.073410602584143e25
-6.152323987906608e25
-6.227459226706132e25
-6.298779022187139e25
-6.366248272085948e25
-6.429834092869708e25
-6.489505842674449e25
-6.545235142965607e25
-6.596995898906006e25
-6.6447643184155645e25
-6.688518929909341e25
-6.728240598699639e25
-6.763912542050303e25
-6.795520342870452e25
-6.823051962037147e25
-6.846497749336277e25
-6.865850453011995e25
-6.881105227916285e25
-6.892259642250045e25
-6.89931368288933e25
-6.90226975928952e25
-6.901132705962514e25
-6.895909783521871e25
-6.886610678292179e25
-6.8732475004795885e25
-6.855834780901161e25
-6.834389466271921e25
-6.808930913048806e25
-6.779480879832144e25
-6.746063518325543e25
-6.708705362856489e25
-6.667435318460412e25
-6.622284647531945e25
-6.573286955048109e25
-6.520478172368577e25
-6.463896539619894e25
-6.403582586670122e25
-6.339579112702356e25
-6.27193116439588e25
-6.200686012724599e25
-6.125893128383261e25
-6.047604155852977e25
-5.965872886118025e25
-5.880755228047216e25
-5.792309178453371e25
-5.700594790845902e25
-5.605674142891602e25
-5.50761130260027e25
-5.406472293251931e25
-5.302325057083646e25
-5.195239417754428e25
-5.085287041607917e25
-4.972541397752571e25
-4.857077716980406e25
-4.738972949546142e25
-4.618305721828755e25
-4.495156291898628e25
-4.369606504014287e25
-4.241739742072722e25
-4.111640882038971e25
-3.979396243380194e25
-3.8450935395312923e25
-3.7088218274185196e25
-3.5706714560694572e25
-3.4307340143371366e25
-3.289102277767219e25
-3.1458701546385913e25
-3.001132631205972e25
-2.8549857161764775e25
-2.7075263844502814e25
-2.5588525201578087e25
-2.409062859024903e25
-2.258256930098889e25
-2.106534996868816e25
-1.953997997812734e25
-1.800747486406733e25
-1.6468855706292506e25
-1.4925148519961445e25
-1.3377383641608133e25
-1.1826595111155458e25
-1.0273820050292624e25
-8.720098037576254e24
-7.166470480628549e24
-5.613979985781824e24
-4.0636697255534113e24
-2.516582804309639e24
-9.737616225006016e23
5.6375276016890394e23
2.0949212622478997e24
3.618707418357197e24
5.134078016935541e24
6.640003737532498e24
8.135459787274766e24
9.619426536117435e24
1.109089015050838e25
1.2548843225076813e25
1.3992285411972292e25
1.5420224047473946e25
1.6831674775481937e25
1.8225662167527936e25
1.9601220338912925e25
2.095739356060753e25
2.229323686653181e25
2.360781665585033e25
2.4900211289904268e25
2.6169511683418634e25
2.7414821889616276e25
2.8635259678873426e25
2.982995711056235e25
3.099806109771722e25
3.213873396417644e25
3.3251153993844235e25
3.433451597173372e25
3.538803171643812e25
3.6410930603703308e25
3.740246008076103e25
3.836188617109419e25
3.928849396931365e25
4.01815881258222e25
4.1040493320957095e25
4.1864554728297165e25
4.26531384668361e25
4.340563204172256e25
4.412144477327484e25
4.480000821398908e25
4.5440776553257315e25
4.604322700952843e25
4.660686020964211e25
4.713120055508234e25
4.761579657489331e25
4.806022126501959e25
4.846407241383021e25
4.88269729135983e25
4.9148571057716205e25
4.9428540823430764e25
4.966658213989512e25
4.986242114133821e25
5.001581040516422e25
5.012652917480045e25
5.019438356712227e25
5.021920676429153e25
5.020085918985381e25
5.013922866894931e25
5.0034230572500185e25
4.98858079452474e25
4.969393161751868e25
4.945860030061843e25
4.9179840665740075e25
4.885770740631163e25
4.849228328369234e25
4.808367915615162e25
4.763203399106693e25
4.713751486029167e25
4.660031691864883e25
4.602066336552133e25
4.539880538951538e25
4.473502209618528e25
4.402962041881976e25
4.328293501229456e25
4.249532813001252e25
4.1667189483958245e25
4.079893608790577e25
3.989101208382608e25
3.894388855155665e25
3.7958063301797115e25
3.693406065251186e25
3.5872431188829237e25
3.477375150653171e25
3.3638623939251087e25
3.246767626948082e25
3.126156142354009e25
3.002095715062234e25
2.874656568607817e25
2.7439113399092533e25
2.609935042491785e25
2.4728050281844735e25
2.332600947309472e25
2.189404707383062e25
2.04330043034871e25
1.8943744083641476e25
1.7427150581641322e25
1.5884128740224151e25
1.4315603793372814e25
1.2722520768649542e25
1.1105843976275835e25
9.466556485216161e24
7.805659586549912e24
6.124172244406037e24
4.423130534761156e24
2.7035870723938967e24
9.666104263025821e23
-7.867154760875726e23
-2.555291955623548e24
-4.33800619868251e24
-6.133731884665153e24
-7.94132982337e24
-9.759648601906402e24
-1.158752524078545e25
-1.34237858588225e25
-1.526724634648917e25
-1.7116713047331778e25
-1.8970983447076178e25
-2.08288468700399e25
-2.2689085182446364e25
-2.4550473502254607e25
-2.641178091509373e25
-2.8271771195908433e25
-3.0129203535884204e25
-3.1982833274253186e25
-3.3831412634558338e25
-3.567369146494411e25
-3.7508417982056007e25
-3.933433951811204e25
-4.115020327072173e25
-4.2954757055006e25
-4.474675005758497e25
-4.652493359199763e25
-4.828806185509991e25
-5.003489268400599e25
-5.176418831312018e25
-5.347471613081999e25
-5.516524943533258e25
-5.683456818936288e25
-5.848145977302081e25
-6.010471973459848e25
-6.170315253874873e25
-6.32755723116123e25
-6.4820803582452105e25
-6.633768202133775e25
-6.782505517244085e25
-6.928178318249047e25
-7.070673952395152e25
-7.209881171247718e25
-7.345690201819877e25
-7.477992817041993e25
-7.606682405527296e25
-7.731654040591175e25
-7.852804548481232e25
-7.970032575775206e25
-8.083238655905321e25
-8.192325274766769e25
-8.297196935369555e25
-8.397760221492407e25
-8.493923860298806e25
-8.585598783875046e25
-8.672698189651217e25
-8.755137599666096e25
-8.832834918638007e25
-8.905710490803893e25
-8.973687155489737e25
-9.036690301375931e25
-9.09464791942203e25
-9.147490654415804e25
-9.195151855112608e25
-9.237567622931045e25
-9.27467685917291e25
-9.306421310734705e25
-9.332745614280039e25
-9.353597338842484e25
-9.368927026829048e25
-9.378688233396073e25
-9.382837564169468e25
-9.381334711282673e25
-9.374142487705875e25
-9.361226859842043e25
-9.342556978365622e25
-9.318105207280031e25
-9.287847151172958e25
-9.251761680647524e25
-9.209830955909545e25
-9.162040448491389e25
-9.108378961095012e25
-9.04883864553696e25
-8.983415018778664e25
-8.91210697702847e25
-8.834916807900585e25
-8.751850200619143e25
-8.662916254254578e25
-8.56812748398351e25
-8.46749982536153e25
-8.36105263660178e25
-8.248808698850876e25
-8.130794214458049e25
-8.007038803231987e25
-7.877575496681096e25
-7.742440730236382e25
-7.601674333454629e25
-7.455319518202713e25
-7.303422864822777e25
-7.146034306282565e25
-6.983207110313629e25
-6.814997859540974e25
-6.641466429612374e25
-6.4626759653325635e25
-6.278692854812106e25
-6.089586701638411e25
-5.895430295081927e25
-5.696299578348374e25
-5.4922736148887e25
-5.283434552783595e25
-5.069867587215676e25
-4.851660921047759e25
-4.628905723522243e25
-4.401696087103762e25
-4.1701289824823295e25
-3.934304211760187e25
-3.6943243598419393e25
-3.450294744054245e25
-3.2023233620182186e25
-2.950520837798471e25
-2.6950003663584793e25
-2.4358776563473914e25
-2.173270871248841e25
-1.9073005689189261e25
-1.638089639547234e25
-1.3657632420711457e25
-1.0904487390747587e25
-8.122756302091892e24
-5.313754841663424e24
-2.478818692437943e24
3.806971746551019e23
3.263419222179591e24
6.167956080615597e24
9.09289929538459e24
1.2036824086040197e25
1.4998290117247162e25
1.7975842281109036e25
2.0968011490450856e25
2.397331548258778e25
2.69902596331709e25
3.001733777964115e25
3.305303305387085e25
3.6095818723494177e25
3.9144159041481654e25
4.219651010350242e25
4.525132071256045e25
4.830703325045325e25
5.1362084555541045e25
5.441490680636499e25
5.7463928410578785e25
6.050757489870944e25
6.354426982225817e25
6.657243565559395e25
6.95904947011567e25
7.25968699974301e25
7.55899862291945e25
7.856827063950009e25
8.153015394285277e25
8.447407123910212e25
8.73984629274661e25
9.03017756201926e25
9.318246305530202e25
9.603898700790991e25
9.886981819955703e25
1.0167343720504397e26
1.0444833535621476e26
1.0719301564218465e26
1.0990599360544564e26
1.125857982333336e26
1.1523097284434425e26
1.178400759687334e26
1.2041168222290475e26
1.229443831770382e26
1.2543678821546611e26
1.278875253892435e26
1.3029524226041296e26
1.3265860673746692e26
1.3497630790146568e26
1.3724705682233372e26
1.3946958736481437e26
1.4164265698361275e26
1.4376504750720638e26
1.4583556590985102e26
1.4785304507131825e26
1.4981634452385961e26
1.5172435118595447e26
1.5357598008236266e26
1.553701750500518e26
1.571059094295188e26
1.5878218674109493e26
1.6039804134577805e26
1.619525390901939e26
1.634447779352418e26
1.648738885680289e26
1.6623903499670613e26
1.6753941512778856e26
1.68774261325601e26
1.6994284095345942e26
1.7104445689624787e26
1.7207844806401182e26
1.730441898762389e26
1.739410947265039e26
1.7476861242713428e26
1.755262306336035e26
1.7621347524833655e26
1.768299108036634e26
1.773751408236114e26
1.778488081642887e26
1.782505953326106e26
1.7858022478310626e26
1.788374591925932e26
1.7902210171248868e26
1.7913399619856708e26
1.7917302741795274e26
1.791391212331809e26
1.790322447631504e26
1.7885240652082423e26
1.785996565275235e26
1.7827408640369296e26
1.778758294360247e26
1.7740506062083728e26
1.7686199668361656e26
1.762468960746489e26
1.7556005894068843e26
1.7480182707260306e26
1.7397258382897077e26
1.730727540356087e26
1.7210280386102314e26
1.710632406677934e26
1.6995461283990905e26
1.6877750958610042e26
1.6753256071920682e26
1.6622043641165065e26
1.6484184692709512e26
1.6339754232837765e26
1.61888312161818e26
1.6031498511803928e26
1.5867842866941315e26
1.5697954868429204e26
1.5521928901818528e26
1.5339863108205444e26
1.5151859338791732e26
1.495802310719624e26
1.4758463539539117e26
1.4553293322321643e26
1.4342628648126035e26
1.4126589159160826e26
1.3905297888678665e26
1.367888120029487e26
1.3447468725236187e26
1.3211193297550032e26
1.2970190887307773e26
1.2724600531833201e26
1.2474564264992163e26
1.222022704457875e26
1.1961736677834519e26
1.1699243745139268e26
1.1432901521912482e26
1.116286589876539e26
1.0889295299945702e26
1.0612350600117122e26
1.033219503951751e26
1.0048994137539952e26
9.762915604782948e25
9.474129253616179e25
9.182806907309206e25
8.889122307771618e25
8.593251021955692e25
8.295370346969496e25
7.995659213953306e25
7.694298090771384e25
7.391468883571504e25
7.0873548372664775e25
6.78214043499148e25
6.476011296593123e25
6.169154076205838e25
5.861756358971696e25
5.5540065569617234e25
5.246093804355707e25
4.938207851939488e25
4.630538960977816e25
4.323277796523252e25
4.016615320219571e25
3.7107426826619727e25
3.4058511153724615e25
3.102131822453163e25
2.7997758719785196e25
2.4989740871875887e25
2.1999169375391895e25
1.9027944296917056e25
1.607795998469613e25
1.3151103978800284e25
1.024925592241294e25
7.374286474868611e24
4.5280562270665445e24
1.7124146198951144e24
-1.0708011337103581e24
-3.819767122451946e24
-6.532673805453963e24
-9.20772707554558e24
-1.184314931639932e25
-1.4437180452914036e25
-1.698807899421888e25
-1.9494123068683502e25
-2.195361145032184e25
-2.436486457597987e25
-2.672622555270066e25
-2.9036061154666216e25
-3.1292762809119214e25
-3.3494747570671983e25
-3.564045908341765e25
-3.7728368530260055e25
-3.975697556888909e25
-4.172480925383751e25
-4.363042894404161e25
-4.5472425195371995e25
-4.724942063757229e25
-4.896007083507032e25
-5.060306513113096e25
-5.217712747482446e25
-5.368101723029865e25
-5.5113529967846975e25
-5.647349823627815e25
-5.775979231609627e25
-5.897132095301957e25
-6.01070320713702e25
-6.116591346687334e25
-6.214699347842856e25
-6.304934163841193e25
-6.387206930109741e25
-6.461433024876206e25
-6.527532127510714e25
-6.585428274558797e25
-6.635049913427674e25
-6.676329953690936e25
-6.709205815975383e25
-6.733619478397617e25
-6.749517520516514e25
-6.756851164772391e25
-6.755576315382615e25
-6.745653594664568e25
-6.7270483767610785e25
-6.6997308187414845e25
-6.663675889055668e25
-6.618863393317405e25
-6.565277997397199e25
-6.502909247805015e25
-6.431751589345238e25
-6.35180438002621e25
-6.26307190321154e25
-6.165563376999241e25
-6.059292960815543e25
-5.944279759215953e25
-5.820547822882916e25
-5.688126146814857e25
-5.547048665699022e25
-5.397354246467125e25
-5.239086678030613e25
-5.072294658193527e25
-4.897031777747144e25
-4.713356501746898e25
-4.521332147977499e25
-4.321026862610204e25
-4.112513593062762e25
-3.895870058070055e25
-3.6711787149746803e25
-3.4385267242534567e25
-3.198005911291299e25
-2.9497127254203633e25
-2.693748196238955e25
-2.4302178872330397e25
-2.1592318467178995e25
-1.880904556124647e25
-1.5953548756519557e25
-1.3027059873125065e25
-1.0030853353991075e25
-6.9662456439712e24
-3.834594543772123e24
-6.372985389660623e23
2.6242038955556755e24
5.94843501537743e24
9.333878550201362e24
1.27789804709801e25
1.628214978017369e25
1.984175932468287e25
2.3456146631079192e25
2.7123614762672184e25
3.084243319800774e25
3.4610838730294877e25
3.842703638731069e25
4.228920037132208e25
4.61954750184836e25
5.0143975777237385e25
5.413279020517089e25
5.815997898383511e25
6.222357695093226e25
6.632159414935649e25
7.0452016892492325e25
7.461280884523396e25
7.880191212009092e25
8.301724838780639e25
8.725672000190312e25
9.151821113649492e25
9.579958893677758e25
1.0009870468153672e26
1.0441339495707058e26
1.0874148284182983e26
1.1308077910114258e26
1.1742908339137563e26
1.2178418547282263e26
1.2614386643067368e26
1.3050589990335614e26
1.3486805331759528e26
1.3922808912945403e26
1.4358376607067256e26
1.4793284039962709e26
1.522730671561512e26
1.56602201419547e26
1.6091799956904184e26
1.652182205460097e26
1.6950062711718777e26
1.737629871382047e26
1.7800307481666717e26
1.8221867197411138e26
1.8640756930605554e26
1.9056756763944155e26
1.9469647918676013e26
1.9879212879608882e26
2.0285235519635318e26
2.0687501223705933e26
2.1085797012180845e26
2.1479911663483126e26
2.1869635835984334e26
2.2254762189052387e26
2.2635085503186555e26
2.301040279917195e26
2.338051345618068e26
2.3745219328752832e26
2.4104324862584146e26
2.4457637209052732e26
2.4804966338418863e26
2.514612515162598e26
2.5480929590638973e26
2.580919874725122e26
2.6130754970297525e26
2.6445423971204644e26
2.6753034927818094e26
2.7053420586440126e26
2.73464173620193e26
2.7631865436426926e26
2.790960885476206e26
2.8179495619626516e26
2.8441377783309176e26
2.8695111537824442e26
2.8940557302747545e26
2.9177579810793264e26
2.9406048191082524e26
2.9625836050045234e26
2.9836821549909125e26
3.0038887484722618e26
3.023192135386482e26
3.041581543299412e26
3.059046684239109e26
3.075577761264938e26
3.091165474767246e26
3.105801028493545e26
3.1194761352970276e26
3.132183022603695e26
3.143914437594322e26
3.154663652097804e26
3.164424467192381e26
3.1731912175116376e26
3.1809587752521224e26
3.187722553879806e26
3.19347851153254e26
3.19822315411605e26
3.201953538091048e26
3.204667272949274e26
3.2063625233764116e26
3.2070380111000645e26
3.206693016421079e26
3.205327379426745e26
3.202941500884562e26
3.199536342815401e26
3.1951134287451834e26
3.1896748436342315e26
3.1832232334838014e26
3.1757618046192934e26
3.16729432265005e26
3.157825111105657e26
3.147359049748879e26
3.13590157256569e26
3.123458665432831e26
3.110036863463732e26
3.09564324803356e26
3.0802854434846905e26
3.0639716135137354e26
3.0467104572417338e26
3.0285112049690024e26
3.009383613616691e26
2.989337961857004e26
2.968385044934158e26
2.9465361691787845e26
2.9238031462180747e26
2.9001982868846604e26
2.875734394826933e26
2.8504247598241854e26
2.8242831508097813e26
2.797323808605668e26
2.7695614383721918e26
2.741011201776788e26
2.711688708885737e26
2.681610009782897e26
2.650791585920029e26
2.6192503412031142e26
2.5870035928191158e26
2.5540690618083324e26
2.52046486338712e26
2.486209497026193e26
2.451321836289602e26
2.4158211184401405e26
2.3797269338164635e26
2.343059214987879e26
2.305838225692345e26
2.2680845495640527e26
2.2298190786565522e26
2.1910630017674894e26
2.1518377925717476e26
2.1121651975691542e26
2.072067223853668e26
2.031566126710431e26
1.9906843970479735e26
1.9494447486723174e26
1.9078701054099478e26
1.8659835880871248e26
1.8238085013725623e26
1.781368320491063e26
1.7386866778152248e26
1.695787349343199e26
1.6526942410699155e26
1.6094313752592702e26
1.5660228766255078e26
1.5224929584312517e26
1.4788659085103946e26
1.4351660752234143e26
1.391417853353638e26
1.3476456699521407e26
1.3038739701396489e26
1.2601272028733191e26
1.216429806686926e26
1.1728061954125623e26
1.1292807438918453e26
1.0858777736853886e26
1.0426215387884331e26
9.995362113612488e25
9.566458674822216e25
9.139744729324207e25
8.7154586901974e25
8.29383758450701e25
7.87511691258687e25
7.459530507965022e25
7.047310398018043e25
6.6386866654327215e25
6.233887310561418e25
5.833138114751334e25
5.4366625047259295e25
5.0446814181045836e25
4.657413170136746e25
4.275073321733248e25
3.897874548870258e25
3.5260265134491367e25
3.1597357356862897e25
2.7992054681129797e25
2.4446355712577654e25
2.096222391091468e25
1.7541586383072066e25
1.4186332695073184e25
1.0898313703740988e25
7.679340408926696e24
4.531182826991403e24
1.4555688862056173e24
-1.5458166552114553e24
-4.4713332677567316e24
-7.319385685370529e24
-1.008842491553886e25
-1.2776949224168148e25
-1.5383505094587138e25
-1.7906688160098104e25
-2.0345144109447596e25
-2.2697569564655253e25
-2.4962712930651616e25
-2.7139375216142004e25
-2.9226410825191767e25
-3.1222728318994584e25
-3.3127291147348386e25
-3.4939118349324026e25
-3.665728522268194e25
-3.8280923961569485e25
-3.980922426209065e25
-4.124143389530317e25
-4.257685924726149e25
-4.381486582573869e25
-4.495487873324062e25
-4.5996383105994455e25
-4.693892451857317e25
-4.778210935387378e25
-4.852560513814256e25
-4.916914084079648e25
-4.971250713880613e25
-5.015555664539704e25
-5.0498204102880805e25
-5.074042653942989e25
-5.088226338963816e25
-5.0923816578716535e25
-5.086525057020998e25
-5.0706792377143555e25
-5.044873153650375e25
-5.009142004701159e25
-4.963527227014325e25
-4.908076479439402e25
-4.842843626277924e25
-4.7678887163612325e25
-4.6832779584600846e25
-4.5890836930342075e25
-4.485384360329937e25
-4.372264464838135e25
-4.249814536125438e25
-4.118131086055481e25
-3.97731656241642e25
-3.8274792989758566e25
-3.6687334619849957e25
-3.5011989931559117e25
-3.3250015491384322e25
-3.1402724375250625e25
-2.9471485494141605e25
-2.7457722885640705e25
-2.5362914971726673e25
-2.318859378318954e25
-2.093634415105232e25
-1.8607802865405542e25
-1.6204657802080366e25
-1.3728647017598584e25
-1.118155781288331e25
-8.565225766189457e24
-5.881533735772416e24
-3.1324108328129974e24
-3.1983136513578234e23
2.5541862477176734e24
5.487580587491577e24
8.478248377694507e24
1.152404565094709e25
1.4622788942575546e25
1.7772256509799809e25
2.09701895758638e25
2.4214293598426307e25
2.7502239561529952e25
3.083166529043096e25
3.420017678858336e25
3.7605349596022823e25
4.104473016842388e25
4.451583727605225e25
4.801616342183961e25
5.154317627780039e25
5.509432013897896e25
5.866701739412029e25
6.225867001224583e25
6.586666104428883e25
6.948835613895316e25
7.312110507193484e25
7.67622432876503e25
8.040909345258608e25
8.405896701939898e25
8.770916580086588e25
9.135698355280718e25
9.49997075650425e25
9.8634620259506e25
1.0225900079458517e26
1.0587012667476012e26
1.094652753646227e26
1.1304172590633746e26
1.1659676053961876e26
1.2012766632327288e26
1.2363173675737042e26
1.2710627340510799e26
1.3054858751340528e26
1.3395600163129845e26
1.373258512251762e26
1.4065548628991718e26
1.4394227295498325e26
1.4718359508450304e26
1.5037685587043598e26
1.5351947941784391e26
1.5660891232134717e26
1.59642625231822e26
1.6261811441241346e26
1.655329032829281e26
1.683845439516896e26
1.7117061873393592e26
1.7388874165584963e26
1.7653655994331307e26
1.7911175549449198e26
1.8161204633535815e26
1.8403518805726645e26
1.8637897523571342e26
1.8864124282942048e26
1.90819867558866e26
1.929127692634506e26
1.9491791223644063e26
1.9683330653687473e26
1.9865700927762402e26
2.0038712588880408e26
2.0202181135575805e26
2.035592714308315e26
2.0499776381818675e26
2.063355993309103e26
2.0757114301967923e26
2.087028152722787e26
2.097290928832654e26
2.1064851009309857e26
2.1145965959606734e26
2.1216119351636215e26
2.1275182435166747e26
2.1323032588365365e26
2.1359553405476336e26
2.138463478107296e26
2.139817299082568e26
2.1400070768731597e26
2.1390237380754985e26
2.1368588694827188e26
2.1335047247158943e26
2.128954230481717e26
2.1232009924524465e26
2.116239300763846e26
2.1080641351269833e26
2.0986711695504006e26
2.0880567766689245e26
2.0762180316758794e26
2.0631527158554747e26
2.0488593197127163e26
2.0333370456980906e26
2.0165858105244425e26
1.998606247074199e26
1.9793997058947125e26
1.958968256280239e26
1.9373146869387578e26
1.9144425062427936e26
1.8903559420629367e26
1.8650599411835413e26
1.838560168299751e26
1.810863004595984e26
1.7819755459056742e26
1.7519056004522534e26
1.720661686172271e26
1.6882530276209946e26
1.654689552461723e26
1.6199818875395844e26
1.5841413545417518e26
1.5471799652455175e26
1.5091104163559054e26
1.4699460839354898e26
1.4297010174283853e26
1.3883899332813988e26
1.3460282081647526e26
1.3026318717960516e26
1.2582175993706002e26
1.2128027036013827e26
1.1664051263730929e26
1.1190434300138212e26
1.0707367881890193e26
1.0215049764217706e26
9.713683622447472e25
9.20347894988298e25
8.684650952102516e25
8.157420437723002e25
7.622013705692221e25
7.078662429164857e25
6.527603536019423e25
5.969079086085445e25
5.4033361451395365e25
4.830626655741459e25
4.251207304972653e25
3.6653393891547514e25
3.0732886756167987e25
2.475325261582698e25
1.871723430261066e25
1.2627615042098907e25
6.487216960598719e24
2.988995667144714e23
-5.934441791842484e24
-1.2209877495396579e25
-1.8524445242576064e25
-2.4875151662759634e25
-3.1258973949872695e25
-3.7672861516583236e25
-4.41137376680427e25
-5.057850129416259e25
-5.7064028579547e25
-6.356717473007751e25
-7.0084775715250315e25
-7.661365002520539e25
-8.31506004415044e25
-8.969241582068904e25
-9.623587288953771e25
-1.0277773805106964e26
-1.0931476920022298e26
-1.1584371754823863e26
-1.2236132945463655e26
