4.1293934472656227e-13
4.1277927031907324e11
6.59669392073455e12
3.333028326495807e13
1.0505067354104044e14
2.5556352913139747e14
5.276381835196551e14
9.724891466300031e14
1.6491455234454822e15
2.6237102143233255e15
3.9685110996192955e15
5.761146739504727e15
8.083429443620839e15
1.1020228883882182e16
1.4658219736739348e16
1.908453714797229e16
2.4385344113050892e16
3.0644315158718724e16
3.7941040996189736e16
4.634935909266695e16
5.59356153752808e16
6.675686253949609e16
7.885900068206166e16
9.227486621619451e16
1.070222752534413e17
1.2310202785209078e17
1.404958797356961e17
1.5916448827678077e17
1.7904533971975645e17
2.0005066478308726e17
2.22065349933431e17
2.4494485176353363e17
2.685131220307166e17
2.925605510235784e17
3.1684193702073766e17
3.410744896868316e17
3.649358753172709e17
3.880623118942582e17
4.1004672195207866e17
4.3043695126948864e17
4.4873406141102163e17
4.643907041270591e17
4.768095855944609e17
4.853420284353422e17
4.892866393911649e17
4.8788809045260576e17
4.803360211527137e17
4.657640696216329e17
4.4324903987571494e17
4.1181021267220486e17
3.7040880710296326e17
3.1794759992699725e17
2.5327070945198195e17
1.751635505697294e17
8.23529673297756e16
-2.6492450800848076e16
-1.5276186309474096e17
-2.979014765072868e17
-4.63413644055516e17
-6.508557575772022e17
-8.618389301235308e17
-1.098026463561036e18
-1.3611320972941217e18
-1.6529180343679967e18
-1.9751927415726664e18
-2.329808520541697e18
-2.718658847223692e18
-3.1436754775002685e18
-3.6068253171301873e18
-4.110107054615701e18
-4.65554755601282e18
-5.245198021142125e18
-5.881129901099745e18
-6.565430577419397e18
-7.300198803694508e18
-8.08753991093454e18
-8.929560778400433e18
-9.828364572140528e18
-1.0786045253929255e19
-1.1804681863795958e19
-1.2886332579819604e19
-1.4033028559356195e19
-1.524676756635859e19
-1.6529507389942876e19
-1.7883159059849888e19
-1.9309579864945275e19
-2.0810566181394756e19
-2.238784611764334e19
-2.4043071983816483e19
-2.5777812593647227e19
-2.7593545407516013e19
-2.94916485256667e19
-3.147339254113474e19
-3.3539932262389084e19
-3.569229831614777e19
-3.793138864127883e19
-4.0257959885139124e19
-4.267261871413862e19
-4.517581305073885e19
-4.776782324950764e19
-5.044875322525243e19
-5.321852154664292e19
-5.607685250910929e19
-5.902326720116386e19
-6.205707457864072e19
-6.517736256168159e19
-6.838298916961019e19
-7.167257370913926e19
-7.504448803163583e19
-7.849684787543609e19
-8.202750430944648e19
-8.563403529449713e19
-8.931373737911914e19
-9.306361754660721e19
-9.688038523039472e19
-1.0076044451491417e20
-1.046998865392403e20
-1.0869448212091429e20
-1.1273967461742687e20
-1.1683057304289288e20
-1.2096194545748273e20
-1.2512821264718365e20
-1.2932344211144797e20
-1.33541342376243e20
-1.3777525764995249e20
-1.420181628394875e20
-1.4626265894384622e20
-1.505009688422218e20
-1.5472493349358502e20
-1.5892600856447543e20
-1.6309526150151242e20
-1.6722336906488896e20
-1.7130061533883626e20
-1.7531689023474536e20
-1.79261688502306e20
-1.831241092636644e20
-1.8689285608522426e20
-1.9055623760130458e20
-1.9410216870343436e20
-1.9751817230860534e20
-2.0079138171931424e20
-2.0390854358771532e20
-2.0685602149566693e20
-2.0961980016189007e20
-2.1218549028686886e20
-2.145383340455113e20
-2.166632112369484e20
-2.18544646100193e20
-2.2016681480368685e20
-2.215135536160665e20
-2.225683677647409e20
-2.2331444098812307e20
-2.237346457865882e20
-2.2381155437643157e20
-2.235274503502906e20
-2.2286434104665447e20
-2.2180397063024175e20
-2.2032783388414938e20
-2.1841719071379204e20
-2.1605308136174525e20
-2.132163423316915e20
-2.098876230187265e20
-2.0604740304234535e20
-2.0167601027745805e20
-1.9675363957781912e20
-1.912603721852693e20
-1.8517619581719403e20
-1.78481025423604e20
-1.7115472460422958e20
-1.6317712767500517e20
-1.5452806237230216e20
-1.4518737318223207e20
-1.3513494528131775e20
-1.2435072907380064e20
-1.1281476530980669e20
-1.0050721076756932e20
-8.740836448187202e19
-7.34986944998382e19
-5.875886514417798e19
-4.316976476296716e19
-2.671253394402879e19
-9.368594170971963e18
8.880323103055544e18
2.8052146988834693e19
4.816443732767706e19
6.923435451803974e19
9.127862902998884e19
1.143135306362815e20
1.3835483738976328e20
1.634178043776756e20
1.895171322843606e20
2.166669357947101e20
2.4488071187155734e20
2.7417130794102063e20
3.0455089002061667e20
3.360309108257286e20
3.686220778907606e20
4.0233432174202834e20
4.371767641601279e20
4.731576865701829e20
5.102844985989971e20
5.4856370683874155e20
5.8800088385735845e20
6.28600637496411e20
6.703665804975648e20
7.133013004993972e20
7.574063304465825e20
8.026821194539505e20
8.491280041681846e20
8.967421806702926e20
9.455216769621774e20
9.954623260808915e20
1.046558739884328e21
1.0988042835521834e21
1.1521910508461781e21
1.2067098401734795e21
1.2623501314973408e21
1.3191000641388193e21
1.3769464155134348e21
1.4358745808463607e21
1.4958685539096495e21
1.5569109088246293e21
1.6189827829724092e21
1.6820638610549763e21
1.7461323603490526e21
1.8111650171943434e21
1.8771370747573615e21
1.9440222721114039e21
2.0117928346726905e21
2.080419466031946e21
2.1498713412200736e21
2.2201161014457063e21
2.2911198503416826e21
2.362847151756548e21
2.435261029126337e21
2.508322966460802e21
2.581992910977357e21
2.6562292774148065e21
2.730988954057863e21
2.8062273105022744e21
2.8818982071890834e21
2.9579540067353714e21
3.0343455870873706e21
3.1110223565205925e21
3.187932270510034e21
3.26502185049223e21
3.342236204539201e21
3.419519049962948e21
3.4968127378674376e21
3.5740582796633823e21
3.651195375559443e21
3.728162445041742e21
3.804896659351748e21
3.88133397597084e21
3.957409175117961e21
4.0330558982648947e21
4.1082066886717274e21
4.182793033943206e21
4.256745410604531e21
4.3299933306932895e21
4.402465390362022e21
4.474089320483942e21
4.544792039252126e21
4.6144997067604424e21
4.6831377815522855e21
4.750631079120972e21
4.816903832343564e21
4.881879753827515e21
4.945482100147485e21
5.007633737947248e21
5.068257211879501e21
5.127274814354022e21
5.184608657062449e21
5.240180744245543e21
5.293913047666663e21
5.345727583252772e21
5.39554648936212e21
5.443292106635373e21
5.488887059384768e21
5.532254338473535e21
5.573317385635682e21
5.612000179183831e21
5.648227321050737e21
5.681924125107791e21
5.713016706701689e21
5.741432073348222e21
5.767098216520033e21
5.789944204463075e21
5.809900275974369e21
5.826897935071625e21
5.840870046483302e21
5.851750931885596e21
5.859476466811e21
5.863984178151081e21
5.865213342174315e21
5.863105082977922e21
5.857602471290955e21
5.848650623544107e21
5.83619680112002e21
5.820190509696316e21
5.80058359859193e21
5.777330360025917e21
5.750387628196322e21
5.719714878085473e21
5.685274323896628e21
5.647031017025722e21
5.604952943470732e21
5.559011120580119e21
5.509179693040736e21
5.455436028004656e21
5.397760809253475e21
5.336138130297849e21
5.270555586309317e21
5.201004364780793e21
5.127479334811595e21
5.049979134912375e21
4.968506259224989e21
4.883067142051946e21
4.793672240590035e21
4.700336115762485e21
4.6030775110440604e21
4.5019194291735563e21
4.396889206648376e21
4.288018585896102e21
4.1753437850183213e21
4.0589055650025523e21
3.938749294298533e21
3.8149250106559803e21
3.6874874801214907e21
3.5564962530933657e21
3.4220157173339615e21
3.2841151478402604e21
3.1428687534746344e21
2.9983557202590197e21
2.8506602512370253e21
2.6998716028101764e21
2.546084117455922e21
2.3893972527369526e21
2.2299156065128455e21
2.0677489382674593e21
1.9030121864669747e21
1.7358254818661727e21
1.5663141566821567e21
1.3946087495577011e21
1.2208450062382295e21
1.0451638758894923e21
8.677115029851606e20
6.886392146968104e20
5.081035037209749e20
3.2626600648157115e20
1.4329347664832705e20
-4.064224608438583e19
-2.2536427201133203e20
-4.106907022719092e20
-5.964346745936806e20
-7.824044139662001e20
-9.68403288284384e20
-1.1542298689964781e21
-1.3396779967886003e21
-1.524536852333209e21
-1.708591032125876e21
-1.8916206294299325e21
-2.0734013203453192e21
-2.253704455012994e21
-2.4322971539631317e21
-2.6089424096099854e21
-2.7833991928930705e21
-2.9554225650590223e21
-3.1247637945748994e21
-3.291170479158522e21
-3.4543866729075835e21
-3.614153018504116e21
-3.770206884466799e21
-3.922282507418641e21
-4.070111139332912e21
-4.2134211997158573e21
-4.3519384326792953e21
-4.48538606885232e21
-4.6134849920756105e21
-4.735953910817985e21
-4.85250953424914e21
-4.962866752898454e21
-5.066738823824253e21
-5.163837560213786e21
-5.253873525328471e21
-5.336556230705169e21
-5.411594338518345e21
-5.478695868004263e21
-5.537568405842488e21
-5.587919320386296e21
-5.629455979627821e21
-5.661885972779998e21
-5.684917335351932e21
-5.698258777590268e21
-5.701619916154153e21
-5.694711508887132e21
-5.677245692544664e21
-5.648936223331557e21
-5.609498720099385e21
-5.558650910049439e21
-5.496112876782751e21
-5.421607310534396e21
-5.334859760425388e21
-5.235598888561465e21
-5.123556725803764e21
-4.998468929033494e21
-4.860075039727869e21
-4.708118743662061e21
-4.542348131547221e21
-4.362515960412709e21
-4.1683799155358187e21
-3.9597028727205355e21
-3.736253160722484e21
-3.497804823615711e21
-3.244137882892818e21
-2.975038599088387e21
-2.690299732712416e21
-2.3897208042782746e21
-2.073108353207903e21
-1.7402761953940435e21
-1.3910456791984652e21
-1.0252459396618361e21
-6.427141507011906e20
-2.4329577506769994e20
1.731551881625317e20
6.067759587942051e20
1.0576947336443063e21
1.5260304478305455e21
2.011892539447659e21
2.515380717863894e21
3.036584735868876e21
3.575584165905591e21
4.1324481806178493e21
4.707235337945546e21
5.29999337099811e21
5.910758982937107e21
6.539557647097174e21
7.186403412574414e21
7.851298715508668e21
8.534234196286024e21
9.23518852288526e21
9.954128220591055e21
1.069100750829335e22
1.144576814159132e22
1.2218339262917335e22
1.3008637258893227e22
1.3816565625129756e22
1.4642014838674894e22
1.5484862238315461e22
1.634497191293142e22
1.7222194598100335e22
1.8116367581143085e22
1.9027314614800633e22
1.9954845839724894e22
2.08987577159647e22
2.185883296362051e22
2.283484051283918e22
2.3826535463312947e22
2.4833659053443786e22
2.5855938639326054e22
2.689308768369735e22
2.794480575500003e22
2.9010778536690896e22
3.0090677846929184e22
3.1184161668767876e22
3.2290874190965995e22
3.341044585953357e22
3.4542493440113004e22
3.568662009129466e22
3.6842415448956804e22
3.80094557217124e22
3.9187303797538855e22
4.037550936165728e22
4.157360902572212e22
4.278112646837235e22
4.39975725871891e22
4.5222445662094175e22
4.645523153021783e22
4.7695403772253955e22
4.894242391031399e22
5.019574161728012e22
5.145479493765163e22
5.271901051986748e22
5.398780386008168e22
5.526057955735581e22
5.653673158022658e22
5.781564354459588e22
5.909668900288204e22
6.03792317443606e22
6.1662626106615255e22
6.294621729800816e22
6.422934173107176e22
6.5511327366711844e22
6.679149406910467e22
6.806915397115985e22
6.934361185041144e22
7.061416551519063e22
7.188010620092324e22
7.3140718976385484e22
7.439528315974278e22
7.564307274418615e22
7.688335683297149e22
7.811540008365702e22
7.933846316132603e22
8.055180320057118e22
8.175467427600866e22
8.294632788107972e22
8.412601341488987e22
8.529297867682548e22
8.644647036867878e22
8.758573460400395e22
8.87100174244177e22
8.981856532254974e22
9.091062577133847e22
9.198544775936115e22
9.304228233187744e22
9.408038313725853e22
9.509900697846493e22
9.609741436922958e22
9.707487009459419e22
9.803064377543934e22
9.89640104366432e22
9.987425107849365e22
1.0076065325097553e23
1.0162251163054424e23
1.0245912859899392e23
1.0326981482401965e23
1.0405388984106871e23
1.0481068263606939e23
1.0553953222862093e23
1.062397882552225e23
1.0691081155211406e23
1.07551974737298e23
1.0816266279130508e23
1.0874227363626447e23
1.0929021871283417e23
1.0980592355454337e23
1.1028882835909659e23
1.1073838855618501e23
1.1115407537134845e23
1.1153537638542911e23
1.1188179608915588e23
1.1219285643239612e23
1.1246809736761085e23
1.1270707738704806e23
1.1290937405320807e23
1.130745845221136e23
1.1320232605891956e23
1.1329223654539438e23
1.13343974978809e23
1.1335722196176734e23
1.1333168018251544e23
1.1326707488526805e23
1.1316315433009262e23
1.1301969024189278e23
1.1283647824803849e23
1.1261333830419024e23
1.1235011510787015e23
1.1204667849933596e23
1.1170292384931815e23
1.113187724331857e23
1.1089417179111018e23
1.1042909607380321e23
1.0992354637340912e23
1.093775510391398e23
1.0879116597724556e23
1.0816447493492182e23
1.074975897677608e23
1.0679065069036276e23
1.0604382650972998e23
1.0525731484107629e23
1.0443134230568996e23
1.0356616471050348e23
1.0266206720902399e23
1.0171936444329805e23
1.0073840066658387e23
9.971954984642524e22
9.866321574782291e22
9.756983199621738e22
9.64398621200019e22
9.527379957230371e22
9.407216773177625e22
9.283551988216367e22
9.156443917040542e22
9.025953854306918e22
8.892146066090617e22
8.755087779134228e22
8.61484916787277e22
8.471503339218648e22
8.325126315091767e22
8.175797012681737e22
8.023597222430317e22
7.868611583724076e22
7.710927558288545e22
7.550635401276756e22
7.387828130046765e22
7.222601490624011e22
7.055053921846598e22
6.885286517192487e22
6.713402984289983e22
6.539509602113742e22
6.3637151758712e22
6.186130989585103e22
6.0068707563802164e22
5.82605056648345e22
5.643788832949021e22
5.460206235121382e22
5.2754256598509505e22
5.0895721404788355e22
4.902772793609338e22
4.71515675368991e22
4.526855105420797e22
4.338000814017663e22
4.148728653353026e22
3.959175132003452e22
3.769478417231774e22
3.5797782569347885e22
3.3902158995894422e22
3.2009340122314995e22
3.012076596503088e22
2.8237889028066715e22
2.6362173426054564e22
2.44950939891129e22
2.2638135350032983e22
2.0792791014220407e22
1.8960562412855585e22
1.7142957939757146e22
1.534149197244485e22
1.3557683877918317e22
1.1793057003680695e22
1.0049137654557217e22
8.327454055869264e21
6.62953530354454e21
4.956910301754492e21
3.3111066886911977e21
1.693649751104857e21
1.0606132824176905e20
-1.4501412941670415e21
-2.9734464991979226e21
-4.462349462629511e21
-5.915353284746798e21
-7.330970129350168e21
-8.707722369249575e21
-1.0044143737515257e22
-1.1338780483742549e22
-1.2590192534579411e22
-1.3796954657751143e22
-1.4957657628809615e22
-1.6070909399823188e22
-1.7135336269212847e22
-1.8149584051934467e22
-1.911231924919371e22
-2.0022230216877227e22
-2.087802833187151e22
-2.167844915543897e22
-2.2422253592808457e22
-2.31082290481364e22
-2.373519057398653e22
-2.430198201447321e22
-2.4807477141206183e22
-2.5250580781175065e22
-2.5630229935703496e22
-2.5945394889606413e22
-2.6195080309675276e22
-2.637832633162083e22
-2.649420963459664e22
-2.654184450243244e22
-2.652038387069954e22
-2.6429020358739197e22
-2.626698728577971e22
-2.603355967027551e22
-2.572805521160147e22
-2.5349835253239582e22
-2.4898305726599825e22
-2.43729180746234e22
-2.377317015431805e22
-2.3098607117385205e22
-2.2348822268102603e22
-2.152345789763734e22
-2.062220609396643e22
-1.9644809526596696e22
-1.8591062205280194e22
-1.7460810211937118e22
-1.6253952405001646e22
-1.4970441095423967e22
-1.3610282693568775e22
-1.2173538326268793e22
-1.0660324423297732e22
-9.070813272547692e21
-7.40523354320549e21
-5.663870776244104e21
-3.847067841550734e21
-1.9552253610412737e21
1.1197902882164703e19
2.0516846941474547e21
4.165658945710633e21
6.352485498715579e21
8.611469858685294e21
1.0941857989282658e22
1.3342836144172964e22
1.5813530737486533e22
1.8353008253365756e22
2.096027519505258e22
2.3634278073958958e22
2.637390343912929e22
2.9177977947488197e22
3.204526847523512e22
3.4974482270732434e22
3.796426714919898e22
4.101321172950261e22
4.411984571331093e22
4.7282640206845125e22
5.050000808544279e22
5.377030440111667e22
5.709182683326138e22
6.046281618264121e22
6.388145690875756e22
6.734587771066246e22
7.085415215126731e22
7.4404299325154594e22
7.799428456987957e22
8.162202022070976e22
8.52853664087326e22
8.898213190221883e22
9.271007499110786e22
9.646690441444225e22
1.0025028033055821e23
1.0405781532979738e23
1.0788707548948174e23
1.1173558147085559e23
1.1560080965767563e23
1.194801933360901e23
1.2337112391542376e23
1.2727095218944555e23
1.3117698963767632e23
1.3508650976625047e23
1.3899674948782242e23
1.4290491053997078e23
1.4680816094153057e23
1.5070363648624273e23
1.545884422730884e23
1.5845965427263476e23
1.6231432092870034e23
1.6614946479460706e23
1.6996208420326197e23
1.7374915497027655e23
1.7750763212931003e23
1.8123445169878376e23
1.8492653247909452e23
1.8858077787941364e23
1.9219407777314583e23
1.957633103810796e23
1.9928534418124313e23
2.0275703984444357e23
2.0617525219445207e23
2.0953683219175997e23
2.1283862893981315e23
2.160774917125999e23
2.1925027200245032e23
2.223538255868771e23
2.2538501461325924e23
2.2834070970015965e23
2.312177920540313e23
2.3401315560005735e23
2.3672370912583696e23
2.3934637843662172e23
2.4187810852077698e23
2.443158657241298e23
2.4665663993184182e23
2.4889744675643675e23
2.510353297305832e23
2.5306736250323122e23
2.549906510376715e23
2.5680233581008756e23
2.5849959400714357e23
2.6007964172114925e23
2.6153973614132138e23
2.6287717773966265e23
2.640893124499572e23
2.6517353383838145e23
2.6612728526421535e23
2.6694806202913826e23
2.6763341351358193e23
2.6818094529861048e23
2.6858832127179284e23
2.6885326571553287e23
2.6897356537631502e23
2.6894707151332608e23
2.6877170192491303e23
2.6844544295133796e23
2.6796635145229377e23
2.6733255675764334e23
2.6654226258985747e23
2.6559374895662252e23
2.644853740121047e23
2.6321557588535447e23
2.617828744743544e23
2.6018587320421505e23
2.584232607480398e23
2.5649381270898365e23
2.5439639326205474e23
2.521299567542129e23
2.496935492613356e23
2.470863101006418e23
2.4430747329717892e23
2.4135636900299403e23
2.3823242486763554e23
2.3493516735864514e23
2.31464223030728e23
2.2781931974231003e23
2.2400028781820364e23
2.200070611571523e23
2.1583967828302488e23
2.114982833384713e23
2.0698312701987583e23
2.0229456745247254e23
1.9743307100451656e23
1.923992130394424e23
1.8719367860495176e23
1.81817263058041e23
1.762708726249755e23
1.7055552489527727e23
1.6467234924881612e23
1.586225872151367e23
1.5240759276418655e23
1.4602883252765245e23
1.3948788595015266e23
1.3278644536955654e23
1.2592631602577662e23
1.1890941599738297e23
1.1173777606545638e23
1.0441353950413039e23
9.69389617973169e22
8.931641028115492e22
8.154836371177305e22
7.363741175797975e22
6.558625441858063e22
5.739770136402909e22
4.907467120218778e22
4.062019066802099e22
3.2037393737081938e22
2.3329520662713507e22
1.4499916936934458e22
5.552032175008608e21
-3.5105810762120624e21
-1.2684268606071836e22
-2.196527588384723e22
-3.134974947821929e22
-4.083373855220691e22
-5.0413196433244834e22
-6.008398225802593e22
-6.984186269167958e22
-7.968251372082246e22
-8.960152251992845e22
-9.959438939044582e22
-1.0965652977202781e23
-1.1978327632517836e23
-1.2996988108458097e23
-1.4021151768230908e23
-1.5050328364007108e23
-1.6084020272960752e23
-1.7121722740026504e23
-1.81629241272762e23
-1.9207106169808805e23
-2.025374423804306e23
-2.1302307606297358e23
-2.235225972753626e23
-2.3403058514157065e23
-2.445415662468806e23
-2.550500175625995e23
-2.6555036942711798e23
-2.7603700858185868e23
-2.8650428126061037e23
-2.969464963307016e23
-3.0735792848441876e23
-3.177328214790247e23
-3.280653914237069e23
-3.383498301117066e23
-3.485803083958674e23
-3.587509796057871e23
-3.688559830047129e23
-3.7888944728428393e23
-3.8884549409517905e23
-3.987182416116989e23
-4.0850180812825584e23
-4.181903156857404e23
-4.277778937256468e23
-4.3725868276986224e23
-4.466268381239412e23
-4.558765336016954e23
-4.6500196526885736e23
-4.7399735520358874e23
-4.828569552715279e23
-4.9157505091310123e23
-5.001459649407325e23
-5.085640613436105e23
-5.168237490976265e23
-5.2491948597807895e23
-5.3284578237271465e23
-5.405972050926678e23
-5.481683811788233e23
-5.555540017011426e23
-5.6274882554843445e23
-5.6974768320607924e23
-5.76545480519179e23
-5.8313720243860536e23
-5.8951791674740046e23
-5.9568277776499446e23
-6.0162703002667365e23
-6.07346011935751e23
-6.128351593858836e23
-6.180900093509666e23
-6.231062034400495e23
-6.27879491414728e23
-6.324057346664429e23
-6.366809096511538e23
-6.407011112788447e23
-6.444625562553315e23
-6.479615863738579e23
-6.511946717539745e23
-6.541584140252045e23
-6.568495494530392e23
-6.592649520047864e23
-6.614016363528551e23
-6.632567608130531e23
-6.648276302155084e23
-6.661116987058544e23
-6.6710657247433e23
-6.678100124104982e23
-6.682199366812922e23
-6.683344232301489e23
-6.681517121950071e23
-6.676702082430095e23
-6.668884828197431e23
-6.658052763109364e23
-6.64419500114537e23
-6.62730238621161e23
-6.607367511009277e23
-6.584384734947547e23
-6.558350201082231e23
-6.529261852061905e23
-6.497119445063482e23
-6.461924565700011e23
-6.42368064088383e23
-6.382392950628886e23
-6.338068638776407e23
-6.290716722628902e23
-6.24034810147784e23
-6.186975564011236e23
-6.130613794587625e23
-6.071279378363906e23
-6.0089908052648425e23
-5.9437684727830195e23
-5.875634687598366e23
-5.804613666007249e23
-5.730731533151813e23
-5.6540163210409006e23
-5.574497965354577e23
-5.492208301025077e23
-5.407181056587642e23
-5.319451847295606e23
-5.229058166994604e23
-5.13603937875179e23
-5.04043670423649e23
-4.942293211849783e23
-4.841653803600867e23
-4.7385652007293446e23
-4.633075928072897e23
-4.525236297181078e23
-4.415098388176273e23
-4.302716030364118e23
-4.1881447815963246e23
-4.071441906389504e23
-3.952666352804757e23
-3.8318787280932794e23
-3.7091412731145035e23
-3.5845178355334305e23
-3.458073841805508e23
-3.3298762679574665e23
-3.1999936091740186e23
-3.068495848200524e23
-2.9354544225731183e23
-2.800942190688282e23
-2.6650333967248973e23
-2.5278036344324617e23
-2.389329809799981e23
-2.24969010262113e23
-2.1089639269718655e23
-1.9672318906174203e23
-1.8245757533666764e23
-1.6810783843924836e23
-1.5368237185375347e23
-1.39189671162589e23
-1.2463832948012225e23
-1.1003703279136806e23
-9.539455519779629e22
-8.071975407257913e22
-6.602156512770504e22
-5.130899739542717e22
-3.6591128126621896e22
-2.187709760866662e22
-7.1761039055371e21
7.502602477098625e21
2.2149723998954476e22
3.675592156148092e22
5.131182005051888e22
6.58080139422311e22
8.023507296920387e22
9.458354784358722e22
1.0884397603403407e23
1.2300688759320105e23
1.3706281103244323e23
1.510022792403593e23
1.648158354417393e23
1.7849403919342344e23
1.9202747241356053e23
2.0540674544067105e23
2.1862250311890185e23
2.3166543090580275e23
2.4452626099892112e23
2.5719577847746992e23
2.6966482745529393e23
2.8192431724130518e23
2.939652285035615e23
3.057786194330974e23
3.173556319036059e23
3.28687497623055e23
3.397655442732695e23
3.505812016335208e23
3.611260076841301e23
3.713916146860817e23
3.813697952326277e23
3.910524482688606e23
4.0043160507520695e23
4.0949943521081513e23
4.1824825241278136e23
4.266705204471783e23
4.3475885890783015e23
4.425060489588172e23
4.499050390166599e23
4.569489503681782e23
4.63631082720005e23
4.699449196757763e23
4.7588413413701496e23
4.8144259362376016e23
4.8661436551100936e23
4.913937221770765e23
4.957751460599852e23
4.997533346180604e23
5.033232051909055e23
5.064798997569962e23
5.0921878958415986e23
5.115354797692486e23
5.1342581366336277e23
5.148858771790266e23
5.159120029757706e23
5.16500774520625e23
5.166490300200852e23
5.1635386622016944e23
5.15612642071247e23
5.1442298225438035e23
5.1278278056598716e23
5.106902031577044e23
5.081436916283904e23
5.051419659652952e23
5.016840273314893e23
4.977691606967228e23
4.933969373089673e23
4.885672170039807e23
4.832801503503052e23
4.775361806272195e23
4.7133604563321625e23
4.646807793227235e23
4.5757171326882293e23
4.500104779498532e23
4.4199900385786685e23
4.335395224270164e23
4.246345667800356e23
4.152869722911042e23
4.0549987696345246e23
3.9527672162022784e23
3.8462124990718805e23
3.735375081059429e23
3.620298447565527e23
3.5010291008842415e23
3.377616552585332e23
3.250113313961466e23
3.118574884533146e23
2.9830597386052494e23
2.8436293098704412e23
2.7003479740557124e23
2.5532830296096243e23
2.4025046764291463e23
2.2480859926259735e23
2.0901029093336905e23
1.9286341835583327e23
1.763761369075973e23
1.5955687853825793e23
1.4241434847023236e23
1.2495752170619097e23
1.0719563934399506e23
8.913820470013257e22
7.079497924280012e22
5.2175978335927366e22
3.3291466795489727e22
1.4151954259693575e22
-5.231809625352806e21
-2.484884020266812e22
-4.468792298224243e22
-6.473761899763966e22
-8.498627033920566e22
-1.0542200586157594e23
-1.2603274706307352e23
-1.468062141344707e23
-1.677299321744185e23
-1.8879123756876565e23
-2.0997728453087028e23
-2.312750517998461e23
-2.5267134949361587e23
-2.7415282611346668e23
-2.9570597569674414e23
-3.173171451141779e23
-3.3897254150820116e23
-3.606582398685295e23
-3.823601907411729e23
-4.0406422806690864e23
-4.257560771451544e23
-4.474213627190635e23
-4.690456171775796e23
-4.9061428887007126e23
-5.12112750529063e23
-5.335263077964782e23
-5.548402078487499e23
-5.760396481160052e23
-5.971097850904944e23
-6.180357432192875e23
-6.388026238762435e23
-6.593955144081065e23
-6.797994972495744e23
-6.999996591020093e23
-7.199811001705046e23
-7.39728943453846e23
-7.592283440819028e23
-7.784644986948725e23
-7.974226548587858e23
-8.16088120511578e23
-8.344462734339931e23
-8.524825707395422e23
-8.701825583776682e23
-8.87531880644244e23
-9.045162896934574e23
-9.211216550451359e23
-9.373339730814968e23
-9.531393765272902e23
-9.685241439072561e23
-9.834747089748245e23
-9.979776701059304e23
-1.0120197996518254e24
-1.0255880532447139e24
-1.0386695790500963e24
-1.0512517269596235e24
-1.0633220577183207e24
-1.0748683519799882e24
-1.0858786192846559e24
-1.0963411069519074e24
-1.1062443088839571e24
-1.1155769742723476e24
-1.1243281162021731e24
-1.1324870201477495e24
-1.1400432523536919e24
-1.1469866680953694e24
-1.1533074198127735e24
-1.1589959651118662e24
-1.1640430746275033e24
-1.1684398397420872e24
-1.1721776801541864e24
-1.175248351291351e24
-1.1776439515614822e24
-1.1793569294371241e24
-1.1803800903671541e24
-1.1807066035103986e24
-1.1803300082857875e24
-1.1792442207337279e24
-1.1774435396834826e24
-1.174922652721411e24
-1.1716766419550232e24
-1.1677009895679043e24
-1.162991583160653e24
-1.1575447208730854e24
-1.1513571162830669e24
-1.144425903077441e24
-1.1367486394906424e24
-1.128323312506676e24
-1.1191483418203126e24
-1.1092225835534165e24
-1.0985453337225152e24
-1.0871163314537612e24
-1.0749357619416813e24
-1.0620042591481537e24
-1.0483229082382376e24
-1.0338932477496156e24
-1.0187172714925498e24
-1.0027974301774093e24
-9.86136632766988e23
-9.68738247550928e23
-9.506061029398313e23
-9.317444879766878e23
-9.121581525634812e23
-8.918523074009737e23
-8.708326236398383e23
-8.491052322414788e23
-8.266767230470751e23
-8.035541435534752e23
-7.797449973948716e23
-7.552572425292548e23
-7.300992891288628e23
-7.042799971740372e23
-6.778086737500526e23
-6.506950700466879e23
-6.229493780604782e23
-5.945822269998074e23
-5.656046793930886e23
-5.360282269006375e23
-5.05864785830858e23
-4.751266923616522e23
-4.438266974681329e23
-4.119779615578932e23
-3.795940488152908e23
-3.4668892125641775e23
-3.132769324965298e23
-2.793728212320529e23
-2.4499170443931837e23
-2.1014907029247263e23
-1.7486077080315174e23
-1.3914301418471999e23
-1.0301235694404258e23
-6.648569570401311e22
-2.9580258760090148e22
7.686402625474543e21
4.52964231880887e22
8.323163287997685e22
1.2147356633996662e23
1.6000347260960564e23
1.988023250911499e23
2.3785083174277687e23
2.7712944550617435e23
3.166183749615918e23
3.5629759520506585e23
3.961468589425598e23
4.3614570779548303e23
4.762734838119075e23
5.1650934117764695e23
5.568322581211917e23
5.972210490063138e23
6.376543766061067e23
6.781107645518736e23
7.185686099503258e23
7.590061961623026e23
7.994017057360978e23
8.397332334883499e23
8.799787997253103e23
9.201163635971444e23
9.601238365779005e23
9.999790960634631e23
1.0396599990798779e24
1.0791443960942125e24
1.1184101449200348e24
1.1574351247094732e24
1.1961972500237293e24
1.2346744849738125e24
1.2728448574231328e24
1.3106864732436174e24
1.3481775306167288e24
1.3852963343708862e24
1.4220213103465902e24
1.4583310197805195e24
1.494204173699805e24
1.529619647317615e24
1.5645564944211087e24
1.598993961742865e24
1.6329115033066624e24
1.666288794738638e24
1.699105747534704e24
1.7313425232750987e24
1.7629795477769397e24
1.7939975251756134e24
1.8243774519257936e24
1.854100630712989e24
1.8831486842663356e24
1.9115035690635118e24
1.9391475889185988e24
1.9660634084437195e24
1.9922340663753314e24
2.0176429887560597e24
2.0422740019630043e24
2.066111345573463e24
2.0891396850591435e24
2.1113441242998286e24
2.132710217907689e24
2.1532239833533912e24
2.1728719128852508e24
2.1916409852327453e24
2.2095186770857975e24
2.2264929743413002e24
2.2425523831084886e24
2.2576859404647844e24
2.2718832249539328e24
2.2851343668182944e24
2.297430057957299e24
2.3087615616041713e24
2.3191207217131776e24
2.328499972049764e24
2.3368923449761202e24
2.3442914799247696e24
2.3506916315530346e24
2.3560876775713155e24
2.3604751262382826e24
2.363850123516247e24
2.3662094598802006e24
2.367550576774071e24
2.367871572708027e24
2.367171208990801e24
2.3654489150912015e24
2.362704793623134e24
2.3589396249487375e24
2.3541548713943323e24
2.3483526810742047e24
2.3415358913173417e24
2.3337080316925302e24
2.324873326627415e24
2.3150366976173708e24
2.3042037650201922e24
2.2923808494329263e24
2.2795749726473476e24
2.265793858180856e24
2.2510459313797397e24
2.2353403190921254e24
2.2186868489080274e24
2.201096047964275e24
2.1825791413123166e24
2.1631480498471136e24
2.1428153877956747e24
2.1215944597639697e24
2.0994992573412296e24
2.0765444552610334e24
2.0527454071186036e24
2.0281181406442437e24
2.0026793525329902e24
1.9764464028308514e24
1.9494373088782968e24
1.9216707388119094e24
1.8931660046253824e24
1.863943054791429e24
1.8340224664462276e24
1.8034254371385272e24
1.7721737761457056e24
1.7402898953593674e24
1.707796799743343e24
1.6747180773672227e24
1.6410778890189382e24
1.6069009573999559e24
1.5722125559071775e24
1.5370384970057524e24
1.5014051201973412e24
1.4653392795886516e24
1.4288683310653138e24
1.3920201190764002e24
1.3548229630353447e24
1.3173056433429683e24
1.2794973870388887e24
1.2414278530876933e24
1.2031271173065264e24
1.1646256569410698e24
1.1259543348970711e24
1.0871443836348378e24
1.048227388734504e24
1.0092352721398298e24
9.70200275088858e23
9.311549407397826e23
8.921320965006737e23
8.53164836071985e23
8.142865012109251e23
7.755306632269873e23
7.369311042183245e23
6.985217980585555e23
6.603368911441044e23
6.224106829122136e23
5.8477760613999095e23
5.4747220703509115e23
5.105291251287793e23
4.739830729822702e23
4.378688157176049e23
4.022211503841638e23
3.67074885172414e23
3.3246481848645036e23
2.9842571788711974e23
2.649922989176144e23
2.3219920382363398e23
2.0008098018023407e23
1.686720594378111e23
1.3800673539949235e23
1.0811914264260601e23
7.904323489684436e22
5.081276339187798e22
2.3461255187279613e22
-2.978008502349651e21
-2.847201397393544e22
-5.298803668122835e22
-7.649366284559926e22
-9.895681101916422e22
-1.203457535870076e23
-1.4062913819520165e23
-1.597760090913039e23
-1.7775582836404917e23
-1.9453849706876466e23
-2.10094376225289e23
-2.243943076749373e23
-2.3740963478319842e23
-2.491122229748291e23
-2.594744800880208e23
-2.684693765343962e23
-2.7607046525158337e23
-2.8225190143515082e23
-2.869884620368668e23
-2.902555650161368e23
-2.9202928833169744e23
-2.9228638866062803e23
-2.910043198318996e23
-2.8816125096175103e23
-2.8373608427828054e23
-2.7770847262276412e23
-2.7005883661538906e23
-2.6076838147312155e23
-2.4981911346765963e23
-2.371938560115238e23
-2.228762653605097e23
-2.068508459209094e23
-1.891029651500166e23
-1.696188680387051e23
-1.4838569116499799e23
-1.2539147630774207e23
-1.0062518360973444e23
-7.407670427983326e22
-4.573687282382758e22
-1.559747879404808e22
1.6348721952038943e22
5.010799649384953e22
8.568562459950037e22
1.2308588899654342e23
1.6231206617034642e23
2.0336641769862896e23
2.4625018213037617e23
2.909635674170899e23
3.375057439039686e23
3.858748378885089e23
4.360679257534264e23
4.88081028680767e23
5.419091079536032e23
5.9754606085144766e23
6.549847171451867e23
7.142168361970166e23
7.752331046704567e23
8.38023134855393e23
9.025754636124241e23
9.688775519407479e23
1.0369157851733045e24
1.1066754738025869e24
1.1781408549401503e24
1.2512950944125322e24
1.3261202894958557e24
1.4025974722910484e24
1.4807066137413715e24
1.5604266282932574e24
1.6417353792014118e24
1.7246096844785616e24
1.8090253234899005e24
1.8949570441919243e24
1.982378571014854e24
2.0712626133875864e24
2.161580874903743e24
2.25330406312673e24
2.3464019000316802e24
2.440843133081534e24
2.536595546934176e24
2.6336259757771965e24
2.731900316286328e24
2.8313835412033696e24
2.9320397135289916e24
3.0338320013252176e24
3.13672269312229e24
3.2406732139240327e24
3.345644141805524e24
3.451595225096415e24
3.5584854001429935e24
3.6662728096415795e24
3.7749148215354276e24
3.884368048467225e24
3.9945883677784043e24
4.105530942046594e24
4.217150240151935e24
4.3294000588625325e24
4.442233544929269e24
4.5556032176795213e24
4.669460992099088e24
4.7837582023914907e24
4.898445626003042e24
5.013473508102114e24
5.128791586500631e24
5.244349117005234e24
5.360094899185641e24
5.475977302547115e24
5.591944293093671e24
5.707943460268625e24
5.823922044258332e24
5.939826963645089e24
6.055604843394746e24
6.171202043164118e24
6.286564685913406e24
6.401638686808208e24
6.516369782395654e24
6.630703560038866e24
6.744585487593877e24
6.857960943312564e24
6.970775245955408e24
7.082973685097186e24
7.19450155160895e24
7.305304168299179e24
7.415326920696849e24
7.524515287959036e24
7.632814873885626e24
7.740171438023265e24
7.846530926840721e24
7.951839504957809e24
8.056043586409644e24
8.159089865928075e24
8.260925350221935e24
8.361497389237736e24
8.460753707382357e24
8.558642434689087e24
8.655112137908415e24
8.750111851505007e24
8.843591108542026e24
8.935499971434178e24
9.025789062550701e24
9.114409594649491e24
9.201313401123764e24
9.286452966042441e24
9.369781453965497e24
9.451252739515821e24
9.530821436688813e24
9.608442927881285e24
9.684073392621153e24
9.757669835979627e24
9.8291901166475e24
9.898592974657596e24
9.965838058735053e24
1.0030885953257778e25
1.009369820480923e25
1.0154237348305883e25
1.0212466932681978e25
1.0268351546114329e25
1.0321856840770041e25
1.0372949557060384e25
1.042159754738401e25
1.0467769799343234e25
1.0511436458417114e25
1.0552568850075337e25
1.0591139501317282e25
1.0627122161620806e25
1.066049182328556e25
1.0691224741156016e25
1.0719298451709605e25
1.0744691791495705e25
1.0767384914911546e25
1.0787359311301403e25
1.0804597821365782e25
1.0819084652867697e25
1.0830805395623424e25
1.0839747035765555e25
1.084589796926647e25
1.0849248014710807e25
1.084978842530586e25
1.0847511900119225e25
1.0842412594533462e25
1.0834486129907927e25
1.0823729602438329e25
1.0810141591205148e25
1.0793722165402193e25
1.077447289073735e25
1.0752396834997863e25
1.0727498572772906e25
1.069978418932679e25
1.066926128361656e25
1.0635938970448177e25
1.0599827881766162e25
1.0560940167071655e25
1.0519289492964904e25
1.047489104180816e25
1.042776150950586e25
1.037791910239921e25
1.0325383533273006e25
1.0270176016472848e25
1.0212319262131725e25
1.0151837469504924e25
1.0088756319413603e25
1.0023102965796757e25
9.954906026373188e24
9.88419557241426e24
9.811003117629697e24
9.735361606169119e24
9.65730539974182e24
9.576870263859006e24
9.494093353201931e24
9.409013196121286e24
9.321669678272288e24
9.232104025391984e24
9.140358785224308e24
9.046477808600094e24
8.950506229679492e24
8.852490445364083e24
8.752478093887879e24
8.650518032595284e24
8.546660314916308e24
8.440956166548158e24
8.333457960854444e24
8.224219193492524e24
8.113294456280467e24
8.000739410316183e24
7.88661075836036e24
7.770966216497211e24
7.653864485085472e24
7.535365219014683e24
7.415528997280256e24
7.294417291892808e24
7.17209243613723e24
7.048617592196628e24
6.924056718158472e24
6.798474534418519e24
6.671936489500861e24
6.544508725310503e24
6.41625804183756e24
6.287251861330724e24
6.157558191958939e24
6.027245590981062e24
5.89638312744201e24
5.76504034441661e24
5.63328722082014e24
5.501194132807527e24
5.368831814780827e24
5.236271320027701e24
5.103583981011309e24
4.970841369334122e24
4.838115255398137e24
4.705477567783117e24
4.573000352366771e24
4.4407557312086695e24
4.3088158612223034e24
4.177252892657962e24
4.0461389274203477e24
3.915545977245292e24
3.7855459217587604e24
3.656210466443528e24
3.5276111005367874e24
3.399819054884438e24
3.2729052597756855e24
3.146940302783774e24
3.021994386637002e24
2.8981372871453594e24
2.775438311208293e24
2.65396625492782e24
2.53378936185338e24
2.414975281382442e24
2.297591027343401e24
2.181702936784743e24
2.067376628996946e24
1.9546769647913853e24
1.843668006061824e24
1.7344129756539227e24
1.6269742175669628e24
1.5214131575137782e24
1.4177902638627307e24
1.3161650089873865e24
1.2165958310477497e24
1.119140096227782e24
1.023854061453814e24
9.307928376171378e23
8.400103533256618e23
7.515593192072929e23
6.654911927895248e23
5.818561439774344e23
5.0070302115397484e23
4.220793179245304e23
3.4603114052840745e23
2.7260317593962278e23
2.0183866067809942e23
1.337793503535239e23
6.8465489962149475e22
5.935784958083736e21
-5.377262688135819e22
-1.1062420277549646e23
-1.6458502142637217e23
-2.156228086516303e23
-2.6370696214526462e23
-3.0880857534850254e23
-3.509004604122766e23
-3.899571702345972e23
-4.259550195552985e23
-4.588721050922576e23
-4.8868832470296426e23
-5.1538539555588474e23
-5.3894687129718484e23
-5.593581581980149e23
-5.766065302690049e23
-5.906811433283324e23
-6.015730480111558e23
-6.092752017078936e23
-6.137824794202434e23
-6.150916835238837e23
-6.132015524274454e23
-6.081127681185057e23
-5.9982796258703435e23
-5.883517231183754e23
-5.7369059644762233e23
-5.5585309176853595e23
-5.3484968259041256e23
-5.106928074370923e23
-4.833968693830243e23
-4.529782344219532e23
-4.1945522866438333e23
-3.828481343606883e23
-3.431791847476261e23
-3.0047255771634203e23
-2.5475436830098412e23
-2.060526599875817e23
-1.543973948434514e23
-9.98204424685319e22
-4.235556777005419e22
1.796158243663694e22
8.109349399800219e22
1.470008011590397e23
2.156423034620927e23
2.8697498380254116e23
3.609540276349859e23
4.375328433234813e23
5.166630836280851e23
5.9829466831954415e23
6.823758079132504e23
7.688530285127508e23
8.576711977525058e23
9.487735518289947e23
1.0421017236080267e24
1.1375957717963913e24
1.235194211164241e24
1.3348340438047492e24
1.4364507914162812e24
1.5399785285922172e24
1.6453499171023097e24
1.752496241149459e24
1.8613474435843438e24
1.9718321630605261e24
2.083877772111474e24
2.197410416130359e24
2.3123550532332124e24
2.4286354949849117e24
2.546174447967382e24
2.6648935561684396e24
2.784713444169093e24
2.905553761107112e24
3.0273332253932255e24
3.1499696701566533e24
3.273380089395387e24
3.3974806848067763e24
3.5221869132728373e24
3.647413534974881e24
3.7730746621107856e24
3.8990838081885484e24
4.0253539378688593e24
4.151797517328882e24
4.2783265651195554e24
4.4048527034876015e24
4.531287210133692e24
4.6575410703774507e24
4.7835250296994885e24
4.909149646631009e24
5.034325345960245e24
5.158962472225479e24
5.282971343463552e24
5.406262305182886e24
5.528745784529518e24
5.650332344614394e24
5.770932738970265e24
5.890457966105889e24
6.008819324125425e24
6.125928465380328e24
6.241697451121455e24
6.356038806118336e24
6.468865573213113e24
6.580091367775665e24
6.689630432027564e24
6.797397689201284e24
6.903308797501698e24
7.007280203836873e24
7.1092291972848e24
7.209073962263139e24
7.306733631368938e24
7.402128337855062e24
7.495179267710825e24
7.5858087113137e24
7.673940114619584e24
7.75949812985902e24
7.842408665707032e24
7.922598936894331e24
7.999997513228075e24
8.07453436799009e24
8.14614092568142e24
8.214750109081737e24
8.280296385592646e24
8.342715812834289e24
8.401946083464917e24
8.457926569193305e24
8.5105983639547e24
8.559904326220472e24
8.605789120413332e24
8.64819925739915e24
8.68708313402753e24
8.722391071693837e24
8.754075353895155e24
8.78209026275425e24
8.806392114484678e24
8.826939293772417e24
8.843692287048249e24
8.856613714627102e24
8.865668361690094e24
8.870823208086225e24
8.872047456931269e24
8.869312561981469e24
8.862592253761204e24
8.851862564423399e24
8.837101851323346e24
8.818290819285869e24
8.795412541548007e24
8.768452479358719e24
8.737398500218692e24
8.702240894744197e24
8.662972392138526e24
8.619588174257234e24
8.57208588825196e24
8.520465657780655e24
8.464730092770838e24
8.404884297724618e24
8.340935878554948e24
8.272894947942335e24
8.200774129203825e24
8.124588558664982e24
8.044355886528514e24
7.960096276231833e24
7.871832402289085e24
7.779589446611882e24
7.683395093305233e24
7.583279521936177e24
7.479275399271869e24
7.371417869487423e24
7.259744542841765e24
7.144295482823618e24
7.025113191767749e24
6.902242594945466e24
6.775731023131573e24
6.645628193652662e24
6.511986189922533e24
6.374859439469723e24
6.234304690465873e24
6.090380986761375e24
5.943149641438954e24
5.792674208893796e24
5.639020455451595e24
5.48225632853695e24
5.322451924403339e24
5.159679454440094e24
4.994013210069084e24
4.8255295262483837e24
4.654306743597408e24
4.4804251691625716e24
4.3039670358400974e24
4.1250164604756236e24
3.943659400660992e24
3.759983610247524e24
3.574078593599206e24
3.3860355586062954e24
3.195947368484542e24
3.0039084923821785e24
2.810014954821445e24
2.6143642839989085e24
2.4170554589715432e24
2.218188855756578e24
2.0178661923715243e24
1.8161904728451345e24
1.6132659302267476e24
1.4091979686262755e24
1.204093104314092e24
9.980589059132122e23
7.912039337165519e23
5.8363767816073566e23
3.754704974919749e23
1.6681355465617715e23
-4.222124654980886e22
-2.515213260325077e23
-4.60973492623758e23
-6.704640099352498e23
-8.798786628081567e23
-1.0891028243195558e24
-1.2980215233092478e24
-1.5065195123864963e24
-1.714481336379802e24
-1.9217914011883349e24
-2.1283340429972082e24
-2.3339935978146382e24
-2.538654471291964e24
-2.7422012087851256e24
-2.9445185656158234e24
-3.145491577492528e24
-3.3450056310477114e24
-3.5429465344513866e24
-3.739200588056866e24
-3.9336546550380374e24
-4.1261962319750094e24
-4.316713519344873e24
-4.5050954918764296e24
-4.691231968724139e24
-4.875013683420292e24
-5.056332353560713e24
-5.235080750182689e24
-5.411152766790673e24
-5.584443487988102e24
-5.754849257672034e24
-5.922267746747294e24
-6.08659802031886e24
-6.247740604318387e24
-6.405597551524224e24
-6.560072506931167e24
-6.71107077242963e24
-6.858499370751179e24
-7.002267108640123e24
-7.142284639209712e24
-7.278464523441684e24
-7.410721290789936e24
-7.538971498846865e24
-7.663133792034217e24
-7.78312895927789e24
-7.898879990628981e24
-8.010312132792442e24
-8.117352943525147e24
-8.219932344867142e24
-8.317982675168191e24
-8.41143873987467e24
-8.500237861040234e24
-8.584319925526354e24
-8.663627431857574e24
-8.738105535698596e24
-8.80770209392011e24
-8.872367707220848e24
-8.932055761275083e24
-8.986722466374272e24
-9.036326895533483e24
-9.08083102103296e24
-9.120199749367185e24
-9.154400954573386e24
-9.183405509913389e24
-9.207187317882969e24
-9.225723338523663e24
-9.23899361601377e24
-9.24698130351487e24
-9.249672686252531e24
-9.24705720280974e24
-9.239127464613256e24
-9.225879273593879e24
-9.207311638002432e24
-9.183426786364685e24
-9.15423017955924e24
-9.119730521003489e24
-9.07993976493381e24
-9.034873122767398e24
-8.984549067534039e24
-8.928989336367405e24
-8.868218931046431e24
-8.802266116578433e24
-8.731162417817218e24
-8.654942614109734e24
-8.57364473196678e24
-8.487310035754119e24
-8.395983016401306e24
-8.299711378127248e24
-8.198546023182123e24
-8.092541034606709e24
-7.981753657011852e24
-7.866244275380788e24
-7.746076391899665e24
-7.621316600821548e24
-7.49203456137151e24
-7.358302968700633e24
-7.220197522898293e24
-7.077796896074194e24
-6.931182697520705e24
-6.780439436969809e24
-6.625654485957885e24
-6.466918037314573e24
-6.304323062791541e24
-6.137965268849769e24
-5.967943050623429e24
-5.794357444081172e24
-5.61731207640591e24
-5.436913114615075e24
-5.253269212445796e24
-5.066491455528636e24
-4.876693304876814e24
-4.6839905387167454e24
-4.4885011926887965e24
-4.290345498446995e24
-4.089645820687595e24
-3.886526592638499e24
-3.6811142500408175e24
-3.4735371636569823e24
-3.2639255703385366e24
-3.052411502690169e24
-2.839128717365106e24
-2.6242126220299466e24
-2.4078002010369765e24
-2.1900299398424977e24
-1.9710417482122514e24
-1.7509768822536243e24
-1.5299778653176552e24
-1.3081884078121762e24
-1.085753325970659e24
-8.628184596203104e23
-6.395305889942922e23
-4.160373506346694e23
-1.9248715243124715e23
3.0970912155099246e22
2.5418715063824256e23
4.770113587717803e23
6.9929290848575e23
9.208808364434861e23
1.1416239331701223e24
1.3613708327010245e24
1.579970102698616e24
1.7972703349868423e24
2.0131202364496665e24
2.2273687202425085e24
2.439864997261798e24
2.650458667820795e24
2.8589998134774805e24
3.0653390889592403e24
3.26932781413213e24
3.470818065958728e24
3.6696627703898203e24
3.865715794135969e24
4.0588320362625115e24
4.2488675195543105e24
4.435679481593306e24
4.619126465495288e24
4.7990684102489945e24
4.975366740603341e24
5.147884456447094e24
5.316486221625476e24
5.481038452139487e24
5.641409403672124e24
5.797469258387555e24
5.949090210948107e24
6.096146553695348e24
6.238514760941146e24
6.376073572314673e24
6.508704075112876e24
6.636289785600599e24
6.758716729208821e24
6.875873519577955e24
6.987651436395778e24
7.093944501977924e24
7.194649556541234e24
7.289666332119778e24
7.37889752507403e24
7.46224886714519e24
7.539629195005911e24
7.610950518260981e24
7.67612808585071e24
7.735080450811967e24
7.787729533351307e24
7.83400068218655e24
7.873822734113385e24
7.907128071754483e24
7.933852679450027e24
7.953936197248787e24
7.967321972960523e24
7.973957112230927e24
7.973792526601822e24
7.966782979520049e24
7.952887130259662e24
7.932067575723227e24
7.904290890089115e24
7.869527662272651e24
7.827752531170503e24
7.778944218658558e24
7.723085560314965e24
7.660163533841199e24
7.590169285155202e24
7.51309815213205e24
7.428949685968895e24
7.337727670152117e24
7.239440137006003e24
7.134099381803939e24
7.021721974423802e24
6.902328768531464e24
6.775944908276997e24
6.642599832489807e24
6.50232727636108e24
6.355165270601681e24
6.201156138067212e24
6.040346487841439e24
5.872787206772429e24
5.698533448455933e24
5.517644619662741e24
5.330184364208267e24
5.136220544263714e24
4.935825219110128e24
4.7290746213375573e24
4.516049130494175e24
4.296833244190171e24
4.071515546664547e24
3.8401886748226006e24
3.6029492817551904e24
3.359897997751279e24
3.11113938881666e24
2.856781912714744e24
2.5969378725445535e24
2.3317233678751465e24
2.0612582434546092e24
1.7856660355156055e24
1.5050739156995615e24
1.2196126326229049e24
9.294164511119785e23
6.34623089132103e23
3.35373652440627e23
3.1812566992356553e22
-2.7591249086989603e23
-5.876506664083945e23
-9.032480006318489e23
-1.2225475065500276e24
-1.5453892475052184e24
-1.871610417540991e24
-2.2010454237701677e24
-2.53352597069943e24
-2.868881146469887e24
-3.2069375109686747e24
-3.5475191857673184e24
-3.890447945841281e24
-4.23554331302202e24
-4.5826226511346806e24
-4.93150126277003e24
-5.28199248764149e24
-5.633907802473449e24
-5.987056922369882e24
-6.341247903606582e24
-6.69628724779422e24
-7.051980007354709e24
-7.408129892253354e24
-7.764539377930003e24
-8.121009814368288e24
-8.47734153624513e24
-8.833333974096967e24
-9.188785766443736e24
-9.543494872806477e24
-9.897258687555397e24
-1.024987415452546e25
-1.0601137882333347e25
-1.0950846260332113e25
-1.1298795575136138e25
-1.1644782127650864e25
-1.1988602350539602e25
-1.2330052926060462e25
-1.266893090420502e25
-1.3005033821069907e25
-1.333815981739344e25
-1.3668107757186883e25
-1.3994677346392255e25
-1.4317669251495002e25
-1.4636885218023737e25
-1.4952128188864848e25
-1.5263202422322956e25
-1.556991360985621e25
-1.5872068993415663e25
-1.6169477482318898e25
-1.6461949769586688e25
-1.674929844767241e25
-1.7031338123513967e25
-1.730788553283794e25
-1.7578759653645847e25
-1.784378181881257e25
-1.8102775827727767e25
-1.835556805691046e25
-1.8601987569528796e25
-1.8841866223755154e25
-1.907503877989007e25
-1.9301343006186164e25
-1.952061978330576e25
-1.9732713207345384e25
-1.993747069136122e25
-2.013474306533076e25
-2.032438467448518e25
-2.0506253475949665e25
-2.0680211133627948e25
-2.0846123111268967e25
-2.100385876365442e25
-2.1153291425846456e25
-2.1294298500436117e25
-2.1426761542733958e25
-2.1550566343844797e25
-2.1665603011570716e25
-2.177176604908625e25
-2.1868954431331704e25
-2.1957071679071293e25
-2.20360259305638e25
-2.2105730010795738e25
-2.2166101498226333e25
-2.2217062788997114e25
-2.225854115855835e25
-2.2290468820667563e25
-2.231278298371501e25
-2.232542590433431e25
-2.2328344938256123e25
-2.2321492588365334e25
-2.23048265499239e25
-2.227830975292131e25
-2.224191040151913e25
-2.2195602010554263e25
-2.213936343907052e25
-2.207317892084653e25
-2.199703809189292e25
-2.1910936014890336e25
-2.181487320054362e25
-2.170885562582905e25
-2.159289474911134e25
-2.146700752211247e25
-2.13312163987116e25
-2.1185549340562104e25
-2.103003981950914e25
-2.086472681679553e25
-2.0689654819046233e25
-2.050487381101971e25
-2.031043926512212e25
-2.010641212767589e25
-1.9892858801942233e25
-1.96698511278932e25
-1.9437466358736445e25
-1.9195787134192694e25
-1.8944901450531272e25
-1.868490262737049e25
-1.8415889271248932e25
-1.8137965235980525e25
-1.785123957980214e25
-1.7555826519331078e25
-1.7251845380344847e25
-1.6939420545404212e25
-1.661868139833678e25
-1.628976226560359e25
-1.595280235457353e25
-1.5607945688728151e25
-1.5255341039827837e25
-1.4895141857064848e25
-1.452750619323802e25
-1.4152596627979142e25
-1.3770580188067061e25
-1.3381628264867617e25
-1.2985916528934527e25
-1.2583624841815793e25
-1.2174937165103424e25
-1.1760041466774795e25
-1.1339129624866824e25
-1.0912397328534702e25
-1.0480043976540998e25
-1.0042272573226944e25
-9.599289622020183e24
-9.151305016529365e24
-8.698531929285715e24
-8.24118669818443e24
-7.779488710689221e24
-7.313660285855889e24
-6.843926554241404e24
-6.370515335757991e24
-5.893657015538653e24
-5.413584417881806e24
-4.930532678338785e24
-4.4447391140179204e24
-3.9564430921703137e24
-3.4658858971338235e24
-2.973310595703772e24
-2.4789619010059475e24
-1.9830860349484572e24
-1.485930589324595e24
-9.877443856487366e23
-4.887773337984875e23
1.0719710452933517e22
5.104950889385349e23
1.0102964855484215e24
1.509871071551313e24
2.008965651702601e24
2.507326811054169e24
3.004701062385657e24
3.500834994167615e24
3.995475418976275e24
4.488369522268864e24
4.979265011438213e24
5.467910265054815e24
5.954054482213047e24
6.437447831892085e24
6.91784160224236e24
7.394988349712765e24
7.868642047925816e24
8.338558236216558e24
8.804494167742311e24
9.266208957077827e24
9.72346372720585e24
1.0176021755812694e25
1.0623648620804014e25
1.106611234494771e25
1.150318353956036e25
1.193463554714454e25
1.2360244582893934e25
1.2779789874974558e25
1.3193053803498646e25
1.3599822038103315e25
1.3999883674046956e25
1.4393031366741127e25
1.4779061464629276e25
1.5157774140332466e25
1.552897351997464e25
1.5892467810608986e25
1.6248069425659916e25
1.6595595108302975e25
1.69348660527015e25
1.7265708023020105e25
1.7587951470140244e25
1.7901431645997187e25
1.8205988715466898e25
1.8501467865724612e25
1.878771941300496e25
1.9064598906690492e25
1.9331967230657142e25
1.9589690701809913e25
1.9837641165738132e25
2.0075696089426824e25
2.0303738650956652e25
2.0521657826132066e25
2.0729348471973123e25
2.092671140701352e25
2.111365348834532e25
2.1290087685353015e25
2.145593315008457e25
2.1611115284203214e25
2.1755565802471886e25
2.188922279271834e25
2.201203077223579e25
2.2123940740571567e25
2.2224910228661964e25
2.231490334427085e25
2.2393890813692586e25
2.2461850019682605e25
2.2518765035579116e25
2.2564626655584342e25
2.259943242117267e25
2.2623186643598082e25
2.263590042247392e25
2.2637591660399694e25
2.2628285073614737e25
2.2608012198656405e25
2.257681139500736e25
2.2534727843715047e25
2.2481813541971586e25
2.241812729364255e25
2.2343734695736697e25
2.22587081208113e25
2.2163126695308236e25
2.205707627382096e25
2.1940649409292843e25
2.1813945319150945e25
2.1677069847380872e25
2.1530135422551744e25
2.1373261011801246e25
2.120657207079552e25
2.1030200489678e25
2.08442845350264e25
2.0648968787838135e25
2.0444404077567033e25
2.023074741223683e25
2.0008161904659296e25
1.9776816694786623e25
1.9536886868231846e25
1.9288553370990685e25
1.9032002920403208e25
1.876742791239441e25
1.8495026325035889e25
1.821500161847274e25
1.7927562631262305e25
1.7632923473173303e25
1.733130341449732e25
1.7022926771924582e25
1.6708022791040709e25
1.638682552550151e25
1.6059573712946019e25
1.5726510647709298e25
1.538788405039974e25
1.5043945934406002e25
1.4694952469403071e25
1.4341163841926428e25
1.3982844113086813e25
1.3620261073500213e25
1.3253686095507966e25
1.2883393982765913e25
1.250966281728125e25
1.2132773803978923e25
1.1753011112881175e25
1.1370661718983672e25
1.0986015239916312e25
1.0599363771475303e25
1.0211001721117405e25
9.82122563950628e24
9.430334050204183e24
9.038627277603177e24
8.646407273190397e24
8.253977440244575e24
7.861642457061411e24
7.469708098807382e24
7.078481058101252e24
6.688268764425805e24
6.299379202470462e24
5.912120729510524e24
5.526801891924526e24
5.143731240956661e24
4.763217147829683e24
4.3855676183144197e24
4.0110901068640394e24
3.6400913304201306e24
3.272877081999539e24
2.9097520441712026e24
2.5510196025316474e24
2.196981659289458e24
1.8479384470685445e24
1.5041883430408962e24
1.1660276834986532e24
8.337505789770344e23
5.0764873003737705e23
1.8801124382302487e23
-1.2487554850374676e23
-4.307282733315664e23
-7.292666950672153e23
-1.0202138953901339e24
-1.3032964511846022e24
-1.578244611040413e24
-1.8447924702137306e24
-2.1026781439388704e24
-2.351643938985058e24
-2.5914365233499226e24
-2.8218070939843136e24
-3.0425115424427885e24
-3.253310618355434e24
-3.453970090617717e24
-3.6442609061948403e24
-3.8239593464406106e24
-3.9928471808291435e24
-4.150711818000949e24
-4.2973464540251653e24
-4.4325502177812803e24
-4.556128313365347e24
-4.667892159426623e24
-4.7676595253422033e24
-4.855254664139046e24
-4.930508442074407e24
-4.993258464786388e24
-5.043349199929803e24
-5.080632096212534e24
-5.104965698750289e24
-5.116215760660468e24
-5.114255350814641e24
-5.098964957675911e24
-5.070232589144377e24
-5.027953868340496e24
-4.972032125254683e24
-4.90237848419598e24
-4.818911946974609e24
-4.721559471753652e24
-4.6102560475105014e24
-4.4849447640476315e24
-4.345576877498531e24
-4.1921118712724923e24
-4.0245175123896427e24
-3.8427699031552194e24
-3.646853528127771e24
-3.4367612963387434e24
-3.2124945787198836e24
-2.974063240703574e24
-2.72148566995698e24
-2.454788799220732e24
-2.174008124218478e24
-1.8791877166136116e24
-1.57038023198578e24
-1.2476469128066954e24
-9.110575863977153e23
-5.6069065785030456e23
-1.966330979002003e23
1.8101957425890156e23
5.721633132251144e23
9.766855747092232e23
1.3944653479264425e24
1.8253731930560077e24
2.2692712837673226e24
2.7260134548006616e24
3.195445254596263e24
3.6774040029535264e24
4.171718853708343e24
4.6782108624043045e24
5.19669305893891e24
5.726970525157528e24
6.268840477365073e24
6.822092353727655e24
7.386507906524687e24
7.961861299219166e24
8.547919208300334e24
9.144440929860769e24
9.751178490856371e24
1.0367876765004052e25
1.099427359326379e25
1.1630099908848033e25
1.2275079866705218e25
1.2928930977411333e25
1.3591364245411953e25
1.4262084311542906e25
1.4940789599765695e25
1.5627172468043678e25
1.6320919363283752e25
1.7021710980270897e25
1.7729222424510613e25
1.8443123378903364e25
1.916307827416045e25
1.9888746462880664e25
2.0619782397192536e25
2.1355835809874865e25
2.209655189886027e25
2.2841571515023047e25
2.3590531353157797e25
2.4343064146042077e25
2.5098798861486457e25
2.5857360902261117e25
2.661837230879743e25
2.7381451964550736e25
2.8146215803917495e25
2.891227702259254e25
2.967924629024994e25
3.0446731965436374e25
3.1214340312552476e25
3.198167572081018e25
3.2748340925037227e25
3.3513937228213162e25
3.4278064725609526e25
3.504032253040791e25
3.580030900067394e25
3.6557621967553538e25
3.731185896456888e25
3.8062617457878293e25
3.880949507737457e25
3.955208984848525e25
4.029000042454598e25
4.102282631961234e25
4.1750168141574076e25
4.247162782544156e25
4.318680886666401e25
4.389531655434955e25
4.459675820424489e25
4.529074339134484e25
4.597688418198935e25
4.66547953653155e25
4.732409468392653e25
4.7984403063639085e25
4.8635344842176866e25
4.9276547996668685e25
4.99076443698198e25
5.052826989461681e25
5.113806481743362e25
5.1736673919402405e25
5.232374673591426e25
5.289893777411877e25
5.3461906728285945e25
5.401231869290273e25
5.454984437336793e25
5.507416029416116e25
5.55849490043509e25
5.608189928031848e25
5.656470632556883e25
5.703307196750216e25
5.748670485102499e25
5.792532062887477e25
5.8348642148539945e25
5.8756399635653554e25
5.914833087374478e25
5.952418138023028e25
5.988370457853281e25
6.022666196621411e25
6.055282327901133e25
6.086196665066975e25
6.115387876846427e25
6.142835502430721e25
6.168519966133899e25
6.192422591590362e25
6.214525615481141e25
6.234812200779372e25
6.253266449505883e25
6.269873414985799e25
6.284619113597609e25
6.2974905360061485e25
6.308475657871433e25
6.3175634500254296e25
6.324743888109192e25
6.330007961663052e25
6.3333476826629135e25
6.334756093495868e25
6.334227274368854e25
6.3317563501441356e25
6.3273394965959875e25
6.320973946082985e25
6.312657992630925e25
6.302390996421448e25
6.290173387681948e25
6.276006669972711e25
6.259893422867307e25
6.241837304023005e25
6.2218430506378904e25
6.1999164802921e25
6.176064491170653e25
6.150295061665798e25
6.1226172493573654e25
6.093041189369451e25
6.061578092102809e25
6.028240240341977e25
5.993040985737178e25
5.955994744660794e25
5.917116993439198e25
5.8764242629604225e25
5.833934132659108e25
5.7896652238802525e25
5.743637192623469e25
5.695870721670422e25
5.646387512097624e25
5.595210274178122e25
5.542362717674932e25
5.4878695415304504e25
5.4317564229556014e25
5.374050005923299e25
5.314777889071217e25
5.253968613018691e25
5.191651647103755e25
5.127857375545695e25
5.062617083039926e25
4.995962939791283e25
4.927927985992918e25
4.858546115758254e25
4.787852060513092e25
4.715881371856548e25
4.642670403898356e25
4.5682562950819165e25
4.4926769495012905e25
4.415971017722106e25
4.338177877115459e25
4.2593376117148235e25
4.179490991606494e25
4.098679451863449e25
4.016945071034169e25
3.9343305491967256e25
3.8508791855903158e25
3.7666348558351006e25
3.6816419887530393e25
3.595945542801304e25
3.5095909821309365e25
3.422624252283846e25
3.3350917555402765e25
3.247040325930893e25
3.158517203926026e25
3.069570010816559e25
2.980246722799686e25
2.890595644783878e25
2.8006653839276506e25
2.7105048229259334e25
2.620163093059564e25
2.5296895470219035e25
2.439133731538496e25
2.34854535979406e25
2.257974283683061e25
2.1674704658986605e25
2.077083951875913e25
1.986864841605404e25
1.8968632613323351e25
1.8071293351580707e25
1.7177131565593024e25
1.6286647598419424e25
1.5400340915451399e25
1.4518709818126412e25
1.364225115747246e25
1.2771460047651095e25
1.1906829579667156e25
1.1048850535403887e25
1.0198011102158275e25
9.354796587833693e24
8.519689136964984e24
7.693167447735276e24
6.875706490153285e24
6.067777225560553e24
5.269846327626579e24
4.4823759050062e24
3.7058232258153993e24
2.94064044409802e24
2.1872743284388913e24
1.4461659928939282e24
7.177506303928352e23
2.457248777828525e21
-6.992915903591756e23
-1.3870800298885186e24
-2.0604991722388338e24
-2.719147331228831e24
-3.3626302804724986e24
-3.9905614982123875e24
-4.602562408422152e24
-5.198262618034557e24
-5.777300150144646e24
-6.339321673039994e24
-6.883982724919769e24
-7.410947934153648e24
-7.919891234948232e24
-8.410496078276691e24
-8.882455637942057e24
-9.335473011639463e24
-9.76926141688518e24
-1.0183544381690232e25
-1.0578055929847514e25
-1.0952540760716925e25
-1.1306754423383163e25
-1.1640463485075616e25
-1.1953445693732822e25
-1.224549013460415e25
-1.251639738078124e25
-1.2765979637553344e25
-1.2994060880490599e25
-1.3200476987152726e25
-1.3385075862335085e25
-1.3547717556756788e25
-1.3688274379109083e25
-1.3806631001376594e25
-1.3902684557355912e25
-1.3976344734294118e25
-1.402753385757466e25
-1.4056186968385631e25
-1.406225189430271e25
-1.404568931272953e25
-1.4006472807138575e25
-1.3944588916059399e25
-1.386003717476799e25
-1.3752830149631267e25
-1.362299346506943e25
-1.3470565823097813e25
-1.3295599015419577e25
-1.309815792803943e25
-1.2878320538378124e25
-1.263617790486659e25
-1.2371834149007583e25
-1.2085406429893763e25
-1.1777024911176254e25
-1.1446832720484332e25
-1.109498590129562e25
-1.072165335727064e25
-1.03270167890561e25
-9.911270623579172e24
-9.474621935850469e24
-9.017290363302177e24
-8.539508012690194e24
-8.041519359594618e24
-7.523581140556745e24
-6.985962237895449e24
-6.428943557249827e24
-5.852817897899733e24
-5.257889815919893e24
-4.644475480227691e24
-4.0129025215889363e24
-3.363509874650708e24
-2.69664761307181e24
-2.0126767778336077e24
-1.3119691988048903e24
-5.9490730965176984e23
1.3811604382008413e23
8.866978017970641e23
1.6504248949658713e24
2.428874455295955e24
3.2216140329922635e24
4.028201819507352e24
4.848186876501382e24
5.681109370631682e24
6.526500814052883e24
7.383884310501881e24
8.252774806840858e24
9.132679349929096e24
1.0023097348681862e25
1.092352084118856e25
1.1833434766740188e25
1.2752317242626346e25
1.3679639845551592e25
1.4614867897521899e25
1.5557460756046834e25
1.6506872108500107e25
1.7462550270480642e25
1.8423938488009683e25
1.939047524340136e25
2.0361594564636897e25
2.1336726338074897e25
2.2315296624322857e25
2.329672797709698e25
2.4280439764895254e25
2.5265848495297292e25
2.6252368141721104e25
2.7239410472444895e25
2.8226385381714038e25
2.9212701222744653e25
3.01977651424379e25
3.1180983417613278e25
3.21617617925725e25
3.3139505817800703e25
3.4113621189611305e25
3.5083514090542316e25
3.6048591530306438e25
3.700826168710122e25
3.796193424908104e25
3.890902075579396e25
3.98489349393884e25
4.078109306538409e25
4.170491427281887e25
4.261982091356502e25
4.352523889062043e25
4.44205979951742e25
4.530533224225018e25
4.617888020472864e25
4.704068534555022e25
4.789019634790402e25
4.872686744320409e25
4.955015873665889e25
5.035953653023855e25
5.115447364284734e25
5.193444972750724e25
5.269895158536523e25
5.344747347632712e25
5.417951742613853e25
5.489459352971995e25
5.5592220250573176e25
5.627192471607547e25
5.693324300848041e25
5.757572045144578e25
5.81989118919119e25
5.880238197715509e25
5.938570542684391e25
5.994846729992854e25
6.049026325619532e25
6.10106998123224e25
6.150939459227351e25
6.19859765718722e25
6.244008631740002e25
6.287137621806368e25
6.327951071218528e25
6.366416650696573e25
6.402503279168032e25
6.4361811444164994e25
6.4674217230459625e25
6.496197799747293e25
6.522483485854343e25
6.546254237176856e25
6.567486871098388e25
6.586159582927291e25
6.602251961489572e25
6.61574500395286e25
6.626621129870736e25
6.634864194437752e25
6.640459500945262e25
6.643393812428994e25
6.643655362499808e25
6.641233865349088e25
6.636120524921414e25
6.628308043246652e25
6.617790627925195e25
6.604563998759417e25
6.58862539352602e25
6.569973572883285e25
6.548608824408898e25
6.5245329657634715e25
6.497749346976021e25
6.468262851848209e25
6.436079898473879e25
6.401208438872303e25
6.3636579577322394e25
6.323439470266536e25
6.280565519175411e25
6.235050170718895e25
6.186909009898043e25
6.1361591347458e25
6.082819149729076e25
6.026909158263044e25
5.968450754340854e25
5.907467013280588e25
5.843982481593702e25
5.778023165978048e25
5.709616521440151e25
5.6387914385518685e25
5.565578229846125e25
5.490008615358575e25
5.412115707320555e25
5.331933994011389e25
5.249499322776369e25
5.164848882219418e25
5.078021183578048e25
4.989056041289903e25
4.897994552760677e25
4.804879077342469e25
4.709753214534099e25
4.61266178141314e25
4.513650789312201e25
4.412767419750137e25
4.31005999963164e25
4.205577975727093e25
4.099371888446196e25
3.991493344919502e25
3.881994991400976e25
3.7709304850073024e25
3.658354464807663e25
3.544322522280606e25
3.4288911711527593e25
3.3121178166360106e25
3.1940607240801105e25
3.074778987056659e25
2.9543324948930683e25
2.8327818996728843e25
2.7101885827218477e25
2.5866146205967655e25
2.4621227505972043e25
2.336776335818046e25
2.2106393297626528e25
2.083776240536817e25
1.956252094642332e25
1.8281324003917858e25
1.6994831109637618e25
1.5703705871205568e25
1.440861559608121e25
1.3110230912607795e25
1.1809225388311985e25
1.0506275145676997e25
9.202058475612805e24
7.897255448833584e24
6.592547525378368e24
5.288617162485668e24
3.986147421061078e24
2.685821570954536e24
1.3883226952795554e24
9.433329400932988e22
-1.1954651129317659e24
-2.4803923828356444e24
-3.7597701474187227e24
-5.03292220982483e24
-6.299174941202632e24
-7.557857676611742e24
-8.808303110033744e24
-1.0049847688250583e25
-1.1281832003352773e25
-1.2503601183653813e25
-1.3714505282765854e25
-1.4913899666616606e25
-1.6101145398163205e25
-1.727560961958467e25
-1.8436665931710248e25
-1.9583694770465204e25
-2.071608378010167e25
-2.1833228182984588e25
-2.2934531145717124e25
-2.4019404141370537e25
-2.508726730760882e25
-2.6137549800476954e25
-2.716969014364389e25
-2.81831365728814e25
-2.917734737556185e25
-3.0151791224972417e25
-3.1105947509227154e25
-3.2039306654581805e25
-3.2951370442937774e25
-3.3841652323345842e25
-3.4709677717302683e25
-3.5554984317654595e25
-3.637712238091397e25
-3.7175655012799695e25
-3.7950158446824463e25
-3.870022231574046e25
-3.942544991567601e25
-4.012545846278308e25
-4.079987934223446e25
-4.144835834939992e25
-4.207055592304661e25
-4.266614737040624e25
-4.323482308395475e25
-4.3776288749764705e25
-4.4290265547279644e25
-4.47764903403814e25
-4.5234715859610615e25
-4.5664710875417865e25
-4.606626036232014e25
-4.643916565384416e25
-4.678324458814746e25
-4.709833164420499e25
-4.738427806846433e25
-4.764095199186774e25
-4.7868238537154564e25
-4.806603991635381e25
-4.8234275518390035e25
-4.8372881986726806e25
-4.848181328697723e25
-4.856104076442209e25
-4.861055319137318e25
-4.863035680433632e25
-4.8620475330922356e25
-4.85809500064713e25
-4.851183958035218e25
-4.8413220311913864e25
-4.828518595606308e25
-4.812784773845438e25
-4.794133432028341e25
-4.77257917526785e25
-4.748138342069476e25
-4.720828997691806e25
-4.690670926469474e25
-4.657685623100766e25
-4.621896282902621e25
-4.583327791036309e25
-4.542006710707699e25
-4.497961270346945e25
-4.451221349772379e25
-4.401818465344638e25
-4.349785754117451e25
-4.295157956991937e25
-4.237971400882132e25
-4.1782639798999665e25
-4.116075135568397e25
-4.051445836072249e25
-3.984418554556593e25
-3.915037246483448e25
-3.843347326057701e25
-3.7693956417342844e25
-3.6932304508186806e25
-3.614901393173736e25
-3.534459464046135e25
-3.4519569860267756e25
-3.367447580159201e25
-3.2809861362113423e25
-3.1926287821263003e25
-3.102432852668046e25
-3.0104568572787637e25
-2.91676044716515e25
-2.821404381630953e25
-2.7244504936742934e25
-2.625961654867957e25
-2.526001739542158e25
-2.4246355882888488e25
-2.3219289708080472e25
-2.217948548116208e25
-2.1127618341374623e25
-2.006437156699673e25
-1.8990436179558305e25
-1.790651054253946e25
-1.6813299954770585e25
-1.571151623876794e25
-1.460187732423164e25
-1.3485106826942917e25
-1.2361933623300845e25
-1.1233091420735619e25
-1.0099318324248323e25
-8.961356399318891e24
-7.819951231438531e24
-6.675851482513034e24
-5.529808444398602e24
-4.382575589822939e24
-3.234908120951437e24
-2.0875625158676333e24
-9.4129607321922e23
2.031335446928627e23
1.3449687701242664e24
2.4834525891205106e24
3.61782900151044e24
4.7473434813828324e24
5.871243437779246e24
6.988778675328592e24
8.099201854548087e24
9.201768951541904e24
1.0295739716817159e25
1.1380378132949364e25
1.2454952870817101e25
1.351873774413621e25
1.4571012162019742e25
1.5611061579283827e25
1.663817794423774e25
1.7651660143675713e25
1.8650814444807675e25
1.9634954933852707e25
2.0603403951032824e25
2.1555492521694213e25
2.249056078329534e25
2.3407958407996146e25
2.43070450205854e25
2.518719061149028e25
2.604777594460629e25
2.688819295969736e25
2.770784516910871e25
2.8506148048548913e25
2.9282529421686613e25
3.003642983832612e25
3.0767302945916642e25
3.1474615854157773e25
3.215784949247077e25
3.2816498960101266e25
3.345007386863136e25
3.4058098676674486e25
3.4640113016538086e25
3.519567201263822e25
3.572434659145548e25
3.6225723782829485e25
3.669940701238768e25
3.7145016384915717e25
3.756218895847506e25
3.795057900908485e25
3.8309858285783007e25
3.8639716255894316e25
3.893986034033291e25
3.921001613877377e25
3.9449927644535124e25
3.96593574490161e25
3.983808693554319e25
3.998591646248162e25
4.010266553547671e25
4.01881729686941e25
4.0242297034935235e25
4.026491560451011e25
4.025592627275596e25
4.021524647609673e25
4.014281359654471e25
4.003858505455267e25
3.990253839013087e25
3.973467133215055e25
3.9535001855761464e25
3.9303568227859794e25
3.9040429040546425e25
3.874566323252645e25
3.8419370098403717e25
3.8061669285835234e25
3.7672700780513354e25
3.7252624878954795e25
3.6801622149078942e25
3.6319893378567476e25
3.580765951100469e25
3.526516156980227e25
3.46926605699233e25
3.4090437417425155e25
3.345879279684863e25
3.279804704648704e25
3.2108540021579826e25
3.1390630945476905e25
3.064469824883157e25
2.98711393968867e25
2.9070370704921802e25
2.824282714194332e25
2.7388962122698413e25
2.650924728810938e25
2.560417227422404e25
2.4674244469789928e25
2.3719988762567553e25
2.2741947274498707e25
2.1740679085861027e25
2.071675994854112e25
1.9670781988567253e25
1.8603353398047437e25
1.7515098116671156e25
1.6406655502930857e25
1.5278679995232282e25
1.4131840763069366e25
1.2966821348438265e25
1.1784319297683194e25
1.0585045783959578e25
9.369725220519444e24
8.139094865016578e24
6.893904415048139e24
5.634915595143251e24
4.3629017354201507e24
3.078647342146309e24
1.7829476604209907e24
4.7660822923005246e23
-8.395555708938282e23
-2.1647189773503087e24
-3.49804831184342e24
-4.83870145338679e24
-6.18582831767813e24
-7.538571342582157e24
-8.896065979446208e24
-1.0257441189974808e25
-1.1621819948389987e25
-1.2988319748585897e25
-1.4356053115998784e25
-1.5724128123896794e25
-1.7091648913806244e25
-1.845771621976296e25
-1.982142789610202e25
-2.1181879448481394e25
-2.2538164567828294e25
-2.388937566690775e25
-2.5234604419198166e25
-2.6572942299768897e25
-2.7903481127837495e25
-2.9225313610694714e25
-3.0537533888683866e25
-3.1839238080906937e25
-3.3129524831344777e25
-3.440749585506455e25
-3.567225648419886e25
-3.692291621336556e25
-3.8158589244211147e25
-3.937839502875079e25
-4.058145881118227e25
-4.176691216784995e25
-4.293389354503274e25
-4.408154879423834e25
-4.520903170467422e25
-4.6315504532578885e25
-4.740013852708837e25
-4.846211445232371e25
-4.9500623105375214e25
-5.051486582986932e25
-5.150405502480575e25
-5.246741464834664e25
-5.340418071625061e25
-5.431360179464302e25
-5.519493948681312e25
-5.604746891373935e25
-5.687047918803839e25
-5.766327388104363e25
-5.842517148271602e25
-5.915550585409881e25
-5.985362667202761e25
-6.051889986581389e25
-6.115070804562093e25
-6.174845092225772e25
-6.231154571812051e25
-6.283942756901423e25
-6.333154991659301e25
-6.378738489116254e25
-6.420642368459154e25
-6.458817691308783e25
-6.493217496959248e25
-6.523796836556288e25
-6.550512806190741e25
-6.5733245788851466e25
-6.592193435451469e25
-6.607082794198465e25
-6.61795823946838e25
-6.624787548982634e25
-6.627540719977408e25
-6.626189994109946e25
-6.620709881118011e25
-6.6110771812150045e25
-6.5972710062036055e25
-6.579272799292685e25
-6.557066353601742e25
-6.530637829338588e25
-6.499975769636084e25
-6.46507111503557e25
-6.4259172166043225e25
-6.382509847675166e25
-6.334847214198353e25
-6.282929963695029e25
-6.226761192803769e25
-6.166346453410875e25
-6.101693757358113e25
-6.032813579720187e25
-5.9597188606467605e25
-5.882425005762999e25
-5.800949885125479e25
-5.715313830729624e25
-5.625539632565358e25
-5.531652533220548e25
-5.433680221030337e25
-5.331652821773109e25
-5.225602888912698e25
-5.115565392390002e25
-5.0015777059658425e25
-4.883679593117648e25
-4.7619131914957955e25
-4.636322995943406e25
-4.506955840086462e25
-4.373860876499742e25
-4.2370895554578244e25
-4.096695602278942e25
-3.952734993270087e25
-3.8052659302854323e25
-3.654348813907476e25
-3.500046215264077e25
-3.3424228464923056e25
-3.181545529864773e25
-3.0174831655910644e25
-2.8503066983107632e25
-2.6800890822921953e25
-2.506905245355786e25
-2.3308320515385697e25
-2.1519482625171687e25
-1.9703344978104644e25
-1.786073193780041e25
-1.5992485614503965e25
-1.4099465431683865e25
-1.2182547681262816e25
-1.0242625067701609e25
-8.280606241161639e24
-6.297415320010203e24
-4.2939914028994347e24
-2.2712880706891906e24
-2.30272878456336e23
1.828073162116118e24
3.9027561097059744e24
5.992769629405607e24
8.097095537548947e24
1.02147043550404e25
1.2344555868869309e25
1.448559970152714e25
1.6636775887990077e25
1.8797015459972912e25
2.0965241037117054e25
2.3140367424810322e25
2.5321302218279423e25
2.7506946412636017e25
2.9696195018547116e25
3.188793768316131e25
3.408105931596533e25
3.627444071920329e25
3.846695922252605e25
4.0657489321486135e25
4.284490331952945e25
4.502807197313201e25
4.720586513968813e25
4.937715242780262e25
5.1540803849598155e25
5.369569047468624e25
5.5840685085398385e25
5.7974662832913315e25
6.009650189391158e25
6.220508412735236e25
6.429929573101127e25
6.637802789738112e25
6.844017746857315e25
7.048464758980857e25
7.251034836113788e25
7.451619748698773e25
7.6501120923173495e25
7.84640535209686e25
8.040393966786027e25
8.231973392462226e25
8.421040165829873e25
8.607491967074157e25
8.791227682230748e25
8.97214746503613e25
9.150152798218553e25
9.325146554193818e25
9.497033055130042e25
9.66571813234244e25
9.831109184983761e25
9.99311523799303e25
1.0151646999268686e26
1.0306616916028666e26
1.045793923032357e26
1.0605530033669333e26
1.0749307320763252e26
1.0889191042251401e26
1.102510315651303e26
1.1156967680430869e26
1.1284710739112995e26
1.1408260614536464e26
1.1527547793080007e26
1.1642505011917155e26
1.175306730423767e26
1.1859172043268993e26
1.1960758985069644e26
1.2057770310064712e26
1.2150150663297516e26
1.223784719336946e26
1.2320809590043503e26
1.2398990120484074e26
1.2472343664109668e26
1.2540827746034908e26
1.2604402569077322e26
1.2663031044307743e26
1.2716678820121758e26
1.276531430981289e26
1.280890871762563e26
1.2847436063270217e26
1.2880873204881398e26
1.2909199860402302e26
1.2932398627378066e26
1.2950455001142618e26
1.2963357391384921e26
1.2971097137079397e26
1.2973668519768665e26
1.2971068775185698e26
1.2963298103205248e26
1.2950359676113201e26
1.2932259645185278e26
1.2909007145566836e26
1.2880614299446285e26
1.2847096217515604e26
1.2808470998712642e26
1.2764759728241344e26
1.2715986473865634e26
1.2662178280475017e26
1.2603365162920717e26
1.2539580097121275e26
1.2470859009438808e26
1.239724076432702e26
1.2318767150254116e26
1.2235482863903618e26
1.214743549265805e26
1.2054675495371113e26
1.1957256181434832e26
1.1855233688149038e26
1.1748666956402822e26
1.1637617704676196e26
1.1522150401373605e26
1.1402332235500457e26
1.1278233085695492e26
1.1149925487632418e26
1.10174845998054e26
1.0880988167714138e26
1.0740516486464729e26
1.0596152361804034e26
1.0447981069605867e26
1.029609031382838e26
1.0140570182962915e26
9.981513104995623e25
9.819013800903595e25
9.653169236709593e25
9.484078574117821e25
9.311843119756678e25
9.136566273053792e25
8.958353472769767e25
8.777312142218173e25
8.593551633200066e25
8.40718316868168e25
8.218319784245531e25
8.027076268345344e25
7.833569101396212e25
7.637916393731917e25
7.440237822462624e25
7.240654567266368e25
7.03928924514842e25
6.83626584420339e25
6.631709656416841e25
6.425747209540868e25
6.218506198081711e25
6.010115413436768e25
5.800704673218785e25
5.590404749806185e25
5.379347298158225e25
5.1676647829353284e25
4.955490404964421e25
4.742958027089765e25
4.530202099450955e25
4.317357584229185e25
4.104559879904099e25
3.891944745063126e25
3.679648221806706e25
3.467806558791524e25
3.256556133956525e25
3.0460333769736945e25
2.8363746914688456e25
2.6277163770560715e25
2.420194551230077e25
2.2139450711614096e25
2.009103455439123e25
1.8058048058054505e25
1.6041837289280773e25
1.4043742582545822e25
1.2065097759945582e25
1.0107229352741564e25
8.17145582508756e24
6.259086800386012e24
4.3714222907228506e24
2.509751929842061e24
6.753542100938187e23
-1.1305042761816819e24
-2.906569590396211e24
-4.6516011961313883e24
-6.364372701792006e24
-8.043672597052216e24
-9.688304982657762e24
-1.1297090293147405e25
-1.2868866012061378e25
-1.4402487379207875e25
-1.5896828089561686e25
-1.73507809833732e25
-1.8763258727069832e25
-2.0133194484535928e25
-2.1459542578366662e25
-2.2741279140680285e25
-2.3977402753104953e25
-2.5166935075535635e25
-2.6308921463276306e25
-2.7402431572186365e25
-2.844655995145109e25
-2.944042662361121e25
-3.0383177651483035e25
-3.127398569161677e25
-3.2112050533937758e25
-3.289659962723293e25
-3.3626888590145296e25
-3.43022017073451e25
-3.4921852410563653e25
-3.548518374417189e25
-3.599156881500824e25
-3.6440411226143347e25
-3.6831145494316144e25
-3.7163237450749478e25
-3.743618462507547e25
-3.764951661211876e25
-3.780279542127877e25
-3.7895615808276464e25
-3.79276055890242e25
-3.7898425935407266e25
-3.7807771652760906e25
-3.7655371438833763e25
-3.7440988124058808e25
-3.7164418892939325e25
-3.682549548638707e25
-3.6424084384842967e25
-3.596008697203862e25
-3.5433439679256883e25
-3.484411410996596e25
-3.419211714469987e25
-3.3477491026094097e25
-3.2700313423975753e25
-3.1860697480414967e25
-3.095879183468378e25
-2.9994780628047164e25
-2.8968883488348365e25
-2.7881355494334856e25
-2.673248711971842e25
-2.5522604156946413e25
-2.4252067620670603e25
-2.292127363094442e25
-2.1530653276151566e25
-2.008067245571056e25
-1.8571831702583462e25
-1.700466598566459e25
-1.5379744492108456e25
-1.3697670389663213e25
-1.1959080569125634e25
-1.0164645366999962e25
-8.315068268490692e24
-6.411085590933616e24
-4.4534661478299733e24
-2.4430108936110887e24
-3.805525493108579e23
1.7330447907053869e24
3.896886070744653e24
6.110045704340913e24
8.371568023169244e24
1.0680467744073921e25
1.3035730454007232e25
1.5436313112621994e25
1.7881144572294252e25
2.0369126115285947e25
2.289913200779186e25
2.547001007060501e25
2.808058226607891e25
3.0729645301112136e25
3.341597124582445e25
3.6138308167631444e25
3.889538078035537e25
4.168589110804782e25
4.45085191631915e25
4.736192363889157e25
5.024474261471454e25
5.315559427578339e25
5.609307764476905e25
5.9055773326354e25
6.204224426379447e25
6.50510365071532e25
6.808067999281515e25
7.112968933382993e25
7.419656462066658e25
7.7279792231959755e25
8.037784565477042e25
8.34891863139383e25
8.661226441004925e25
8.974551976558348e25
9.288738267874203e25
9.603627478449673e25
9.919060992239507e25
1.023487950106102e26
1.0550923092577026e26
1.0867031338805619e26
1.1183043385109779e26
1.1498798039613531e26
1.181413386299575e26
1.212888925861245e26
1.2442902562893216e26
1.2756012135963249e26
1.3068056452437417e26
1.3378874192337252e26
1.3688304332075599e26
1.3996186235459447e26
1.430235974465698e26
1.4606665271078666e26
1.4908943886117499e26
1.5209037411697086e26
1.5506788510576775e26
1.5802040776358324e26
1.609463882314441e26
1.638442837479493e26
1.6671256353731297e26
1.6954970969234053e26
1.723542180518329e26
1.7512459907191735e26
1.778593786907631e26
1.8055709918619513e26
1.8321632002568162e26
1.8583561870821296e26
1.8841359159754704e26
1.9094885474633333e26
1.9344004471064e26
1.9588581935436718e26
1.982848586430872e26
2.006358654268161e26
2.029375662112664e26
2.051887119170868e26
2.0738807862665026e26
2.0953446831791944e26
2.1162670958496085e26
2.1366365834464402e26
2.1564419852910258e26
2.1756724276353887e26
2.1943173302893213e26
2.2123664130925667e26
2.229809702227946e26
2.2466375363716e26
2.2628405726763414e26
2.278409792584415e26
2.293336507466029e26
2.3076123640799348e26
2.3212293498526686e26
2.334179797972975e26
2.3464563922982065e26
2.3580521720693884e26
2.3689605364319037e26
2.3791752487588622e26
2.3886904407741568e26
2.397500616472536e26
2.405600655833961e26
2.4129858183297728e26
2.4196517462181516e26
2.4255944676266194e26
2.430810399419352e26
2.4352963498472565e26
2.4390495209788065e26
2.4420675109098528e26
2.4443483157506696e26
2.445890331388667e26
2.446692355025287e26
2.4467535864857994e26
2.446073629300733e26
2.4446524915579287e26
2.442490586524237e26
2.4395887330360472e26
2.435948155658001e26
2.431570484609299e26
2.4264577554572495e26
2.420612408577688e26
2.414037288382219e26
2.4067356423122258e26
2.398711119599735e26
2.3899677697954774e26
2.3805100410644648e26
2.370342778249683e26
2.3594712207044592e26
2.3479009998944387e26
2.3356381367699933e26
2.3226890389102205e26
2.3090604974396218e26
2.294759683718928e26
2.2797941458114965e26
2.2641718047267722e26
2.2479009504427687e26
2.2309902377092258e26
2.2134486816336137e26
2.1952856530519142e26
2.1765108736866477e26
2.1571344110944388e26
2.1371666734055157e26
2.116618403858014e26
2.095500675129638e26
2.073824883469734e26
2.0516027426345523e26
2.028846277629089e26
2.00556781825861e26
1.9817799924931325e26
1.9574957196485308e26
1.9327282033877318e26
1.9074909245457627e26
1.8817976337823062e26
1.8556623440659293e26
1.829099322993791e26
1.8021230849511198e26
1.7747483831144636e26
1.7469902013032926e26
1.7188637456842778e26
1.690384436332588e26
1.6615678986551327e26
1.6324299546801717e26
1.6029866142182904e26
1.5732540658993312e26
1.5432486680905508e26
1.5129869397008494e26
1.4824855508761078e26
1.451761313591018e26
1.4208311721424655e26
1.389712193549946e26
1.3584215578681318e26
1.326976548417352e26
1.2953945419373293e26
1.2636929986695709e26
1.2318894523743538e26
1.2000015002876793e26
1.1680467930241036e26
1.1360430244309172e26
1.1040079213997973e26
1.0719592336414856e26
1.0399147234295293e26
1.0078921553187368e26
9.759092858445259e25
9.43983853208991e25
9.121335669594503e25
8.803760976657945e25
8.487290666023221e25
8.172100354402686e25
7.858364959567372e25
7.54625859766366e25
7.23595448081575e25
6.927624815072074e25
6.621440698759049e25
6.317572021298887e25
6.016187362553262e25
5.717453892749315e25
5.421537273050383e25
5.128601556829228e25
4.838809091700099e25
4.552320422371803e25
4.2692941943766405e25
3.989887058734897e25
3.714253577609186e25
3.442546131008773e25
3.1749148245972156e25
2.9115073986610115e25
2.6524691382915783e25
2.397942784838238e25
2.1480684486844426e25
1.9029835233990239e25
1.6628226013179494e25
1.427717390605808e25
1.1977966338497884e25
9.731860282340461e24
7.540081473465753e24
5.403823646658223e24
3.3242477877331264e24
1.302481403418896e24
-6.603821905702513e23
-2.5632845628062586e24
-4.405202840346735e24
-6.185150363408583e24
-7.902177320110013e24
-9.555371360885955e24
-1.1143858192155813e25
-1.2666802148880059e25
-1.412340674561708e25
-1.5512915205738086e25
-1.68346109684278e25
-1.8087818173150984e25
-1.9271902121247406e25
-2.03862697143607e25
-2.1430369869380256e25
-2.240369390962098e25
-2.330577593197582e25
-2.413619314976273e25
-2.4894566211035913e25
-2.558055949211799e25
-2.6193881366148607e25
-2.67342844464286e25
-2.7201565804378457e25
-2.759556716194178e25
-2.7916175058257813e25
-2.8163320990467246e25
-2.833698152851657e25
-2.8437178403846674e25
-2.846397857185715e25
-2.841749424806353e25
-2.829788291788058e25
-2.8105347319964507e25
-2.784013540308084e25
-2.7502540256467097e25
-2.709290001368589e25
-2.661159772996429e25
-2.605906123304681e25
-2.5435762947592436e25
-2.474221969317288e25
-2.3978992455930705e25
-2.3146686133984967e25
-2.2245949256677504e25
-2.127747367777959e25
-2.024199424277653e25
-1.914028843038056e25
-1.7973175968431355e25
-1.6741518424352337e25
-1.5446218770356515e25
-1.408822092360425e25
-1.2668509261531183e25
-1.118810811258067e25
-9.648081222589579e24
-8.049531197089964e24
-6.393598919804305e24
-4.681462947627575e24
-2.9143388824009704e24
-1.093478719794488e24
7.798298243544041e23
2.7042640099163446e24
4.6784667901853437e24
6.701047551061891e24
8.770582871317223e24
1.0885617303534477e25
1.3044664175317028e25
1.524620641033249e25
1.7488697368754863e25
1.977056170665692e25
2.209019625388393e25
2.4445970909938728e25
2.6836229557387605e25
2.9259290992295972e25
3.1713449871177177e25
3.4196977673945714e25
3.6708123682332e25
3.9245115973235544e25
4.180616242645578e25
4.438945174624495e25
4.699315449612061e25
4.961542414635396e25
5.225439813355215e25
5.490819893174598e25
5.757493513437412e25
6.025270254656136e25
6.293958528707155e25
6.563365689931843e25
6.833298147079739e25
7.1035614760310355e25
7.37396053323356e25
7.644299569791146e25
7.914382346135572e25
8.1840122472193e25
8.452992398161487e25
8.721125780280919e25
8.988215347449474e25
9.254064142698592e25
9.518475415012078e25
9.781252736236759e25
1.0042200118043618e26
1.0301122128871705e26
1.0557824010786044e26
1.0812111796181964e26
1.1063792424267095e26
1.1312673857253335e26
1.1558565196190572e26
1.1801276796372644e26
1.204062038225003e26
1.2276409161779222e26
1.2508457940142152e26
1.2736583232767889e26
1.2960603377589777e26
1.3180338646470754e26
1.3395611355730643e26
1.3606245975709141e26
1.381206923929907e26
1.401291024938436e26
1.4208600585118314e26
1.4398974406977915e26
1.4583868560530626e26
1.4763122678850641e26
1.4936579283522888e26
1.510408388417174e26
1.5265485076455601e26
1.5420634638465753e26
1.5569387625470776e26
1.571160246294819e26
1.5847141037845513e26
1.597586878801449e26
1.6097654789762355e26
1.6212371843465852e26
1.631989655719434e26
1.642010942828884e26
1.6512894922846328e26
1.6598141553058076e26
1.6675741952353488e26
1.6745592948300836e26
1.68075956332179e26
1.6861655432447646e26
1.6907682170254108e26
1.6945590133294867e26
1.697529813162942e26
1.6996729557222694e26
1.7009812439903833e26
1.701447950074408e26
1.701066820281648e26
1.6998320799303483e26
1.697738437891795e26
1.6947810908607295e26
1.6909557273509963e26
1.686258531413449e26
1.680686186073575e26
1.6742358764861765e26
1.6669052928047357e26
1.658692632763165e26
1.649596603967999e26
1.6396164258990575e26
1.6287518316167135e26
1.6170030691744196e26
1.6043709027348908e26
1.5908566133888604e26
1.5764619996751226e26
1.5611893778012342e26
1.5450415815639378e26
1.5280219619689223e26
1.5101343865493048e26
1.4913832383829118e26
1.4717734148082124e26
1.4513103258388875e26
1.4299998922776591e26
1.4078485435296403e26
1.3848632151160586e26
1.3610513458889286e26
1.3364208749480307e26
1.3109802382612484e26
1.2847383649894479e26
1.2577046735178231e26
1.2298890671951084e26
1.2013019297828052e26
1.1719541206161486e26
1.1418569694794504e26
1.1110222711980448e26
1.079462279949219e26
1.0471897032952731e26
1.0142176959412959e26
9.805598532209866e25
9.462302043134034e25
9.112432051945073e25
8.756137313266954e25
8.393570700903322e25
8.024889129607762e25
7.6502534743540145e25
7.269828487145848e25
6.8837827114077864e25
6.492288394006352e25
6.095521394944108e25
5.69366109477753e25
5.286890299803604e25
4.875395145070924e25
4.459364995264644e25
4.03899234351671e25
3.614472708200461e25
3.1860045277616194e25
2.7537890536460125e25
2.3180302413779e25
1.8789346398538714e25
1.436711278910316e25
9.915715552240487e24
5.437291166141209e24
9.339974480435612e23
-3.5919876328492654e24
-8.138467156547175e24
-1.2703226466819288e25
-1.7284034398476221e25
-2.1878644516666884e25
-2.6484796367541737e25
-3.1100216739520905e25
-3.572262093448849e25
-4.034971404821588e25
-4.4979192259237304e25
-4.960874412549226e25
-5.4236051887963935e25
-5.88587927806164e25
-6.347464034582985e25
