2.1344573249999993e-13
2.1343128543261023e11
3.41415944723334e12
1.7277977619589102e13
5.4579537674246414e13
1.3316490485422245e14
2.7591324322841334e14
5.106877407011635e14
8.702759130510442e14
1.3923194569688882e15
2.1192338522628812e15
3.0981179432450555e15
4.380653758756057e15
6.022996859271439e15
8.085657528011387e15
1.0633373150895826e16
1.3734972157498216e16
1.7463229921804786e16
2.1894717047533068e16
2.7109640487956908e16
3.3191677974578664e16
4.022780625253732e16
4.8308123643299864e16
5.752566747690999e16
6.797622695682096e16
7.975815204007786e16
9.297215893430112e16
1.0772113283051837e17
1.2410992850736208e17
1.422451694574606e17
1.6223504620096538e17
1.841891144640531e17
2.0821809391187834e17
2.3443366813581622e17
2.6294828660388134e17
2.93874969290941e17
3.273271147117048e17
3.63418312084477e17
4.022621583572625e17
4.4397208083002835e17
4.886611661076938e17
5.364419961177845e17
5.87426491924587e17
6.417257660680969e17
6.994499841510652e17
7.607082363909774e17
8.256084198458857e17
8.942571320136458e17
9.667595764932486e17
1.0432194813846742e18
1.1237390310899372e18
1.208418812162833e18
1.297357773838293e18
1.390653203854245e18
1.4884007201594765e18
1.590694279080205e18
1.6976262004959327e18
1.8092872105516756e18
1.9257665024088694e18
2.0471518155111885e18
2.1735295338141806e18
2.3049848033990584e18
2.4416016698612393e18
2.5834632358333373e18
2.7306518389702246e18
2.8832492506907187e18
3.041336895936269e18
3.2049960941717996e18
3.374308321817836e18
3.549355496265902e18
3.730220281591332e18
3.9169864160388854e18
4.109739061317066e18
4.308565173696823e18
4.513553896869459e18
4.72479697647707e18
4.942389196186807e18
5.166428835137717e18
5.397018146545968e18
5.634263857210906e18
5.878277687620728e18
6.129176892312646e18
6.387084820098321e18
6.652131493721101e18
6.924454208467255e18
7.204198149209266e18
7.491517025314702e18
7.786573722810509e18
8.089540973148259e18
8.400602037872555e18
8.719951408451382e18
9.04779552048431e18
9.384353481462043e18
9.729857811208985e18
1.0084555194099124e19
1.0448707242095016e19
1.082259126761979e19
1.1206501065233043e19
1.1600747701043243e19
1.2005660308752263e19
1.2421586891191163e19
1.2848895126171498e19
1.3287973175442106e19
1.3739230495508929e19
1.4203098649043479e19
1.4680032115575804e19
1.5170509100138494e19
1.5675032338501472e19
1.619412989761102e19
1.672835596982243e19
1.7278291659493007e19
1.7844545760481042e19
1.8427755523077423e19
1.902858740887859e19
1.9647737832094527e19
2.0285933885771112e19
2.094393405139486e19
2.162252889033779e19
2.2322541715592704e19
2.3044829242242916e19
2.3790282215107314e19
2.455982601199947e19
2.535442122104061e19
2.6175064190468784e19
2.7022787549391372e19
2.7898660697935876e19
2.880379026526286e19
2.9739320533916856e19
3.0706433829005697e19
3.1706350870714126e19
3.2740331088677413e19
3.3809672896760955e19
3.491571392681598e19
3.6059831220006957e19
3.7243441374334304e19
3.846800064700739e19
3.973500501035482e19
4.104599015999487e19
4.2402531474026316e19
4.3806243922040095e19
4.5258781922794226e19
4.676183914943934e19
4.831714828122867e19
4.9926480700695855e19
5.159164613533477e19
5.331449224286993e19
5.5096904139260625e19
5.694080386864073e19
5.8848149814455435e19
6.082093605111887e19
6.286119163557892e19
6.497097983824377e19
6.715239731279056e19
6.940757320444689e19
7.173866819640766e19
7.414787349412228e19
7.66374097472628e19
7.920952590925894e19
8.186649803436525e19
8.461062801230391e19
8.744424224060773e19
9.036969023487155e19
9.338934317719994e19
9.650559240322825e19
9.972084782817593e19
1.0303753631247965e20
1.0645809996763978e20
1.099849944030036e20
1.1362068691429638e20
1.1736765461480133e20
1.212283825101797e20
1.2520536151801302e20
1.293010864332399e20
1.3351805384075085e20
1.378587599764966e20
1.4232569853855531e20
1.4692135844969696e20
1.5164822157307213e20
1.5650876038274423e20
1.6150543559087548e20
1.6664069373346297e20
1.7191696471661583e20
1.773366593254468e20
1.8290216669774397e20
1.8861585176467164e20
1.944800526608369e20
2.0049707810614097e20
2.0666920476191834e20
2.1299867456394874e20
2.1948769203500492e20
2.2613842157967947e20
2.3295298476431042e20
2.3993345758489792e20
2.4708186772597978e20
2.544001918135025e20
2.6189035266479292e20
2.6955421653880242e20
2.7739359038985857e20
2.8541021912822075e20
2.936057828907936e20
3.019818943254098e20
3.105400958921446e20
3.1928185718517563e20
3.282085722787481e20
3.3732155710084835e20
3.466220468382314e20
3.561111933764816e20
3.657900627788251e20
3.756596328074341e20
3.8572079049100106e20
3.959743297423715e20
4.064209490300536e20
4.170612491074323e20
4.278957308035289e20
4.3892479287915276e20
4.5014872995229925e20
4.615677304966421e20
4.7318187491696706e20
4.849911337053837e20
4.969953656821373e20
5.091943163248264e20
5.2158761618981093e20
5.3417477942956445e20
5.4695520240969744e20
5.599281624293413e20
5.7309281654854386e20
5.864482005262771e20
5.99993227872619e20
6.137266890186061e20
6.276472506072022e20
6.417534549087645e20
6.560437193643168e20
6.705163362598736e20
6.851694725349746e20
7.000011697285155e20
7.150093440648662e20
7.30191786683185e20
7.455461640127375e20
7.610700182969275e20
7.767607682686517e20
7.926157099794684e20
8.086320177849671e20
8.2480674548861e20
8.411368276461816e20
8.57619081032874e20
8.742502062748915e20
8.910267896473311e20
9.079453050399595e20
9.250021160923534e20
9.421934784997392e20
9.595155424907082e20
9.769643554778355e20
9.945358648820653e20
1.0122259211315811e21
1.0300302808356977e21
1.0479446101341543e21
1.0659644882220213e21
1.0840854110502532e21
1.1023027952017391e21
1.1206119819425494e21
1.1390082414478549e21
1.1574867772018583e21
1.1760427305708403e21
1.1946711855482906e21
1.2133671736708524e21
1.2321256791036503e21
1.250941643893366e21
1.269809973387232e21
1.288725541815912e21
1.3076831980380556e21
1.326677771444092e21
1.3457040780166488e21
1.3647569265447708e21
1.3838311249889135e21
1.402921486993495e21
1.4220228385435676e21
1.4411300247620005e21
1.4602379168433313e21
1.4793414191202655e21
1.4984354762586058e21
1.5175150805761697e21
1.5365752794810886e21
1.555611183024663e21
1.5746179715637576e21
1.5935909035275434e21
1.6125253232831732e21
1.6314166690948176e21
1.6502604811702837e21
1.6690524097892634e21
1.6877882235070678e21
1.7064638174275468e21
1.7250752215386788e21
1.7436186091041986e21
1.7620903051044072e21
1.780486794719186e21
1.7988047318460497e21
1.8170409476459384e21
1.835192459109275e21
1.853256477634689e21
1.8712304176126472e21
1.889111905006112e21
1.906898785920195e21
1.9245891351526766e21
1.9421812647171011e21
1.9596737323300904e21
1.977065349854362e21
1.9943551916888797e21
2.0115426030974167e21
2.0286272084667856e21
2.045608919485842e21
2.062487943236334e21
2.079264790186593e21
2.0959402820789784e21
2.112515559701965e21
2.1289920905376883e21
2.145371676275743e21
2.1616564601839823e21
2.1778489343270443e21
2.1939519466233405e21
2.2099687077311852e21
2.225902797754796e21
2.2417581727608726e21
2.2575391710964807e21
2.2732505194990246e21
2.2888973389890705e21
2.3044851505368903e21
2.3200198804935979e21
2.335507865777835e21
2.3509558588090323e21
2.3663710321783477e21
2.381760983048476e21
2.3971337372735997e21
2.412497753230917e21
2.4278619253552154e21
2.443235587368155e21
2.458628515194031e21
2.474050929553923e21
2.489513498230318e21
2.505027337994408e21
2.520604016188514e21
2.5362555519561735e21
2.5519944171127025e21
2.5678335366491784e21
2.5837862888630617e21
2.599866505108819e21
2.6160884691622e21
2.632466916192016e21
2.649017031333542e21
2.665754447857879e21
2.6826952449319114e21
2.699855944963745e21
2.717253510528784e21
2.734905340871912e21
2.752829267981516e21
2.7710435522314036e21
2.7895668775869617e21
2.8084183463722573e21
2.827617473595048e21
2.8471841808270597e21
2.8671387896371893e21
2.887502014575639e21
2.9082949557073834e21
2.9295390906936506e21
2.9512562664205504e21
2.9734686901742737e21
2.9961989203627433e21
3.0194698567838817e21
3.0433047304411687e21
3.067727092907411e21
3.0927608052381993e21
3.118430026436768e21
3.1447592014725256e21
3.17177304885582e21
3.199496547771972e21
3.2279549247780306e21
3.25717364006606e21
3.287178373297292e21
3.317995009011772e21
3.34964962161869e21
3.3821684599728793e21
3.415577931543509e21
3.449904586181339e21
3.485175099491387e21
3.521416255818252e21
3.558654930851808e21
3.5969180738613485e21
3.636232689566768e21
3.6766258196556986e21
3.7181245239560577e21
3.760755861273749e21
3.804546869905821e21
3.849524547839681e21
3.8957158326494676e21
3.943147581101018e21
3.991846548477347e21
4.041839367636897e21
4.093152527817238e21
4.1458123531972966e21
4.1998449812315633e21
4.255276340770112e21
4.3121321299786355e21
4.370437794073101e21
4.4302185028839135e21
4.491499128264911e21
4.5543042213628346e21
4.618657989763179e21
4.684584274528806e21
4.752106527147852e21
4.821247786407928e21
4.892030655213779e21
4.964477277365934e21
5.038609314318135e21
5.114447921931647e21
5.192013727244676e21
5.271326805275529e21
5.352406655878292e21
5.435272180670018e21
5.51994166004869e21
5.606432730321346e21
5.694762360961967e21
5.784946832018923e21
5.877001711691892e21
5.970941834098312e21
6.066781277249563e21
6.164533341257185e21
6.264210526789561e21
6.3658245137995e21
6.469386140543313e21
6.574905382911971e21
6.682391334094976e21
6.791852184597632e21
6.903295202632324e21
7.016726714904496e21
7.132152087813912e21
7.249575709091829e21
7.369000969894472e21
7.49043024737332e21
7.613864887742555e21
7.739305189863765e21
7.866750389368053e21
7.996198643335483e21
8.127647015551547e21
8.261091462360309e21
8.396526819133473e21
8.533946787374618e21
8.673343922477405e21
8.814709622156485e21
8.958034115569367e21
9.103306453147376e21
9.250514497153431e21
9.399644912984079e21
9.550683161232805e21
9.703613490531423e21
9.858418931185712e21
1.0015081289621424e22
1.017358114365595e22
1.033389783861088e22
1.0496009484279925e22
1.06598929527665e22
1.0825523877204434e22
1.099287665137511e22
1.1161924430233573e22
1.1332639131355736e22
1.1504991437318194e22
1.1678950799021626e22
1.1854485439968165e22
1.2031562361502534e22
1.2210147349026063e22
1.2390204979192233e22
1.2571698628091496e22
1.2754590480432733e22
1.293884153972789e22
1.312441163948562e22
1.3311259455419182e22
1.3499342518673006e22
1.3688617230071813e22
1.387903887539513e22
1.4070561641679605e22
1.4263138634550622e22
1.4456721896583956e22
1.4651262426697469e22
1.4846710200572003e22
1.5043014192099962e22
1.5240122395859117e22
1.543798185060844e22
1.563653866380198e22
1.5835738037115932e22
1.6035524292983195e22
1.6235840902128965e22
1.643663051209997e22
1.6637834976779234e22
1.6839395386877228e22
1.7041252101389673e22
1.7243344780011103e22
1.7445612416492722e22
1.7647993372932055e22
1.7850425414981075e22
1.8052845747958784e22
1.825519105385296e22
1.8457397529195565e22
1.8659400923794792e22
1.8861136580306381e22
1.9062539474625687e22
1.9263544257081313e22
1.946408529441022e22
1.9664096712493346e22
1.9863512439830044e22
2.0062266251728797e22
2.026029181519078e22
2.045752273446216e22
2.0653892597230164e22
2.0849335021437115e22
2.104378370268605e22
2.1237172462210513e22
2.142943529538056e22
2.162050642071621e22
2.181032032937892e22
2.1998811835110747e22
2.2185916124590454e22
2.2371568808174947e22
2.2555705970993767e22
2.273826422436387e22
2.2919180757491054e22
2.3098393389424058e22
2.327584062122652e22
2.3451461688331625e22
2.3625196613043415e22
2.379698625714869e22
2.3966772374602303e22
2.4134497664248784e22
2.4300105822542204e22
2.4463541596226197e22
2.462475083493532e22
2.4783680543678748e22
2.4940278935166726e22
2.509449548194014e22
2.524628096826291e22
2.5395587541736874e22
2.5542368764598447e22
2.568657966465612e22
2.5828176785827676e22
2.596711823823581e22
2.610336374782058e22
2.6236874705427224e22
2.6367614215327486e22
2.649554714313287e22
2.6620640163057763e22
2.67428618044909e22
2.686218249783307e22
2.697857461955969e22
2.7092012536466244e22
2.720247264905529e22
2.7309933434023625e22
2.7414375485808337e22
2.7515781557150856e22
2.7614136598638184e22
2.7709427797181004e22
2.780164461338836e22
2.7890778817799253e22
2.797682452593169e22
2.8059778232110203e22
2.81396388420333e22
2.8216407704042784e22
2.8290088639057327e22
2.83606879691334e22
2.842821454461705e22
2.849267976985068e22
2.8554097627399723e22
2.8612484700764702e22
2.86678601955448e22
2.872024595902014e22
2.876966649811999e22
2.881614899574612e22
2.8859723325420048e22
2.8900422064224848e22
2.8938280504012357e22
2.897333666084806e22
2.9005631282666543e22
2.903520785511172e22
2.906211260553642e22
2.9086394505138142e22
2.910810526920739e22
2.9127299355467414e22
2.9144033960484347e22
2.915836901412869e22
2.917036717206951e22
2.918009380628457e22
2.9187616993570453e22
2.919300750203819e22
2.919633877558108e22
2.9197686916302827e22
2.919713066489521e22
2.9194751378956227e22
2.919063300924062e22
2.918486207383637e22
2.917752763026211e22
2.916872124548151e22
2.9158536963832865e22
2.9147071272872684e22
2.9134423067134387e22
2.912069360980388e22
2.9105986492316193e22
2.9090407591878163e22
2.9074065026923956e22
2.9057069110511775e22
2.9039532301671673e22
2.902156915471584e22
2.9003296266524505e22
2.8984832221821715e22
2.8966297536457595e22
2.8947814598714463e22
2.892950760865646e22
2.8911502515543302e22
2.8893926953331013e22
2.8876910174283426e22
2.886058298072064e22
2.8845077654931144e22
2.8830527887277025e22
2.8817068702522455e22
2.8804836384417683e22
2.87939683985719e22
2.8784603313650505e22
2.8776880720933313e22
2.877094115227195e22
2.8766925996486453e22
2.8764977414242143e22
2.8765238251449857e22
2.8767851951233683e22
2.8772962464512155e22
2.87807141592399e22
2.879125172835874e22
2.8804720096508073e22
2.882126432554625e22
2.8841029518935527e22
2.886416072504508e22
2.8890802839427396e22
2.892110050612506e22
2.8955198018065718e22
2.8993239216604844e22
2.9035367390276693e22
2.9081725172815183e22
2.913245444050744e22
2.918769620894421e22
2.924759052923187e22
2.931227638373255e22
2.938189158139886e22
2.9456572652771816e22
2.953645474471078e22
2.962167151492502e22
2.971235502637818e22
2.980863564163648e22
2.9910641917233633e22
3.0018500498125e22
3.013233601230496e22
3.0252270965661584e22
3.0378425637143853e22
3.051091797431649e22
3.0649863489378675e22
3.079537515572273e22
3.094756330510987e22
3.110653552553981e22
3.1272396559891875e22
3.1445248205415116e22
3.1625189214145395e22
3.1812315194327166e22
3.200671851291839e22
3.2208488199256214e22
3.24177098499618e22
3.263446553516211e22
3.2858833706106497e22
3.3090889104255758e22
3.3330702671920943e22
3.357834146452923e22
3.3833868564593247e22
3.4097342997460356e22
3.4368819648917666e22
3.4648349184728e22
3.4935977972171627e22
3.523174800366754e22
3.553569682254788e22
3.584785745105791e22
3.616825832065332e22
3.6496923204665586e22
3.6833871153405524e22
3.717911643177369e22
3.75326684594458e22
3.789453175369933e22
3.826470587494772e22
3.86431853750456e22
3.9029959748429e22
3.942501338615128e22
3.9828325532876126e22
4.023987024688559e22
4.065961636316144e22
4.1087527459594514e22
4.1523561826377445e22
4.196767243863251e22
4.241980693232593e22
4.287990758351694e22
4.334791129098988e22
4.382374956231391e22
4.430734850337418e22
4.479862881141562e22
4.52975057716392e22
4.580388925738795e22
4.631768373395801e22
4.68387882660677e22
4.736709652901625e22
4.790249682356004e22
4.844487209453379e22
4.899409995323997e22
4.955005270362904e22
5.011259737228941e22
5.068159574226463e22
5.125690439071181e22
5.183837473041386e22
5.242585305515522e22
5.301918058896722e22
5.36181935392487e22
5.4222723153762915e22
5.483259578151045e22
5.54476329374742e22
5.60676513712308e22
5.669246313941963e22
5.732187568205779e22
5.795569190268654e22
5.859371025233307e22
5.9235724817266995e22
5.988152541052975e22
6.053089766721107e22
6.118362314344505e22
6.183947941909466e22
6.249824020409109e22
6.315967544839169e22
6.3823551455517016e22
6.448963099962537e22
6.515767344607978e22
6.582743487545965e22
6.649866821096732e22
6.7171123349175975e22
6.7844547294063095e22
6.851868429427077e22
6.919327598353208e22
6.9868061524198536e22
7.054277775380291e22
7.121715933458717e22
7.1890938905924125e22
7.256384723955766e22
7.323561339758483e22
7.3905964893099365e22
7.457462785341477e22
7.524132718578211e22
7.59057867455151e22
7.656772950643283e22
7.722687773352773e22
7.788295315776548e22
7.853567715291859e22
7.918477091433579e22
7.982995563954578e22
8.047095271059214e22
8.110748387799344e22
8.1739271446222e22
8.236603846059114e22
8.298750889543984e22
8.360340784350151e22
8.421346170634186e22
8.481739838574883e22
8.541494747595665e22
8.600584045658277e22
8.658981088615767e22
8.716659459612246e22
8.773592988517144e22
8.82975577138123e22
8.885122189901784e22
8.939666930884004e22
8.99336500568575e22
9.046191769632526e22
9.098122941389617e22
9.149134622278042e22
9.199203315521136e22
9.24830594540822e22
9.29641987636205e22
9.343522931896466e22
9.389593413450678e22
9.43461011908664e22
9.47855236203587e22
9.521399989082113e22
9.563133398766155e22
9.603733559399171e22
9.643182026870964e22
9.681460962239505e22
9.71855314908809e22
9.754442010636692e22
9.789111626593858e22
9.822546749735827e22
9.854732822199357e22
9.885655991475039e22
9.915303126087818e22
9.943661830951612e22
9.970720462384948e22
9.996468142774743e22
1.0020894774875423e23
1.0043991055730686e23
1.00657484902054e23
1.0086159404115274e23
1.0105216956942092e23
1.0122915154122432e23
1.0139248858898063e23
1.0154213803716291e23
1.0167806601168867e23
1.0180024754458083e23
1.019086666737909e23
1.020033165380763e23
1.020841994668253e23
1.0215132706472668e23
1.0220472029118355e23
1.0224440953437236e23
1.0227043467985268e23
1.0228284517363377e23
1.0228170007960955e23
1.0226706813127424e23
1.022390277776354e23
1.0219766722324356e23
1.0214308446226103e23
1.0207538730649594e23
1.0199469340733116e23
1.0190113027148004e23
1.0179483527050579e23
1.0167595564404457e23
1.0154464849667515e23
1.0140108078838321e23
1.0124542931857087e23
1.0107788070356612e23
1.008986313475918e23
1.0070788740715692e23
1.0050586474883549e23
1.0029278890040688e23
1.000688949953301e23
9.983442771053272e22
9.95896411974981e22
9.933479900663789e22
9.907017400494283e22
9.879604828690874e22
9.851271307873702e22
9.822046863581751e22
9.791962413350177e22
9.761049755118248e22
9.729341554969661e22
9.696871334207796e22
9.663673455768488e22
9.62978310997379e22
9.595236299630383e22
9.560069824476774e22
9.524321264984077e22
9.488028965515439e22
9.451232016849702e22
9.413970238075371e22
9.376284157861399e22
9.338214995111858e22
9.299804639011872e22
9.261095628472672e22
9.222131130984327e22
9.182954920884858e22
9.143611357055022e22
9.10414536004858e22
9.064602388668223e22
9.025028415997716e22
8.985469904901604e22
8.945973783003578e22
8.906587417155934e22
8.867358587412259e22
8.828335460516181e22
8.789566562919542e22
8.751100753343559e22
8.712987194897092e22
8.675275326766583e22
8.638014835492311e22
8.601255625846527e22
8.565047791328941e22
8.529441584295646e22
8.494487385737909e22
8.460235674727546e22
8.426736997546056e22
8.394041936514963e22
8.362201078545187e22
8.33126498342347e22
8.301284151854523e22
8.272308993277402e22
8.2443897934754e22
8.217576681998602e22
8.19191959941888e22
8.167468264437093e22
8.144272140862793e22
8.122380404486613e22
8.101841909866161e22
8.08270515704617e22
8.065018258233943e22
8.04882890445142e22
8.034184332185187e22
8.021131290056164e22
8.009716005530678e22
7.999984151694722e22
7.991980814113719e22
7.985750457799663e22
7.981336894308091e22
7.978783248987164e22
7.978131928401344e22
7.97942458795211e22
7.98270209971835e22
7.988004520538931e22
7.995371060360078e22
8.004840050870192e22
8.016448914444761e22
8.030234133423764e22
8.046231219744325e22
8.064474684950952e22
8.084998010605842e22
8.107833619121571e22
8.133012845038358e22
8.160565906768088e22
8.190521878827048e22
8.222908664579168e22
8.257752969511513e22
8.295080275063509e22
8.334914813031146e22
8.377279540567367e22
8.422196115799396e22
8.469684874083753e22
8.51976480491924e22
8.572453529538128e22
8.627767279195197e22
8.685720874174376e22
8.746327703532008e22
8.809599705595731e22
8.875547349237474e22
8.944179615938778e22
9.015503982666195e22
9.089526405574248e22
9.166251304552895e22
9.245681548636237e22
9.327818442288377e22
9.412661712582458e22
9.500209497287936e22
9.590458333880966e22
9.683403149492145e22
9.779037251805542e22
9.877352320922189e22
9.978338402200878e22
1.0081983900088488e23
1.0188275572951528e23
1.0297198528920075e23
1.0408736222754603e23
1.0522870453745759e23
1.0639581364656374e23
1.0758847441714673e23
1.088064551566666e23
1.100495076389534e23
1.1131736713613703e23
1.12609752461377e23
1.1392636602244873e23
1.1526689388623586e23
1.1663100585417162e23
1.1801835554866538e23
1.194285805105447e23
1.2086130230753352e23
1.2231612665378431e23
1.2379264354047077e23
1.252904273774442e23
1.2680903714594639e23
1.2834801656236743e23
1.2990689425302809e23
1.3148518393995795e23
1.3308238463763756e23
1.346979808606597e23
1.3633144284226307e23
1.379822267636785e23
1.3964977499422736e23
1.4133351634209785e23
1.4303286631572124e23
1.4474722739566147e23
1.464759893169249e23
1.4821852936158815e23
1.4997421266163683e23
1.5174239251189675e23
1.53522410692937e23
1.5531359780381288e23
1.5711527360451065e23
1.5892674736794858e23
1.6074731824138338e23
1.625762756170596e23
1.6441289951193936e23
1.6625646095633264e23
1.6810622239125383e23
1.6996143807431173e23
1.7182135449394035e23
1.7368521079176867e23
1.7555223919292167e23
1.7742166544403614e23
1.7929270925877276e23
1.811645847705924e23
1.8303650099256647e23
1.8490766228397942e23
1.8677726882347548e23
1.8864451708849874e23
1.905086003407673e23
1.9236870911751806e23
1.942240317282511e23
1.9607375475669863e23
1.9791706356773845e23
1.997531428189646e23
2.0158117697662607e23
2.0340035083563494e23
2.0520985004334545e23
2.0700886162679756e23
2.0879657452311517e23
2.1057218011274527e23
2.123348727552193e23
2.1408385032711487e23
2.1581831476189194e23
2.1753747259127378e23
2.1924053548783988e23
2.20926720808495e23
2.2259525213847435e23
2.2424535983554517e23
2.2587628157405733e23
2.2748726288849783e23
2.290775577162013e23
2.3064642893886203e23
2.3219314892249824e23
2.3371700005551133e23
2.3521727528448723e23
2.366932786473802e23
2.3814432580372362e23
2.3956974456150762e23
2.4096887540036614e23
2.423410719907131e23
2.4368570170846972e23
2.4500214614502287e23
2.4628980161205766e23
2.4754807964090452e23
2.487764074760468e23
2.4997422856243015e23
2.5114100302622213e23
2.5227620814866827e23
2.5337933883269415e23
2.5444990806190502e23
2.5548744735163707e23
2.5649150719171637e23
2.5746165748058484e23
2.5839748795045638e23
2.5929860858316707e23
2.601646500163914e23
2.6099526393989423e23
2.6179012348149856e23
2.6254892358244827e23
2.632713813618528e23
2.6395723646990368e23
2.646062514295589e23
2.652182119663951e23
2.6579292732633383e23
2.6633023058095443e23
2.6682997892010968e23
2.672920539315688e23
2.677163618674176e23
2.681028338969516e23
2.6845142634580666e23
2.6876212092107566e23
2.6903492492216897e23
2.6926987143718513e23
2.6946701952455995e23
2.6962645437977898e23
2.6974828748693603e23
2.6983265675493808e23
2.6987972663815897e23
2.6988968824135374e23
2.698627594086569e23
2.69799184796495e23
2.696992359302504e23
2.6956321124452902e23
2.6939143610688466e23
2.6918426282487258e23
2.689420706363059e23
2.686652656826028e23
2.6835428096512155e23
2.680095762843897e23
2.6763163816214446e23
2.672209797461131e23
2.6677814069746805e23
2.663036870609083e23
2.6579821111732433e23
2.6526233121901688e23
2.6469669160744866e23
2.6410196221352397e23
2.6347883844039466e23
2.6282804092880832e23
2.6215031530502323e23
2.6144643191132523e23
2.607171855191944e23
2.5996339502517956e23
2.5918590312955042e23
2.5838557599780908e23
2.5756330290515272e23
2.5671999586399123e23
2.5585658923463758e23
2.549740393192934e23
2.5407332393947248e23
2.5315544199700838e23
2.522214130188111e23
2.5127227668553978e23
2.5030909234438093e23
2.493329385061228e23
2.483449123267351e23
2.4734612907367078e23
2.4633772157711604e23
2.4532083966643285e23
2.4429664959204105e23
2.4326633343300273e23
2.4223108849058112e23
2.4119212666805647e23
2.4015067383709526e23
2.3910796919097247e23
2.3806526458496428e23
2.3702382386423516e23
2.3598492217955523e23
2.349498452911895e23
2.3391988886131717e23
2.328963577353416e23
2.318805652124683e23
2.3087383230593e23
2.2987748699325274e23
2.288928634569633e23
2.2792130131614925e23
2.2696414484928567e23
2.2602274220875908e23
2.250984446275207e23
2.2419260561831215e23
2.2330658016591357e23
2.2244172391287163e23
2.2159939233917016e23
2.2078093993631927e23
2.1998771937633576e23
2.192210806761041e23
2.1848237035760372e23
2.1777293060450597e23
2.170940984156352e23
2.16447204755807e23
2.158335737045544e23
2.1525452160325907e23
2.1471135620120874e23
2.1420537580110858e23
2.1373786840457412e23
2.133101108581408e23
2.1292336800032418e23
2.1257889181027375e23
2.1227792055855826e23
2.1202167796063056e23
2.1181137233351468e23
2.11648195756265e23
2.1153332323474695e23
2.1146791187128623e23
2.1145310003974057e23
2.1149000656654162e23
2.115797299182606e23
2.117233473962454e23
2.1192191433887863e23
2.12176463332007e23
2.12488003428087e23
2.128575193745901e23
2.1328597085221503e23
2.1377429172344065e23
2.1432338929196224e23
2.1493414357354196e23
2.1560740657880363e23
2.1634400160849865e23
2.1714472256176673e23
2.180103332579035e23
2.1894156677215218e23
2.1993912478602313e23
2.2100367695264256e23
2.2213586027762593e23
2.23336278515962e23
2.246055015853917e23
2.2594406499675385e23
2.2735246930176556e23
2.2883117955869567e23
2.3038062481638114e23
2.3200119761702998e23
2.3369325351824227e23
2.3545711063467484e23
2.372930491997628e23
2.3920131114790273e23
2.4118209971749247e23
2.432355790752115e23
2.4536187396191456e23
2.4756106936050164e23
2.498332101861126e23
2.5217830099899044e23
2.5459630574033455e23
2.5708714749146265e23
2.596507082565826e23
2.6228682876946373e23
2.649953083242843e23
2.6777590463091882e23
2.7062833369491262e23
2.7355226972238443e23
2.7654734505007357e23
2.796131501007423e23
2.8274923336412594e23
2.8595510140360948e23
2.8923021888879386e23
2.925740086541006e23
2.959858517835465e23
2.9946508772181192e23
3.030110144116958e23
3.0662288845805114e23
3.102999253182697e23
3.140412995193663e23
3.178461449017087e23
3.217135548894052e23
3.2564258278736526e23
3.2963224210501205e23
3.336815069066306e23
3.37789312188294e23
3.419545542813169e23
3.4617609128215205e23
3.5045274350863755e23
3.5478329398248076e23
3.5916648893785094e23
3.63601038355932e23
3.6808561652527746e23
3.726188626277801e23
3.7719938135006306e23
3.818257435200775e23
3.8649648676867506e23
3.912101162159049e23
3.9596510518177365e23
4.007598959211794e23
4.0559290038273144e23
4.1046250099112634e23
4.153670514527597e23
4.2030487758421814e23
4.252742781632869e23
4.302735258020952e23
4.353008678419963e23
4.403545272697739e23
4.4543270365473666e23
4.505335741062716e23
4.556552942513765e23
4.607959992317086e23
4.659538047196547e23
4.711268079529154e23
4.7631308878708606e23
4.815107107656957e23
4.867177222071566e23
4.919321573080663e23
4.971520372622748e23
5.023753713951376e23
5.076001583123442e23
5.128243870627114e23
5.180460383143091e23
5.2326308554328124e23
5.284734962347045e23
5.336752330948314e23
5.388662552740292e23
5.440445195997389e23
5.492079818187548e23
5.543545978481163e23
5.59482325033901e23
5.6458912341718794e23
5.696729570064612e23
5.747317950557069e23
5.797636133474597e23
5.847663954800316e23
5.8973813415816156e23
5.946768324863159e23
5.995805052638538e23
6.044471802812792e23
6.092748996167848e23
6.14061720932292e23
6.188057187681925e23
6.235049858359788e23
6.281576343079613e23
6.327617971032599e23
6.373156291692551e23
6.418173087576846e23
6.462650386945654e23
6.50657047643122e23
6.549915913589088e23
6.592669539362942e23
6.634814490454977e23
6.676334211593558e23
6.717212467690016e23
6.757433355876422e23
6.796981317416204e23
6.835841149479508e23
6.873998016775221e23
6.911437463031678e23
6.948145422317994e23
6.984108230198121e23
7.019312634709789e23
7.053745807160435e23
7.087395352732416e23
7.120249320889816e23
7.152296215579204e23
7.183525005216887e23
7.213925132455107e23
7.243486523719949e23
7.272199598513593e23
7.300055278473857e23
7.327044996183896e23
7.353160703725166e23
7.378394880966827e23
7.402740543584877e23
7.426191250804443e23
7.448741112858755e23
7.470384798158574e23
7.491117540165799e23
7.510935143965308e23
7.529833992529128e23
7.547811052667203e23
7.564863880659212e23
7.580990627562012e23
7.59619004418751e23
7.610461485745861e23
7.623804916149119e23
7.636220911970616e23
7.647710666055587e23
7.658275990778632e23
7.667919320943916e23
7.676643716324134e23
7.684452863834489e23
7.691351079338113e23
7.697343309079584e23
7.702435130743413e23
7.70663275413455e23
7.709943021478172e23
7.712373407336307e23
7.713932018138954e23
7.714627591327672e23
7.714469494109779e23
7.713467721821598e23
7.711632895899314e23
7.708976261456346e23
7.70550968446627e23
7.701245648550718e23
7.696197251371666e23
7.69037820062804e23
7.683802809656626e23
7.676485992637571e23
7.668443259405017e23
7.659690709863625e23
7.650245028011995e23
7.640123475574321e23
7.629343885241665e23
7.617924653524711e23
7.60588473321997e23
7.593243625491675e23
7.580021371571886e23
7.566238544081532e23
7.551916237975445e23
7.537076061114523e23
7.521740124468617e23
7.505931031953804e23
7.489671869908075e23
7.472986196209615e23
7.455898029042199e23
7.438431835312322e23
7.42061251872314e23
7.402465407510253e23
7.384016241844884e23
7.365291160910029e23
7.346316689655468e23
7.327119725237826e23
7.30772752315194e23
7.288167683060096e23
7.268468134326071e23
7.248657121260788e23
7.228763188086928e23
7.208815163629941e23
7.18884214574304e23
7.168873485474077e23
7.148938770982364e23
7.129067811213612e23
7.109290619341583e23
7.089637395984948e23
7.070138512208229e23
7.05082449231587e23
7.031725996448569e23
7.012873802991224e23
6.9942987908021e23
6.976031921272722e23
6.958104220228623e23
6.940546759680637e23
6.923390639437082e23
6.906666968587084e23
6.890406846865402e23
6.874641345909387e23
6.859401490418724e23
6.8447182392287e23
6.830622466308074e23
6.81714494169238e23
6.804316312363894e23
6.79216708308947e23
6.780727597227563e23
6.770028017515768e23
6.760098306850393e23
6.750968209069645e23
6.742667229751921e23
6.735224617040904e23
6.728669342509223e23
6.723030082072342e23
6.718335196964493e23
6.714612714788499e23
6.711890310651198e23
6.710195288396525e23
6.709554561947865e23
6.709994636771687e23
6.711541591474264e23
6.714221059543306e23
6.718058211246306e23
6.723077735697385e23
6.729303823104387e23
6.736760147207952e23
6.745469847924126e23
6.755455514202216e23
6.766739167109298e23
6.779342243152939e23
6.793285577853427e23
6.8085893895768e23
6.825273263639907e23
6.843356136698547e23
6.86285628142966e23
6.883791291518444e23
6.906178066961124e23
6.930032799693966e23
6.955370959559025e23
6.982207280616901e23
7.010555747816706e23
7.040429584033239e23
7.071841237481181e23
7.104802369515991e23
7.139323842830974e23
7.175415710059873e23
7.213087202793955e23
7.252346721022664e23
7.29320182300636e23
7.335659215589794e23
7.379724744964418e23
7.425403387887675e23
7.472699243367044e23
7.521615524816364e23
7.572154552691828e23
7.624317747614648e23
7.678105623987236e23
7.733517784109503e23
7.790552912801467e23
7.849208772538255e23
7.90948219910324e23
7.971369097764748e23
8.034864439981524e23
8.099962260641824e23
8.166655655840736e23
8.234936781200025e23
8.304796850734481e23
8.376226136268413e23
8.449213967405696e23
8.523748732056434e23
8.5998178775229e23
8.677407912147233e23
8.756504407522962e23
8.837092001272021e23
8.919154400388876e23
9.002674385152654e23
9.087633813608114e23
9.174013626615886e23
9.261793853472052e23
9.350953618096792e23
9.441471145791442e23
9.533323770563078e23
9.626487943015347e23
9.720939238803766e23
9.816652367653607e23
9.91360118293802e23
1.0011758691813606e24
1.0111097065910539e24
1.0211587652573688e24
1.0313200986651078e24
1.0415906802825699e24
1.0519674048485967e24
1.0624470897130323e24
1.0730264762300632e24
1.0837022312039074e24
1.0944709483862553e24
1.1053291500248583e24
1.1162732884626098e24
1.1272997477864313e24
1.1384048455252593e24
1.1495848343963671e24
1.1608359040992455e24
1.172154183156231e24
1.1835357407990238e24
1.1949765889002207e24
1.2064726839489542e24
1.2180199290696852e24
1.229614176083189e24
1.2412512276087185e24
1.2529268392063134e24
1.2646367215582034e24
1.2763765426881918e24
1.2881419302179189e24
1.2999284736588485e24
1.311731726738794e24
1.3235472097618042e24
1.3353704120001492e24
1.3471967941171748e24
1.3590217906197448e24
1.37084081233895e24
1.3826492489377798e24
1.3944424714443893e24
1.4062158348095988e24
1.4179646804872242e24
1.4296843390358369e24
1.4413701327405008e24
1.453017378253049e24
1.4646213892494125e24
1.476177479102527e24
1.487680963569299e24
1.4991271634901112e24
1.5105114074993297e24
1.5218290347452645e24
1.5330753976180086e24
1.5442458644835824e24
1.5553358224227949e24
1.5663406799732149e24
1.5772558698726454e24
1.5880768518024812e24
1.598799115129313e24
1.6094181816431628e24
1.6199296082906822e24
1.6303289899016896e24
1.640611961907381e24
1.650774203048572e24
1.6608114380723005e24
1.670719440415148e24
1.6804940348716062e24
1.6901311002458442e24
1.699626571985215e24
1.7089764447938435e24
1.7181767752246577e24
1.7272236842482086e24
1.736113359796648e24
1.744842059281223e24
1.7534061120816746e24
1.7618019220059107e24
1.7700259697183648e24
1.7780748151354282e24
1.785945099786382e24
1.7936335491382652e24
1.801136974883104e24
1.8084522771859798e24
1.8155764468923962e24
1.8225065676934465e24
1.8292398182472867e24
1.8357734742554373e24
1.8421049104924697e24
1.8482316027876407e24
1.854151129957066e24
1.85986117568505e24
1.8653595303531964e24
1.87064409281598e24
1.875712872121446e24
1.8805639891757622e24
1.8851956783503656e24
1.8896062890304608e24
1.8937942871036808e24
1.8977582563877278e24
1.901496899995858e24
1.905009041639102e24
1.9082936268641318e24
1.9113497242257483e24
1.9141765263929624e24
1.9167733511877037e24
1.919139642555215e24
1.921274971465224e24
1.9231790367430368e24
1.9248516658297117e24
1.9262928154705318e24
1.9275025723310215e24
1.9284811535397925e24
1.929228907157557e24
1.929746312571665e24
1.9300339808155888e24
1.9300926548127995e24
1.9299232095445305e24
1.9295266521409807e24
1.928904121895512e24
1.9280568902015027e24
1.9269863604114908e24
1.9256940676183555e24
1.9241816783582726e24
1.9224509902352632e24
1.9205039314671858e24
1.9183425603530693e24
1.915969064661724e24
1.9133857609416452e24
1.910595093752208e24
1.907599634816294e24
1.9044020820944274e24
1.9010052587806296e24
1.897412112220235e24
1.8936257127498974e24
1.8896492524601685e24
1.88548604388096e24
1.881139518590368e24
1.876613225747268e24
1.8719108305482498e24
1.8670361126094127e24
1.8619929642736428e24
1.8567853888440564e24
1.8514174987442536e24
1.8458935136062102e24
1.8402177582865247e24
1.8343946608119398e24
1.8284287502549623e24
1.822324654540578e24
1.8160870981849935e24
1.8097208999674507e24
1.8032309705362122e24
1.7966223099497686e24
1.7899000051545108e24
1.7830692273999797e24
1.776135229593032e24
1.769103343592124e24
1.7619789774430965e24
1.7547676125578335e24
1.747474800837151e24
1.7401061617394496e24
1.7326673792965295e24
1.7251641990781888e24
1.7176024251070748e24
1.7099879167254848e24
1.7023265854156882e24
1.69462439157545e24
1.686887341250527e24
1.6791214828257685e24
1.671332903676723e24
1.663527726783431e24
1.6557121073083567e24
1.6478922291402178e24
1.6400743014057112e24
1.6322645549509715e24
1.6244692387947536e24
1.6166946165553372e24
1.6089469628530782e24
1.6012325596907342e24
1.5935576928135015e24
1.5859286480509252e24
1.5783517076427151e24
1.57083314655057e24
1.5633792287581995e24
1.5559962035615841e24
1.5486903018517378e24
1.5414677323920468e24
1.534334678092453e24
1.5272972922826e24
1.5203616949862256e24
1.5135339691989495e24
1.5068201571717036e24
1.500226256702073e24
1.4937582174356982e24
1.4874219371800812e24
1.4812232582329266e24
1.4751679637273764e24
1.469261773996266e24
1.463510342957751e24
1.4579192545244574e24
1.4524940190384322e24
1.4472400697341393e24
1.4421627592316632e24
1.437267356062415e24
1.4325590412294617e24
1.4280429048047533e24
1.4237239425653654e24
1.41960705267095e24
1.4156970323845765e24
1.411998574839033e24
1.408516265850783e24
1.4052545807836056e24
1.4022178814640716e24
1.3994104131508335e24
1.3968363015598482e24
1.3944995499474734e24
1.3924040362534528e24
1.390553510305765e24
1.388951591089218e24
1.3876017640797475e24
1.3865073786462283e24
1.3856716455216918e24
1.3850976343457038e24
1.3847882712797184e24
1.384746336697099e24
1.3849744629495263e24
1.3854751322114585e24
1.3862506744042285e24
1.387303265201405e24
1.388634924116901e24
1.3902475126773753e24
1.392142732680341e24
1.3943221245393883e24
1.396787065717918e24
1.3995387692526445e24
1.4025782823681765e24
1.4059064851838666e24
1.409524089514115e24
1.4134316377632136e24
1.4176295019158378e24
1.4221178826241508e24
1.4268968083925073e24
1.4319661348606666e24
1.4373255441863237e24
1.4429745445278084e24
1.44891246962764e24
1.4551384784976494e24
1.4616515552062742e24
1.4684505087685996e24
1.4755339731396445e24
1.4829004073113487e24
1.490548095513629e24
1.498475147519846e24
1.5066794990569445e24
1.5151589123204545e24
1.523910976594524e24
1.5329331089770236e24
1.5422225552097778e24
1.5517763906138578e24
1.561591521129818e24
1.5716646844627293e24
1.581992451331758e24
1.5925712268239883e24
1.6033972518521412e24
1.614466604715748e24
1.6257752027653096e24
1.6373188041688526e24
1.6490930097803137e24
1.6610932651090392e24
1.673314862389658e24
1.6857529427515458e24
1.6984024984869802e24
1.7112583754170802e24
1.7243152753545312e24
1.7375677586620145e24
1.7510102469052692e24
1.764637025599566e24
1.778442247048383e24
1.7924199332729562e24
1.806563979031377e24
1.8208681549257838e24
1.8353261105962086e24
1.8499313779994964e24
1.8646773747717497e24
1.8795574076726248e24
1.8945646761097757e24
1.9096922757416966e24
1.9249332021571282e24
1.9402803546291912e24
1.9557265399422975e24
1.9712644762898744e24
1.986886797240899e24
2.0025860557731368e24
2.0183547283710032e24
2.0341852191858408e24
2.0500698642564298e24
2.06600093578745e24
2.0819706464836128e24
2.097971153937084e24
2.113994565065844e24
2.1300329406005405e24
2.1460782996173578e24
2.162122624114417e24
2.1781578636291448e24
2.1941759398940504e24
2.2101687515282944e24
2.2261281787623884e24
2.2420460881933914e24
2.2579143375678567e24
2.273724780589831e24
2.2894692717511262e24
2.3051396711810907e24
2.320727849513087e24
2.336225692764814e24
2.3516251072296662e24
2.3669180243762419e24
2.382096405753124e24
2.3971522478960287e24
2.4120775872344286e24
2.4268645049947045e24
2.441505132096924e24
2.4559916540422577e24
2.470316315788145e24
2.4844714266082127e24
2.498449364934004e24
2.512242583175572e24
2.525843612517957e24
2.539245067690623e24
2.5524396517068846e24
2.5654201605703686e24
2.57817948794561e24
2.590710629789814e24
2.6030066889429004e24
2.615060879672902e24
2.6268665321738385e24
2.6384170970132025e24
2.649706149526191e24
2.6607273941538364e24
2.6714746687222624e24
2.681941948660241e24
2.6921233511523043e24
2.7020131392246656e24
2.711605725761258e24
2.720895677447187e24
2.7298777186370046e24
2.738546735145105e24
2.74689777795578e24
2.75492606685031e24
2.7626269939486213e24
2.76999612716308e24
2.7770292135619513e24
2.7837221826402216e24
2.7900711494953876e24
2.7960724179060074e24
2.801722483310719e24
2.807018035685602e24
2.811955962317724e24
2.816533350472796e24
2.820747489954963e24
2.8245958755567015e24
2.8280762093969794e24
2.831186403145791e24
2.8339245801333205e24
2.836289077341965e24
2.838278447279613e24
2.8398914597325264e24
2.84112710339633e24
2.841984587383652e24
2.842463342606973e24
2.842563023035428e24
2.84228350682422e24
2.8416248973155465e24
2.8405875239098547e24
2.839171942806406e24
2.837378937612226e24
2.835209519818459e24
2.832664929143406e24
2.8297466337414245e24
2.826456330277098e24
2.8227959438640083e24
2.818767627867708e24
2.814373763572359e24
2.809616959710747e24
2.804500051857424e24
2.799026101684712e24
2.793198396081567e24
2.7870204461351645e24
2.7804959859753866e24
2.773628971482216e24
2.7664235788564003e24
2.758884203053573e24
2.751015456082263e24
2.742822165166318e24
2.7343093707721696e24
2.725482324501724e24
2.716346486851449e24
2.706907524838605e24
2.697171309495388e24
2.687143913231986e24
2.676831607069668e24
2.666240857744898e24
2.655378324685847e24
2.644250856862433e24
2.632865489511431e24
2.62122944073793e24
2.609350107994857e24
2.597235064442022e24
2.5848920551864487e24
2.5723289934058076e24
2.5595539563566533e24
2.546575181269579e24
2.533401061133085e24
2.520040140368435e24
2.5065011103974453e24
2.492792805105609e24
2.478924196202716e24
2.4649043884833557e24
2.4507426149898205e24
2.436448232079735e24
2.422030714401181e24
2.4074996497777371e24
2.392864734006331e24
2.3781357655704827e24
2.3633226402718584e24
2.3484353457830294e24
2.3334839561242507e24
2.3184786260674317e24
2.3034295854701446e24
2.2883471335429911e24
2.2732416330532547e24
2.2581235044682617e24
2.2430032200415403e24
2.2278912978451328e24
2.2127982957514903e24
2.1977348053681548e24
2.1827114459288829e24
2.1677388581444605e24
2.1528276980169272e24
2.1379886306205563e24
2.1232323238533515e24
2.108569442162525e24
2.0940106402476551e24
2.0795665567452537e24
2.0652478078982775e24
2.0510649812144947e24
2.0370286291172514e24
2.0231492625925742e24
2.0094373448362447e24
1.9959032849046778e24
1.982557431373483e24
1.9694100660073613e24
1.9564713974453387e24
1.943751554904988e24
1.9312605819096329e24
1.9190084300422047e24
1.9070049527297423e24
1.8952598990622187e24
1.8837829076495934e24
1.8725835005209222e24
1.8616710770692394e24
1.8510549080461108e24
1.840744129609522e24
1.830747737428987e24
1.8210745808514695e24
1.811733357131989e24
1.8027326057324764e24
1.7940807026925975e24
1.7857858550762323e24
1.7778560954971033e24
1.7702992767272522e24
1.7631230663917832e24
1.7563349417534926e24
1.7499421845907513e24
1.7439518761720854e24
1.7383708923308803e24
1.73320589864344e24
1.728463345713788e24
1.7241494645683235e24
1.7202702621636283e24
1.7168315170104237e24
1.7138387749168486e24
1.7112973448539724e24
1.709212294946538e24
1.7075884485918077e24
1.706430380709284e24
1.7057424141241198e24
1.7055286160868112e24
1.705792794931863e24
1.7065384968778827e24
1.7077690029716244e24
1.7094873261783106e24
1.7116962086205652e24
1.714398118968195e24
1.7175952499808955e24
1.7212895162060326e24
1.7254825518333885e24
1.730175708708815e24
1.7353700545085727e24
1.7410663710760567e24
1.7472651529225588e24
1.7539666058935687e24
1.7611706460020608e24
1.7688768984301008e24
1.7770846967000354e24
1.7857930820163927e24
1.7950008027795645e24
1.8047063142722017e24
1.8149077785192078e24
1.825603064322056e24
1.8367897474680914e24
1.8484651111153708e24
1.8606261463534965e24
1.8732695529407704e24
1.88639174021791e24
1.8999888281984843e24
1.9140566488360686e24
1.9285907474680796e24
1.94358638443606e24
1.9590385368821811e24
1.9749419007215283e24
1.9912908927897009e24
2.0080796531650803e24
2.0253020476650997e24
2.0429516705156724e24
2.061021847192825e24
2.0795056374355707e24
2.0983958384288062e24
2.1176849881550577e24
2.1373653689136577e24
2.1574290110059665e24
2.177867696585003e24
2.1986729636678972e24
2.2198361103093304e24
2.241348198934117e24
2.263200060826988e24
2.285382300777418e24
2.3078853018774225e24
2.3306992304699496e24
2.3538140412455798e24
2.3772194824850004e24
2.400905101444695e24
2.4248602498832436e24
2.449074089725365e24
2.473535598860978e24
2.4982335770762107e24
2.523156652113461e24
2.5482932858572364e24
2.573631780642718e24
2.5991602856836354e24
2.6248668036161243e24
2.6507391971551266e24
2.6767651958597425e24
2.702932403003963e24
2.7292283025490464e24
2.75564026621381e24
2.7821555606389597e24
2.808761354641537e24
2.835444726555571e24
2.862192671654771e24
2.8889921096532633e24
2.9158298922800897e24
2.9426928109233405e24
2.9695676043394986e24
2.9964409664238005e24
3.0232995540370447e24
3.05012999488453e24
3.07691889544257e24
3.1036528489279933e24
3.1303184433061517e24
3.1569022693326614e24
3.183390928624371e24
3.2097710417546846e24
3.2360292563686436e24
3.26215225531297e24
3.288126764776153e24
3.313939562433976e24
3.3395774855954955e24
3.365027439344621e24
3.390276404672526e24
3.4153114465958625e24
3.4401197222560287e24
3.464688488994441e24
3.489005112399051e24
3.5130570743170613e24
3.536831980829034e24
3.560317570179447e24
3.5835017206587904e24
3.6063724584323516e24
3.6289179653107866e24
3.651126586457654e24
3.672986838029031e24
3.6944874147404413e24
3.715617197356297e24
3.73636526009705e24
3.756720877959398e24
3.77667353394477e24
3.7962129261915185e24
3.8153289750060863e24
3.83401182978871e24
3.8522518758489985e24
3.8700397411069907e24
3.8873663026752416e24
3.904222693317511e24
3.9206003077798394e24
3.9364908089896165e24
3.9518861341185873e24
3.966778500505532e24
3.98116041143467e24
3.99502466176571e24
4.0083643434116635e24
4.021172850660598e24
4.0334438853375157e24
4.0451714618027077e24
4.0563499117829837e24
4.066973889032248e24
4.077038373818002e24
4.08653867723045e24
4.095470445310948e24
4.103829662996663e24
4.111612657878388e24
4.118816103768577e24
4.125437024076721e24
4.1314727949893854e24
4.136921148452186e24
4.141780174951266e24
4.146048326091788e24
4.149724416971175e24
4.152807628344891e24
4.15529750858268e24
4.157193975413344e24
4.1584973174561355e24
4.159208195537159e24
4.159327643789065e24
4.15885707053266e24
4.1577982589390097e24
4.1561533674708473e24
4.153924930102195e24
4.151115856315185e24
4.147729430873296e24
4.14376931337024e24
4.139239537553967e24
4.134144510425308e24
4.1284890111109453e24
4.122278189510538e24
4.115517564717952e24
4.1082130232166864e24
4.100370816849676e24
4.091997560563907e24
4.0831002299302433e24
4.0736861584391787e24
4.0637630345732033e24
4.053338898656736e24
4.0424221394846503e24
4.031021490730519e24
4.019146027135964e24
4.0068051604824646e24
3.994008635347293e24
3.9807665246451905e24
3.9670892249577146e24
3.9529874516522147e24
3.9384722337924684e24
3.923554908843377e24
3.908247117171927e24
3.89256079634707e24
3.876508175241013e24
3.8601017679348346e24
3.8433543674311635e24
3.826279039177042e24
3.808889114400097e24
3.7911981832611935e24
3.773220087827103e24
3.754968914866523e24
3.7364589884732363e24
3.7177048625199834e24
3.698721312947038e24
3.6795233298893746e24
3.660126109646501e24
3.640545046499201e24
3.6207957243773934e24
3.600893908383597e24
3.5808555361763956e24
3.5606967092186216e24
3.5404336838948055e24
3.5200828625028626e24
3.4996607841247306e24
3.4791841153810124e24
3.458669641074731e24
3.438134254729215e24
3.4175949490254917e24
3.397068806144335e24
3.376572988018545e24
3.3561247265007165e24
3.3357413134521486e24
3.3154400907584925e24
3.2952384402777013e24
3.2751537737261303e24
3.2552035225084436e24
3.2354051274972625e24
3.2157760287683615e24
3.1963336552974263e24
3.177095414624257e24
3.158078682490501e24
3.13930079245699e24
3.1207790255066866e24
3.102530599639472e24
3.0845726594648207e24
3.066922265798646e24
3.049596385270394e24
3.032611879946711e24
3.0159854969778245e24
2.999733858272901e24
2.9838734502106614e24
2.968420613391421e24
2.953391532436842e24
2.93880222584365e24
2.924668535897493e24
2.9110061186531835e24
2.8978304339875226e24
2.885156735730887e24
2.873000061883699e24
2.8613752249239666e24
2.8502968022118946e24
2.8397791264977557e24
2.829836276538891e24
2.8204820678319356e24
2.811730043466141e24
2.803593465103691e24
2.796085304092836e24
2.789218232719592e24
2.783004615603781e24
2.777456501244955e24
2.7725856137238633e24
2.7684033445649173e24
2.764920744765107e24
2.7621485169946997e24
2.760097007974999e24
2.7587762010383204e24
2.758195708875334e24
2.7583647664746777e24
2.759292224259845e24
2.760986541428071e24
2.7634557794959626e24
2.766707596056458e24
2.770749238751586e24
2.7755875394654296e24
2.781228908741521e24
2.787679330428854e24
2.7949443565604733e24
2.8030291024686134e24
2.8119382421400906e24
2.821676003815642e24
2.832246165836723e24
2.843652052743061e24
2.855896531624364e24
2.868982008729094e24
2.88291042633346e24
2.897683259873268e24
2.91330151534147e24
2.9297657269537833e24
2.9470759550848566e24
2.965231784477208e24
2.984232322724878e24
3.0040761990339226e24
3.024761563261258e24
3.046286085233701e24
3.0686469543484127e24
3.091840879456198e24
3.115864089028707e24
3.1407123316104056e24
3.1663808765562936e24
3.1928645150557383e24
3.220157561443136e24
3.248253854795407e24
3.277146760816713e24
3.3068291740100726e24
3.3372935201358617e24
3.368531758956688e24
3.4005353872680343e24
3.43329544221408e24
3.4668025048875703e24
3.5010467042128874e24
3.5360177211108125e24
3.5717047929437985e24
3.608096718239927e24
3.645181861693935e24
3.682948159443331e24
3.7213831246173725e24
3.760473853156855e24
3.800207029901974e24
3.8405689349459394e24
3.881545450251265e24
3.923122066526e24
3.96528389035675e24
4.0080156515950063e24
4.051301710993697e24
4.0951260680899654e24
4.139472369330794e24
4.184323916437162e24
4.2296636750030826e24
4.275474283324877e24
4.32173806145661e24
4.3684370204870733e24
4.415552872033468e24
4.463067037947302e24
4.5109606602271327e24
4.5592146111334625e24
4.607809503500128e24
4.6567257012372207e24
4.705943330019596e24
4.7554422881557056e24
4.805202257630794e24
4.85520271531848e24
4.905422944354999e24
4.955842045669596e24
5.006438949665223e24
5.057192428042776e24
5.108081105762728e24
5.159083473137476e24
5.210177898047573e24
5.261342638275411e24
5.312555853949085e24
5.363795620089897e24
5.415039939256063e24
5.466266754275859e24
5.517453961062688e24
5.56857942150504e24
5.619620976423895e24
5.670556458590041e24
5.721363705794137e24
5.772020573961587e24
5.822504950305065e24
5.872794766506621e24
5.922868011922118e24
5.972702746799865e24
6.022277115506018e24
6.071569359748828e24
6.120557831793776e24
6.169221007662098e24
6.217537500304434e24
6.265486072742119e24
6.31304565116788e24
6.360195337998321e24
6.40691442487024e24
6.453182405572709e24
6.498978988907414e24
6.544284111468974e24
6.589077950337826e24
6.633340935677437e24
6.677053763228485e24
6.720197406691827e24
6.762753129992926e24
6.804702499419831e24
6.846027395627072e24
6.88671002549813e24
6.926732933858607e24
6.966079015033056e24
7.004731524237635e24
7.042674088801715e24
7.079890719210778e24
7.116365819963774e24
7.152084200237691e24
7.187031084352287e24
7.221192122028318e24
7.254553398432164e24
7.287101444000422e24
7.318823244037656e24
7.349706248080956e24
7.379738379024937e24
7.408908042000756e24
7.437204133003304e24
7.46461604726026e24
7.491133687337425e24
7.516747470974338e24
7.541448338644822e24
7.565227760836762e24
7.588077745046029e24
7.609990842479258e24
7.630960154460442e24
7.650979338536691e24
7.670042614278173e24
7.688144768768017e24
7.705281161777549e24
7.721447730622897e24
7.736640994698767e24
7.750858059685691e24
7.764096621426987e24
7.776354969472013e24
7.787631990282394e24
7.797927170098082e24
7.807240597460441e24
7.815572965389472e24
7.822925573212766e24
7.82930032804384e24
7.834699745907594e24
7.839126952511163e24
7.842585683658199e24
7.845080285305243e24
7.846615713258708e24
7.847197532511468e24
7.846831916218081e24
7.845525644307923e24
7.843286101735849e24
7.840121276369936e24
7.836039756516399e24
7.831050728081715e24
7.825163971372376e24
7.818389857532811e24
7.810739344622313e24
7.802223973331863e24
7.792855862342264e24
7.782647703324804e24
7.771612755586251e24
7.759764840359977e24
7.747118334745306e24
7.733688165297398e24
7.719489801270139e24
7.70453924751475e24
7.68885303703717e24
7.672448223217152e24
7.6553423716926e24
7.637553551912603e24
7.619100328363008e24
7.600001751468445e24
7.580277348175027e24
7.559947112218051e24
7.539031494079395e24
7.517551390639214e24
7.495528134527082e24
7.472983483177642e24
7.449939607596176e24
7.426419080839607e24
7.402444866218731e24
7.378040305227487e24
7.35322910520553e24
7.328035326740236e24
7.302483370814644e24
7.276597965708011e24
7.250404153655683e24
7.22392727727534e24
7.197192965766622e24
7.170227120891509e24
7.143055902742876e24
7.115705715308714e24
7.088203191839871e24
7.060575180029079e24
7.032848727009357e24
7.00505106417986e24
6.977209591867472e24
6.949351863832586e24
6.921505571627514e24
6.893698528816185e24
6.865958655063872e24
6.838313960105845e24
6.810792527603813e24
6.783422498899282e24
6.756232056672878e24
6.72924940851902e24
6.702502770445054e24
6.67602035030434e24
6.649830331172789e24
6.623960854678231e24
6.598440004292341e24
6.573295788594649e24
6.548556124518377e24
6.524248820587828e24
6.500401560157058e24
6.477041884659662e24
6.454197176879499e24
6.431894644252176e24
6.410161302207194e24
6.389023957560608e24
6.36850919196803e24
6.348643345448011e24
6.329452499985424e24
6.310962463224934e24
6.293198752264248e24
6.276186577557016e24
6.259950826935145e24
6.244516049760282e24
6.22990644121411e24
6.216145826737263e24
6.203257646626213e24
6.19126494079792e24
6.180190333731545e24
6.170056019596699e24
6.160883747577548e24
6.152694807401973e24
6.145510015085023e24
6.139349698895631e24
6.134233685555566e24
6.130181286679535e24
6.127211285465095e24
6.125341923641075e24
6.124590888682927e24
6.124975301303457e24
6.126511703227142e24
6.129216045256148e24
6.133103675635965e24
6.138189328728571e24
6.144487114000674e24
6.152010505334586e24
6.160772330669117e24
6.170784761977478e24
6.182059305589492e24
6.194606792864554e24
6.208437371222353e24
6.223560495537473e24
6.239984919904389e24
6.257718689778795e24
6.276769134501085e24
6.297142860207797e24
6.318845743136309e24
6.341882923328177e24
6.366258798735954e24
6.391977019738558e24
6.419040484069456e24
6.4474513321623e24
6.477210942918033e24
6.508319929897234e24
6.540778137941674e24
6.574584640228113e24
6.609737735757937e24
6.646234947285134e24
6.684073019685766e24
6.723247918770901e24
6.763754830545624e24
6.805588160915803e24
6.848741535844328e24
6.893207801958404e24
6.938979027608804e24
6.986046504382325e24
7.034400749067723e24
7.08403150607583e24
7.134927750313856e24
7.187077690513587e24
7.240468773013395e24
7.295087685993028e24
7.350920364160575e24
7.407951993890069e24
7.466167018808605e24
7.525549145830875e24
7.586081351639418e24
7.647745889608173e24
7.710524297166694e24
7.77439740360253e24
7.839345338298293e24
7.905347539400536e24
7.97238276291635e24
8.040429092234369e24
8.109463948065527e24
8.179464098799621e24
8.250405671272881e24
8.322264161941522e24
8.395014448456509e24
8.468630801633699e24
8.543086897814205e24
8.618355831608591e24
8.694410129019251e24
8.77122176093438e24
8.848762156986766e24
8.927002219771084e24
9.005912339411998e24
9.085462408476379e24
9.165621837221575e24
9.246359569172562e24
9.327644097019448e24
9.409443478827659e24
9.491725354552221e24
9.574456962847424e24
9.657605158163516e24
9.741136428120901e24
9.825016911153305e24
9.909212414409932e24
9.993688431907694e24
1.0078410162923278e25
1.0163342530615583e25
1.0248450200868368e25
1.0333697601342687e25
1.0419048940729268e25
1.0504468228189681e25
1.058991929297643e25
1.0675365804220338e25
1.0760771290875065e25
1.084609916180736e25
1.0931312726021753e25
1.1016375213008916e25
1.110124979320569e25
1.118589959855595e25
1.1270287743160105e25
1.1354377344002185e25
1.1438131541742189e25
1.152151352156238e25
1.1604486534055396e25
1.1687013916142144e25
1.1769059112007813e25
1.1850585694043507e25
1.193155738378195e25
1.2011938072814535e25
1.2091691843678183e25
1.2170782990699305e25
1.2249176040783055e25
1.2326835774135623e25
1.2403727244907082e25
1.247981580174316e25
1.255506710823319e25
1.2629447163242607e25
1.2702922321117446e25
1.2775459311749138e25
1.2847025260487379e25
1.2917587707889024e25
1.29871146292914e25
1.305557445419773e25
1.3122936085463418e25
1.3189168918270951e25
1.3254242858882313e25
1.3318128343156948e25
1.3380796354824198e25
1.3442218443498743e25
1.350236674242778e25
1.3561213985959123e25
1.361873352671892e25
1.3674899352488586e25
1.3729686102769863e25
1.378306908502789e25
1.3835024290601578e25
1.3885528410271326e25
1.3934558849473938e25
1.3982093743154893e25
1.4028111970248292e25
1.4072593167775048e25
1.4115517744549899e25
1.4156866894488303e25
1.4196622609504176e25
1.4234767691989904e25
1.4271285766870077e25
1.4306161293220767e25
1.4339379575446314e25
1.437092677400581e25
1.4400789915681775e25
1.4428956903383732e25
1.4455416525479566e25
1.4480158464647947e25
1.4503173306245226e25
1.4524452546180563e25
1.4543988598293192e25
1.456177480122625e25
1.4577805424791499e25
1.459207567581994e25
1.4604581703493282e25
1.4615320604151747e25
1.4624290425573844e25
1.4631490170724063e25
1.4636919800964823e25
1.4640580238729168e25
1.4642473369651143e25
1.464260204415098e25
1.4640970078472638e25
1.4637582255171412e25
1.4632444323049767e25
1.4625562996539908e25
1.4616945954531608e25
1.4606601838644618e25
1.459454025094478e25
1.4580771751103828e25
1.4565307853002564e25
1.4548161020778151e25
1.4529344664315787e25
1.450887313418606e25
1.4486761716029228e25
1.4463026624387938e25
1.4437684995990576e25
1.4410754882487305e25
1.4382255242641707e25
1.4352205933980618e25
1.4320627703905772e25
1.428754218027062e25
1.425297186142625e25
1.4216940105740859e25
1.4179471120596952e25
1.41405899508716e25
1.410032246690438e25
1.4058695351959145e25
1.401573608918482e25
1.397147294808167e25
1.3925934970479532e25
1.3879151956034327e25
1.3831154447250426e25
1.3781973714035605e25
1.3731641737796784e25
1.368019119508383e25
1.3627655440790208e25
1.3574068490918514e25
1.3519465004919726e25
1.3463880267615406e25
1.3407350170711786e25
1.334991119391561e25
1.3291600385661213e25
1.3232455343459307e25
1.317251419387725e25
1.3111815572161908e25
1.3050398601515496e25
1.2988302872035423e25
1.2925568419329892e25
1.2862235702819868e25
1.2798345583740006e25
1.2733939302849629e25
1.2669058457866523e25
1.2603744980635317e25
1.253804111404316e25
1.24719893886955e25
1.240563259936434e25
1.2339013781222604e25
1.2272176185877033e25
1.2205163257213776e25
1.213801860706925e25
1.2070785990740678e25
1.2003509282349507e25
1.1936232450071592e25
1.1868999531248693e25
1.180185460739442e25
1.1734841779109784e25
1.1668005140921809e25
1.1601388756060253e25
1.1535036631186258e25
1.1468992691088e25
1.140330075335749e25
1.1338004503063206e25
1.1273147467433615e25
1.120877299056554e25
1.1144924208172945e25
1.108164402239005e25
1.1018975076644294e25
1.0956959730613257e25
1.0895640035280545e25
1.0835057708105667e25
1.0775254108321857e25
1.0716270212377367e25
1.065814658953403e25
1.060092337763849e25
1.0544640259079723e25
1.0489336436948192e25
1.0435050611410238e25
1.0381820956312372e25
1.0329685096029772e25
1.027868008257254e25
1.02288423729644e25
1.0180207806906953e25
1.0132811584743892e25
1.0086688245738117e25
1.0041871646675831e25
9.99839494081032e24
9.956290557158885e24
9.915590180165912e24
9.876324729744496e24
9.838524341709735e24
9.80221834861553e24
9.76743526100764e24
9.734202749104502e24
9.702547624917818e24
9.672495824824605e24
9.644072392601567e24
9.617301462933441e24
9.592206245405564e24
9.568809008991822e24
9.547131067047724e24
9.527192762819172e24
9.509013455476333e24
9.492611506682233e24
9.47800426770547e24
9.465208067085561e24
9.454238198860053e24
9.44510891136118e24
9.43783339659061e24
9.432423780179501e24
9.42889111194165e24
9.42724535702644e24
9.427495387678514e24
9.429648975610583e24
9.433712784995177e24
9.43969236608135e24
9.447592149441461e24
9.457415440853069e24
9.469164416820712e24
9.482840120741648e24
9.49844245971972e24
9.51597020203058e24
9.535420975241808e24
9.556791264990416e24
9.580076414420393e24
9.605270624282188e24
9.632366953695927e24
9.661357321579567e24
9.692232508742879e24
9.72498216064793e24
9.759594790835938e24
9.79605778502059e24
9.834357405846712e24
9.874478798313782e24
9.916405995862432e24
9.960121927122373e24
1.0005608423319432e25
1.0052846226339109e25
1.0101814997443691e25
1.0152493326639565e25
1.020485874269091e25
1.025888772377567e25
1.0314555708779197e25
1.0371837109220781e25
1.0430705321807575e25
1.049113274161042e25
1.0553090775855315e25
1.06165498583244e25
1.068147946435913e25
1.0747848126459061e25
1.0815623450468265e25
1.088477213234167e25
1.0955259975482962e25
1.1027051908645503e25
1.1100112004387227e25
1.1174403498070256e25
1.124988880739545e25
1.132652955246211e25
1.1404286576342204e25
1.1483119966158765e25
1.1562989074657207e25
1.164385254225839e25
1.1725668319581985e25
1.180839369042769e25
1.189198529520276e25
1.197639915478286e25
1.206159069479365e25
1.2147514770299943e25
1.2234125690889145e25
1.2321377246135375e25
1.2409222731430302e25
1.249761497416674e25
1.2586506360260412e25
1.267584886099554e25
1.2765594060179238e25
1.2855693181589773e25
1.2946097116703338e25
1.3036756452683994e25
1.3127621500621196e25
1.3218642323998572e25
1.3309768767378753e25
1.3400950485287332e25
1.3492136971280062e25
1.358327758717657e25
1.3674321592444081e25
1.3765218173714303e25
1.3855916474416664e25
1.3946365624510896e25
1.4036514770301735e25
1.4126313104318824e25
1.421570989524419e25
1.4304654517870313e25
1.4393096483071033e25
1.4480985467768128e25
1.4568271344875966e25
1.4654904213206391e25
1.4740834427316908e25
1.4826012627283966e25
1.4910389768384203e25
1.499391715066582e25
1.5076546448392676e25
1.5158229739343562e25
1.5238919533949113e25
1.5318568804249057e25
1.539713101265223e25
1.5474560140482314e25
1.555081071629183e25
1.5625837843927454e25
1.569959723032946e25
1.5772045213048656e25
1.584313878746351e25
1.5912835633681386e25
1.5981094143107041e25
1.6047873444662013e25
1.6113133430638837e25
1.6176834782173913e25
1.6238938994323307e25
1.6299408400725698e25
1.635820619783709e25
1.641529646872204e25
1.6470644206386305e25
1.6524215336636198e25
1.6575976740450033e25
1.6625896275847348e25
1.6673942799241862e25
1.6720086186264505e25
1.6764297352042592e25
1.6806548270922516e25
1.6846811995622476e25
1.6885062675802986e25
1.6921275576042503e25
1.6955427093206512e25
1.6987494773198037e25
1.7017457327078476e25
1.7045294646547587e25
1.7070987818772036e25
1.709451914055217e25
1.7115872131816953e25
1.7135031548437738e25
1.7151983394351292e25
1.7166714932983604e25
1.717921469796577e25
1.7189472503133986e25
1.7197479451806075e25
1.7203227945327058e25
1.7206711690877342e25
1.7207925708536511e25
1.7206866337597366e25
1.7203531242124008e25
1.7197919415749347e25
1.7190031185706856e25
1.717986821609266e25
1.7167433510353805e25
1.715273141299948e25
1.7135767610532285e25
1.7116549131596713e25
1.7095084346343346e25
1.7071382965006415e25
1.704545603569442e25
1.7017315941392332e25
1.6986976396175773e25
1.6954452440637023e25
1.6919760436523585e25
1.6882918060590825e25
1.6843944297669673e25
1.680285943295222e25
1.675968504349697e25
1.6714443988957548e25
1.6667160401537692e25
1.661785967517677e25
1.6566568453970365e25
1.651331461983029e25
1.6458127279390037e25
1.6401036750160655e25
1.6342074545944104e25
1.6281273361509925e25
1.6218667056543202e25
1.615429063887063e25
1.6088180246973087e25
1.6020373131793387e25
1.5950907637847358e25
1.5879823183648545e25
1.580716024145527e25
1.5732960316351186e25
1.565726592466899e25
1.558012057176914e25
1.5501568729184358e25
1.542165581114184e25
1.534042815047583e25
1.525793297394235e25
1.5174218376949938e25
1.508933329771879e25
1.5003327490883064e25
1.4916251500549456e25
1.4828156632826963e25
1.4739094927842872e25
1.4649119131259234e25
1.4558282665306367e25
1.446663959934801e25
1.4374244619995363e25
1.4281153000785284e25
1.4187420571440371e25
1.4093103686727054e25
1.3998259194929335e25
1.390294440595598e25
1.3807217059098136e25
1.3711135290456435e25
1.3614757600054762e25
1.351814281866031e25
1.3421350074327533e25
1.3324438758685983e25
1.3227468492990313e25
1.3130499093952066e25
1.3033590539373196e25
1.2936802933599975e25
1.2840196472818277e25
1.2743831410209036e25
1.264776802098509e25
1.2552066567328715e25
1.2456787263250478e25
1.2361990239390335e25
1.2267735507780395e25
1.2174082926591176e25
1.2081092164880779e25
1.1988822667368829e25
1.1897333619254828e25
1.1806683911102666e25
1.171693210381125e25
1.1628136393692396e25
1.154035457767701e25
1.145364401866951e25
1.1368061611072209e25
1.1283663746499231e25
1.1200506279701698e25
1.1118644494723493e25
1.10381330713093e25
1.0959026051584205e25
1.0881376807025565e25
1.0805238005747581e25
1.0730661580117677e25
1.06576986947256e25
1.0586399714723846e25
1.0516814174559977e25
1.0448990747119275e25
1.0382977213297302e25
1.0318820432021524e25
1.0256566310740006e25
1.0196259776396616e25
1.0137944746909984e25
1.008166410317523e25
1.0027459661605258e25
9.975372147229947e24
9.925441167369756e24
9.877705185900945e24
9.832201498129181e24
9.788966206287257e24
9.748034195673604e24
9.709439111446392e24
9.673213336089387e24
9.639387967563546e24
9.607992798159763e24
9.579056294066308e24
9.552605575664969e24
9.528666398569556e24
9.507263135419159e24
9.488418758439415e24
9.472154822783427e24
9.458491450664401e24
9.44744731629111e24
9.439039631617108e24
9.433284132914235e24
9.430195068180035e24
9.429785185389013e24
9.432065721596286e24
9.437046392902574e24
9.444735385288256e24
9.455139346324345e24
9.468263377767135e24
9.484111029043374e24
9.502684291631852e24
9.523983594346964e24
9.548007799529436e24
9.57475420014837e24
9.60421851781906e24
9.636394901739672e24
9.671275928549874e24
9.708852603113765e24
9.749114360229009e24
9.792049067263427e24
9.837643027719863e24
9.88588098572954e24
9.936746131473566e24
9.99022010753186e24
1.0046283016157835e25
1.0104913427477216e25
1.0166088388608146e25
1.0229783433699817e25
1.0295972594885937e25
1.0364628414148692e25
1.0435721956088836e25
1.0509222821596526e25
1.0585099162417e25
1.0663317696605068e25
1.0743843724861254e25
1.082664114774241e25
1.0911672483738823e25
1.0998898888209303e25
1.1088280173165357e25
1.1179774827894882e25
1.127334004041546e25
1.1368931719746513e25
1.1466504518989594e25
1.1566011859204979e25
1.1667405954072755e25
1.1770637835325578e25
1.1875657378940449e25
1.1982413332075812e25
1.209085334073994e25
1.220092397817633e25
1.2312570773951236e25
1.2425738243727726e25
1.2540369919710923e25
1.2656408381747721e25
1.277379528906483e25
1.2892471412627592e25
1.3012376668102637e25
1.3133450149405907e25
1.3255630162818358e25
1.3378854261650514e25
1.350305928143642e25
1.3628181375638485e25
1.3754156051842762e25
1.3880918208425053e25
1.4008402171667104e25
1.413654173330258e25
1.4265270188471597e25
1.4394520374062381e25
1.4524224707418912e25
1.4654315225392187e25
1.4784723623713457e25
1.4915381296666733e25
1.5046219377038306e25
1.517716877632011e25
1.530816022514425e25
1.5439124313925539e25
1.5569991533687954e25
1.570069231705267e25
1.5831157079362763e25
1.5961316259921616e25
1.609110036332049e25
1.6220440000831565e25
1.6349265931841972e25
1.6477509105304716e25
1.6605100701182209e25
1.673197217185769e25
1.6858055283490615e25
1.6983282157290899e25
1.7107585310688244e25
1.723089769837136e25
1.7353152753173138e25
1.7474284426777276e25
1.7594227230221375e25
1.7712916274173114e25
1.783028730895439e25
1.7946276764289852e25
1.80608217887552e25
1.8173860288901872e25
1.8285330968033688e25
1.8395173364612236e25
1.850332789026727e25
1.8609735867388606e25
1.8714339566276737e25
1.8817082241828694e25
1.8917908169736923e25
1.9016762682178112e25
1.9113592202970273e25
1.9208344282175283e25
1.9300967630125982e25
1.9391412150855717e25
1.947962897490936e25
1.9565570491515014e25
1.9649190380095635e25
1.97304436411007e25
1.98092866261376e25
1.9885677067383685e25
1.995957410625965e25
2.00309383213453e25
2.0099731755519895e25
2.016591794230847e25
2.02294619314172e25
2.0290330313440303e25
2.034849124372218e25
2.0403914465358183e25
2.0456571331318783e25
2.0506434825681567e25
2.055347958395628e25
2.0597681912488943e25
2.063901980693092e25
2.0677472969759987e25
2.071302282684047e25
2.074565254301044e25
2.0775347036684117e25
2.080209299345862e25
2.082587887871429e25
2.084669494919879e25
2.086453326358539e25
2.0879387691996897e25
2.0891253924486643e25
2.0900129478469095e25
2.0906013705093095e25
2.0908907794551004e25
2.090881478031821e25
2.090573954231763e25
2.089968880900456e25
2.0890671158368027e25
2.0878697017845104e25
2.0863778663145705e25
2.084593021598547e25
2.0825167640725544e25
2.0801508739918243e25
2.077497314875861e25
2.0745582328442115e25
2.071335955842974e25
2.0678329927622238e25
2.0640520324445888e25
2.059995942585268e25
2.0556677685238948e25
2.0510707319286415e25
2.046208229373087e25
2.0410838308064015e25
2.035701277917475e25
2.0300644823936804e25
2.024177524075021e25
2.018044649004491e25
2.0116702673755156e25
2.0050589513774123e25
1.9982154329399095e25
1.9911446013777393e25
1.983851500936466e25
1.9763413282407528e25
1.9686194296462723e25
1.960691298496601e25
1.9525625722864745e25
1.9442390297327983e25
1.9357265877549197e25
1.9270312983657184e25
1.9181593454750692e25
1.9091170416073865e25
1.8999108245348986e25
1.8905472538284787e25
1.8810330073277852e25
1.8713748775326352e25
1.86157976791749e25
1.851654689171012e25
1.8416067553627931e25
1.8314431800391892e25
1.821171272250497e25
1.810798432511537e25
1.8003321486979203e25
1.7897799918801864e25
1.7791496120981228e25
1.7684487340776248e25
1.7576851528923949e25
1.7468667295729607e25
1.736001386665426e25
1.725097103742401e25
1.714161912868695e25
1.7032038940242608e25
1.6922311704870221e25
1.6812519041780956e25
1.6702742909721961e25
1.6593065559757613e25
1.6483569487755143e25
1.6374337386602399e25
1.6265452098184318e25
1.6156996565146398e25
1.6049053782472188e25
1.5941706748903469e25
1.5835038418231112e25
1.5729131650484215e25
1.562406916304694e25
1.5519933481730834e25
1.5416806891831666e25
1.5314771389198997e25
1.5213908631347897e25
1.511429988864109e25
1.501602599557063e25
1.4919167302167952e25
1.4823803625570935e25
1.4730014201777333e25
1.4637877637612597e25
1.454747186294172e25
1.4458874083153006e25
1.437216073194309e25
1.4287407424430846e25
1.4204688910629396e25
1.4124079029304099e25
1.4045650662244203e25
1.3969475688976947e25
1.3895624941951004e25
1.3824168162217219e25
1.3755173955633913e25
1.3688709749623594e25
1.3624841750508136e25
1.3563634901448698e25
1.35051528410169e25
1.344945786242296e25
1.3396610873426583e25
1.3346671356955676e25
1.3299697332458129e25
1.3255745318010994e25
1.3214870293211217e25
1.3177125662871962e25
1.314256322154764e25
1.3111233118910786e25
1.3083183826003137e25
1.3058462102383015e25
1.3037112964190842e25
1.3019179653153367e25
1.300470360654772e25
1.2993724428145157e25
1.2986279860153958e25
1.2982405756180838e25
1.2982136055229036e25
1.2985502756751218e25
1.299253589677432e25
1.3003263525113468e25
1.3017711683690764e25
1.3035904385974646e25
1.3057863597554969e25
1.308360921786775e25
1.3113159063083548e25
1.3146528850172385e25
1.318373218215776e25
1.322478053457121e25
1.3269683243118442e25
1.3318447492567972e25
1.337107830687109e25
1.3427578540522762e25
1.3487948871171252e25
1.3552187793484756e25
1.36202916142809e25
1.3692254448926051e25
1.3768068219009191e25
1.3847722651295793e25
1.3931205277964733e25
1.401850143813175e25
1.410959428066244e25
1.420446476827551e25
1.4303091682937904e25
1.4405451632551394e25
1.4511519058931091e25
1.4621266247073239e25
1.473466333571075e25
1.4851678329154327e25
1.4972277110414168e25
1.5096423455598994e25
1.5224079049586485e25
1.5355203502960228e25
1.5489754370205309e25
1.5627687169155649e25
1.57689554016857e25
1.5913510575636123e25
1.6061302227964973e25
1.6212277949113068e25
1.636638340857378e25
1.652356238165358e25
1.6683756777412248e25
1.6846906667768179e25
1.7012950317756398e25
1.7181824216922675e25
1.7353463111839108e25
1.7527800039725973e25
1.7704766363161042e25
1.7884291805860592e25
1.806630448951257e25
1.8250730971644692e25
1.843749628450614e25
1.8626523974943567e25
1.8817736145251456e25
1.9011053494973707e25
1.9206395363635803e25
1.940367977438396e25
1.960282347850949e25
1.9803742000832805e25
2.0006349685923487e25
2.021055974513263e25
2.041628430440985e25
2.0623434452880846e25
2.083192029215769e25
2.1041650986356566e25
2.12525348127934e25
2.146447921333119e25
2.167739084634927e25
2.189117563930772e25
2.210573884187516e25
2.2320985079591718e25
2.2536818408037936e25
2.2753142367477108e25
2.296986003794216e25
2.318687409473455e25
2.340408686430573e25
2.3621400380487115e25
2.383871644103774e25
2.4055936664478303e25
2.4272962547176945e25
2.4489695520655805e25
2.470603700908402e25
2.4921888486925984e25
2.5137151536709157e25
2.5351727906879148e25
2.556551956970942e25
2.577842877922966e25
2.599035812914096e25
2.62012106106824e25
2.64108896704169e25
2.661929926790014e25
2.6826343933200315e25
2.703192882423321e25
2.723595978388071e25
2.743834339685624e25
2.7638987046284603e25
2.7837798969963184e25
2.8034688316268803e25
2.8229565199678277e25
2.842234075586806e25
2.861292719636129e25
2.880123786268709e25
2.898718728002022e25
2.9170691210269333e25
2.9351666704579275e25
2.953003215521708e25
2.970570734680832e25
2.987861350689391e25
3.0048673355774206e25
3.0215811155610126e25
3.0379952758751805e25
3.054102565526255e25
3.0698959019609747e25
3.0853683756492333e25
3.10051325457771e25
3.115323988651354e25
3.129794214000067e25
3.143917757187687e25
3.1576886393207414e25
3.1711010800541075e25
3.184149501491078e25
3.1968285319753428e25
3.2091330097722296e25
3.221057986636923e25
3.2325987312671514e25
3.243750732638184e25
3.2545097032177244e25
3.2648715820585782e25
3.2748325377670475e25
3.28438897134486e25
3.2935375189027367e25
3.302275054243631e25
3.310598691313887e25
3.318505786520408e25
3.325993940912201e25
3.3330610022247426e25
3.3397050667854694e25
3.345924481279057e25
3.351717844370982e25
3.35708400818817e25
3.362022079655378e25
3.3665314216862346e25
3.370611654227821e25
3.3742626551578554e25
3.3774845610335158e25
3.3802777676910987e25
3.382642930695809e25
3.3845809656409925e25
3.38609304829625e25
3.3871806146039526e25
3.3878453605238045e25
3.3880892417250918e25
3.3879144731264253e25
3.3873235282828756e25
3.386319138620415e25
3.384904292517746e25
3.383082234235637e25
3.380856462694021e25
3.378230730097139e25
3.3752090404071457e25
3.3717956476666975e25
3.367995054171071e25
3.3638120084904928e25
3.359251503343486e25
3.354318773322015e25
3.349019292469424e25
3.3433587717121644e25
3.3373431561464475e25
3.330978622181017e25
3.324271574537318e25
3.317228643108469e25
3.309856679678459e25
3.302162754503151e25
3.2941541527547044e25
3.2858383708311267e25
3.2772231125327715e25
3.2683162851076413e25
3.259125995167443e25
3.2496605444765098e25
3.239928425615596e25
3.229938317522829e25
3.219699080914069e25
3.2092197535849986e25
3.198509545597408e25
3.1875778343521633e25
3.1764341595513885e25
3.1650882180525685e25
3.1535498586172307e25
3.141829076557012e25
3.1299360082799368e25
3.117880925739834e25
3.1056742307918702e25
3.093326449457203e25
3.0808482260998666e25
3.0682503175191025e25
3.055543586960246e25
3.042738998047487e25
3.0298476086418516e25
3.016880564627731e25
3.0038490936314148e25
2.99076449867506e25
2.9776381517696657e25
2.964481487450574e25
2.9513059962591017e25
2.938123218173978e25
2.9249447359962283e25
2.9117821686912743e25
2.8986471646919283e25
2.8855513951661504e25
2.8725065472533e25
2.8595243172728226e25
2.8466164039091186e25
2.833794501376588e25
2.821070292568713e25
2.8084554421951087e25
2.795961589910508e25
2.7836003434396523e25
2.771383271702004e25
2.759321897940345e25
2.7474276928571884e25
2.735712067763051e25
2.7241863677405283e25
2.712861864828238e25
2.7017497512285846e25
2.6908611325433445e25
2.6802070210411094e25
2.669798328960488e25
2.659645861853107e25
2.6497603119703235e25
2.640152251697608e25
2.6308321270405287e25
2.621810251166212e25
2.613096798004187e25
2.6047017959104494e25
2.596635121398587e25
2.58890649294176e25
2.581525464849287e25
2.574501421221605e25
2.567843569987257e25
2.5615609370256157e25
2.5556623603788708e25
2.5501564845570058e25
2.5450517549391196e25
2.5403564122746983e25
2.5360784872882196e25
2.532225795390472e25
2.528805931499941e25
2.5258262649775026e25
2.523293934677661e25
2.5212158441194625e25
2.5195986567802214e25
2.518448791515031e25
2.5177724181050554e25
2.5175754529375125e25
2.5178635548201436e25
2.5186421209329384e25
2.519916282919784e25
2.5216909031227234e25
2.523970570961225e25
2.5267595994590155e25
2.530062021920846e25
2.533881588761438e25
2.5382217644888584e25
2.5430857248444286e25
2.5484763541012564e25
2.5543962425232824e25
2.560847683986723e25
2.567832673765769e25
2.575352906484092e25
2.58340977423387e25
2.592004364863741e25
2.6011374604372055e25
2.6108095358626722e25
2.6210207576964495e25
2.6317709831197193e25
2.6430597590906524e25
2.6548863216724337e25
2.667249595538076e25
2.6801481936528488e25
2.6935804171347612e25
2.707544255293765e25
2.7220373858499962e25
2.7370571753315045e25
2.7526006796515243e25
2.7686646448654655e25
2.7852455081077217e25
2.802339398708028e25
2.8199421394873014e25
2.838049248232551e25
2.8566559393506096e25
2.875757125699981e25
2.8953474206002616e25
2.915421140018534e25
2.935972304931677e25
2.956994643863857e25
2.9784815955980225e25
3.0004263120604433e25
3.0228216613768443e25
3.0456602310989575e25
3.0689343315999142e25
3.092635999637134e25
3.1167570020808307e25
3.141288839806496e25
3.166222751749641e25
3.191549719120607e25
3.2172604697776203e25
3.2433454827557943e25
3.26979499295007e25
3.2965989959495097e25
3.3237472530206542e25
3.3512292962375663e25
3.37903443375568e25
3.4071517552270237e25
3.435570137353836e25
3.4642782495779774e25
3.493264559902894e25
3.522517340845242e25
3.5520246755131937e25
3.581774463807968e25
3.6117544287455096e25
3.6419521228948473e25
3.672354934929909e25
3.702950096291014e25
3.7337246879527083e25
3.764665647294136e25
3.795759775068479e25
3.8269937424674016e25
3.8583540982768133e25
3.889827276120195e25
3.921399601785227e25
3.953057300629968e25
3.9847865050643395e25
4.0165732621030185e25
4.048403540985295e25
4.0802632408578376e25
4.112138198516164e25
4.144014196200319e25
4.175876969440582e25
4.207712214948666e25
4.239505598550215e25
4.2712427631538675e25
4.302909336752526e25
4.33449094045244e25
4.365973196525306e25
4.397341736479008e25
4.428582209142295e25
4.4596802887589504e25
4.4906216830866084e25
4.521392141495761e25
4.5519774630641895e25
4.582363504662319e25
4.612536189024649e25
4.642481512802677e25
4.672185554594788e25
4.701634482948197e25
4.730814564328492e25
4.759712171052005e25
4.788313789176552e25
4.816606026345683e25
4.844575619581989e25
4.872209443024934e25
4.899494515608467e25
4.9264180086740485e25
4.9529672535144265e25
4.979129748843889e25
5.004893168190331e25
5.030245367204772e25
5.055174390884121e25
5.079668480702602e25
5.103716081647713e25
5.127305849156384e25
5.1504266559472605e25
5.173067598744782e25
5.195218004891119e25
5.216867438841796e25
5.23800570854121e25
5.258622871673888e25
5.278709241787767e25
5.29825539428575e25
5.317252172281641e25
5.335690692316979e25
5.35356234993505e25
5.370858825108713e25
5.3875720875184485e25
5.4036944016773915e25
5.419218331900059e25
5.43413674711152e25
5.448442825493998e25
5.462130058967781e25
5.4751922575036426e25
5.487623553263802e25
5.499418404568759e25
5.510571599687355e25
5.521078260447458e25
5.530933845664852e25
5.540134154387961e25
5.5486753289561655e25
5.556553857869532e25
5.5637665784679365e25
5.5703106794176e25
5.576183703003253e25
5.581383547224136e25
5.585908467692278e25
5.589757079331488e25
5.592928357875706e25
5.595421641165403e25
5.5972366302408715e25
5.598373390231337e25
5.598832351038951e25
5.598614307816873e25
5.597720421240664e25
5.5961522175724775e25
5.593911588517505e25
5.591000790872413e25
5.587422445965402e25
5.583179538887913e25
5.578275417517911e25
5.572713791334845e25
5.5664987300266166e25
5.559634661888836e25
5.552126372016933e25
5.543979000291608e25
5.535198039158501e25
5.525789331202801e25
5.515759066519867e25
5.505113779882799e25
5.493860347708331e25
5.482005984822314e25
5.4695582410261015e25
5.456524997465629e25
5.442914462804676e25
5.428735169204228e25
5.413995968109699e25
5.398706025848219e25
5.382874819038041e25
5.36651212981221e25
5.349628040859078e25
5.332232930281936e25
5.314337466280515e25
5.295952601656822e25
5.277089568148364e25
5.257759870591538e25
5.237975280918076e25
5.217747831987901e25
5.197089811261414e25
5.176013754314642e25
5.154532438200459e25
5.13265887465965e25
5.110406303185203e25
5.087788183943654e25
5.064818190557078e25
5.041510202749815e25
5.017878298863792e25
4.993936748246321e25
4.969700003514782e25
4.945182692702134e25
4.920399611287723e25
4.895365714117485e25
4.870096107218259e25
4.844606039510535e25
4.8189108944241215e25
4.793026181421566e25
4.766967527433842e25
4.740750668213171e25
4.714391439607591e25
4.687905768762379e25
4.661309665253136e25
4.634619212155312e25
4.607850557055516e25
4.581019903009393e25
4.554143499451326e25
4.527237633060877e25
4.500318618591427e25
4.473402789665955e25
4.4465064895453785e25
4.419646061874463e25
4.3928378414108505e25
4.366098144742398e25
4.339443260997943e25
4.312889442557195e25
4.286452895764766e25
4.260149771653936e25
4.233996156685208e25
4.20800806350533e25
4.182201421732005e25
4.156592068769458e25
4.131195740660532e25
4.106028062980396e25
4.081104541777341e25
4.056440554565743e25
4.032051341376738e25
4.007951995871798e25
3.984157456524192e25
3.9606824978739315e25
3.93754172186106e25
3.9147495492426474e25
3.892320211098303e25
3.870267740429617e25
3.848605963858248e25
3.8273484934278576e25
3.8065087185145104e25
3.7860997978507414e25
3.766134651667918e25
3.746625953961538e25
3.7275861248844206e25
3.709027323272174e25
3.690961439305678e25
3.6734000873148134e25
3.6563545987281523e25
3.639836015172787e25
3.623855081728443e25
3.608422240340306e25
3.593547623394464e25
3.5792410474600746e25
3.5655120072020365e25
3.552369669468173e25
3.5398228675545935e25
3.527880095652733e25
3.5165495034818453e25
3.505838891110206e25
3.495755703968498e25
3.4863070280584262e25
3.47749958535991e25
3.4693397294397083e25
3.4618334412644948e25
3.454986325221023e25
3.4488036053462437e25
3.4432901217698663e25
3.43845032737169e25
3.4342882846562576e25
3.4308076628468447e25
3.4280117352009904e25
3.425903376549406e25
3.424485061060229e25
3.4237588602302656e25
3.4237264411047298e25
3.424389064727068e25
3.425747584820099e25
3.427802446699667e25
3.430553686421846e25
3.434000930164684e25
3.4381433938452356e25
3.4429798829724815e25
3.4485087927367543e25
3.4547281083359934e25
3.461635405539092e25
3.4692278514864135e25
3.477502205727506e25
3.4864548214958157e25
3.496081647220103e25
3.5063782282721045e25
3.517339708949896e25
3.5289608346962324e25
3.541235954551009e25
3.5541590238368004e25
3.5677236070764753e25
3.5819228811415185e25
3.596749638629685e25
3.612196291470475e25
3.6282548747567627e25
3.6449170508007326e25
3.66217411341224e25
3.680016992397494e25
3.69843625827588e25
3.7174221272125795e25
3.7369644661645337e25
3.7570527982371654e25
3.7776763082491294e25
3.79882384850231e25
3.820483944753961e25
3.8426448023880786e25
3.8652943127826866e25
3.88842005986972e25
3.912009326884086e25
3.936049103298324e25
3.960526091939202e25
3.985426716282438e25
4.010737127921658e25
4.036443214207616e25
4.0625306060535e25
4.088984685902156e25
4.11579059585089e25
4.1429332459294406e25
4.1703973225265905e25
4.198167296960853e25
4.226227434190417e25
4.254561801657728e25
4.28315427826368e25
4.311988563466513e25
4.341048186500414e25
4.370316515708594e25
4.39977676798574e25
4.429412018324519e25
4.4592052094608094e25
4.489139161612231e25
4.519196582304515e25
4.549360076280201e25
4.579612155484013e25
4.609935249119299e25
4.6403117137698336e25
4.670723843581289e25
4.701153880496403e25
4.7315840245382345e25
4.761996444135506e25
4.792373286484109e25
4.822696687938916e25
4.8529487844298166e25
4.8831117218961215e25
4.913167666733183e25
4.943098816245258e25
4.9728874090985926e25
5.002515735768602e25
5.031966148975126e25
5.061221074099627e25
5.090263019578353e25
5.119074587265329e25
5.147638482759036e25
5.175937525686907e25
5.203954659941442e25
5.231672963861984e25
5.259075660356106e25
5.2861461269547e25
5.312867905794733e25
5.339224713523802e25
5.365200451120568e25
5.390779213625245e25
5.4159452997743165e25
5.4406832215336986e25
5.464977713524692e25
5.488813742336985e25
5.512176515723141e25
5.535051491669056e25
5.557424387334755e25
5.5792811878603e25
5.60060815503131e25
5.621391835798846e25
5.641619070648488e25
5.661277001813416e25
5.6803530813264955e25
5.698835078906367e25
5.716711089672673e25
5.733969541685653e25
5.750599203305365e25
5.766589190365985e25
5.781928973160652e25
5.796608383232476e25
5.810617619967434e25
5.823947256984866e25
5.836588248321665e25
5.848531934406072e25
5.8597700478172245e25
5.870294718826807e25
5.880098480719157e25
5.889174274886253e25
5.89751545569438e25
5.905115795119083e25
5.9119694871454335e25
5.9180711519304605e25
5.923415839725075e25
5.927999034552708e25
5.931816657641997e25
5.934865070611239e25
5.937141078402222e25
5.9386419319613055e25
5.93936533066567e25
5.9393094244929915e25
5.938472815932775e25
5.936854561637637e25
5.934454173813342e25
5.931271621346129e25
5.927307330666329e25
5.92256218634714e25
5.917037531437944e25
5.910735167531297e25
5.903657354563274e25
5.895806810346539e25
5.887186709836223e25
5.877800684128425e25
5.867652819191312e25
5.856747654329339e25
5.845090180380796e25
5.8326858376494e25
5.819540513570448e25
5.805660540112669e25
5.79105269091671e25
5.775724178171272e25
5.759682649228583e25
5.742936182960408e25
5.725493285856502e25
5.707362887866996e25
5.688554337991031e25
5.669077399613587e25
5.648942245592619e25
5.628159453099243e25
5.606739998213232e25
5.584695250276798e25
5.562036966009146e25
5.538777283385235e25
5.514928715281552e25
5.490504142892416e25
5.465516808919931e25
5.439980310541512e25
5.4139085921585175e25
5.387315937929609e25
5.360216964093228e25
5.332626611082899e25
5.304560135439911e25
5.276033101527293e25
5.247061373050027e25
5.217661104385873e25
5.187848731731325e25
5.157640964067933e25
5.127054773953598e25
5.09610738814413e25
5.064816278049898e25
5.033199150033251e25
5.001273935551885e25
4.969058781153391e25
4.936572038327028e25
4.903832253217964e25
4.870858156210058e25
4.83766865138259e25
4.8042828058473935e25
4.770719838971944e25
4.736999111494831e25
4.703140114539324e25
4.669162458531773e25
4.635085862030855e25
4.600930140473842e25
4.566715194846749e25
4.53246100028445e25
4.498187594607554e25
4.463915066802275e25
4.429663545450301e25
