1.1840554687500148e-14
1.2063219855399492e10
2.0369442775323804e11
1.1213033867748643e12
3.9422802912677046e12
1.0874203992099695e13
2.571202937801996e13
5.4551553515907836e13
1.0665697956556155e14
1.9547992081798197e14
3.398267153200229e14
5.651704552963658e14
9.051036758078671e14
1.4029271946301778e15
2.1133701510249568e15
3.1044358557234105e15
4.4593676388512645e15
6.278728467485334e15
8.682587700819202e15
1.1812807959288592e16
1.5835424705208072e16
2.0943110767224412e16
2.7357717689903172e16
3.533288545372161e16
4.515671179030493e16
5.715447201355961e16
7.169138000004674e16
8.917538068209582e16
1.1005996416535774e17
1.3484699134928509e17
1.640895207149186e17
1.983946257498597e17
2.384261923058714e17
2.8490768503062064e17
3.386248718820552e17
4.0042849562218515e17
4.7123688109694976e17
5.520384670407223e17
6.438942510981085e17
7.479401367323101e17
8.65389170688632e17
9.975336597039451e17
1.1457471551981871e18
1.311486294752446e18
1.4962924892698918e18
1.701793444830853e18
1.9297045083917133e18
2.1818298266389965e18
2.4600633074949366e18
2.7663893739790075e18
3.102883500361034e18
3.471712520795618e18
3.8751347009044035e18
4.315499563072013e18
4.795247456542946e18
5.316908863750185e18
5.883103434671279e18
6.496538741393944e18
7.160008745480223e18
7.876391971145857e18
8.648649377718827e18
9.47982192530799e18
1.0373027828098322e19
1.1331459490193697e19
1.2358380119449575e19
1.3457120015277412e19
1.46310725269577e19
1.5883689679569992e19
1.7218477465234694e19
1.863899079796177e19
2.0148828131016086e19
2.1751625736336077e19
2.345105164618123e19
2.525079925783428e19
2.7154580602844205e19
2.9166119282965955e19
3.128914307563089e19
3.352737621246794e19
3.5884531335087243e19
3.836430113303675e19
4.0970349669543805e19
4.370630340136054e19
4.6575741899740725e19
4.958218828028493e19
5.272909935010337e19
5.601985548145444e19
5.945775022172645e19
6.304597965033608e19
6.678763149381866e19
7.0685674011083825e19
7.474294466149984e19
7.896213856915631e19
8.334579679732946e19
8.789629444784195e19
9.26158286006659e19
9.75064061097627e19
1.025698312717857e20
1.0780769338489132e20
1.1322135421550838e20
1.1881193539150302e20
1.2458030574075008e20
1.305270685946734e20
1.3665254907685369e20
1.4295678139731753e20
1.494394961736129e20
1.561001078002514e20
1.629377018885433e20
1.69951022799277e20
1.7713846129109638e20
1.8449804230780014e20
1.9202741292813707e20
1.9972383050198965e20
2.0758415099712966e20
2.156048175809923e20
2.2378184946214476e20
2.321108310163288e20
2.4058690122212455e20
2.492047434314193e20
2.5795857549997058e20
2.6684214030342147e20
2.758486966641642e20
2.8497101071444502e20
2.9420134772107736e20
3.035314643970481e20
3.1295260172521026e20
3.224554783190983e20
3.320302843457325e20
3.416666760350562e20
3.513537708003949e20
3.610801429940359e20
3.708338203216906e20
3.806022809392377e20
3.90372451254733e20
4.001307044582268e20
4.098628598014441e20
4.195541826488569e20
4.291893853211225e20
4.387526287512508e20
4.482275249732339e20
4.5759714046219e20
4.668440003443586e20
4.759500934945356e20
4.84896878537747e20
4.936652907711281e20
5.02235750021128e20
5.1058816945024224e20
5.1870196532656334e20
5.2655606776846044e20
5.341289324756995e20
5.413985534572874e20
5.4834247676525144e20
5.5493781524247105e20
5.611612642915488e20
5.6698911867055184e20
5.7239729032026115e20
5.7736132722636266e20
5.818564333187583e20
5.8585748940891934e20
5.8933907516490534e20
5.922754921223569e20
5.946407877284351e20
5.964087804143181e20
5.975530856904871e20
5.980471432576392e20
5.978642451246443e20
5.969775647235412e20
5.953601870101137e20
5.929851395371409e20
5.89825424485938e20
5.858540516403334e20
5.810440722857362e20
5.753686140144597e20
5.688009164169614e20
5.613143676371739e20
5.5288254176858046e20
5.434792370661992e20
5.3307851494813657e20
5.21654739758869e20
5.091826192649319e20
4.9563724585219405e20
4.809941383924374e20
4.652292847454848e20
4.483191848616771e20
4.302408944480508e20
4.10972069160161e20
3.904910092800803e20
3.687767048397283e20
3.4580888114731726e20
3.2156804467337455e20
2.960355292514808e20
2.691935425475778e20
2.4102521275045583e20
2.1151463543479393e20
1.8064692054694222e20
1.4840823946248215e20
1.1478587206347104e20
7.976825378220625e19
4.334502255729999e19
5.507065646849066e18
-3.3753433757450764e19
-7.444295017233472e19
-1.1656656977907674e20
-1.601279447524122e20
-2.0512924802182522e20
-2.5157112852538107e20
-2.9945266701704593e20
-3.487713324889268e20
-3.995229392705293e20
-4.5170160486750126e20
-5.0529970860287885e20
-5.603078511241144e20
-6.167148148395426e20
-6.745075253481838e20
-7.336710139268921e20
-7.941883811390888e20
-8.560407616292384e20
-9.192072901673296e20
-9.836650690074117e20
-1.049389136624218e21
-1.1163524378915077e21
-1.1845257957656583e21
-1.2538778845374534e21
-1.3243752047147777e21
-1.395982059598206e21
-1.4686605336110928e21
-1.542370472444869e21
-1.617069465079753e21
-1.69271282774005e21
-1.7692535898424785e21
-1.84664248199489e21
-1.9248279261017856e21
-2.0037560276318156e21
-2.083370570101392e21
-2.163613011827076e21
-2.244422484998297e21
-2.3257357971202764e21
-2.4074874348757723e21
-2.4896095704525004e21
-2.5720320703815515e21
-2.654682506930374e21
-2.7374861720920607e21
-2.8203660942109033e21
-2.903243057282115e21
-2.986035622961746e21
-3.0686601553206276e21
-3.151030848374144e21
-3.23305975641729e21
-3.31465682719233e21
-3.395729937913928e21
-3.4761849341742804e21
-3.555925671748246e21
-3.634854061316036e21
-3.712870116118319e21
-3.7898720025561006e21
-3.865756093744861e21
-3.9404170260298696e21
-4.0137477584666126e21
-4.0856396352676047e21
-4.1559824512137523e21
-4.224664520025675e21
-4.2915727456872825e21
-4.356592696710942e21
-4.4196086833304746e21
-4.4805038376050937e21
-4.5391601964143634e21
-4.5954587873209567e21
-4.649279717274886e21
-4.700502264129654e21
-4.749004970937483e21
-4.794665742987568e21
-4.837361947548023e21
-4.876970516268828e21
-4.913368050199885e21
-4.946430927374909e21
-4.976035412908562e21
-5.002057771550964e21
-5.024374382640401e21
-5.04286185739163e21
-5.05739715845406e21
-5.067857721670614e21
-5.074121579964933e21
-5.076067489281231e21
-5.073575056497931e21
-5.06652486923295e21
-5.05479862745535e21
-5.038279276814884e21
-5.016851143597857e21
-4.990400071214663e21
-4.958813558121233e21
-4.92198089707373e21
-4.879793315612817e21
-4.832144117670949e21
-4.778928826193222e21
-4.7200453266597106e21
-4.655394011394215e21
-4.584877924542024e21
-4.5084029075963317e21
-4.425877745350802e21
-4.337214312153042e21
-4.2423277183315104e21
-4.1411364566661113e21
-4.033562548770463e21
-3.9195316912517777e21
-3.7989734015122434e21
-3.671821163053845e21
-3.538012570146844e21
-3.3974894717202287e21
-3.250198114331031e21
-3.096089284067716e21
-2.9351184472415226e21
-2.7672458897183736e21
-2.592436854742711e21
-2.4106616791035685e21
-2.2218959274923115e21
-2.0261205249005723e21
-1.8233218869062724e21
-1.6134920476950116e21
-1.3966287856636718e21
-1.1727357464528271e21
-9.41822563254271e20
-7.039049742400304e20
-4.5900493695926954e20
-2.0715073954977363e20
5.162289138894425e19
3.172746864134432e20
5.897567324966984e20
8.690143760821086e20
1.1549861300810615e21
1.4476035849630914e21
1.746791324086247e21
2.0524668434138996e21
2.364540475762848e21
2.682915319725636e21
3.007487173408337e21
3.33814447312293e21
3.674768237171409e21
4.017232014856264e21
4.365401840849569e21
4.719136195050607e21
5.078285968058593e21
5.442694432384847e21
5.812197219525095e21
6.186622303009929e21
6.565789987547548e21
6.949512904369972e21
7.337596012889639e21
7.72983660877031e21
8.126024338511237e21
8.525941220640698e21
8.929361673609462e21
9.336052550471734e21
9.745773180435326e21
1.0158275417359438e22
1.0573303695272458e22
1.0990595090978542e22
1.1409879393815346e22
1.1830879182621738e22
1.2253309909967305e22
1.2676879993691835e22
1.3101290915795923e22
1.3526237328719466e22
1.3951407169038168e22
1.4376481778603242e22
1.4801136033142453e22
1.5225038478336055e22
1.5647851473373541e22
1.6069231341992352e22
1.648882853099218e22
1.6906287776213074e22
1.7321248275958493e22
1.773334387183841e22
1.8142203237000412e22
1.8547450071710882e22
1.8948703306240838e22
1.9345577311004705e22
1.973768211389367e22
2.012462362473769e22
2.0506003866824355e22
2.0881421215394773e22
2.1250470643030982e22
2.1612743971840876e22
2.1967830132341483e22
2.2315315428932507e22
2.265478381184698e22
2.2985817155457025e22
2.3307995542807445e22
2.3620897556241452e22
2.3924100573977146e22
2.4217181072485255e22
2.449971493451289e22
2.4771277762590134e22
2.503144519785061e22
2.5279793243989274e22
2.5515898596174837e22
2.57393389747273e22
2.5949693463364326e22
2.6146542851813993e22
2.6329469982584915e22
2.64980601016784e22
2.6651901213021097e22
2.679058443639051e22
2.691370436859973e22
2.7020859447701666e22
2.711165231996781e22
2.7185690209389837e22
2.724258528944835e22
2.728195505688617e22
2.7303422707219646e22
2.7306617511714885e22
2.7291175195552877e22
2.7256738316900452e22
2.7202956646601646e22
2.7129487548197313e22
2.7035996357979042e22
2.6922156764777096e22
2.678765118917997e22
2.663217116187848e22
2.6455417700823956e22
2.6257101686887552e22
2.6036944237703555e22
2.579467707937802e22
2.5530042915739654e22
2.5242795794809903e22
2.493270147216465e22
2.4599537770860015e22
2.4243094937591095e22
2.3863175994753346e22
2.3459597088073026e22
2.3032187829473824e22
2.2580791634844365e22
2.2105266056373316e22
2.1605483109116124e22
2.108132959145968e22
2.0532707399149363e22
1.99595338325465e22
1.936174189678215e22
1.8739280594476938e22
1.8092115210695793e22
1.742022758981074e22
1.6723616403944815e22
1.6002297412674038e22
1.5256303713665363e22
1.448568598393394e22
1.369051271140364e22
1.2870870416459865e22
1.2026863863187592e22
1.1158616259989705e22
1.0266269449288497e22
9.349984086014283e21
8.409939804593058e21
7.446335374147255e21
6.459388841633175e21
5.449337662640437e21
4.416438819588294e21
3.360968927056701e21
2.2832243240009088e21
1.18352115260095e21
6.2195423508391e19
-1.0803969327433693e21
-2.2438800283871373e21
-3.427857995345678e21
-4.6319149766379433e21
-5.855615132467588e21
-7.09850266118282e21
-8.360101835289213e21
-9.639917052686726e21
-1.0937432903293535e22
-1.2252114251207882e22
-1.3583406332550394e22
-1.4930734869118779e22
-1.6293506197975145e22
-1.7671107417077832e22
-1.9062906547055008e22
-2.0468252709210103e22
-2.1886476319833996e22
-2.331688930089117e22
-2.4758785307131035e22
-2.621143996966703e22
-2.7674111156052264e22
-2.91460392468691e22
-3.0626447428836196e22
-3.2114542004425674e22
-3.360951271796854e22
-3.511053309821597e22
-3.661676081730766e22
-3.812733806608875e22
-3.964139194570087e22
-4.115803487536235e22
-4.267636501623501e22
-4.419546671126676e22
-4.571441094087995e22
-4.723225579436779e22
-4.87480469568414e22
-5.026081821156098e22
-5.17695919574686e22
-5.327337974172654e22
-5.477118280705219e22
-5.62619926536253e22
-5.774479161533101e22
-5.921855345008705e22
-6.0682243943991435e22
-6.2134821529011e22
-6.357523791391982e22
-6.500243872818085e22
-6.6415364178453364e22
-6.78129497173916e22
-6.919412672439055e22
-7.055782319791908e22
-7.190296445906866e22
-7.322847386593281e22
-7.453327353841896e22
-7.58162850930829e22
-7.70764303875634e22
-7.831263227418042e22
-7.952381536225139e22
-8.070890678866528e22
-8.18668369962445e22
-8.29965405194116e22
-8.40969567766682e22
-8.516703086938145e22
-8.620571438636232e22
-8.721196621371137e22
-8.818475334939533e22
-8.912305172200952e22
-9.002584701317029e22
-9.08921354829744e22
-9.172092479795045e22
-9.251123486092174e22
-9.32620986421896e22
-9.39725630114397e22
-9.464168956976525e22
-9.526855548119491e22
-9.585225430310485e22
-9.639189681489026e22
-9.688661184426357e22
-9.733554709054176e22
-9.77378699442805e22
-9.809276830260748e22
-9.83994513796028e22
-9.865715051107143e22
-9.886511995304773e22
-9.90226376733712e22
-9.912900613566762e22
-9.918355307506967e22
-9.918563226500887e22
-9.91346242744095e22
-9.902993721461434e22
-9.887100747537259e22
-9.865730044922044e22
-9.838831124358602e22
-9.806356537995027e22
-9.76826194793996e22
-9.724506193390726e22
-9.675051356268325e22
-9.619862825293616e22
-9.558909358439522e22
-9.492163143694402e22
-9.419599858072367e22
-9.341198724806731e22
-9.256942568663622e22
-9.166817869313166e22
-9.07081481269667e22
-8.968927340328737e22
-8.86115319647423e22
-8.747493973140928e22
-8.627955152829492e22
-8.502546148983351e22
-8.371280344082418e22
-8.234175125325359e22
-8.091251917846304e22
-7.942536215413347e22
-7.788057608556982e22
-7.627849810078504e22
-7.4619506778891574e22
-7.290402235132757e22
-7.113250687545335e22
-6.9305464380077325e22
-6.742344098247635e22
-6.548702497650006e22
-6.349684689135741e22
-6.145357952070915e22
-5.93579379216984e22
-5.721067938357734e22
-5.501260336559897e22
-5.276455140386909e22
-5.046740698686573e22
-4.812209539935909e22
-4.5729583534478465e22
-4.329087967370019e22
-4.080703323454523e22
-3.8279134485799965e22
-3.570831423009242e22
-3.3095743453681357e22
-3.04426329433347e22
-2.7750232870197037e22
-2.5019832340571216e22
-2.225275891355625e22
-1.945037808551558e22
-1.661409274136446e22
-1.3745342572697162e22
-1.0845603462790286e22
-7.916386838552636e21
-4.959238989507501e21
-1.9757403539253787e21
1.0324952277584466e21
4.063821292070318e21
7.11655956398459e21
1.0189000800550387e22
1.3279405666423259e22
1.6386005641029847e22
1.9507003957078756e22
2.264057657009645e22
2.578487315864984e22
2.8938018154881288e22
3.2098111804966326e22
3.526323125907016e22
3.8431431690361915e22
4.160074744260964e22
4.476919320586411e22
4.793476521970517e22
5.1095442503507695e22
5.424918811314919e22
5.739395042356537e22
6.052766443652918e22
6.364825311300592e22
6.675362872941503e22
6.9841694257099515e22
7.291034476428541e22
7.595746883978659e22
7.898095003769025e22
8.197866834222976e22
8.494850165203547e22
8.788832728292542e22
9.0796023488383e22
9.366947099683842e22
9.650655456485686e22
9.93051645453116e22
1.0206319846960268e23
1.0477856264295765e23
1.0744917375183628e23
1.100729604824386e23
1.1264786514930118e23
1.151718453329431e23
1.1764287552551149e23
1.2005894878335599e23
1.2241807838544864e23
1.2471829949654585e23
1.2695767083397878e23
1.2913427633694158e23
1.312462268371335e23
1.3329166172960069e23
1.3526875064260605e23
1.3717569510535028e23
1.3901073021235072e23
1.40772126283281e23
1.424581905170568e23
1.4406726863895391e23
1.455977465395286e23
1.4704805190411115e23
1.4841665583162922e23
1.4970207444152056e23
1.5090287046748245e23
1.5201765483680902e23
1.530450882340574e23
1.5398388264778894e23
1.548328028991233e23
1.555906681508515e23
1.562563533958453e23
1.5682879092351062e23
1.5730697176302828e23
1.5768994710213354e23
1.5797682968018853e23
1.58166795154305e23
1.582590834372833e23
1.5825300000614293e23
1.581479171800198e23
1.5794327536622433e23
1.576385842732561e23
1.5723342408958874e23
1.567274466270429e23
1.5612037642758534e23
1.5541201183239845e23
1.5460222601208848e23
1.5369096795690457e23
1.5267826342586775e23
1.5156421585371834e23
1.503490072146173e23
1.4903289884154474e23
1.4761623220037052e23
1.4609942961758309e23
1.4448299496069589e23
1.4276751427035903e23
1.4095365634324162e23
1.3904217326476438e23
1.3703390089079814e23
1.3492975927745546e23
1.3273075305814675e23
1.3043797176708522e23
1.2805259010846747e23
1.2557586817057325e23
1.2300915158406793e23
1.2035387162381779e23
1.1761154525356545e23
1.1478377511283574e23
1.1187224944548734e23
1.0887874196935018e23
1.0580511168643462e23
1.0265330263321923e23
9.942534357057456e22
9.612334761290733e22
9.274951179615775e22
8.930611658430512e22
8.579552531409244e22
8.222018357770776e22
7.858261854321172e22
7.488543821252575e22
7.113133061684949e22
6.732306294941703e22
6.3463480635531505e22
5.955550633987416e22
5.560213891111637e22
5.1606452263916545e22
4.7571594198413665e22
4.350078515738626e22
3.939731692127984e22
3.52645512413609e22
3.110591841128473e22
2.692491577742612e22
2.272510618835237e22
1.85101163838773e22
1.4283635324163954e22
1.0049412459404838e22
5.811255940641334e21
1.5730307723416306e21
-2.6613430926129433e21
-6.887892714823518e21
-1.110259418640741e22
-1.5301374704368635e22
-1.9480114698476128e22
-2.3634650012757415e22
-2.7760774139685043e22
-3.185424050607574e22
-3.5910764809692155e22
-3.992602740548145e22
-4.389567574034828e22
-4.781532683530791e22
-5.1680569813838015e22
-5.5486968475186595e22
-5.923006391136751e22
-6.290537716651747e22
-6.650841193726759e22
-7.003465731272225e22
-7.347959055261134e22
-7.683867990213464e22
-8.010738744198665e22
-8.32811719720048e22
-8.635549192685154e22
-8.932580832209907e22
-9.218758772905936e22
-9.493630527665769e22
-9.75674476786162e22
-1.0007651628418692e23
-1.0245903015063324e23
-1.0471052913563378e23
-1.0682657700774615e23
-1.0880276457304705e23
-1.106347128160289e23
-1.1231807605281185e23
-1.138485450946963e23
-1.1522185042006912e23
-1.1643376535263608e23
-1.1748010924394649e23
-1.1835675065813847e23
-1.1905961055683145e23
-1.1958466548205228e23
-1.1992795073508412e23
-1.2008556354909176e23
-1.200536662533781e23
-1.1982848942710131e23
-1.1940633504027338e23
-1.1878357957984957e23
-1.1795667715870949e23
-1.1692216260532034e23
-1.1567665453186291e23
-1.1421685837860175e23
-1.125395694322732e23
-1.1064167581626035e23
-1.0852016145032515e23
-1.0617210897766771e23
-1.0359470265708469e23
-1.007852312180026e23
-9.774109067616091e22
-9.445978710773561e22
-9.093893937969439e22
-8.717628183418856e22
-8.316966692478895e22
-7.891706780240079e22
-7.4416580848691695e22
-6.966642815489198e22
-6.466495994383512e22
-5.9410656933137435e22
-5.390213263742463e22
-4.813813560753679e22
-4.211755160467589e22
-3.583940570747265e22
-2.930286434998379e22
-2.2507237288657583e22
-1.54519794963323e22
-8.136692981367061e21
-5.6112853004228126e20
7.274812629625038e21
1.5371077244421811e22
2.372745853461949e22
3.234359477650627e22
4.121896797045829e22
5.03529025961865e22
5.9744564456761864e22
6.939295961296005e22
7.929693340945679e22
8.945516959430067e22
9.986618953309987e22
1.1052835151927008e23
1.2143985018165797e23
1.3259871599079239e23
1.4400281486496821e23
1.5564984787730884e23
1.675373510648893e23
1.796626953409754e23
1.9202308651132048e23
2.046155653954569e23
2.1743700805382484e23
2.3048412612153082e23
2.4375346724945987e23
2.5724141565340912e23
2.7094419277182713e23
2.8485785803271476e23
2.9897830973012075e23
3.133012860106493e23
3.2782236597029974e23
3.425369708618946e23
3.574403654132868e23
3.725276592564598e23
3.8779380846755915e23
4.0323361721785e23
4.188417395354679e23
4.346126811778139e23
4.505408016143344e23
4.666203161193693e23
4.8284529797466725e23
4.992096807810992e23
5.157072608790236e23
5.3233169987666824e23
5.4907652728586176e23
5.659351432643014e23
5.8290082146352925e23
5.999667119816894e23
6.171258444200549e23
6.343711310422556e23
6.516953700350437e23
6.690912488693624e23
6.865513477604392e23
7.040681432254831e23
7.216340117375528e23
7.392412334740663e23
7.568819961583327e23
7.74548398992441e23
7.922324566797415e23
8.099261035350968e23
8.276211976810237e23
8.453095253277238e23
8.6298280513499e23
8.80632692653865e23
8.982507848458869e23
9.158286246776583e23
9.333577057884408e23
9.508294772283746e23
9.682353482649104e23
9.855666932549088e23
1.0028148565798485e24
1.0199711576415204e24
1.0370268959154919e24
1.0539733560596044e24
1.0708018130746792e24
1.0875035375145709e24
1.1040698007426333e24
1.1204918802316485e24
1.1367610649041447e24
1.152868660510064e24
1.1688059950386267e24
1.1845644241612253e24
1.2001353367021257e24
1.2155101601337083e24
1.2306803660929346e24
1.245637475915715e24
1.2603730661857612e24
1.2748787742945217e24
1.2891463040087375e24
1.303167431042129e24
1.3169340086276983e24
1.3304379730870926e24
1.343671349393458e24
1.3566262567241964e24
1.369294913999988e24
1.381669645406451e24
1.3937428858947812e24
1.4055071866577015e24
1.4169552205770261e24
1.4280797876391642e24
1.4388738203148328e24
1.449330388899296e24
1.4594427068094004e24
1.4692041358337038e24
1.4786081913319693e24
1.4876485473803358e24
1.4963190418584445e24
1.5046136814748421e24
1.5125266467269608e24
1.5200522967920256e24
1.5271851743452173e24
1.5339200103014736e24
1.5402517284772893e24
1.5461754501689629e24
1.5516864986436902e24
1.5567804035399864e24
1.5614529051739377e24
1.5656999587477948e24
1.5695177384574982e24
1.5729026414957077e24
1.5758512919470221e24
1.578360544572037e24
1.5804274884770125e24
1.5820494506659052e24
1.5832239994716306e24
1.5839489478634115e24
1.5842223566271872e24
1.5840425374160646e24
1.583408055667896e24
1.5823177333870892e24
1.5807706517878628e24
1.578766153796188e24
1.5763038464077682e24
1.573383602899443e24
1.5700055648915032e24
1.5661701442584575e24
1.5618780248859144e24
1.557130164271254e24
1.551927794965917e24
1.5462724258571765e24
1.540165843287378e24
1.5336101120086832e24
1.5266075759714943e24
1.51916085894477e24
1.5112728649666107e24
1.5029467786235012e24
1.4941860651567838e24
1.484994470394955e24
1.475376020510563e24
1.465335021600498e24
1.454876059088647e24
1.444003996949944e24
1.4327239767549825e24
1.421041416534436e24
1.4089620094626804e24
1.396491722360076e24
1.383636794013547e24
1.3704037333151128e24
1.356799317218249e24
1.3428305885119795e24
1.3285048534127817e24
1.3138296789744609e24
1.2988128903162856e24
1.2834625676698167e24
1.2677870432449228e24
1.2517948979156575e24
1.2354949577267445e24
1.2188962902216019e24
1.2020082005928475e24
1.1848402276564766e24
1.1674021396509272e24
1.1497039298624314e24
1.1317558120781155e24
1.1135682158684927e24
1.0951517817010534e24
1.07651735588685e24
1.057675985362015e24
1.0386389123063116e24
1.019417568600954e24
1.0000235701280238e24
9.804687109139146e23
9.607649571193995e23
9.409244408789846e23
9.209594539923785e23
9.008824414709696e23
8.80705994942338e23
8.604428459159622e23
8.401058589133766e23
8.197080244661126e23
7.992624519849271e23
7.787823625038719e23
7.582810813029155e23
7.377720304128832e23
7.172687210066014e23
6.967847456802557e23
6.76333770629052e23
6.559295277213392e23
6.355858064755028e23
6.153164459439775e23
5.9513532650887456e23
5.750563615937284e23
5.5509348929604976e23
5.352606639453466e23
5.155718475914826e23
4.96041001428192e23
4.766820771567278e23
4.57509008294692e23
4.3853570143510583e23
4.1977602746091677e23
4.012438127201587e23
3.829528301670655e23
3.649167904744812e23
3.471493331229815e23
3.296640174721542e23
3.124743138195741e23
2.9559359445299326e23
2.7903512470137143e23
2.628120539903809e23
2.469374069080475e23
2.3142407428625777e23
2.1628480430385193e23
2.015321936170804e23
1.8717867852320124e23
1.732365261630326e23
1.5971782576827106e23
1.4663447995943125e23
1.3399819610022152e23
1.2182047771422193e23
1.10112615969699e23
9.888568123842338e22
8.815051473429405e22
7.791772023762971e22
6.819765591091625e22
5.90004262118271e22
5.033587390926666e22
4.22135722082021e22
3.4642816988987343e22
2.7632619166881538e22
2.119169717738568e22
1.5328469593021408e22
1.0051047877100186e22
5.367229280006746e21
1.2844898834399824e21
-2.1900222019750118e21
-5.049493480370912e21
-7.287451550332795e21
-8.897771415403428e21
-9.874681620258965e21
-1.0212770207497324e22
-9.90699049004884e21
-8.952666634326975e21
-7.345499049296813e21
-5.08156957674194e21
-2.1573464781102236e21
1.4303107865913076e21
5.684146992287789e21
1.0606506799020565e22
1.6199330623048458e22
2.246415073296243e22
2.940208757480065e22
3.701384633003123e22
4.529971371014971e22
5.425955499150286e22
6.3892811293852214e22
7.419849710601028e22
8.51751980617977e22
9.682106896940087e22
1.0913383209708198e23
1.2211077571804605e23
1.3574875291712898e23
1.5004418066180585e23
1.6499303913991068e23
1.80590871366232e23
1.9683278306007145e23
2.137134427956419e23
2.3122708242704223e23
2.493674977893727e23
2.681280496774048e23
2.8750166510303895e23
3.0748083883260976e23
3.280576352049644e23
3.4922369023100537e23
3.709702139752761e23
3.9328799321996006e23
4.1616739441148216e23
4.395983668897542e23
4.635704463998936e23
4.880727588860746e23
5.130940245670166e23
5.3862256229237465e23
5.646462941791752e23
5.9115275052722246e23
6.181290750122083e23
6.455620301551165e23
6.734380030662867e23
7.01743011462304e23
7.304627099537955e23
7.595823966018715e23
7.890870197409155e23
8.18961185065134e23
8.491891629761672e23
8.797548961888286e23
9.106420075918848e23
9.418338083605861e23
9.733133063174929e23
1.0050632145379768e24
1.0370659601965435e24
1.0693036936499872e24
1.1017582977532261e24
1.1344113974034393e24
1.1672443693080077e24
1.2002383519715357e24
1.2333742558971057e24
1.2666327739967543e24
1.2999943922059256e24
1.333439400296564e24
1.3669479028833386e24
1.4004998306172856e24
1.4340749515610653e24
1.467652882739803e24
1.5012131018614006e24
1.5347349592000366e24
1.5681976896363912e24
1.6015804248480266e24
1.634862205643236e24
1.668021994431479e24
1.7010386878234493e24
1.7338911293536363e24
1.766558122318183e24
1.7990184427206556e24
1.8312508523182945e24
1.8632341117611082e24
1.894946993816179e24
1.9263682966693455e24
1.9574768572963964e24
1.9882515648957534e24
2.0186713743745933e24
2.0487153198802293e24
2.0783625283684952e24
2.1075922332008228e24
2.1363837877615886e24
2.1647166790873007e24
2.1925705414990448e24
2.219925170229659e24
2.2467605350369532e24
2.2730567937943136e24
2.298794306049945e24
2.3239536465459982e24
2.3485156186887773e24
2.3724612679612102e24
2.3957718952687226e24
2.4184290702096714e24
2.4404146442614626e24
2.4617107638734814e24
2.4822998834579374e24
2.502164778269809e24
2.521288557166985e24
2.53965467524179e24
2.55724694631509e24
2.574049555284161e24
2.5900470703156366e24
2.6052244548747627e24
2.619567079582346e24
2.6330607338907756e24
2.645691637570571e24
2.6574464519989825e24
2.6683122912422174e24
2.6782767329229756e24
2.6873278288650227e24
2.695454115506646e24
2.702644624074913e24
2.7088888905127555e24
2.714176965151023e24
2.7184994221177275e24
2.721847368476842e24
2.724212453089139e24
2.7255868751876585e24
2.725963392660547e24
2.725335330034142e24
2.723696586149334e24
2.721041641524323e24
2.7173655653971616e24
2.7126640224414904e24
2.70693327914917e24
2.700170209873562e24
2.692372302527501e24
2.683537663930072e24
2.673665024796596e24
2.6627537443662804e24
2.6508038146623585e24
2.637815864379575e24
2.623791162394172e24
2.6087316208917274e24
2.59263979810835e24
2.575518900681034e24
2.557372785603159e24
2.5382059617812633e24
2.5180235911896275e24
2.4968314896192593e24
2.4746361270181846e24
2.4514446274201875e24
2.427264768459375e24
2.4021049804681565e24
2.3759743451565535e24
2.348882593870859e24
2.320840105430125e24
2.2918579035390148e24
2.2619476537759312e24
2.231121660155547e24
2.1993928612651517e24
2.1667748259744544e24
2.1332817487187908e24
2.0989284443559479e24
2.063730342596998e24
2.0277034820119847e24
1.9908645036113893e24
1.9532306440046873e24
1.914819728137559e24
1.875650161609559e24
1.8357409225743678e24
1.79511155322503e24
1.753782150866746e24
1.711773358580265e24
1.669106355479007e24
1.6258028465634312e24
1.5818850521763845e24
1.5373756970634895e24
1.4922979990428444e24
1.4466756572886796e24
1.400532840233689e24
1.3538941730953157e24
1.3067847250312568e24
1.2592299959299115e24
1.2112559028416402e24
1.1628887660570616e24
1.1141552948387904e24
1.0650825728133463e24
1.0156980430301954e24
9.660294926950505e23
9.161050375850157e23
8.65953106153189e23
8.156024233306928e23
7.650819940343265e23
7.144210863882583e23
6.63649214668412e23
6.12796121978471e23
5.61891762666491e23
5.109662844916136e23
4.600500105503049e23
4.091734209719148e23
3.583671343935174e23
3.076618892241861e23
2.5708852470906717e23
2.0667796180383196e23
1.564611838701303e23
1.0646921720311693e23
5.673311140202249e22
7.28391959506412e21
-4.184732146988982e22
-9.062961145732559e22
-1.3903200658703757e23
-1.8702363987617567e23
-2.3457374146832787e23
-2.8165165903763016e23
-3.2822687825547935e23
-3.7426904330760396e23
-4.1974797744895625e23
-4.646337035838465e23
-5.088964648586431e23
-5.525067452542763e23
-5.954352901656493e23
-6.376531269551452e23
-6.791315854671019e23
-7.198423184903101e23
-7.597573221554073e23
-7.988489562540202e23
-8.3708996446651e23
-8.744534944851085e23
-9.10913118019198e23
-9.464428506696113e23
-9.810171716585911e23
-1.0146110434022876e24
-1.0471999309125473e24
-1.0787598210148206e24
-1.109267241369036e24
-1.1386992792803288e24
-1.1670336002865629e24
-1.1942484665096176e24
-1.2203227547575651e24
-1.2452359743647737e24
-1.268968284757218e24
-1.291500512730287e24
-1.31281416942648e24
-1.3328914670005037e24
-1.351715334959405e24
-1.3692694361654666e24
-1.3855381824897954e24
-1.4005067501045542e24
-1.4141610944020546e24
-1.4264879645290492e24
-1.4374749175246708e24
-1.4471103320507215e24
-1.4553834217031426e24
-1.4622842478937045e24
-1.4678037322911753e24
-1.4719336688113585e24
-1.4746667351456852e24
-1.47599650381825e24
-1.4759174527613517e24
-1.47442497539989e24
-1.471515390235238e24
-1.4671859499193553e24
-1.4614348498102726e24
-1.454261236000298e24
-1.4456652128085724e24
-1.435647849729843e24
-1.4242111878316998e24
-1.4113582455926896e24
-1.3970930241741684e24
-1.3814205121188852e24
-1.3643466894697534e24
-1.3458785313024805e24
-1.326024010666135e24
-1.3047921009259446e24
-1.282192777503069e24
-1.2582370190063402e24
-1.2329368077514036e24
-1.2063051296628802e24
-1.178355973555741e24
-1.1491043297922324e24
-1.1185661883111971e24
-1.086758536026933e24
-1.0536993535951231e24
-1.019407611543741e24
-9.839032657672201e23
-9.472072523824803e23
-9.093414819460268e23
-8.703288330313252e23
-8.301931451664418e23
-7.889592111320866e23
-7.466527686206807e23
-7.033004912574493e23
-6.589299789849333e23
-6.135697478126671e23
-5.672492189343665e23
-5.1999870721502025e23
-4.718494090510145e23
-4.228333896066702e23
-3.729835694309622e23
-3.223337104586624e23
-2.7091840140043456e23
-2.1877304252705735e23
-1.6593382985296045e23
-1.124377387250594e23
-5.83225068230021e22
-3.6266165774851286e21
5.161072298640746e22
1.0734959497339493e23
1.635493939020423e23
2.201688455402769e23
2.771660272840746e23
3.344983890701886e23
3.921227748136563e23
4.499954443604201e23
5.0807209594492557e23
5.663078891423033e23
6.246574683043718e23
6.830749864681294e23
7.415141297254599e23
7.999281420419998e23
8.582698505130178e23
9.164916910437833e23
9.745457344414756e23
1.0323837129054719e24
1.0899570469025139e24
1.1472168724127418e24
1.2041140685326733e24
1.2605992854205016e24
1.31662297256901e24
1.3721354073910852e24
1.4270867241024849e24
1.4814269428862685e24
1.535105999323115e24
1.5880737740712395e24
1.640280122779786e24
1.691674906218929e24
1.7422080206099443e24
1.791829428138163e24
1.8404891876316024e24
1.8881374853877572e24
1.934724666130995e24
1.980201264082558e24
2.024518034125376e24
2.0676259830453692e24
2.1094764008309672e24
2.150020892012392e24
2.1892114070220805e24
2.2270002735575984e24
2.2633402279280624e24
2.2981844463653426e24
2.3314865762808806e24
2.36320076744908e24
2.3932817030981038e24
2.4216846308888564e24
2.44836539376288e24
2.473280460639917e24
2.4963869569457096e24
2.517642694950856e24
2.5370062039012926e24
2.55443675992114e24
2.569894415668605e24
2.583340029725718e24
2.594735295702682e24
2.6040427710377383e24
2.611225905473401e24
2.6162490691902105e24
2.6190775805790224e24
2.619677733633102e24
2.618016824941385e24
2.6140631802643606e24
2.6077861806742587e24
2.5991562882412594e24
2.588145071247736e24
2.574725228912659e24
2.5588706156084864e24
2.540556264553077e24
2.5197584109593776e24
2.496454514625871e24
2.470623281951032e24
2.4422446873551793e24
2.4112999940935638e24
2.3777717744446432e24
2.3416439292578365e24
2.3029017068453703e24
2.2615317212031039e24
2.217521969545535e24
2.1708618491405559e24
2.121542173429856e24
2.0695551874211032e24
2.0148945823386497e24
1.9575555095196102e24
1.897534593542695e24
1.8348299445775284e24
1.7694411699425815e24
1.7013693848602312e24
1.6306172223980132e24
1.5571888425852297e24
1.481089940694981e24
1.4023277546817242e24
1.320911071765116e24
1.2368502341513218e24
1.150157143883424e24
1.0608452668130064e24
9.689296356856748e23
8.744268523332959e23
7.773550889668822e23
6.777340885639869e23
5.755851643452768e23
4.7093119833540225e23
3.6379663900379254e23
2.5420749798149207e23
1.4219134585082725e23
2.7777307005084244e22
-8.900394642418061e22
-2.0812020157358025e23
-3.295377127894902e23
-4.532212105052581e23
-5.791339110540759e23
-7.072375274170527e23
-8.374922809052437e23
-9.698569137741116e23
-1.1042887027682692e24
-1.2407434735934706e24
-1.379175616312718e24
-1.5195381016624565e24
-1.6617824982844055e24
-1.805858990867958e24
-1.951716399197443e24
-2.0993021980981034e24
-2.248562538274142e24
-2.399442268031195e24
-2.551884955875595e24
-2.7058329139817935e24
-2.861227222519057e24
-3.018007754827611e24
-3.1761132034343195e24
-3.3354811068970777e24
-3.4960478774665706e24
-3.6577488295539024e24
-3.820518208991315e24
-3.9842892230734773e24
-4.148994071365798e24
-4.3145639772657143e24
-4.480929220302701e24
-4.6480191691618817e24
-4.815762315415699e24
-4.98408630794792e24
-5.152917988053151e24
-5.322183425195067e24
-5.491807953406001e24
-5.66171620830965e24
-5.831832164748871e24
-6.002079174999502e24
-6.172380007550857e24
-6.342656886433513e24
-6.512831531073769e24
-6.682825196654525e24
-6.852558714961562e24
-7.021952535693654e24
-7.190926768215017e24
-7.359401223727778e24
-7.527295457842023e24
-7.694528813520515e24
-7.861020464375093e24
-8.026689458290896e24
-8.191454761354928e24
-8.355235302064554e24
-8.517950015791691e24
-8.679517889477913e24
-8.839858006535539e24
-8.998889591929362e24
-9.156532057413886e24
-9.312705046900094e24
-9.467328481925916e24
-9.620322607204582e24
-9.771608036224312e24
-9.9211057968731e24
-1.006873737706211e25
-1.0214424770320685e25
-1.035809052133667e25
-1.0499657771414694e25
-1.0639050303825593e25
-1.0776192589019994e25
-1.0911009829678875e25
-1.1043428005573907e25
-1.1173373918210547e25
-1.130077523522649e25
-1.1425560534518581e25
-1.1547659348070876e25
-1.1667002205456687e25
-1.1783520676987843e25
-1.189714741648395e25
-1.2007816203634891e25
-1.2115461985929852e25
-1.222002092012611e25
-1.2321430413231272e25
-1.2419629162972462e25
-1.2514557197726438e25
-1.2606155915884523e25
-1.269436812462686e25
-1.277913807808015e25
-1.286041151483378e25
-1.2938135694789302e25
-1.30122594353184e25
-1.3082733146705076e25
-1.3149508866847583e25
-1.3212540295196684e25
-1.3271782825906293e25
-1.332719358017378e25
-1.3378731437746782e25
-1.3426357067574417e25
-1.347003295758078e25
-1.3509723443539108e25
-1.354539473702558e25
-1.3577014952431993e25
-1.3604554133017011e25
-1.362798427597638e25
-1.3647279356512596e25
-1.3662415350885496e25
-1.3673370258425303e25
-1.3680124122490523e25
-1.3682659050353378e25
-1.368095923199628e25
-1.367501095780313e25
-1.3664802635130027e25
-1.365032480374047e25
-1.3631570150090726e25
-1.36085335204517e25
-1.3581211932854276e25
-1.3549604587845585e25
-1.351371287804457e25
-1.3473540396485647e25
-1.3429092943739985e25
-1.3380378533804673e25
-1.3327407398750681e25
-1.3270191992121116e25
-1.3208746991072273e25
-1.3143089297250212e25
-1.307323803639684e25
-1.2999214556679841e25
-1.2921042425741554e25
-1.2838747426462875e25
-1.2752357551438782e25
-1.2661902996162729e25
-1.2567416150918502e25
-1.2468931591377757e25
-1.2366486067903828e25
-1.2260118493561231e25
-1.214986993083312e25
-1.2035783577047819e25
-1.1917904748517555e25
-1.1796280863393208e25
-1.167096142323872e25
-1.1541997993331033e25
-1.1409444181690569e25
-1.1273355616849931e25
-1.1133789924367088e25
-1.0990806702092438e25
-1.0844467494197742e25
-1.0694835763977157e25
-1.05419768654312e25
-1.0385958013643945e25
-1.0226848253966906e25
-1.0064718430020929e25
-9.899641150531173e24
-9.73169075500812e24
-9.560943278290864e24
-9.387476413967872e24
-9.211369476691615e24
-9.03270336340532e24
-8.85156051349848e24
-8.668024867911355e24
-8.482181827206363e24
-8.294118208628105e24
-8.103922202171354e24
-7.911683325679514e24
-7.717492378995657e24
-7.521441397188104e24
-7.323623602875531e24
-7.124133357673993e24
-6.923066112792437e24
-6.720518358800262e24
-6.516587574594573e24
-6.311372175592535e24
-6.10497146117619e24
-5.897485561418235e24
-5.689015383115565e24
-5.479662555161061e24
-5.269529373281187e24
-5.058718744170981e24
-4.847334129054855e24
-4.635479486705967e24
-4.4232592159536943e24
-4.210778097711576e24
-3.9981412365584043e24
-3.7854540019034966e24
-3.5728219687707686e24
-3.360350858233134e24
-3.148146477532394e24
-2.936314659917461e24
-2.72496120423538e24
-2.514191814310467e24
-2.3041120381448894e24
-2.0948272069775782e24
-1.8864423742349082e24
-1.6790622544104037e24
-1.4727911619076764e24
-1.2677329498838424e24
-1.063990949128326e24
-8.616679070137193e23
-6.608659265555156e23
-4.616864056157525e23
-2.6422997628870223e23
-6.85964445033036e22
1.2511527011922508e23
3.168071941180264e23
5.063823597171661e23
6.937448639870464e23
8.787999276056781e23
1.061453953183028e24
1.2416145831134728e24
1.419190756918748e24
1.594092768046904e24
1.7662323200901968e24
1.935522582387387e24
2.1018782449746589e24
2.2652155728495933e24
2.425452459514482e24
2.5825084797629833e24
2.73630494167734e24
2.8867649378006993e24
3.033813395452478e24
3.177377126152098e24
3.317384874119399e24
3.4537673638188425e24
3.5864573465151523e24
3.7153896458098443e24
3.840501202126415e24
3.9617311161147943e24
4.079020690943898e24
4.192313473453926e24
4.3015552941383295e24
4.4066943059280165e24
4.507681021749624e24
4.604468350830407e24
4.6970116337240535e24
4.785268676030537e24
4.869199780785851e24
4.94876777949615e24
5.023938061793283e24
5.094678603688306e24
5.160959994400426e24
5.222755461740428e24
5.280040896027054e24
5.33279487251703e24
5.380998672328877e24
5.424636301842775e24
5.463694510558314e24
5.498162807393944e24
5.528033475412068e24
5.553301584954625e24
5.573965005175635e24
5.590024413956868e24
5.601483306195e24
5.608348000448395e24
5.610627643933517e24
5.608334215861331e24
5.601482529105109e24
5.590090230192313e24
5.574177797613841e24
5.553768538445107e24
5.528888583274249e24
5.499566879434071e24
5.465835182534845e24
5.427728046296601e24
5.385282810680221e24
5.338539588317597e24
5.287541249242748e24
5.232333403925817e24
5.17296438461382e24
5.109485224982522e24
5.041949638105015e24
4.970413992743624e24
4.894937287972555e24
4.8155811261403477e24
4.732409684181294e24
4.6454896832868827e24
4.554890356948875e24
4.4606834173867294e24
4.362943020373243e24
4.2617457284731054e24
4.157170472710072e24
4.049298512679992e24
3.9382133951268084e24
3.824000911000964e24
3.7067490510195457e24
3.586547959749266e24
3.463489888233687e24
3.3376691451877246e24
3.2091820467826365e24
3.0781268650466224e24
2.944603774906084e24
2.80871479989409e24
2.6705637565536475e24
2.530256197563561e24
2.3878993536164538e24
2.2436020740785342e24
2.0974747664621357e24
1.9496293347428584e24
1.8001791165532944e24
1.6492388192872435e24
1.4969244551479608e24
1.343353275175759e24
1.1886437022901182e24
1.0329152633831273e24
8.76288520500739e23
7.188850011502405e23
5.608271277719085e23
4.0223814641393956e23
2.432420546507984e23
8.396352878476776e22
-7.547214962784851e22
-2.3493916788482004e23
-3.943112568380326e23
-5.5346176614285114e23
-7.122637400141468e23
-8.705899934448645e23
-1.0283131888436351e24
-1.1853059130465492e24
-1.341440754658631e24
-1.4965903816795979e24
-1.6506276193681983e24
-1.8034255282995555e24
-1.9548574825690918e24
-2.104797248096626e24
-2.2531190609838188e24
-2.3996977058782386e24
-2.544408594296619e24
-2.687127842860471e24
-2.8277323513958264e24
-2.9660998808505153e24
-3.102109130980664e24
-3.2356398177589355e24
-3.366572750456945e24
-3.4947899083538663e24
-3.620174517023845e24
-3.74261112415452e24
-3.8619856748488723e24
-3.9781855863635205e24
-4.091099822235752e24
-4.2006189657525055e24
-4.306635292714237e24
-4.409042843447241e24
-4.507737494017872e24
-4.602617026602875e24
-4.6935811989696114e24
-4.7805318130213317e24
-4.863372782362138e24
-4.942010198837129e24
-5.016352398003529e24
-5.086310023489184e24
-5.151796090195105e24
-5.212726046299595e24
-5.269017834021376e24
-5.320591949100777e24
-5.367371498957553e24
-5.409282259485153e24
-5.446252730441961e24
-5.478214189400169e24
-5.505100744214561e24
-5.526849383972917e24
-5.543400028392226e24
-5.554695575623807e24
-5.56068194843297e24
-5.56130813871835e24
-5.556526250337588e24
-5.546291540207189e24
-5.530562457644172e24
-5.509300681919514e24
-5.482471157992966e24
-5.450042130401159e24
-5.41198517527032e24
-5.368275230427793e24
-5.318890623585764e24
-5.263813098572878e24
-5.20302783959054e24
-5.136523493470289e24
-5.064292189912269e24
-4.986329559683094e24
-4.902634750755332e24
-4.813210442369562e24
-4.7180628570026524e24
-4.6172017702271915e24
-4.5106405184464976e24
-4.3983960044935e24
-4.2804887010800703e24
-4.1569426520877487e24
-4.0277854716887423e24
-3.893048341290739e24
-3.7527660042973447e24
-3.6069767586790775e24
-3.4557224473512483e24
-3.2990484463542806e24
-3.1370036508367064e24
-2.969640458838502e24
-2.79701475287777e24
-2.6191858793410567e24
-2.4362166256829403e24
-2.248173195438254e24
-2.0551251810539176e24
-1.8571455345487468e24
-1.6543105360084933e24
-1.4466997599286626e24
-1.2343960394145037e24
-1.0174854282534393e24
-7.960571608724773e23
-5.702036101970196e23
-3.400202434288789e23
-1.056055757599215e23
1.3293887795661681e23
3.7550865355860665e23
6.219963899265614e23
8.72291883313132e23
1.1262821436232498e24
1.3838514526207988e24
1.6448814240335208e24
1.9092510655267822e24
2.17683684251826e24
2.447512743799877e24
2.7211503489372893e24
2.997618897410681e24
3.276785359464821e24
3.558514508629884e24
3.842668995877947e24
4.1291094253763137e24
4.417694431797324e24
4.7082807591464366e24
5.000723341064414e24
5.294875382563805e24
5.59058844315344e24
5.887712521308562e24
6.186096140239989e24
6.485586434915019e24
6.78602924028466e24
7.087269180666066e24
7.389149760233646e24
7.691513454565878e24
7.994201803199529e24
8.297055503136863e24
8.599914503255156e24
8.902618099564507e24
9.205005031258798e24
9.506913577507199e24
9.808181654928043e24
1.0108646915691726e25
1.0408146846193164e25
1.0706518866239144e25
1.1003600428690234e25
1.129922911950089e25
1.1593242758098145e25
1.1885479498038763e25
1.2175777927887162e25
1.2463977172251656e25
1.2749916992921104e25
1.3033437890038715e25
1.3314381203254167e25
1.3592589212791938e25
1.3867905240373648e25
1.4140173749934871e25
1.440924044807217e25
1.4674952384161162e25
1.4937158050081292e25
1.5195707479487777e25
1.5450452346566689e25
1.5701246064213208e25
1.5947943881570562e25
1.6190402980867476e25
1.6428482573494416e25
1.6662043995255455e25
1.689095080073679e25
1.7115068856729347e25
1.7334266434647127e25
1.7548414301879314e25
1.77573858120183e25
1.7961056993903637e25
1.8159306639422902e25
1.8352016390012623e25
1.853907082179988e25
1.8720357529329485e25
1.889576720781845e25
1.9065193733883415e25
1.9228534244685522e25
1.9385689215437646e25
1.953656253522197e25
1.9681061581063364e25
1.9819097290208193e25
1.9950584230556142e25
2.007544066919609e25
2.0193588638995614e25
2.0304954003196805e25
2.040946651797074e25
2.0507059892884007e25
2.0597671849232955e25
2.0681244176200607e25
2.0757722784794266e25
2.0827057759521003e25
2.088920340776142e25
2.0944118306801434e25
2.0991765348484526e25
2.103211178144741e25
2.1065129250903227e25
2.1090793835938676e25
2.11090860842915e25
2.1119991044577295e25
2.1123498295935286e25
2.1119601975064462e25
2.1108300800622834e25
2.1089598094964013e25
2.1063501803186773e25
2.103002450947511e25
2.098918345070716e25
2.0941000527313584e25
2.088550231136724e25
2.082272005188754e25
2.075268967734475e25
2.067545179535062e25
2.059105168952401e25
2.0499539313521317e25
2.040096928222337e25
2.0295400860071862e25
2.018289794655091e25
2.006352905880962e25
1.9937367311424717e25
1.9804490393302986e25
1.9664980541725006e25
1.9518924513534793e25
1.936641355347899e25
1.9207543359704127e25
1.904241404641933e25
1.8871130103736084e25
1.8693800354696245e25
1.8510537909502468e25
1.8321460116967442e25
1.8126688513197783e25
1.7926348767533209e25
1.7720570625760487e25
1.7509487850625885e25
1.7293238159669019e25
1.7071963160405477e25
1.6845808282884341e25
1.6614922709651075e25
1.637945930314636e25
1.6139574530572885e25
1.5895428386265646e25
1.5647184311600157e25
1.5395009112477596e25
1.5139072874424493e25
1.4879548875348995e25
1.461661349599528e25
1.4350446128139611e25
1.4081229080574574e25
1.3809147482926714e25
1.3534389187357639e25
1.3257144668196594e25
1.2977606919557556e25
1.2695971350991765e25
1.2412435681230895e25
1.2127199830076133e25
1.1840465808488789e25
1.1552437606942328e25
1.1263321082092963e25
1.0973323841831467e25
1.068265512877593e25
1.039152570227011e25
1.0100147718950392e25
9.808734611946486e24
9.517500968783246e24
9.22666240804911e24
8.936435454901527e24
8.647037415476482e24
8.35868625027455e24
8.071600446592181e24
7.78599889007278e24
7.502100735447983e24
7.220125276543823e24
6.9402918156266e24
6.662819532161692e24
6.387927351063079e24
6.115833810507475e24
5.846756929392363e24
5.580914074513093e24
5.318521827537366e24
5.05979585185713e24
4.8049507593934887e24
4.5541999774355585e24
4.3077556155925954e24
4.0658283329373626e24
3.828627205422471e24
3.5963595936473445e24
3.369231011058133e24
3.1474449926581896e24
2.931202964311337e24
2.720704112716324e24
2.516145256133035e24
2.317720715940775e24
2.1256221891068888e24
1.940038621646731e24
1.761156083152633e24
1.5891576424719276e24
1.424223244611513e24
1.2665295889473036e24
1.1162500088166682e24
9.735543525696691e23
8.386088661570615e23
7.115760773294166e23
5.926146815240732e23
4.818794295129537e23
3.7952101688637344e23
2.856859754447335e23
2.0051656657066533e23
1.2415067665315336e23
5.672171463310113e22
-1.6414882593976216e21
-5.0814776508711925e22
-9.067876599018618e22
-1.2111893725425491e23
-1.420257263524481e23
-1.5329461314218466e23
-1.548262070075867e23
-1.4652632993491382e23
-1.283060968833765e23
-1.0008199339206084e23
-6.1775950366520874e22
-1.3315415988951157e22
4.536657530193859e22
1.1433133681406711e23
1.9363446663927532e23
2.8332578777419914e23
3.834492913723738e23
4.940430831740661e23
6.151393331580424e23
7.467642284581155e23
8.889379295853362e23
1.0416745299950818e24
1.2049820190363545e24
1.3788622483187674e24
1.5633109015306347e24
1.7583174677400997e24
1.9638652182090087e24
2.1799311867469533e24
2.4064861536318358e24
2.643494633120084e24
2.8909148645687536e24
3.148698807189284e24
3.4167921384494835e24
3.695134256140972e24
3.983658284123769e24
4.28229108176073e24
4.5909532570497517e24
4.909559183461734e24
5.238017020488634e24
5.57622873790425e24
5.924090143738317e24
6.281490915962048e24
6.64831463788174e24
7.024438837233166e24
7.409735028969848e24
7.80406876173312e24
8.20729966799276e24
8.619281517841772e24
9.039862276428789e24
9.468884165009114e24
9.90618372559137e24
1.0351591889157644e25
1.0804934047429207e25
1.1266030128151452e25
1.173469467386603e25
1.221073692413808e25
1.269396090120468e25
1.3184165499005627e25
1.368114457555979e25
1.4184687048643479e25
1.469457699472981e25
1.521059375114144e25
1.5732512021371322e25
1.626010198352024e25
1.6793129401800186e25
1.7331355741051e25
1.7874538284212481e25
1.8422430252697264e25
1.8974780929602168e25
1.953133578569948e25
2.00918366081427e25
2.0656021631822667e25
2.122362567330805e25
2.1794380267299424e25
2.2368013805529262e25
2.294425167803302e25
2.3522816416720194e25
2.4103427841167456e25
2.468580320655978e25
2.526965735369739e25
2.5854702860992168e25
2.644065019837004e25
2.702720788299582e25
2.7614082636738567e25
2.82009795452887e25
2.8787602218843553e25
2.9373652954268814e25
2.9958832898650707e25
3.054284221414582e25
3.1125380244037032e25
3.170614567990444e25
3.2284836729815262e25
3.2861151287440404e25
3.34347871020004e25
3.4005441948945136e25
3.457281380126976e25
3.5136601001369552e25
3.5696502433334633e25
3.6252217695584773e25
3.6803447273745997e25
3.734989271366687e25
3.7891256794475936e25
3.842724370157606e25
3.8957559199477885e25
3.948191080436755e25
4.000000795630844e25
4.051156219097447e25
4.101628731081196e25
4.15138995555292e25
4.200411777181025e25
4.248666358215126e25
4.296126155271727e25
4.3427639360118245e25
4.3885527957001726e25
4.433466173636163e25
4.477477869446229e25
4.52056205922771e25
4.562693311534252e25
4.603846603192689e25
4.643997334941709e25
4.683121346882356e25
4.721194933730761e25
4.758194859863373e25
4.794098374145197e25
4.828883224531571e25
4.862527672434083e25
4.8950105068414165e25
4.92631105818599e25
4.956409211947296e25
4.985285421983124e25
5.012920723579825e25
5.039296746212988e25
5.064395726010091e25
5.088200517906634e25
5.1106946074877095e25
5.131862122506824e25
5.151687844074173e25
5.1701572175065995e25
5.187256362831673e25
5.20297208493859e25
5.217291883368603e25
5.230203961738054e25
5.2416972367871285e25
5.25176134704781e25
5.2603866611244695e25
5.267564285581069e25
5.27328607242878e25
5.277544626208349e25
5.28033331066167e25
5.281646254987041e25
5.281478359673228e25
5.279825301907195e25
5.2766835405510815e25
5.272050320683763e25
5.2659236777030755e25
5.258302440984515e25
5.249186237092885e25
5.238575492543461e25
5.226471436109318e25
5.2128761006721656e25
5.197792324613689e25
5.181223752745334e25
5.1631748367741105e25
5.143650835302635e25
5.122657813361936e25
5.100202641475357e25
5.0762929942529e25
5.050937348514772e25
5.024144980944056e25
4.995925965267815e25
4.966291168967066e25
4.935252249515648e25
4.902821650148605e25
4.869012595161202e25
4.83383908473927e25
4.797315889322808e25
4.759458543504063e25
4.720283339462523e25
4.67980731993864e25
4.638048270749285e25
4.595024712847364e25
4.55075589392886e25
4.505261779590842e25
4.458563044043664e25
4.41068106038186e25
4.361637890417296e25
4.31145627407971e25
4.260159618388828e25
4.207771986003344e25
4.1543180833521745e25
4.099823248353088e25
4.044313437725103e25
3.9878152139000885e25
3.930355731540559e25
3.8719627236695626e25
3.812664487420125e25
3.7524898694108638e25
3.6914682507552226e25
3.6296295317121565e25
3.567004115985535e25
3.5036228946809128e25
3.4395172299273242e25
3.374718938173188e25
3.309260273164417e25
3.2431739086143055e25
3.1764929205737707e25
3.109250769511542e25
3.0414812821140685e25
2.973218632814311e25
2.904497325060103e25
2.8353521723314144e25
2.765818278917638e25
2.6959310204647053e25
2.6257260243029956e25
2.555239149567079e25
2.484506467117671e25
2.4135642392777094e25
2.3424488993930464e25
2.2711970312299397e25
2.199845348220217e25
2.128430672566436e25
2.056989914218342e25
1.9855600497327677e25
1.9141781010292426e25
1.8428811140528773e25
1.7717061373574868e25
1.7006902006205196e25
1.6298702931029842e25
1.5592833420660646e25
1.488966191157729e25
1.418955578781347e25
1.34928811645924e25
1.2800002672040578e25
1.2111283239102124e25
1.1427083877787974e25
1.074776346788153e25
1.0073678542234954e25
9.405183072779677e24
8.742628257381104e24
8.086362307668241e24
7.436730237960742e24
6.794073655427987e24
6.158730551600929e24
5.531035095370792e24
4.911317427594542e24
4.29990345743984e24
3.6971146605900534e24
3.103267879436337e24
2.5186751253828886e24
1.943643383383987e24
1.3784744188411212e24
8.23464586975922e23
2.7890464480501276e23
-2.549204341696117e23
-7.777316424308887e23
-1.2892561179654342e24
-1.7892273207134116e24
-2.277385205833621e24
-2.753476393675738e24
-3.2172543363431724e24
-3.668479480742788e24
-4.106919428008487e24
-4.532349089197028e24
-4.944550837150254e24
-5.343314654420183e24
-5.72843827716058e24
-6.099727334882295e24
-6.456995485981085e24
-6.800064548939409e24
-7.128764629115336e24
-7.442934241024725e24
-7.742420426033527e24
-8.02707886537397e24
-8.296773988401575e24
-8.551379076016774e24
-8.790776359170097e24
-9.014857112380779e24
-9.223521742193448e24
-9.416679870507662e24
-9.594250412710906e24
-9.756161650554707e24
-9.902351299712163e24
-1.0032766571959204e25
-1.0147364231927011e25
-1.0246110648371806e25
-1.0328981839916426e25
-1.0395963515216054e25
-1.0447051107507924e25
-1.0482249803505663e25
-1.0501574566601413e25
-1.0505050154346049e25
-1.0492711130175116e25
-1.0464601869357764e25
-1.0420776559143537e25
-1.036129919309022e25
-1.028624355955502e25
-1.019569322433795e25
-1.0089741507468497e25
-9.968491454128824e24
-9.832055799713098e24
-9.68055692902282e24
-9.514126829604316e24
-9.332907039235544e24
-9.137048587575077e24
-8.926711931987299e24
-8.702066887564397e24
-8.463292551365539e24
-8.210577220900086e24
-7.94411830688396e24
-7.664122240301672e24
-7.370804373810324e24
-7.064388877525427e24
-6.745108629230925e24
-6.41320509906148e24
-6.068928228705131e24
-5.712536305181027e24
-5.344295829248584e24
-4.964481378507963e24
-4.573375465255832e24
-4.171268389162638e24
-3.7584580848414304e24
-3.3352499643826574e24
-2.901956754929446e24
-2.458898331374957e24
-2.0064015442633542e24
-1.5448000429812858e24
-1.0744340943280297e24
-5.9565039655723783e23
-1.0880188898407747e23
3.857524427424774e23
8.876477656031538e23
1.3965136023032175e24
1.911974038391735e24
2.433647933297131e24
2.961149135165955e24
3.494086699391466e24
4.032065110714522e24
4.574684508776343e24
5.121540917003307e24
5.672226474696933e24
6.226329672204484e24
6.78343558903956e24
7.343126134823017e24
7.904980292910257e24
8.468574366569397e24
9.033482227574014e24
9.599275567070961e24
1.016552414858233e25
1.0731796062998754e25
1.1297657985420714e25
1.1862675433700631e25
1.2426413028540465e25
1.2988434754993124e25
1.3548304225221011e25
1.4105584942358233e25
1.4659840565324316e25
1.5210635174436977e25
1.575753353766795e25
1.6300101377387962e25
1.6837905637443837e25
1.7370514750410516e25
1.7897498904861548e25
1.8418430312499106e25
1.893288347498553e25
1.944043545031689e25
1.994066611858039e25
2.04331584469353e25
2.0917498753659456e25
2.139327697109976e25
2.1860086907370213e25
2.231752650663622e25
2.276519810782773e25
2.320270870162238e25
2.3629670185540936e25
2.4045699616997803e25
2.4450419464150577e25
2.484345785439133e25
2.522444882032689e25
2.5593032543092536e25
2.5948855592846915e25
2.6291571166296363e25
2.6620839321098072e25
2.6936327206993453e25
2.723770929352281e25
2.7524667594176767e25
2.779689188683861e25
2.805407993037538e25
2.8295937677236307e25
2.8522179481919504e25
2.8732528305169944e25
2.8926715913773395e25
2.910448307581305e25
2.9265579751258524e25
2.940976527775889e25
2.9536808551512886e25
2.9646488203093833e25
2.9738592768107372e25
2.9812920852563747e25
2.9869281292850306e25
2.990749331018862e25
2.992738665946969e25
2.992880177235707e25
2.991158989455642e25
2.9875613217148706e25
2.9820745001890114e25
2.974686970038486e25
2.965388306703779e25
2.9541692265701137e25
2.941021596992874e25
2.9259384456759316e25
2.908913969394833e25
2.889943542057787e25
2.869023722097179e25
2.846152259185038e25
2.8213281002663736e25
2.794551394904097e25
2.7658234999305122e25
2.735146983399769e25
2.7025256278370406e25
2.667964432779622e25
2.6314696166065054e25
2.5930486176525435e25
2.5527100946042296e25
2.5104639261745856e25
2.4663212100544724e25
2.420294261138969e25
2.3723966090268497e25
2.3226429947926824e25
2.2710493670305115e25
2.217632877169138e25
2.1624118740594676e25
2.1054058978341147e25
2.046635673041018e25
1.986123101051968e25
1.9238912517486856e25
1.8599643544882095e25
1.7943677883510945e25
1.7271280716751558e25
1.6582728508787125e25
1.5878308885776506e25
1.5158320510003596e25
1.4423072947062068e25
1.3672886526122658e25
1.2908092193348659e25
1.2129031358515031e25
1.1336055734905016e25
1.0529527172549985e25
9.70981748488932e24
8.87730826893272e24
8.032390719001906e24
7.175465434146933e24
6.306942219320563e24
5.427239880413902e24
4.5367860132461233e24
3.636016786614705e24
2.7253767195147706e24
1.8053184526327634e24
8.763025142366104e23
-6.120291942760309e22
-1.0067222691023015e24
-1.9597728027313777e24
-2.9198648907827804e24
-3.8865022665541385e24
-4.859182291324295e24
-5.837396224208334e24
-6.820629496580883e24
-7.808361990914065e24
-8.800068323890265e24
-9.795218133630187e24
-1.0793276370889327e25
-1.1793703594059099e25
-1.279595626781811e25
-1.379948706526902e25
-1.4803745173393008e25
-1.580817660166109e25
-1.681222449362371e25
-1.7815329441315592e25
-1.8816929802291591e25
-1.9816462019125667e25
-2.081336094118968e25
-2.18070601485302e25
-2.2796992277666695e25
-2.3782589349119386e25
-2.4763283096488963e25
-2.5738505296893223e25
-2.670768810257921e25
-2.7670264373514128e25
-2.8625668010769674e25
-2.9573334290504617e25
-3.0512700198350928e25
-3.1443204764014586e25
-3.2364289395889106e25
-3.3275398215494267e25
-3.4175978391535498e25
-3.506548047339613e25
-3.5943358723857866e25
-3.6809071450858327e25
-3.7662081338086653e25
-3.850185577421769e25
-3.932786718059363e25
-4.013959333714993e25
-4.093651770639539e25
-4.171812975524565e25
-4.248392527451884e25
-4.32334066958977e25
-4.396608340616292e25
-4.4681472058509225e25
-4.537909688074809e25
-4.605848998021172e25
-4.671919164516419e25
-4.7360750642537725e25
-4.798272451180306e25
-4.858467985479367e25
-4.916619262129934e25
-4.9726848390247705e25
-5.026624264629831e25
-5.07839810516682e25
-5.12796797130193e25
-5.175296544323166e25
-5.2203476017896195e25
-5.263086042635721e25
-5.303477911714238e25
-5.341490423761772e25
-5.37709198677083e25
-5.410252224752991e25
-5.440941999877785e25
-5.469133433972452e25
-5.494799929367768e25
-5.517916189075806e25
-5.538458236285594e25
-5.556403433163031e25
-5.571730498941897e25
-5.584419527293029e25
-5.594452002959193e25
-5.60181081764354e25
-5.606480285139934e25
-5.608446155693889e25
-5.6076956295831444e25
-5.604217369907483e25
-5.5980015145777295e25
-5.5890396874942895e25
-5.577325008906126e25
-5.562852104941349e25
-5.545617116301338e25
-5.525617706110328e25
-5.50285306691344e25
-5.477323926816033e25
-5.449032554758073e25
-5.417982764917778e25
-5.3841799202388e25
-5.347630935076417e25
-5.308344276957932e25
-5.2663299674536886e25
-5.221599582155085e25
-5.174166249756665e25
-5.1240446502401775e25
-5.071251012158269e25
-5.015803109016951e25
-4.957720254755521e25
-4.897023298324102e25
-4.833734617358498e25
-4.7678781109536484e25
-4.6994791915364306e25
-4.628564775839909e25
-4.555163274981385e25
-4.479304583646715e25
-4.401020068384855e25
-4.320342555015879e25
-4.237306315157572e25
-4.151947051874863e25
-4.0643018844582585e25
-3.974409332336772e25
-3.882309298131995e25
-3.788043049860696e25
-3.6916532022928687e25
-3.5931836974740623e25
-3.492679784419774e25
-3.390187997991845e25
-3.285756136965704e25
-3.179433241298953e25
-3.071269568612067e25
-2.9613165698915732e25
-2.8496268644283293e25
-2.73625421400177e25
-2.621253496323845e25
-2.5046806777544723e25
-2.386592785303049e25
-2.267047877929123e25
-2.1461050171568263e25
-2.0238242370183163e25
-1.9002665133405401e25
-1.7754937323921213e25
-1.6495686589052503e25
-1.5225549034903105e25
-1.3945168894589054e25
-1.2655198190737702e25
-1.1356296392423087e25
-1.0049130066721078e25
-8.734372525074511e24
-7.412703464643667e24
-6.084808604847561e24
-4.751379319277295e24
-3.4131122631917786e24
-2.070708996787037e24
-7.248756044471297e23
6.236776898119746e23
1.9742369105060387e24
3.3260847222281024e24
4.6785008243741757e24
6.030762348817733e24
7.382144260326527e24
8.731919759486121e24
1.0079360687916273e25
1.1423737935550033e25
1.2764321849741334e25
1.4100382645983733e25
1.5431190819993913e25
1.6756017560940774e25
1.8074135165572166e25
1.9384817453016696e25
2.0687340180011e25
2.198098145632493e25
2.3265022160141956e25
2.4538746353151247e25
2.580144169512199e25
2.7052399857706854e25
2.829091693724726e25
2.9516293866327053e25
3.072783682384416e25
3.192485764335579e25
3.310667421945263e25
3.427261091193274e25
3.5421998947523255e25
3.655417681892427e25
3.766849068092465e25
3.876429474336563e25
3.984095166070483e25
4.089783291795583e25
4.193431921276713e25
4.294980083340502e25
4.394367803242065e25
4.491536139576168e25
4.586427220711496e25
4.678984280724479e25
4.769151694811649e25
4.856875014157669e25
4.9421010002380685e25
5.024777658535125e25
5.104854271645343e25
5.182281431758635e25
5.257011072487598e25
5.328996500027815e25
5.398192423628249e25
5.464554985353072e25
5.5280417891154025e25
5.588611928963873e25
5.646226016604357e25
5.700846208137912e25
5.7524362299982355e25
5.800961404070536e25
5.8463886719758035e25
5.888686618503583e25
5.927825494177606e25
5.963777236938871e25
5.996515492930817e25
6.026015636372747e25
6.05225478850668e25
6.075211835604929e25
6.094867446024606e25
6.111204086297306e25
6.1242060362412695e25
6.133859403085164e25
6.140152134592322e25
6.143074031174924e25
6.14261675698876e25
6.138773849998832e25
6.13154073100745e25
6.120914711636758e25
6.106895001257865e25
6.089482712860033e25
6.068680867853218e25
6.0444943997986755e25
6.016930157062016e25
5.985996904384677e25
5.951705323369449e25
5.914068011877217e25
5.873099482331847e25
5.828816158931478e25
5.781236373764702e25
5.730380361830741e25
5.676270254963768e25
5.618930074661278e25
5.558385723818637e25
5.494664977370326e25
5.427797471841244e25
5.357814693810612e25
5.284749967292324e25
5.208638440036017e25
5.129517068753719e25
5.047424603277814e25
4.962401569656369e25
4.874490252192762e25
4.783734674437067e25
4.69018057913727e25
4.593875407159049e25
4.4948682753834715e25
4.393209953592615e25
4.288952840353322e25
4.1821509379111774e25
4.072859826105298e25
3.961136635317167e25
3.847040018466215e25
3.730630122065678e25
3.611968556352903e25
3.4911183645088676e25
3.368143990982086e25
3.243111248932854e25
3.116087286814119e25
2.98714055410602e25
2.856340766221424e25
2.723758868600618e25
2.5894670000136055e25
2.4535384550886256e25
2.316047646087594e25
2.1770700639468393e25
2.03668223860491e25
1.8949616986377607e25
1.7519869302230212e25
1.6078373354549738e25
1.4625931900326523e25
1.3163356003438022e25
1.1691464599676555e25
1.0211084056202384e25
8.723047725658922e24
7.22819549519508e24
5.7273733306382e24
4.221432816070472e24
2.7112306890598743e24
1.1976283717983877e24
-3.1850850158116736e23
-1.8363105612646165e24
-3.354905181313701e24
-4.873416962260789e24
-6.390968216467546e24
-7.906679455978448e24
-9.419669882591672e24
-1.092905787987361e25
-1.2433961506837623e25
-1.3933498993006686e25
-1.5426789234580257e25
-1.6912952291420576e25
-1.8391109884576543e25
-1.9860385894058184e25
-2.1319906856576754e25
-2.2768802462967916e25
-2.42062060549987e25
-2.5631255121287917e25
-2.704309179203839e25
-2.8440863332300587e25
-2.982372263347669e25
-3.119082870278018e25
-3.254134715036191e25
-3.387445067381846e25
-3.5189319539795763e25
-3.6485142062404366e25
-3.776111507816291e25
-3.9016444417187715e25
-4.025034537034783e25
-4.146204315210614e25
-4.265077335877351e25
-4.381578242189038e25
-4.4956328056476554e25
-4.607167970386866e25
-4.716111896888017e25
-4.822394005101872e25
-4.925945016949735e25
-5.026696998177961e25
-5.124583399540249e25
-5.219539097282292e25
-5.311500432903778e25
-5.400405252173206e25
-5.486192943371025e25
-5.568804474737452e25
-5.648182431101256e25
-5.724271049666581e25
-5.797016254935303e25
-5.8663656927421235e25
-5.932268763381572e25
-5.994676653804896e25
-6.053542368866553e25
-6.108820761599658e25
-6.160468562501041e25
-6.208444407806265e25
-6.252708866736319e25
-6.293224467697478e25
-6.329955723417141e25
-6.362869154998306e25
-6.391933314876432e25
-6.417118808663039e25
-6.438398315860417e25
-6.455746609433408e25
-6.4691405742238725e25
-6.47855922419463e25
-6.483983718490476e25
-6.48539737630378e25
-6.482785690533996e25
-6.476136340229547e25
-6.465439201803091e25
-6.450686359009888e25
-6.431872111681623e25
-6.408992983206854e25
-6.3820477267518375e25
-6.351037330214467e25
-6.3159650199059576e25
-6.276836262955531e25
-6.233658768432948e25
-6.18644248718663e25
-6.135199610392961e25
-6.079944566816436e25
-6.020694018777743e25
-5.957466856830514e25
-5.89028419314601e25
-5.819169353606956e25
-5.744147868612723e25
-5.665247462597199e25
-5.582498042263909e25
-5.495931683540911e25
-5.405582617261575e25
-5.3114872135755774e25
-5.213683965096799e25
-5.112213468795512e25
-5.007118406641479e25
-4.898443525007848e25
-4.786235612843475e25
-4.6705434786252824e25
-4.551417926099687e25
-4.428911728826085e25
-4.3030796035332245e25
-4.173978182301923e25
-4.041665983588179e25
-3.906203382099585e25
-3.767652577541861e25
-3.626077562249247e25
-3.481544087717062e25
-3.334119630051599e25
-3.1838733543568284e25
-3.0308760780749842e25
-2.8752002333004745e25
-2.716919828087542e25
-2.556110406770434e25
-2.392849009318903e25
-2.227214129748676e25
-2.0592856736109127e25
-1.8891449145818865e25
-1.7168744501768805e25
-1.5425581566126812e25
-1.3662811428417498e25
-1.1881297037848436e25
-1.008191272785688e25
-8.265543733157069e24
-6.433085699533584e24
-4.585444186670104e24
-2.723534164273293e24
-8.482795017766852e23
1.0393875480839634e24
2.938526871552797e24
4.848191021680872e24
6.767425751422246e24
8.695270551679284e24
1.063075919401337e25
1.2572920277694995e25
1.4520777780798436e25
1.6473351615021515e25
1.8429658183907888e25
2.03887109441687e25
2.2349520969762494e25
2.4311097518429714e25
2.627244860033622e25
2.823258154851316e25
3.019050359075804e25
3.2145222422657426e25
3.409574678141588e25
3.604108702013652e25
3.7980255682238108e25
3.991226807565268e25
4.18361428464872e25
4.375090255179213e25
4.565557423111568e25
4.7549189976499385e25
4.943078750057208e25
5.129941070241976e25
5.315411023087683e25
5.499394404492109e25
5.681797797081981e25
5.8625286255711e25
6.041495211726928e25
6.218606828914086e25
6.39377375618117e25
6.566907331857633e25
6.737920006629617e25
6.906725396060719e25
7.073238332527426e25
7.237374916535743e25
7.399052567388918e25
7.558190073174529e25
7.7147076400395956e25
7.868526940724496e25
8.019571162323997e25
8.167765053247255e25
8.313034969345837e25
8.455308919182451e25
8.594516608410364e25
8.730589483236713e25
8.86346077294161e25
8.993065531425653e25
9.119340677760257e25
9.242225035713551e25
9.361659372227633e25
9.477586434821e25
9.589950987892998e25
9.698699847905415e25
9.803781917418954e25
9.905148217961671e25
1.000275192170715e26
1.0096548381942025e26
1.018649516230119e26
1.0272552064751842e26
1.0354681156306219e26
1.0432846794445164e26
1.0507015651234502e26
1.0577156736116863e26
1.0643241417363284e26
1.0705243442168219e26
1.0763138955373918e26
1.0816906516809393e26
1.0866527117231451e26
1.0911984192854573e26
1.0953263638458635e26
1.0990353819063286e26
1.1023245580158847e26
1.1051932256484966e26
1.1076409679347989e26
1.1096676182470417e26
1.1112732606364768e26
1.11245823012269e26
1.113223112834319e26
1.113568746000788e26
1.1134962177947204e26
1.1130068670247846e26
1.1121022826788516e26
1.1107843033173729e26
1.1090550163170368e26
1.1069167569647978e26
1.1043721074024954e26
1.1014238954223609e26
1.098075193113778e26
1.0943293153617965e26
1.0901898181979168e26
1.0856604970038602e26
1.0807453845689893e26
1.0754487490022538e26
1.0697750914995587e26
1.0637291439675585e26
1.0573158665049601e26
1.0505404447425245e26
1.0434082870430056e26
1.035925021562406e26
1.0280964931739399e26
1.019928760256269e26
1.011428091347567e26
1.002600961667131e26
9.934540495062874e25
9.839942324904456e25
9.742285837142208e25
9.641643677516652e25
9.538090365436501e25
9.431702251645837e25
9.32255747470725e25
9.210735916323766e25
9.096319155523629e25
8.979390421732774e25
8.860034546759844e25
8.738337915720481e25
8.614388416926907e25
8.488275390770995e25
8.360089577628127e25
8.229923064811377e25
8.097869232604748e25
7.964022699405503e25
7.828479266007038e25
7.69133585905199e25
7.552690473688742e25
7.412642115462516e25
7.271290741474744e25
7.12873720084339e25
6.9850831744982685e25
6.840431114345982e25
6.694884181838529e25
6.548546185981613e25
6.4015215208174325e25
6.253915102418776e25
6.10583230542999e25
5.95737889919238e25
5.808660983490507e25
5.659784923956749e25
5.510857287172819e25
5.361984775504567e25
5.213274161709829e25
5.064832223356602e25
4.916765677091155e25
4.769181112793988e25
4.6221849276634986e25
4.475883260265816e25
4.330381924590323e25
4.1857863441504735e25
4.042201486168654e25
3.899731795885384e25
3.7584811310314757e25
3.6185526965034886e25
3.480048979281302e25
3.3430716836272464e25
3.2077216666070468e25
3.0740988739703185e25
2.942302276431219e25
2.8124298063871806e25
2.6845782951153916e25
2.5588434104849193e25
2.4353195952236587e25
2.3141000057777184e25
2.195276451801443e25
2.0789393363159913e25
1.9651775965732425e25
1.8540786456628292e25
1.7457283148982438e25
1.6402107970191186e25
1.5376085902447342e25
1.4380024432153927e25
1.3414713008556374e25
1.2480922511945957e25
1.1579404731776203e25
1.0710891855024365e25
9.87609596513481e24
9.075708551864749e24
8.310400032357662e24
7.580819283754601e24
6.887593187653659e24
6.231326186720721e24
5.612599853743935e24
5.03197247342497e24
4.4899786371852333e24
3.987128851266253e24
3.523909158387838e24
3.1007807732300313e24
2.7181797319867056e24
2.376516556239511e24
2.0761759313894074e24
1.817516399874001e24
1.6008700693938284e24
1.4265423363589782e24
1.294811624762235e24
1.205929140673362e24
1.1601186425427137e24
1.157576227491995e24
1.1984701337615822e24
1.282940559474731e24
1.4110994978694324e24
1.5830305891395092e24
1.7987889890170087e24
2.0584012542182914e24
2.3618652448668502e24
2.709150043995913e24
3.1001958942231997e24
3.5349141516827276e24
4.0131872572847434e24
4.534868725369402e24
5.099783149804401e24
5.707726227572517e24
6.358464799878388e24
7.051736910799362e24
7.787251883491546e24
8.564690413951041e24
9.383704682324711e24
1.0243918481748216e25
1.114492736468305e25
1.2086298806711766e25
1.3067572387742898e25
1.4088259990560395e25
1.5147846016650298e25
1.6245787619221242e25
1.7381514953324094e25
1.8554431442973414e25
1.9763914065151123e25
2.1009313650575985e25
2.228995520109859e25
2.3605138223583496e25
2.4954137080122566e25
2.633620135441318e25
2.7750556234132614e25
2.919640290911975e25
3.067291898517254e25
3.217925891325698e25
3.37145544339172e25
3.5277915036658e25
3.6868428434073785e25
3.8485161050479915e25
4.0127158524792545e25
4.179344622740454e25
4.348302979077938e25
4.519489565349471e25
4.69280116174401e25
4.868132741788297e25
5.045377530609065e25
5.224427064420354e25
5.405171251204004e25
5.587498432549492e25
5.7712954466213555e25
5.9564476922181955e25
6.142839193889554e25
6.330352668073865e25
6.518869590221852e25
6.708270262867902e25
6.898433884611336e25
7.0892386199699005e25
7.280561670065683e25
7.472279344103989e25
7.6642671316056645e25
7.856399775350876e25
8.04855134499408e25
8.24059531130752e25
8.432404621012333e25
8.623851772152416e25
8.814808889969634e25
9.00514780323639e25
9.194740121000761e25
9.383457309700781e25
9.571170770602418e25
9.757751917517213e25
9.94307225475311e25
1.0127003455253548e26
1.0309417438879415e26
1.0490186450786863e26
1.0669183139855666e26
1.0846280637121146e26
1.1021352634164002e26
1.1194273461410485e26
1.1364918166297006e26
1.153316259125217e26
1.1698883451449628e26
1.1861958412285036e26
1.2022266166530202e26
1.2179686511118465e26
1.2334100423513951e26
1.2485390137618905e26
1.2633439219172532e26
1.277813264059563e26
1.2919356855234646e26
1.3056999870959727e26
1.319095132307172e26
1.3321102546472265e26
1.3447346647052818e26
1.3569578572257987e26
1.368769518077866e26
1.3801595311331923e26
1.3911179850483849e26
1.4016351799472754e26
1.411701633999018e26
1.4213080898878004e26
1.4304455211700128e26
1.4391051385148132e26
1.4472783958240387e26
1.4549569962275263e26
1.4621328979499255e26
1.4687983200451701e26
1.4749457479948392e26
1.4805679391667197e26
1.4856579281299117e26
1.4902090318229769e26
1.4942148545715765e26
1.4976692929522974e26
1.5005665404992534e26
1.502901092250299e26
1.5046677491296871e26
1.505861622164076e26
1.5064781365289736e26
1.5065130354226936e26
1.5059623837650764e26
1.5048225717182181e26
1.5030903180266942e26
1.5007626731747528e26
1.4978370223580254e26
1.494311088267566e26
1.4901829336839555e26
1.4854509638794265e26
1.4801139288259739e26
1.4741709252076767e26
1.4676213982354298e26
1.4604651432623617e26
1.4527023071985558e26
1.4443333897235224e26
1.4353592442952256e26
1.4257810789543204e26
1.4156004569227155e26
1.404819296995358e26
1.393439873724515e26
1.3814648173956776e26
1.3688971137946741e26
1.3557401037654392e26
1.3419974825579723e26
1.3276732989664552e26
1.312771954257259e26
1.2972982008869712e26
1.2812571410103908e26
1.2646542247789857e26
1.2474952484300743e26
1.229786352167133e26
1.211534017832084e26
1.1927450663701258e26
1.1734266550881275e26
1.1535862747073787e26
1.1332317462120622e26
1.1123712174945907e26
1.0910131597990243e26
1.0691663639643448e26
1.0468399364689504e26
1.0240432952783002e26
1.0007861654972869e26
9.770785748296377e25
9.529308488461704e25
9.283536060643066e25
9.033577528408946e25
8.779544780810996e25
8.521552477657612e25
8.25971799299724e25
7.994161356842487e25
7.725005195161078e25
7.452374668165799e25
7.176397406931491e25
6.897203448374693e25
6.6149251686273775e25
6.329697214837415e25
6.041656435434218e25
5.75094180889301e25
5.457694371036925e25
5.162057140912137e25
4.8641750452785515e25
4.5641948417544275e25
4.262265040653864e25
3.958535825562727e25
3.6531589726923225e25
3.346287769056661e25
3.038076929514303e25
2.7286825127237443e25
2.4182618360549008e25
2.1069733895055995e25
1.7949767486668884e25
1.4824324867891383e25
1.1695020859953344e25
8.563478476890338e24
5.431328022105898e24
2.3002061778867786e24
-8.282449115955655e23
-3.952378563316364e24
-7.070544483903467e24
-1.0181089703113613e25
-1.32823595117697e25
-1.6372698403587894e25
-1.945045102039264e25
-2.2513963100155663e25
-2.5561582427350328e25
-2.8591659785037e25
-3.160254990815156e25
-3.459261243746496e25
-3.7560212873624773e25
-4.050372353075777e25
-4.3421524489055996e25
-4.631200454582252e25
-4.917356216438208e25
-5.200460642033259e25
-5.4803557944557495e25
-5.756884986247588e25
-6.0298928728937865e25
-6.299225545822887e25
-6.564730624864943e25
-6.826257350108123e25
-7.083656673102317e25
-7.336781347352679e25
-7.585486018052006e25
-7.829627310993988e25
-8.069063920615582e25
-8.303656697116619e25
-8.533268732600208e25
-8.757765446184379e25
-8.977014668030596e25
-9.190886722240474e25
-9.39925450856615e25
-9.601993582885512e25
-9.798982236393714e25
-9.990101573458494e25
-1.017523558809327e26
-1.0354271238998e26
-1.0527098523123096e26
-1.0693610547706448e26
-1.085370360074068e26
-1.1007277219823168e26
-1.1154234259347432e26
-1.1294480955989527e26
-1.1427926992448284e26
-1.155448555939915e26
-1.1674073415618055e26
-1.178661094623812e26
-1.1892022219098509e26
-1.1990235039150009e26
-1.2081181000878067e26
-1.2164795538708765e26
-1.2241017975364262e26
-1.2309791568131959e26
-1.2371063553016767e26
-1.2424785186743758e26
-1.247091178658372e26
-1.2509402767969269e26
-1.2540221679875984e26
-1.2563336237942479e26
-1.257871835530233e26
-1.2586344171105565e26
-1.2586194076705733e26
-1.2578252739492798e26
-1.2562509124349762e26
-1.2538956512715777e26
-1.2507592519237306e26
-1.2468419105992406e26
-1.2421442594272048e26
-1.236667367390581e26
-1.2304127410120126e26
-1.2233823247918511e26
-1.2155785013973908e26
-1.2070040916025908e26
-1.1976623539777037e26
-1.1875569843282096e26
-1.1766921148827691e26
-1.1650723132300305e26
-1.152702581004138e26
-1.1395883523191163e26
-1.1257354919522947e26
-1.1111502932772237e26
-1.0958394759465308e26
-1.079810183325422e26
-1.0630699796766648e26
-1.0456268470979752e26
-1.0274891822128811e26
-1.0086657926164746e26
-9.891658930772264e25
-9.689991014965615e25
-9.481754346278125e25
-9.267053035564111e25
-9.04599508943257e25
-8.818692360333931e25
-8.585260494322363e25
-8.345818876517532e25
-8.100490574291096e25
-7.849402278204674e25
-7.592684240727315e25
-7.330470212761775e25
-7.062897378010608e25
-6.790106285213264e25
-6.51224077828955e25
-6.2294479244214165e25
-5.941877940111083e25
-5.649684115251884e25
-5.353022735250224e25
-5.052053001238492e25
-4.746936948419873e25
-4.437839362586555e25
-4.124927694855189e25
-3.8083719746634906e25
-3.4883447210735845e25
-3.1650208524283386e25
-2.8385775944087193e25
-2.5091943865405453e25
-2.1770527872001518e25
-1.8423363771691843e25
-1.5052306617920846e25
-1.1659229717859345e25
-8.246023627577726e24
-4.8145951348373395e24
-1.3668662300442373e24
2.095226934068557e24
5.569735093470331e24
9.05469693399032e24
1.254814016202556e25
1.6048082584213158e25
1.955253319546363e25
2.3059493274760125e25
2.6566957488110014e25
3.0072914998043356e25
3.3575350579027998e25
3.7072245738193436e25
4.056157984071208e25
4.404133123923292e25
4.750947840671097e25
5.096400107199972e25
5.4402881357566925e25
5.782410491868177e25
6.1225662083428155e25
6.4605548992897785e25
6.79617687409047e25
7.1292332512572965e25
7.459526072114074e25
7.786858414233093e25
8.111034504562756e25
8.431859832180697e25
8.749141260607621e25
9.062687139614633e25
9.372307416461597e25
9.677813746499412e25
9.979019603072686e25
1.0275740386657555e26
1.056779353317093e26
1.0854998621387081e26
1.1137177479398089e26
1.1414154290055011e26
1.1685755695327114e26
1.1951810899516962e26
1.2212151771269623e26
1.2466612944314954e26
1.2715031916882358e26
1.2957249149727852e26
1.3193108162715156e26
1.3422455629890174e26
1.3645141472993475e26
1.3861018953352087e26
1.4069944762094747e26
1.4271779108635399e26
1.446638580736983e26
1.4653632362532422e26
1.483339005115976e26
1.5005534004109781e26
1.5169943285085005e26
1.5326500967610935e26
1.547509420992059e26
1.5615614327697146e26
1.574795686462911e26
1.5872021660731875e26
1.5987712918392815e26
1.609493926609441e26
1.6193613819777084e26
1.6283654241799203e26
1.6364982797455084e26
1.6437526409014418e26
1.6501216707245575e26
1.6555990080388572e26
1.6601787720542678e26
1.663855566743795e26
1.6666244849559163e26
1.668481112259178e26
1.6694215305163874e26
1.6694423211855988e26
1.668540568345522e26
1.666713861442885e26
1.6639602977596564e26
1.660278484598104e26
1.6556675411818136e26
1.6501271002708306e26
1.6436573094895843e26
1.636258832366108e26
1.6279328490812058e26
1.6186810569267528e26
1.6085056704720196e26
1.597409421437471e26
1.5853955582752165e26
1.5724678454560213e26
1.5586305624625168e26
1.5438885024883832e26
1.5282469708439474e26
1.5117117830682152e26
1.4942892627479411e26
1.4759862390441512e26
1.4568100439271784e26
1.4367685091210507e26
1.4158699627581677e26
1.394123225745922e26
1.3715376078464394e26
1.3481229034712958e26
1.3238893871926881e26
1.2988478089734444e26
1.2730093891176672e26
1.2463858129445816e26
1.2189892251876814e26
1.1908322241222378e26
1.1619278554237568e26
1.1322896057601331e26
1.1019313961210335e26
1.0708675748874315e26
1.039112910644982e26
1.0066825847444477e26
9.735921836133538e25
9.398576908225559e25
9.054954789115215e25
8.705223009769852e25
8.349552820288954e25
7.988119101184424e25
7.621100272423629e25
7.248678200287515e25
6.87103810209049e25
6.488368448809858e25
6.100860865681172e25
5.7087100308084185e25
5.312113571845796e25
4.911271960802578e25
4.506388407032486e25
4.097668748461175e25
3.6853213411137116e25
3.2695569469976755e25
2.8505886204079378e25
2.4286315927126073e25
2.0039031556808963e25
1.5766225434218e25
1.1470108129942912e25
7.152907237580434e24
2.81686615527088e24
-1.5357571440105719e24
-5.902691352750387e24
-1.0281653079108974e25
-1.467034810630924e25
-1.9066472660532057e25
-2.34677146865806e25
-2.787175513063668e25
-3.2276269229338515e25
-3.667892780447502e25
-4.107739856258912e25
-4.546934739870244e25
-4.9852439703464804e25
-5.422434167295167e25
-5.858272162040497e25
-6.292525128911537e25
-6.7249607165736274e25
-7.155347179324604e25
-7.583453508283955e25
-8.009049562395165e25
-8.43190619916749e25
-8.851795405083803e25
-9.268490425594248e25
-9.681765894624168e25
-1.0091397963517878e26
-1.049716442934708e26
-1.089884486250412e26
-1.1296220733507816e26
-1.1689075538949212e26
-1.20771949264989e26
-1.2460366818905871e26
-1.283838153691186e26
-1.3211031921011974e26
-1.3578113451985242e26
-1.3939424370124988e26
-1.4294765793100349e26
-1.4643941832374032e26
-1.498675970811007e26
-1.5323029862500132e26
-1.5652566071443127e26
-1.5975185554506827e26
-1.629070908310812e26
-1.659896108684371e26
-1.68997697579096e26
-1.7192967153542006e26
-1.7478389296418785e26
-1.775587627296081e26
-1.80252723294698e26
-1.8286425966045536e26
-1.8539190028222453e26
-1.8783421796270504e26
-1.9018983072101906e26
-1.924574026373057e26
-1.9463564467231626e26
-1.9672331546147004e26
-1.9871922208288217e26
-2.0062222079885957e26
-2.024312177704027e26
-2.0414516974423086e26
-2.0576308471189353e26
-2.072840225405411e26
-2.087070955749224e26
-2.1003146921022e26
-2.1125636243532975e26
-2.1238104834622688e26
-2.134048546290505e26
-2.1432716401258476e26
-2.1514741468980847e26
-2.158651007082212e26
-2.1647977232865196e26
-2.169910363522912e26
-2.1739855641569746e26
-2.1770205325354494e26
-2.1790130492890266e26
-2.179961470308516e26
-2.179864728392644e26
-2.178722334565911e26
-2.176534379065132e26
-2.173301531993478e26
-2.169025043641028e26
-2.163706744471006e26
-2.1573490447711377e26
-2.149954933969628e26
-2.1415279796156178e26
-2.13207232602405e26
-2.121592692585073e26
-2.1100943717384146e26
-2.097583226613211e26
-2.084065688334106e26
-2.069548752994444e26
-2.054039978297858e26
-2.0375474798694365e26
-2.020079927238119e26
-2.0016465394918955e26
-1.9822570806078616e26
-1.96192185445922e26
-1.940651699501342e26
-1.918457983139678e26
-1.8953525957819235e26
-1.871347944577514e26
-1.8464569468472703e26
-1.8206930232066794e26
-1.7940700903861335e26
-1.766602553751581e26
-1.738305299529666e26
-1.7091936867410766e26
-1.6792835388464302e26
-1.648591135108774e26
-1.6171332016774587e26
-1.5849269023979465e26
-1.5519898293522133e26
-1.51833999313502e26
-1.4839958128710388e26
-1.4489761059782527e26
-1.4133000776828816e26
-1.3769873102918168e26
-1.3400577522280538e26
-1.3025317068352753e26
-1.264429820957368e26
-1.2257730732994477e26
-1.1865827625765971e26
-1.1468804954566127e26
-1.106688174303791e26
-1.0660279847301666e26
-1.0249223829613566e26
-9.833940830236537e25
-9.41466043759922e25
-8.991614556812845e25
-8.565037276618541e25
-8.135164734842506e25
-7.702234982431863e25
-7.266487846150143e25
-6.828164790006158e25
-6.38750877549892e25
-5.9447641207558074e25
-5.5001763586416575e25
-5.053992093924109e25
-4.606458859572737e25
-4.157824972277012e25
-3.708339387261807e25
-3.2582515524887017e25
-2.807811262322956e25
-2.357268510753028e25
-1.9068733442442842e25
-1.4568757143155028e25
-1.0075253299221597e25
-5.590715097297263e24
-1.1176303436750955e24
3.341520012546826e24
7.78426335477939e24
1.2208136871913548e25
1.6610689028037456e25
2.098948102805899e25
2.5342088278393494e25
2.9666101841807652e25
3.3959129885600214e25
3.821879912223164e25
4.2442756241586975e25
4.662866933397632e25
5.077422930304044e25
5.4877151267748255e25
5.893517595259446e25
6.294607106520458e25
6.690763266049051e25
7.0817686490571955e25
7.467408933960132e25
7.847473034272164e25
8.22175322883291e25
8.590045290288424e25
8.952148611744482e25
9.307866331516613e25
9.657005455902365e25
9.999376979896049e25
1.0334796005774989e26
1.0663081859481494e26
1.0984058204731302e26
1.1297553154773923e26
1.1603399381736592e26
1.1901434223485255e26
1.2191499787931401e26
1.2473443054722121e26
1.274711597424649e26
1.30123755638983e26
1.3269084001529856e26
1.3517108716038603e26
1.3756322475029544e26
1.3986603469493115e26
1.420783539544606e26
1.4419907532479616e26
1.4622714819165512e26
1.4816157925266615e26
1.50001433207059e26
1.5174583341245549e26
1.533939625083353e26
1.549450630057184e26
1.563984378426668e26
1.5775345090522615e26
1.590095275134064e26
1.6016615487187195e26
1.6122288248499162e26
1.621793225359548e26
1.6303515022963782e26
1.637901040989594e26
1.644439862744839e26
1.649966627170193e26
1.6544806341301675e26
1.6579818253257753e26
1.6604707854990587e26
1.6619487432605143e26
1.6624175715382476e26
1.661879787647899e26
1.6603385529823952e26
1.6577976723210694e26
1.654261592757705e26
1.6497354022474746e26
1.6442248277727156e26
1.6377362331279665e26
1.630276616324711e26
1.6218536066166713e26
1.6124754611465223e26
1.6021510612152882e26
1.590889908175811e26
1.5787021189519992e26
1.5655984211855977e26
1.5515901480126525e26
1.5366892324719776e26
1.5209082015480792e26
1.504260169851345e26
1.486758832938423e26
1.4684184602759662e26
1.4492538878511386e26
1.4292805104324762e26
1.4085142734849203e26
1.3869716647430336e26
1.3646697054466512e26
1.3416259412433714e26
1.3178584327624887e26
1.293385745865377e26
1.2682269415771102e26
1.2424015657047238e26
1.2159296381475029e26
1.1888316419048928e26
1.1611285117878626e26
1.1328416228396672e26
1.1039927784722284e26
1.0746041983244672e26
1.044698505849063e26
1.014298715634415e26
9.834282204686021e25
9.521107781524184e25
9.20370498068596e25
8.882318275146726e25
8.557195378068524e25
8.228587101627026e25
7.89674721370255e25
7.561932292515975e25
7.224401579289898e25
6.884416829016296e25
6.542242159414955e25
6.198143898166718e25
5.852390428506562e25
5.505252033264488e25
5.157000737441126e25
4.807910149407574e25
4.458255300818478e25
4.108312485330347e25
3.758359096215818e25
3.4086734629672416e25
3.0595346869810358e25
2.711222476420283e25
2.3640169803466367e25
2.0181986222185768e25
1.6740479328522243e25
1.3318453829401582e25
9.918712152259075e24
6.544052764303033e24
3.197268490285732e24
-1.1885517024774619e23
-3.401541725253274e24
-6.648025371033598e24
-9.85555267065956e24
-1.302138422897661e25
-1.6142796363218035e25
-1.9217082768240576e25
-2.2241556175382396e25
-2.521355000399469e25
-2.813042000463781e25
-3.0989545892982356e25
-3.3788332973434653e25
-3.652421375152539e25
-3.919464953408892e25
-4.1797132016280455e25
-4.432918485447392e25
-4.678836522409746e25
-4.91722653614615e25
-5.147851408865012e25
-5.370477832054942e25
-5.584876455309696e25
-5.79082203318426e25
-5.988093569993214e25
-6.1764744624605874e25
-6.355752640136055e25
-6.5257207034891676e25
-6.686176059596589e25
-6.836921055338534e25
-6.977763108021046e25
-7.108514833343021e25
-7.228994170627096e25
-7.339024505236378e25
-7.438434788099454e25
-7.527059652267367e25
-7.604739526429364e25
-7.671320745313954e25
-7.726655656905019e25
-7.770602726403282e25
-7.803026636865486e25
-7.823798386456581e25
-7.832795382250465e25
-7.829901530516555e25
-7.815007323433693e25
-7.788009922172619e25
-7.748813236289885e25
-7.69732799938108e25
-7.633471840939802e25
-7.557169354373716e25
-7.468352161128025e25
-7.366958970873059e25
-7.252935637711657e25
-7.126235212363594e25
-6.986817990290921e25
-6.834651555725566e25
-6.6697108215658875e25
-6.491978065108495e25
-6.301442959588237e25
-6.098102601497761e25
-5.881961533660111e25
-5.653031764035281e25
-5.4113327802378145e25
-5.15689155975014e25
-4.889742575813229e25
-4.6099277989861155e25
-4.3174966943607205e25
-4.012506214427031e25
-3.695020787579724e25
-3.3651123022680596e25
-3.022860086786946e25
-2.668350884709308e25
-2.301678825969297e25
-1.9229453936001292e25
-1.5322593861394732e25
-1.1297368757107722e25
-7.155011618006826e24
-2.8968272074798555e24
1.4758084903853722e24
5.961448861052074e24
1.0558577292007678e25
1.5265607847148544e25
2.0080885982821297e25
2.5002689305137313e25
3.002922836823548e25
3.515864751314633e25
4.038902574679882e25
4.571837766079259e25
5.114465438945305e25
5.66657446067484e25
6.227947556150598e25
6.7983614150464505e25
7.3775868028578285e25
7.965388675606617e25
8.561526298155086e25
9.165753366071195e25
9.777818130985376e25
1.0397463529366875e26
1.1024427314657946e26
1.1658442192692122e26
1.2299235960331223e26
1.294653164724022e26
1.3600047660728315e26
1.4259497933581618e26
1.492459207480177e26
1.5595035523174935e26
1.6270529703583738e26
1.6950772185983925e26
1.7635456846951686e26
1.832427403371731e26
1.9016910730598994e26
1.9713050727738055e26
2.0412374792049234e26
2.11145608402869e26
2.181928411413828e26
2.252621735723831e26
2.3235030994014566e26
2.3945393310257555e26
2.4656970635322673e26
2.5369427525853244e26
2.608242695092641e26
2.679563047852083e26
2.7508698463193647e26
2.8221290234867397e26
2.8933064288615185e26
2.96436784753432e26
3.035279019325434e26
