2.8417331249999983e-13
2.840076507421596e11
4.536108319854287e12
2.2896512757385297e13
7.20656517533003e13
1.750047779364319e14
3.605177587215354e14
6.627150089725475e14
1.1203607803833524e15
1.7761052910756388e15
2.6756034430519665e15
3.8665221364994025e15
5.397438448096892e15
7.31663119502431e15
9.670768656893806e15
1.2503495473921048e16
1.585392198092733e16
1.975501947282216e16
2.423192512767506e16
2.930016053796782e16
3.4963768018755796e16
4.121336907289758e16
4.80241495978849e16
5.535377661577753e16
6.3140251496986904e16
7.129970482983674e16
7.972413826064677e16
8.82791187932368e16
9.68014311919436e16
1.0509669427820742e17
1.1293694704725162e17
1.2005821065809883e17
1.2615803246690224e17
1.3089301838009099e17
1.3387635989993186e17
1.3467536232059323e17
1.3280898060747517e17
1.277453695562864e17
1.1889945488093734e17
1.0563053192065048e17
8.723989868664414e16
6.2968529987198664e16
3.199479937681235e16
-6.567744329630888e15
-5.3672539253221976e16
-1.103421046617136e17
-1.7767006053832285e17
-2.5682306590425702e17
-3.4904266935415034e17
-4.556470653389534e17
-5.780327498178574e17
-7.176760689995848e17
-8.76134655003658e17
-1.0550487423940957e18
-1.2561423596711578e18
-1.4812243899512074e18
-1.7321894952203924e18
-2.0110188987143785e18
-2.319781020153666e18
-2.6606319587521167e18
-3.035815819114523e18
-3.447664875347736e18
-3.898599568928273e18
-4.39112833609762e18
-4.927847260793912e18
-5.511439549375692e18
-6.144674823648824e18
-6.830408228972022e18
-7.571579354488804e18
-8.371210962813892e18
-9.23240752679004e18
-1.0158353571226241e19
-1.1152311817829999e19
-1.2217621131854782e19
-1.335769426929764e19
-1.4576015423802415e19
-1.5876137572748245e19
-1.726167962233369e19
-1.8736323351800107e19
-2.030381015727664e19
-2.1967937596069966e19
-2.373255573256666e19
-2.5601563287262675e19
-2.757890359078329e19
-2.9668560345107235e19
-3.187455319455994e19
-3.420093310949253e19
-3.6651777585915585e19
-3.923118566470726e19
-4.194327277436633e19
-4.4792165401629114e19
-4.778199559461653e19
-5.091689530352085e19
-5.42009905641841e19
-5.7638395530256245e19
-6.123320635995628e19
-6.498949496378656e19
-6.8911302619875434e19
-7.300263346394135e19
-7.726744786118248e19
-8.170965566770202e19
-8.63331093893768e19
-9.114159724636761e19
-9.6138836151751e19
-1.013284646130263e20
-1.067140355655166e20
-1.1229900914693535e20
-1.1808674542263635e20
-1.2408049707129899e20
-1.3028340204102287e20
-1.3669847618601755e20
-1.4332860589427496e20
-1.5017654071679585e20
-1.5724488600912193e20
-1.6453609559608004e20
-1.7205246447080168e20
-1.7979612153920743e20
-1.8776902242127246e20
-1.9597294232049195e20
-2.0440946897305793e20
-2.130799956883339e20
-2.2198571449227575e20
-2.3112760938549104e20
-2.405064497276572e20
-2.501227837600362e20
-2.5997693227781285e20
-2.70068982463969e20
-2.803987818963695e20
-2.9096593273967575e20
-3.017697861336382e20
-3.1280943678923e20
-3.240837178039726e20
-3.355911957076899e20
-3.4733016574978104e20
-3.5929864743894594e20
-3.714943803461216e20
-3.839148201811972e20
-3.965571351538596e20
-4.0941820262870116e20
-4.224946060844675e20
-4.357826323870668e20
-4.492782693856803e20
-4.62977203841017e20
-4.7687481969444055e20
-4.909661966863674e20
-5.0524610933198625e20
-5.1970902626199e20
-5.3434910993562835e20
-5.491602167329892e20
-5.6413589743302004e20
-5.7926939808336105e20
-5.945536612676271e20
-6.099813277753197e20
-6.255447386790859e20
-6.41235937823539e20
-6.570466747293938e20
-6.729684079161204e20
-6.889923086458301e20
-7.051092650905571e20
-7.213098869245597e20
-7.375845103427112e20
-7.539232035054756e20
-7.703157724103998e20
-7.867517671894635e20
-8.032204888310207e20
-8.197109963244993e20
-8.36212114225372e20
-8.52712440637336e20
-8.692003556079879e20
-8.856640299336727e20
-9.020914343685375e20
-9.184703492322051e20
-9.347883744098157e20
-9.510329397375718e20
-9.671913157662603e20
-9.832506248945837e20
-9.991978528634933e20
-1.0150198606020643e21
-1.0307033964148265e21
-1.0462351084997921e21
-1.0616015577858281e21
-1.0767892310773385e21
-1.091784554493634e21
-1.1065739071897126e21
-1.1211436353445718e21
-1.1354800664025574e21
-1.149569523552649e21
-1.1633983404299898e21
-1.1769528760233823e21
-1.1902195297718934e21
-1.2031847568331545e21
-1.215835083505385e21
-1.2281571227846252e21
-1.2401375900381558e21
-1.2517633187745418e21
-1.2630212764902708e21
-1.2738985805724592e21
-1.2843825142366378e21
-1.294460542478186e21
-1.3041203280155642e21
-1.3133497472030666e21
-1.3221369058904428e21
-1.3304701552063726e21
-1.3383381072424101e21
-1.3457296506137278e21
-1.3526339658726357e21
-1.3590405407506385e21
-1.3649391852044697e21
-1.3703200462413774e21
-1.3751736224986882e21
-1.3794907785525112e21
-1.3832627589303165e21
-1.386481201801943e21
-1.3891381523235707e21
-1.3912260756090444e21
-1.392737869302972e21
-1.3936668757299445e21
-1.394006893594304e21
-1.3937521892048773e21
-1.3928975071992372e21
-1.3914380807421045e21
-1.3893696411726905e21
-1.3866884270759302e21
-1.383391192752777e21
-1.379475216064947e21
-1.374938305629812e21
-1.36977880734138e21
-1.3639956101937202e21
-1.357588151383463e21
-1.3505564206685083e21
-1.3429009639604035e21
-1.3346228861284327e21
-1.3257238529938492e21
-1.3162060924933038e21
-1.3060723949910219e21
-1.295326112719949e21
-1.2839711583326403e21
-1.272012002543383e21
-1.259453670843748e21
-1.2463017392744193e21
-1.2325623292370247e21
-1.2182421013303557e21
-1.203348248196297e21
-1.1878884863615634e21
-1.1718710470622582e21
-1.1553046660391646e21
-1.138198572292649e21
-1.120562475786973e21
-1.1024065540948694e21
-1.0837414379742132e21
-1.0645781958697033e21
-1.0449283173335124e21
-1.0248036953600235e21
-1.0042166076308129e21
-9.831796966672936e20
-9.61705948889495e20
-9.398086725807596e20
-9.175014747592597e20
-8.947982369585491e20
-8.717130899205569e20
-8.482603872057585e20
-8.244546777265119e20
-8.003106772108761e20
-7.758432386055374e20
-7.510673214278131e20
-7.259979600780524e20
-7.006502311250978e20
-6.750392195788696e20
-6.491799841654882e20
-6.230875216217476e20
-5.967767300271439e20
-5.702623711930787e20
-5.43559032130216e20
-5.16681085616446e20
-4.896426498892245e20
-4.624575474875682e20
-4.351392632702848e20
-4.077009016385076e20
-3.801551429919391e20
-3.525141994496286e20
-3.247897698674918e20
-2.9699299418614504e20
-2.6913440714398407e20
-2.4122389139182086e20
-2.132706300466869e20
-1.852830587237807e20
-1.5726881708679378e20
-1.292346999581969e20
-1.0118660803228087e20
-7.312949823503047e19
-4.506733377613778e19
-1.7003033939631407e19
1.1061576339201196e19
3.9125817061759386e19
6.719020386902409e19
9.52564988083625e19
1.2332776111214887e20
1.5140839793509086e20
1.795042149961644e20
2.0762246707008032e20
2.357719082723355e20
2.639628420809615e20
2.9220717103732464e20
3.205184460674535e20
3.4891191536468125e20
3.774045727736596e20
4.060152056151397e20
4.347644418902858e20
4.636747968027749e20
4.927707185363439e20
5.22078633225055e20
5.51626989053083e20
5.814462994205041e20
6.115691851112333e20
6.420304153990419e20
6.728669480273531e20
7.041179679984234e20
7.358249251073971e20
7.680315701567436e20
8.007839897866003e20
8.341306398566703e20
8.681223773154808e20
9.028124904930245e20
9.382567277531494e20
9.745133244423288e20
1.0116430280719873e21
1.0497091216719167e21
1.0887774452529708e21
1.1289164153177894e21
1.1701970423590169e21
1.2126929462852049e21
1.256480369715444e21
1.301638189084626e21
1.348247923502216e21
1.3963937413084036e21
1.4461624642726456e21
1.4976435693807254e21
1.5509291881576732e21
1.6061141034752614e21
1.6632957437940238e21
1.722574174791323e21
1.784052088328324e21
1.8478347887104775e21
1.914030176197517e21
1.9827487277209504e21
2.054103474768438e21
2.1282099783966594e21
2.205186301335746e21
2.285152977150729e21
2.368232976427024e21
2.454551669949476e21
2.5442367888461985e21
2.6374183816710466e21
2.734228768400408e21
2.834802491322665e21
2.9392762628006803e21
3.047788909890509e21
3.160481315801436e21
3.2774963581856336e21
3.3989788442475857e21
3.5250754426667176e21
3.655934612328721e21
3.7917065278643666e21
3.9325430019966983e21
4.0785974047009874e21
4.230024579183997e21
4.3869807546925433e21
4.549623456163798e21
4.7181114107330193e21
4.892604451117199e21
5.073263415896243e21
5.260250046716115e21
5.453726882441776e21
5.65385715029042e21
5.860804653978909e21
6.074733658922375e21
6.295808774523838e21
6.524194833598281e21
6.760056768977275e21
7.003559487343923e21
7.254867740350455e21
7.514145993074768e21
7.781558289874442e21
8.057268117700849e21
8.341438266938407e21
8.634230689837683e21
8.93580635661387e21
9.246325109285588e21
9.565945513331695e21
9.89482470724744e21
1.0233118250083652e22
1.0580979967056572e22
1.0938561793318002e22
1.1306013615979412e22
1.1683483114485729e22
1.2071115599438194e22
1.2469053849967956e22
1.2877437949765434e22
1.3296405121872796e22
1.3726089562350139e22
1.4166622272928145e22
1.4618130892763238e22
1.508073952941313e22
1.555456858915396e22
1.6039734606761946e22
1.6536350074885626e22
1.7044523273136307e22
1.7564358097027335e22
1.8095953886894526e22
1.8639405256932416e22
1.91948019244828e22
1.976222853971449e22
2.0341764515834374e22
2.0933483859972427e22
2.153745500488406e22
2.215374064161609e22
2.278239755328269e22
2.3423476450100175e22
2.4077021805830373e22
2.474307169578338e22
2.5421657636532e22
2.6112804427490755e22
2.681652999451378e22
2.7532845235665818e22
2.8261753869322376e22
2.9003252284754466e22
2.975732939535481e22
3.0523966494661864e22
3.130313711533883e22
3.209480689126455e22
3.2898933422893465e22
3.3715466146040955e22
3.4544346204251175e22
3.538550632490284e22
3.623887069920915e22
3.7104354866265837e22
3.798186560130225e22
3.887130080828775e22
3.97725494170462e22
4.068549128502836e22
4.160999710389261e22
4.25459283110411e22
4.3493137006258435e22
4.44514658735964e22
4.5420748108648954e22
4.64008073513561e22
4.739145762447744e22
4.8392503277869265e22
4.940373893870102e22
5.042494946774046e22
5.145590992183775e22
5.249638552273233e22
5.35461316323068e22
5.460489373440594e22
5.567240742333865e22
5.6748398399174e22
5.783258246994233e22
5.8924665560845984e22
6.002434373058267e22
6.113130319487859e22
6.224522035732596e22
6.336576184761493e22
6.449258456724483e22
6.5625335742797305e22
6.676365298684641e22
6.7907164366579396e22
6.905548848019442e22
7.020823454113855e22
7.1365002470242875e22
7.252538299580791e22
7.368895776168608e22
7.485529944340411e22
7.602397187236083e22
7.719453016813302e22
7.836652087891347e22
7.953948213010287e22
8.071294378106834e22
8.188642759007798e22
8.305944738741352e22
8.423150925665818e22
8.540211172414925e22
8.657074595658122e22
8.773689596673622e22
8.890003882731509e22
9.005964489283358e22
9.121517802954384e22
9.23660958533339e22
9.351184997555139e22
9.465188625669192e22
9.578564506788536e22
9.691256156010671e22
9.803206594103268e22
9.914358375945708e22
1.0024653619717235e23
1.0134034036821775e23
1.0242440962538877e23
1.0349815387389343e23
1.0456097989203822e23
1.0561229165881592e23
1.0665149068826389e23
1.0767797637045282e23
1.0869114631896114e23
1.0969039672468165e23
1.1067512271580304e23
1.1164471872379957e23
1.1259857885525857e23
1.1353609726936657e23
1.144566685608712e23
1.1535968814832637e23
1.1624455266742606e23
1.1711066036922202e23
1.1795741152301757e23
1.1878420882372255e23
1.1959045780344794e23
1.2037556724711453e23
1.2113894961184323e23
1.2188002144988847e23
1.2259820383487253e23
1.23292922791072e23
1.2396360972550183e23
1.2460970186253889e23
1.2523064268082075e23
1.2582588235215079e23
1.2639487818213692e23
1.2693709505228481e23
1.2745200586326388e23
1.2793909197905995e23
1.2839784367172195e23
1.2882776056641042e23
1.2922835208644683e23
1.2959913789806379e23
1.2993964835454942e23
1.302494249394776e23
1.305280207087122e23
1.307750007308704e23
1.309899425259293e23
1.3117243650165379e23
1.3132208638752531e23
1.3143850966584758e23
1.3152133799970174e23
1.3157021765742566e23
1.315848099332869e23
1.3156479156401944e23
1.3150985514089384e23
1.3141970951698831e23
1.3129408020932862e23
1.3113270979556407e23
1.3093535830484713e23
1.3070180360258415e23
1.3043184176872567e23
1.3012528746926335e23
1.2978197432060513e23
1.2940175524649821e23
1.2898450282717239e23
1.2853010964037706e23
1.2803848859398815e23
1.2750957324986314e23
1.2694331813862348e23
1.2633969906504832e23
1.2569871340376502e23
1.2502038038492534e23
1.2430474136956122e23
1.2355186011431354e23
1.22761823025237e23
1.2193473940038387e23
1.2107074166087602e23
1.2016998557017745e23
1.1923265044128789e23
1.1825893933157955e23
1.1724907922500661e23
1.1620332120142313e23
1.151219405927474e23
1.14005237125724e23
1.12853535051033e23
1.116671832585097e23
1.1044655537823815e23
1.0919204986729726e23
1.0790409008193697e23
1.0658312433497713e23
1.0522962593822199e23
1.0384409322970079e23
1.0242704958554293e23
1.009790434163133e23
9.950064814763516e22
9.799246218494379e22
9.645510886221635e22
9.488923637453886e22
9.329551769437452e22
9.167465047141467e22
9.002735691589618e22
8.835438366528488e22
8.665650163423073e22
8.493450584771437e22
8.31892152573123e22
8.142147254052098e22
7.963214388308955e22
7.78221187443214e22
7.599230960531927e22
7.4143651700155185e22
7.227710272996285e22
7.0393642559955085e22
6.849427289938993e22
6.658001696451061e22
6.465191912450536e22
6.271104453053614e22
6.075847872790759e22
5.879532725144936e22
5.682271520420576e22
5.4841786819530726e22
5.285370500670721e22
5.085965088021427e22
4.886082327278374e22
4.685843823239433e22
4.485372850337139e22
4.2847942991765024e22
4.08423462151977e22
3.883821773737918e22
3.6836851587505604e22
3.4839555664765377e22
3.2847651128192063e22
3.0862471772110923e22
2.888536338744537e22
2.691768310915448e22
2.496079875008909e22
2.3016088121564975e22
2.1084938340961293e22
1.9168745126668716e22
1.726891208071844e22
1.538684995943859e22
1.352397593249182e22
1.1681712830664734e22
9.86148838278501e21
8.064734442157752e21
6.292886202918518e21
4.5473814067171e21
2.829659540150605e21
1.1411610233791316e21
-5.166736096371975e20
-2.14240453882567e21
-3.7345934931544255e21
-5.291804592780574e21
-6.812605197715744e21
-8.295566762518837e21
-9.739265696520997e21
-1.1142284229077287e22
-1.2503211279333563e22
-1.3820643329985724e22
-1.5093185304504929e22
-1.6319451447293209e22
-1.7498066206226263e22
-1.8627665117037065e22
-1.97068956889823e22
-2.073441829123347e22
-2.170890703942354e22
-2.262905068178115e22
-2.3493553484271215e22
-2.430113611416474e22
-2.505053652144935e22
-2.5740510817494753e22
-2.6369834150376744e22
-2.693730157626734e22
-2.744172892629016e22
-2.7881953668242822e22
-2.82568357625812e22
-2.8565258512063915e22
-2.880612940444922e22
-2.8978380947641678e22
-2.9080971496679165e22
-2.9112886071956404e22
-2.907313716807811e22
-2.896076555273838e22
-2.8774841055022647e22
-2.8514463342530465e22
-2.8178762686719865e22
-2.7766900715878934e22
-2.727807115512838e22
-2.6711500552867347e22
-2.6066448993075335e22
-2.5342210792890665e22
-2.453811518488729e22
-2.3653526983479558e22
-2.2687847234888006e22
-2.164051385011078e22
-2.0511002220342976e22
-1.929882581430184e22
-1.8003536756917188e22
-1.6624726388860174e22
-1.5162025806384654e22
-1.361510638097054e22
-1.1983680258263354e22
-1.0267500835819192e22
-8.466363219166185e21
-6.580104655712561e21
-4.608604946034774e21
-2.55178683210004e21
-4.096163619756929e20
1.817896769395601e21
4.1306989037756487e21
6.528692127961482e21
9.011734007263015e21
1.157963734449805e22
1.423216996486992e22
1.6969054527068907e22
1.978996836093708e22
2.2694543332008138e22
2.568236573322801e22
2.8752976204135785e22
3.1905869677783643e22
3.5140495355641065e22
3.8456256710726686e22
4.185251151917914e22
4.532857192047825e22
4.888370450649456e22
5.2517130439538275e22
5.622802559954961e22
6.001552076056892e22
6.3878701796594515e22
6.781660991691554e22
7.182824193100286e22
7.591255054300442e22
8.006844467588523e22
8.42947898252197e22
8.85904084426398e22
9.295408034890759e22
9.738454317657165e22
1.0188049284213507e23
1.0644058404765822e23
1.1106343081168132e23
1.1574760702934673e23
1.2049164706156513e23
1.2529404635306497e23
1.3015326207913047e23
1.350677138208205e23
1.4003578426843279e23
1.4505581995296756e23
1.5012613200531097e23
1.552449969428512e23
1.6041065748320188e23
1.656213233847091e23
1.708751723133762e23
1.7617035073583524e23
1.815049748379595e23
1.868771314687084e23
1.922848791087581e23
1.9772624886346423e23
2.031992454796707e23
2.087018483858747e23
2.1423201275522044e23
2.1978767059079193e23
2.253667318326345e23
2.3096708548594383e23
2.365866007698142e23
2.4222312828593962e23
2.4787450120662752e23
2.5353853648148392e23
2.592130360620926e23
2.6489578814401014e23
2.7058456842536478e23
2.7627714138134882e23
2.8197126155386495e23
2.8766467485556807e23
2.933551198875456e23
2.9904032926984576e23
3.047180309840593e23
3.103859497271378e23
3.160418082756301e23
3.216833288594894e23
3.273082345446047e23
3.329142506231836e23
3.38499106011118e23
3.440605346514373e23
3.49596276922953e23
3.551040810531787e23
3.6058170453461376e23
3.660269155434526e23
3.714374943597873e23
3.768112347883495e23
3.821459455788462e23
3.8743945184491734e23
3.926895964807594e23
3.9789424157442536e23
4.030512698168368e23
4.0815858590551547e23
4.1321411794204946e23
4.182158188222987e23
4.23161667618353e23
4.2804967095123994e23
4.328778643533914e23
4.3764431361986107e23
4.423471161473075e23
4.46984402259735e23
4.515543365200039e23
4.560551190261086e23
4.604849866912387e23
4.64842214506634e23
4.6912511678624884e23
4.733320483922452e23
4.774614059403464e23
4.815116289840818e23
4.8548120117696245e23
4.8936865141163584e23
4.9317255493507654e23
4.9689153443888155e23
5.00524261123738e23
5.04069455737157e23
5.075258895835677e23
5.108923855058821e23
5.141678188376481e23
5.173511183249333e23
5.204412670170864e23
5.234373031255371e23
5.2633832084981815e23
5.291434711700054e23
5.3185196260478795e23
5.344630619343985e23
5.369760948876521e23
5.393904467923624e23
5.4170556318842305e23
5.4392095040285643e23
5.4603617608616255e23
5.48050869709318e23
5.499647230207902e23
5.5177749046296995e23
5.534889895474286e23
5.550991011884501e23
5.5660776999429946e23
5.580150045157203e23
5.593208774511672e23
5.6052552580833256e23
5.6162915102151936e23
5.626320190244655e23
5.635344602782372e23
5.6433686975384384e23
5.6503970686925496e23
5.656434953805295e23
5.661488232267818e23
5.6655634232877424e23
5.6686676834091025e23
5.67080880356476e23
5.6719952056597216e23
5.6722359386843815e23
5.671540674356841e23
5.6699197022938914e23
5.667383924710396e23
5.663944850647437e23
5.6596145897295524e23
5.654405845452008e23
5.648331907999211e23
5.641406646595792e23
5.6336445013921766e23
5.625060474886788e23
5.615670122887444e23
5.6054895450146763e23
5.59453537475029e23
5.582824769034554e23
5.5703753974159594e23
5.5572054307576814e23
5.543333529505319e23
5.528778831520755e23
5.513560939487376e23
5.497699907892123e23
5.4812162295903554e23
5.4641308219596706e23
5.446465012649233e23
5.4282405249315216e23
5.409479462663667e23
5.390204294865922e23
5.3704378399251724e23
5.35020324943152e23
5.3295239916566344e23
5.308423834682514e23
5.286926829189872e23
5.265057290915533e23
5.2428397827885945e23
5.220299096755361e23
5.1974602353034314e23
5.174348392695441e23
5.1509889359234993e23
5.127407385395414e23
5.103629395364183e23
5.079680734112455e23
5.055587263904005e23
5.0313749207143896e23
5.007069693753345e23
4.982697604791644e23
4.958284687305331e23
4.933856965450666e23
4.909440432883077e23
4.8850610314338653e23
4.860744629658443e23
4.8365170012702215e23
4.81240380347435e23
4.788430555215772e23
4.764622615356171e23
4.7410051607946107e23
4.717603164546811e23
4.694441373798103e23
4.671544287945334e23
4.648936136643057e23
4.626640857869489e23
4.604682076027831e23
4.5830830800986404e23
4.561866801859069e23
4.541055794184814e23
4.5206722094507225e23
4.5007377780461086e23
4.4812737870207804e23
4.4623010588779276e23
4.4438399305299845e23
4.4259102324336577e23
4.408531267920222e23
4.3917217927373245e23
4.375499994818412e23
4.359883474295934e23
4.344889223774399e23
4.330533608879369e23
4.316832349098357e23
4.3038004989296244e23
4.291452429354623e23
4.279801809649982e23
4.268861589554577e23
4.258643981807332e23
4.249160445071122e23
4.240421667258077e23
4.232437549271447e23
4.225217189179035e23
4.2187688668329544e23
4.2131000289503955e23
4.208217274669865e23
4.2041263415970784e23
4.200832092354582e23
4.19833850164889e23
4.1966486438687245e23
4.195764681227621e23
4.1956878524640384e23
4.196418462111681e23
4.197955870352618e23
4.2002984834653745e23
4.203443744879912e23
4.2073881268511274e23
4.2121271227621525e23
4.217655240068389e23
4.223965993892895e23
4.2310519012833896e23
4.2389044761407935e23
4.247514224828766e23
4.2568706424734625e23
4.266962209962202e23
4.277776391649472e23
4.28929963377814e23
4.3015173636234694e23
4.3144139893670305e23
4.327972900707182e23
4.342176470212357e23
4.3570060554229464e23
4.372442001707117e23
4.388463645875454e23
4.4050493205587775e23
4.4221763593531375e23
4.4398211027353234e23
4.457958904751991e23
4.4765641404847255e23
4.4956102142930666e23
4.5150695688369514e23
4.5349136948795345e23
4.555113141870756e23
4.57563752931163e23
4.596455558898579e23
4.617535027446778e23
4.638842840590701e23
4.660345027259744e23
4.682006754926212e23
4.7037923456222933e23
4.7256652927222844e23
4.747588278485649e23
4.769523192356026e23
4.791431150010747e23
4.8132725131548055e23
4.8350069100527645e23
4.8565932567915446e23
4.877989779266372e23
4.899154035881767e23
4.9200429409587754e23
4.940612788839298e23
4.9608192786774795e23
4.9806175399080846e23
4.999962158380683e23
5.018807203148467e23
5.037106253899572e23
5.0548124290185045e23
5.071878414264634e23
5.08825649205429e23
5.103898571332313e23
5.118756218018662e23
5.132780686014863e23
5.1459229487549465e23
5.158133731284659e23
5.169363542852556e23
5.179562709995887e23
5.188681410103946e23
5.196669705440761e23
5.2034775776089646e23
5.2090549624358e23
5.213351785262226e23
5.216317996615225e23
5.217903608243356e23
5.218058729494938e23
5.216733604018058e23
5.2138786467610064e23
5.2094444812514835e23
5.2033819771325824e23
5.1956422879331684e23
5.186176889049798e23
5.174937615917213e23
5.161876702344083e23
5.146946818990133e23
5.130101111960853e23
5.11129324149537e23
5.090477420723196e23
5.0676084544647956e23
5.042641778051177e23
5.01553349613715e23
4.986240421482966e23
4.954720113678506e23
4.9209309177843783e23
4.884832002863839e23
4.846383400379551e23
4.805546042428801e23
4.7622817997908166e23
4.71655351975993e23
4.668325063737731e23
4.617561344557851e23
4.564228363516548e23
4.5082932470826126e23
4.4497242832596257e23
4.388490957574089e23
4.324563988662566e23
4.257915363431401e23
4.188518371762187e23
4.11634764073662e23
4.0413791683541866e23
3.9635903567165685e23
3.8829600446522694e23
3.799468539755653e23
3.7130976498142925e23
3.6238307135991766e23
3.5316526309919264e23
3.436549892423952e23
3.338510607602304e23
3.237524533497625e23
3.133583101569315e23
3.0266794442039217e23
2.9168084203425336e23
2.8039666402738494e23
2.6881524895692118e23
2.5693661521369673e23
2.4476096323733194e23
2.322886776387794e23
2.1952032922811616e23
2.0645667694546207e23
1.930986696929506e23
1.7944744806566695e23
1.6550434597958776e23
1.5127089219454686e23
1.3674881173035927e23
1.2194002717422168e23
1.068466598776199e23
9.147103104098968e22
7.58156626844773e22
5.988327850313877e22
4.367680460505082e22
2.719937013079991e22
1.0454307752954735e22
-6.554845945901307e21
-2.382435021784877e22
-4.135026001829177e22
-5.9128425999734715e22
-7.715449463182745e22
-9.542390844867101e22
-1.1393190642438401e23
-1.3267352447776916e23
-1.5164359610694884e23
-1.708367531546717e23
-1.9024742670497945e23
-2.098698481117863e23
-2.2969805015992323e23
-2.4972586835904355e23
-2.6994694237076053e23
-2.9035471756926212e23
-3.109424467356214e23
-3.317031918858836e23
-3.526298262329766e23
-3.7371503628234526e23
-3.9495132406121835e23
-4.1633100948123536e23
-4.378462328341513e23
-4.594889574201856e23
-4.812509723085717e23
-5.0312389522970406e23
-5.2509917559825134e23
-5.4716809766645624e23
-5.693217838068355e23
-5.9155119792334515e23
-6.138471489899765e23
-6.362002947157538e23
-6.586011453349003e23
-6.810400675209502e23
-7.035072884234111e23
-7.259928998255913e23
-7.484868624220277e23
-7.709790102139357e23
-7.934590550209539e23
-8.1591659110744e23
-8.383410999214346e23
-8.607219549443573e23
-8.830484266493784e23
-9.053096875663969e23
-9.27494817451393e23
-9.495928085579107e23
-9.715925710082747e23
-9.934829382621524e23
-1.0152526726799184e24
-1.0368904711782529e24
-1.0583849709752723e24
-1.0797247554224967e24
-1.1008983599208029e24
-1.1218942779175075e24
-1.1427009669815761e24
-1.1633068549539778e24
-1.1837003461700554e24
-1.203869827750771e24
-1.22380367595956e24
-1.2434902626215412e24
-1.262917961601695e24
-1.2820751553386177e24
-1.3009502414303364e24
-1.3195316392686943e24
-1.3378077967186886e24
-1.3557671968391283e24
-1.3733983646408976e24
-1.3906898738791115e24
-1.4076303538753397e24
-1.424208496366083e24
-1.4404130623735877e24
-1.4562328890951034e24
-1.471656896806624e24
-1.486674095777047e24
-1.5012735931888062e24
-1.5154446000608312e24
-1.5291764381697775e24
-1.5424585469653605e24
-1.5552804904756752e24
-1.5676319641982958e24
-1.5795028019729756e24
-1.590882982831685e24
-1.601762637821819e24
-1.61213205679826e24
-1.621981695180086e24
-1.6313021806676054e24
-1.640084319915495e24
-1.6483191051577152e24
-1.6559977207799695e24
-1.6631115498353767e24
-1.669652180499124e24
-1.675611412457827e24
-1.6809812632293222e24
-1.6857539744086614e24
-1.689922017836075e24
-1.6934781016826984e24
-1.6964151764498612e24
-1.698726440877779e24
-1.7004053477594937e24
-1.701445609655965e24
-1.7018412045082355e24
-1.7015863811425813e24
-1.700675664664699e24
-1.6991038617389028e24
-1.6968660657484365e24
-1.6939576618330065e24
-1.690374331799683e24
-1.686112058903414e24
-1.681167132493404e24
-1.675536152521661e24
-1.6692160339101242e24
-1.662204010772797e24
-1.6544976404893897e24
-1.6460948076270387e24
-1.6369937277067642e24
-1.6271929508113324e24
-1.616691365031352e24
-1.6054881997464364e24
-1.5935830287383774e24
-1.5809757731333417e24
-1.567666704170204e24
-1.5536564457921808e24
-1.5389459770590837e24
-1.5235366343774723e24
-1.507430113546265e24
-1.4906284716152778e24
-1.4731341285543736e24
-1.4549498687309558e24
-1.436078842193652e24
-1.416524565760128e24
-1.396290923907113e24
-1.3753821694607218e24
-1.3538029240854253e24
-1.3315581785699852e24
-1.30865329290885e24
-1.2850939961776198e24
-1.2608863862012798e24
-1.2360369290140352e24
-1.2105524581097078e24
-1.1844401734817023e24
-1.1577076404518085e24
-1.1303627882870755e24
-1.1024139086042179e24
-1.073869653561088e24
-1.044739033834908e24
-1.0150314163870424e24
-9.847565220142376e23
-9.539244226864273e23
-9.225455386711824e23
-8.906306354452441e23
-8.58190820393486e23
-8.252375392959069e23
-7.917825726033555e23
-7.578380315028119e23
-7.234163537731778e23
-6.885302994327043e23
-6.531929461792003e23
-6.174176846244705e23
-5.812182133244051e23
-5.446085336063584e23
-5.0760294419555335e23
-4.70216035642403e23
-4.3246268455273466e23
-3.943580476231054e23
-3.5591755548336724e23
-3.1715690634901683e23
-2.780920594857412e23
-2.3873922848886782e23
-1.9911487438046806e23
-1.5923569852702796e23
-1.1911863538071015e23
-7.87808450473474e22
-3.823970568447802e22
2.487194267282477e21
4.338206401589373e22
8.442691850902928e22
1.2560358668092675e23
1.6689371985108973e23
2.0827880027086914e23
2.4974014981384456e23
2.912589388057748e23
3.32816194989913e23
3.743928126231463e23
4.1596956169854654e23
4.5752709728968344e23
4.990459690119914e23
5.40506630596384e23
5.8188944957021497e23
6.231747170405561e23
6.643426575748011e23
7.053734391732961e23
7.462471833288311e23
7.869439751676248e23
8.274438736663835e23
8.677269219399464e23
9.077731575939455e23
9.475626231368564e23
9.87075376445692e23
1.0262915012796689e24
1.0651911178358939e24
1.103754393341269e24
1.1419615526746502e24
1.1797928890132618e24
1.217228774497332e24
1.254249670906871e24
1.2908361403444255e24
1.3269688559177458e24
1.3626286124160383e24
1.3977963369736718e24
1.432453099715045e24
1.4665801243743502e24
1.5001587988839233e24
1.5331706859248892e24
1.5655975334337304e24
1.5974212850585438e24
1.6286240905585237e24
1.6591883161404273e24
1.689096554725648e24
1.7183316361415844e24
1.746876637230978e24
1.7747148918729287e24
1.8018300009092943e24
1.828205841970218e24
1.8538265791925836e24
1.8786766728251364e24
1.9027408887141362e24
1.926004307663435e24
1.9484523346628466e24
1.970070707978803e24
1.99084550810129e24
2.0107631665411296e24
2.029810474471761e24
2.047974591209643e24
2.065243052527583e24
2.0816037787953037e24
2.0970450829416117e24
2.1115556782326825e24
2.125124685860972e24
2.137741642339422e24
2.1493965066956987e24
2.1600796674612156e24
2.1697819494499315e24
2.1784946203219089e24
2.1862093969267275e24
2.1929184514220057e24
2.1986144171623707e24
2.2032903943542878e24
2.20693995547233e24
2.2095571504326084e24
2.2111365115191138e24
2.211673058058938e24
2.211162300842437e24
2.2096002462845135e24
2.2069834003233985e24
2.203308772053347e24
2.1985738770878988e24
2.1927767406504479e24
2.185915900389058e24
2.177990408912518e24
2.168999836044914e24
2.1589442707960222e24
2.1478243230451142e24
2.1356411249357626e24
2.1223963319795883e24
2.1080921238668863e24
2.0927312049823286e24
2.076316804624091e24
2.0588526769249058e24
2.0403431004737346e24
2.0207928776369077e24
2.0002073335777402e24
1.9785923149739402e24
1.9559541884320228e24
1.9322998385984553e24
1.907636665967189e24
1.8819725843835436e24
1.8553160182445498e24
1.8276758993960437e24
1.799061663726953e24
1.769483247461567e24
1.738951083150457e24
1.7074760953612286e24
1.6750696960702585e24
1.641743779756846e24
1.607510718201384e24
1.572383354989251e24
1.5363749997225786e24
1.4994994219418079e24
1.4617708447595494e24
1.4232039382092077e24
1.3838138123110772e24
1.3436160098588193e24
1.302626498929401e24
1.260861665119674e24
1.2183383035132298e24
1.1750736103808929e24
1.1310851746188437e24
1.0863909689282648e24
1.0410093407406767e24
9.94959002893288e23
9.482590240588643e23
9.009288189347124e23
8.529881381958068e23
8.044570582167904e23
7.553559705682274e23
7.057055712923419e23
6.55526849963747e23
6.048410785408049e23
5.536698000134343e23
5.0203481685321764e23
4.499581792721218e23
3.9746217329579724e23
3.445693086580292e23
2.9130230652280843e23
2.3768408704066272e23
1.8373775674606378e23
1.2948659580282683e23
7.4954045104463205e22
2.016369323687794e22
-3.4860736689607736e22
-9.009540033128894e22
-1.4551634551775338e23
-2.0109952576653713e23
-2.5682081389812573e23
-3.1265601574337974e23
-3.6858088393563747e23
-4.24571131779253e23
-4.806024471867886e23
-5.366505066765009e23
-5.926909894219393e23
-6.48699591345394e23
-7.046520392467516e23
-7.60524104959481e23
-8.162916195249788e23
-8.719304873770878e23
-9.274167005279563e23
-9.827263527467166e23
-1.0378356537222997e24
-1.0927209432017066e24
-1.147358705095004e24
-1.2017255815383947e24
-1.2557983869064032e24
-1.3095541217646868e24
-1.3629699867545208e24
-1.4160233964002617e24
-1.4686919928310125e24
-1.5209536594077695e24
-1.5727865342472792e24
-1.624169023634021e24
-1.6750798153113804e24
-1.7254978916437036e24
-1.7754025426403786e24
-1.8247733788334856e24
-1.8735903440004906e24
-1.921833727723536e24
-1.9694841777769007e24
-2.0165227123344203e24
-2.0629307319883647e24
-2.1086900315719096e24
-2.153782811776886e24
-2.198191690558885e24
-2.2418997143217865e24
-2.2848903688739102e24
-2.3271475901480754e24
-2.3686557746780092e24
-2.409399789823476e24
-2.4493649837369834e24
-2.4885371950646515e24
-2.52690276237421e24
-2.5644485333031276e24
-2.6011618734200297e24
-2.637030674792814e24
-2.6720433642567003e24
-2.706188911376087e24
-2.7394568360938443e24
-2.7718372160619885e24
-2.803320693647891e24
-2.833898482610279e24
-2.8635623744394495e24
-2.8923047443564603e24
-2.9201185569659007e24
-2.9469973715574996e24
-2.972935347051623e24
-2.997927246584121e24
-3.021968441726117e24
-3.045054916334575e24
-3.067183270029619e24
-3.0883507212949425e24
-3.1085551101975856e24
-3.1277949007239273e24
-3.1460691827286837e24
-3.163377673494054e24
-3.179720718896366e24
-3.1950992941777674e24
-3.2095150043208085e24
-3.222970084023979e24
-3.235467397276352e24
-3.2470104365300764e24
-3.257603321469271e24
-3.2672507973744807e24
-3.275958233081854e24
-3.283731618536636e24
-3.290577561940633e24
-3.296503286493772e24
-3.3015166267298525e24
-3.3056260244472204e24
-3.3088405242348966e24
-3.31116976859536e24
-3.3126239926651817e24
-3.3132140185350306e24
-3.312951249170904e24
-3.3118476619385733e24
-3.309915801733529e24
-3.307168773719096e24
-3.303620235675378e24
-3.2992843899622263e24
-3.2941759750995083e24
-3.288310256968242e24
-3.2817030196364877e24
-3.2743705558139813e24
-3.2663296569399614e24
-3.257597602908689e24
-3.248192151437569e24
-3.238131527082834e24
-3.2274344099082575e24
-3.216119923812367e24
-3.2042076245200055e24
-3.1917174872442257e24
-3.1786698940248865e24
-3.165085620750388e24
-3.1509858238693293e24
-3.136392026798988e24
-3.121326106037905e24
-3.105810276989905e24
-3.089867079507232e24
-3.073519363160566e24
-3.056790272244042e24
-3.039703230523493e24
-3.022281925736372e24
-3.0045502938519306e24
-2.98653250310065e24
-2.968252937781793e24
-2.949736181858393e24
-2.9310070023489983e24
-2.9120903325257887e24
-2.8930112549287705e24
-2.873794984205918e24
-2.8544668497893996e24
-2.8350522784179483e24
-2.8155767765158777e24
-2.7960659124391443e24
-2.776545298599104e24
-2.757040573474718e24
-2.7375773835241085e24
-2.7181813650064223e24
-2.698878125725166e24
-2.679693226704134e24
-2.6606521638073687e24
-2.6417803493144325e24
-2.6231030934625594e24
-2.6046455859672334e24
-2.5864328775328076e24
-2.568489861364901e24
-2.5508412546963497e24
-2.5335115803384275e24
-2.51652514826936e24
-2.4999060372718503e24
-2.4836780766316876e24
-2.467864827909285e24
-2.452489566796161e24
-2.437575265068323e24
-2.4231445726485307e24
-2.4092197997893713e24
-2.395822899389163e24
-2.3829754494525423e24
-2.3706986357076914e24
-2.3590132343920486e24
-2.3479395952183111e24
-2.3374976245325247e24
-2.3277067686759378e24
-2.3185859975623082e24
-2.3101537884821704e24
-2.3024281101456073e24
-2.2954264069748989e24
-2.2891655836583453e24
-2.2836619899764774e24
-2.2789314059117217e24
-2.2749890270525142e24
-2.2718494503026762e24
-2.269526659906777e24
-2.26803401380204e24
-2.267384230307228e24
-2.2675893751587425e24
-2.268660848904076e24
-2.2706093746625146e24
-2.2734449862628557e24
-2.2771770167677407e24
-2.2818140873939336e24
-2.2873640968377779e24
-2.2938342110147953e24
-2.3012308532221813e24
-2.3095596947327928e24
-2.318825645828916e24
-2.3290328472839496e24
-2.3401846622998573e24
-2.3522836689080267e24
-2.3653316528408834e24
-2.3793296008814436e24
-2.3942776946976148e24
-2.4101753051678758e24
-2.4270209872046726e24
-2.444812475081575e24
-2.4635466782699954e24
-2.483219677790915e24
-2.503826723086895e24
-2.5253622294192144e24
-2.547819775794778e24
-2.571192103427096e24
-2.595471114735327e24
-2.620647872885093e24
-2.6467126018744073e24
-2.673654687167776e24
-2.701462676881254e24
-2.7301242835207623e24
-2.7596263862758343e24
-2.789955033870477e24
-2.821095447972578e24
-2.853032027162939e24
-2.8857483514646257e24
-2.919227187433053e24
-2.953450493806906e24
-2.9883994277194223e24
-3.024054351469633e24
-3.0603948398523096e24
-3.0973996880454774e24
-3.135046920053733e24
-3.1733137977051575e24
-3.212176830199774e24
-3.2516117842063654e24
-3.291593694504978e24
-3.3320968751712293e24
-3.3730949312990265e24
-3.414560771257132e24
-3.456466619475372e24
-3.4987840297555416e24
-3.5414838991015746e24
-3.58453648206385e24
-3.627911405591222e24
-3.671577684385043e24
-3.715503736748063e24
-3.759657400921803e24
-3.8040059519046105e24
-3.848516118743239e24
-3.893154102289809e24
-3.93788559341575e24
-3.982675791674555e24
-4.027489424403873e24
-4.072290766258349e24
-4.117043659163034e24
-4.161711532677973e24
-4.206257424763763e24
-4.2506440029372357e24
-4.294833585807144e24
-4.338788164978151e24
-4.382469427312429e24
-4.4258387775366415e24
-4.4688573611830344e24
-4.5114860878518996e24
-4.553685654783508e24
-4.5954165707266034e24
-4.636639180090351e24
-4.677313687367127e24
-4.717400181812066e24
-4.7568586623664323e24
-4.7956490628102885e24
-4.833731277131046e24
-4.871065185093069e24
-4.907610677994223e24
-4.943327684594661e24
-4.978176197202664e24
-5.01211629790313e24
-5.045108184912782e24
-5.077112199047489e24
-5.108088850285475e24
-5.137998844411395e24
-5.166803109725163e24
-5.194462823799503e24
-5.220939440270696e24
-5.246194715645753e24
-5.270190736110476e24
-5.2928899443213e24
-5.314255166165469e24
-5.334249637472082e24
-5.352837030658302e24
-5.369981481293736e24
-5.385647614566353e24
-5.399800571633605e24
-5.412406035841689e24
-5.423430258796607e24
-5.432840086270141e24
-5.440602983924229e24
-5.446687062836838e24
-5.451061104813061e24
-5.453694587464664e24
-5.454557709041406e24
-5.453621412998097e24
-5.450857412280409e24
-5.446238213313819e24
-5.439737139678713e24
-5.431328355456118e24
-5.420986888227777e24
-5.40868865171462e24
-5.394410468038113e24
-5.37813008958856e24
-5.359826220485134e24
-5.339478537612237e24
-5.317067711217067e24
-5.292575425053307e24
-5.265984396056438e24
-5.237278393535937e24
-5.206442257869953e24
-5.173461918688591e24
-5.138324412531476e24
-5.101017899966584e24
-5.061531682156161e24
-5.019856216857263e24
-4.975983133843525e24
-4.929905249735929e24
-4.881616582230077e24
-4.831112363707747e24
-4.7783890542216205e24
-4.7234443538410017e24
-4.6662772143480274e24
-4.6068878502732905e24
-4.545277749260609e24
-4.4814496817508216e24
-4.415407709974783e24
-4.347157196246295e24
-4.27670481054607e24
-4.2040585373878147e24
-4.1292276819584136e24
-4.0522228755243195e24
-3.973056080096602e24
-3.891740592347673e24
-3.80829104677306e24
-3.7227234180917134e24
-3.635055022879606e24
-3.545304520430491e24
-3.453491912839429e24
-3.3596385443042505e24
-3.263767099640944e24
-3.1659016020093475e24
-3.066067409845878e24
-2.964291213000445e24
-2.860601028075708e24
-2.7550261929661334e24
-2.6475973605960803e24
-2.5383464918557136e24
-2.42730684773437e24
-2.3145129806514515e24
-2.2000007249852923e24
-2.083807186800903e24
-1.965970732778422e24
-1.8465309783437e24
-1.72552877500374e24
-1.603006196889902e24
-1.4790065265121108e24
-1.353574239728098e24
-1.2267549899317115e24
-1.0985955914656934e24
-9.691440022635559e23
-8.384493057267749e23
-7.065616918435037e23
-5.7353243755538305e23
-4.3941388637988946e23
-3.042594272957799e23
-1.6812347289961788e23
-3.106143684265523e22
1.0687028944374313e23
2.4561436072382225e23
3.851125026246951e23
5.253055369844694e23
6.661334078704565e23
8.075352082559138e23
9.494492073438608e23
1.0918128785250868e24
1.2345629279583862e24
1.3776353237594736e24
1.5209653257850934e24
1.6644875159985454e24
1.8081358294020706e24
1.9518435855214825e24
2.0955435204279793e24
2.239167819281139e24
2.3826481493778752e24
2.525915693690481e24
2.6689011848774264e24
2.8115349397497205e24
2.953746894175632e24
3.095466638405863e24
3.236623452801527e24
3.3771463439459344e24
3.516964081122241e24
3.656005233137545e24
3.794198205474247e24
3.9314712777492296e24
4.06775264146095e24
4.2029704380043836e24
4.337052796933671e24
4.469927874451373e24
4.601523892104283e24
4.7317691756641714e24
4.860592194172519e24
4.987921599127766e24
5.113686263793401e24
5.237815322605385e24
5.3602382106564e24
5.480884703235574e24
5.599684955400919e24
5.71656954156236e24
5.831469495052877e24
5.944316347665175e24
6.055042169131307e24
6.163579606522621e24
6.269861923546863e24
6.37382303972029e24
6.475397569391379e24
6.574520860593574e24
6.671129033704078e24
6.765159019885942e24
6.85654859929044e24
6.945236438997302e24
7.031162130669371e24
7.11426622789986e24
7.194490283228895e24
7.271776884807127e24
7.346069692684034e24
7.417313474698374e24
7.485454141948892e24
7.550438783823084e24
7.612215702562078e24
7.670734447340113e24
7.725945847837072e24
7.777802047282552e24
7.826256534950524e24
7.87126417808379e24
7.912781253227221e24
7.95076547695e24
7.985176035935831e24
8.015973616422293e24
8.04312043296898e24
8.066580256535397e24
8.086318441849975e24
8.102301954050899e24
8.114499394581416e24
8.122881026320452e24
8.127418797932356e24
8.128086367417314e24
8.124859124846619e24
8.117714214265691e24
8.106630554749106e24
8.091588860592344e24
8.072571660624457e24
8.049563316627668e24
8.022550040848923e24
7.991519912590487e24
7.956462893865197e24
7.917370844104668e24
7.874237533907177e24
7.827058657813777e24
7.775831846101712e24
7.720556675583237e24
7.661234679400968e24
7.597869355808616e24
7.530466175929159e24
7.459032590480844e24
7.383578035463276e24
7.30411393679651e24
7.220653713905183e24
7.133212782242524e24
7.041808554747192e24
6.94646044222908e24
6.847189852678044e24
6.744020189493033e24
6.636976848626977e24
6.526087214645153e24
6.41138065569544e24
6.292888517387449e24
6.170644115581408e24
6.044682728084702e24
5.915041585258078e24
5.781759859530809e24
5.644878653828023e24
5.504440988911089e24
5.360491789634405e24
5.213077870122674e24
5.062247917871349e24
4.908052476776792e24
4.7505439290996594e24
4.5897764763693537e24
4.4258061192347555e24
4.2586906362690457e24
4.088489561737214e24
3.915264162333236e24
3.7390774128980054e24
3.559993971125811e24
3.378080151271812e24
3.1934038968694686e24
3.006034752471585e24
2.816043834425571e24
2.6235038006964306e24
2.428488819751577e24
2.2310745385198373e24
2.031338049441361e24
1.829357856621456e24
1.6252138411062978e24
1.4189872252946573e24
1.210760536504659e24
1.0006175697113298e24
7.886433494735423e23
5.749240910696164e23
3.595471608588524e23
1.4260103589073009e23
-7.582473722042976e22
-2.9563958413257487e23
-5.1675194530559106e23
-7.390693192011984e23
-9.624983061305212e23
-1.1869446527285667e24
-1.4123132970305993e24
-1.6385084141293638e24
-1.8654334623871568e24
-2.0929912301809157e24
-2.3210838831536107e24
-2.549613011948766e24
-2.778479680402231e24
-3.007584474164797e24
-3.2368275497315447e24
-3.4661086838493765e24
-3.6953273232784814e24
-3.924382634878573e24
-4.153173555994922e24
-4.381598845114696e24
-4.6095571327675615e24
-4.836946972642016e24
-5.063666892888545e24
-5.289615447583059e24
-5.514691268319879e24
-5.738793115907848e24
-5.96181993213846e24
-6.183670891598849e24
-6.40424545349975e24
-6.623443413488509e24
-6.841164955419633e24
-7.057310703051217e24
-7.271781771640098e24
-7.484479819404048e24
-7.695307098823633e24
-7.904166507752132e24
-8.11096164030578e24
-8.315596837504051e24
-8.517977237630038e24
-8.718008826283118e24
-8.915598486092687e24
-9.110654046065766e24
-9.303084330537475e24
-9.492799207697418e24
-9.679709637661265e24
-9.863727720060574e24
-1.0044766741121668e25
-1.0222741220204958e25
-1.0397566955778053e25
-1.0569161070793186e25
-1.0737442057443338e25
-1.0902329821268013e25
-1.1063745724583204e25
-1.1221612629208387e25
-1.1375854938463692e25
-1.152639863841266e25
-1.1673171338323387e25
-1.1816102310324447e25
-1.1955122528229227e25
-1.2090164705505813e25
-1.222116333236689e25
-1.2348054711957341e25
-1.2470776995616046e25
-1.258927021718861e25
-1.2703476326370151e25
-1.2813339221055152e25
-1.291880477867445e25
-1.301982088649757e25
-1.3116337470881613e25
-1.3208306525445869e25
-1.3295682138154282e25
-1.3378420517287027e25
-1.3456480016282826e25
-1.3529821157436244e25
-1.3598406654431689e25
-1.3662201433699865e25
-1.372117265458002e25
-1.3775289728274312e25
-1.3824524335580042e25
-1.38688504433861e25
-1.3908244319921744e25
-1.3942684548745208e25
-1.3972152041461328e25
-1.3996630049157272e25
-1.401610417254733e25
-1.4030562370816729e25
-1.4039994969157244e25
-1.4044394664986343e25
-1.4043756532843019e25
-1.4038078027955112e25
-1.4027358988471663e25
-1.4011601636356767e25
-1.399081057694062e25
-1.396499279712516e25
-1.3934157662241825e25
-1.3898316911560377e25
-1.3857484652447834e25
-1.3811677353178201e25
-1.3760913834393488e25
-1.3705215259218186e25
-1.3644605122029649e25
-1.3579109235887842e25
-1.350875571862868e25
-1.3433574977625775e25
-1.3353599693226927e25
-1.326886480087124e25
-1.317940747189489e25
-1.3085267093033473e25
-1.2986485244629957e25
-1.2883105677558188e25
-1.2775174288872402e25
-1.266273909619397e25
-1.2545850210848207e25
-1.2424559809763205e25
-1.22989221061452e25
-1.2168993318944553e25
-1.2034831641127715e25
-1.189649720677112e25
-1.175405205699388e25
-1.1607560104746268e25
-1.145708709847319e25
-1.1302700584670386e25
-1.1144469869353864e25
-1.0982465978462522e25
-1.08167616172152e25
-1.064743112844363e25
-1.0474550449924077e25
-1.0298197070730128e25
-1.0118449986631181e25
-9.935389654560147e24
-9.749097946175783e24
-9.559658100545259e24
-9.36715467597291e24
-9.171673501002202e24
-8.973301624618054e24
-8.772127265677389e24
-8.568239761596825e24
-8.36172951632565e24
-8.152687947634352e24
-7.941207433748107e24
-7.727381259356155e24
-7.511303561027462e24
-7.293069272064648e24
-7.072774066827041e24
-6.850514304556454e24
-6.626386972736745e24
-6.400489630021058e24
-6.172920348759987e24
-5.94377765716386e24
-5.713160481133762e24
-5.481168085794639e24
-5.247900016766412e24
-5.013456041206412e24
-4.777936088658786e24
-4.5414401917469995e24
-4.30406842674317e24
-4.0659208540511846e24
-3.827097458639016e24
-3.587698090455872e24
-3.347822404870785e24
-3.107569803167834e24
-2.8670393731356617e24
-2.626329829785788e24
-2.3855394562373785e24
-2.144766044804019e24
-1.9041068383189042e24
-1.663658471734905e24
-1.4235169140352647e24
-1.183777410491165e24
-9.445344253025041e23
-7.058815846570615e23
-4.67911620244184e23
-2.3071631325838946e23
5.613561071631325e21
2.4098828839385053e23
4.753192695481501e23
7.085190742522534e23
9.405014941225707e23
1.1711815949976133e24
1.4004757685289418e24
1.6283017830069284e24
1.8545788333881944e24
2.0792275904918864e24
2.3021702493332543e24
2.5233305765615317e24
2.7426339569722823e24
2.960007439062161e24
3.175379779596409e24
3.3886814871588663e24
3.5998448646553754e24
3.8088040507417223e24
4.0154950601481094e24
4.2198558228719327e24
4.421826222212742e24
4.621348131622369e24
4.818365450344637e24
5.012824137819689e24
5.20467224682842e24
5.393859955353274e24
5.580339597132815e24
5.764065690886919e24
5.944994968192173e24
6.123086399985977e24
6.298301221679583e24
6.470602956860954e24
6.639957439568968e24
6.806332835121379e24
6.969699659480141e24
7.13003079713739e24
7.287301517508154e24
7.441489489814708e24
7.59257479644988e24
7.7405399448065e24
7.885369877561913e24
8.02705198140659e24
8.165576094207658e24
8.300934510597973e24
8.433121985983669e24
8.562135738963e24
8.68797545215043e24
8.81064327140156e24
8.930143803434436e24
9.046484111844532e24
9.159673711511673e24
9.269724561397025e24
9.376651055731347e24
9.48047001359442e24
9.581200666888342e24
9.678864646707117e24
9.773485968106985e24
9.865091013282245e24
9.953708513152132e24
1.003936952736671e25
1.0122107422738612e25
1.0201957850110536e25
1.027895871966762e25
1.0353150174706518e25
1.0424574563872165e25
1.0493276411876208e25
1.0559302388709904e25
1.0622701277367212e25
1.0683523940093734e25
1.074182328317792e25
1.0797654220302958e25
1.0851073634477439e25
1.0902140338565012e25
1.0950915034433407e25
1.0997460270743915e25
1.1041840399404875e25
1.1084121530711228e25
1.1124371487195443e25
1.1162659756214077e25
1.1199057441296795e25
1.1233637212283799e25
1.1266473254280397e25
1.1297641215456105e25
1.1327218153718467e25
1.1355282482291608e25
1.138191391422984e25
1.1407193405899002e25
1.1431203099456872e25
1.145402626436692e25
1.1475747237978385e25
1.1496451365207857e25
1.1516224937357443e25
1.1535155130105258e25
1.1553329940705446e25
1.157083812443399e25
1.158776913031915e25
1.1604213036194061e25
1.1620260483110948e25
1.1636002609156314e25
1.1651530982706906e25
1.1666937535167475e25
1.1682314493230534e25
1.1697754310700376e25
1.1713349599922365e25
1.1729193062860621e25
1.1745377421865662e25
1.1761995350176128e25
1.1779139402196941e25
1.1796901943597914e25
1.1815375081276854e25
1.1834650593230647e25
1.1854819858379564e25
1.187597378638843e25
1.1898202747530077e25
1.1921596502635399e25
1.1946244133175545e25
1.1972233971520788e25
1.1999653531421435e25
1.2028589438756155e25
1.2059127362592412e25
1.2091351946604795e25
1.2125346740895579e25
1.2161194134263446e25
1.21989752869646e25
1.2238770064011349e25
1.2280656969053014e25
1.2324713078883158e25
1.2371013978617974e25
1.241963369758931e25
1.2470644645996495e25
1.252411755236012e25
1.2580121401821223e25
1.2638723375328359e25
1.2699988789755114e25
1.2763981038990115e25
1.2830761536040983e25
1.2900389656193412e25
1.2972922681265972e25
1.3048415745000815e25
1.312692177962975e25
1.3208491463654823e25
1.3293173170881677e25
1.3381012920743659e25
1.3472054329953714e25
1.3566338565520588e25
1.3663904299165145e25
1.376478766317199e25
1.386902220771053e25
1.3976638859659245e25
1.4087665882965923e25
1.4202128840575709e25
1.4320050557958449e25
1.4441451088265116e25
1.4566347679143298e25
1.469475474123985e25
1.4826683818418587e25
1.4962143559719447e25
1.5101139693085018e25
1.5243675000879154e25
1.5389749297221195e25
1.5539359407158826e25
1.5692499147700837e25
1.5849159310731075e25
1.6009327647822202e25
1.6172988856968828e25
1.6340124571256374e25
1.6510713349482643e25
1.6684730668747143e25
1.6862148919021514e25
1.7042937399715e25
1.7227062318245493e25
1.7414486790627697e25
1.7605170844086702e25
1.7799071421705947e25
1.7996142389116058e25
1.8196334543229993e25
1.8399595623029657e25
1.860587032240624e25
1.8815100305057433e25
1.902722422144083e25
1.9242177727784525e25
1.945989350715159e25
1.968030129255666e25
1.990332789212966e25
2.012889721632083e25
2.0356930307141215e25
2.0587345369429114e25
2.0820057804134564e25
2.105498024360966e25
2.1292022588894354e25
2.153109204898302e25
2.1772093182058482e25
2.2014927938677334e25
2.2259495706889066e25
2.250569335927206e25
2.2753415301865188e25
2.3002553524976306e25
2.325299765584368e25
2.350463501312881e25
2.375735066321551e25
2.4011027478289197e25
2.426554619617104e25
2.4520785481877083e25
2.4776621990875266e25
2.5032930434007933e25
2.5289583644050514e25
2.554645264387173e25
2.5803406716163297e25
2.606031347470378e25
2.6317038937119787e25
2.6573447599109636e25
2.682940251008896e25
2.708476535022191e25
2.733939650879523e25
2.7593155163896807e25
2.7845899363354334e25
2.8097486106892945e25
2.834777142946726e25
2.85966104857224e25
2.884385763553999e25
2.9089366530620597e25
2.9332990202057375e25
2.9574581148850663e25
2.9813991427316346e25
3.005107274133753e25
3.0285676533408573e25
3.051765407642181e25
3.0746856566143286e25
3.0973135214327156e25
3.1196341342413335e25
3.141632647575728e25
3.1632942438335175e25
3.184604144787173e25
3.205547621133457e25
3.226110002073879e25
3.24627668492073e25
3.2660331447228264e25
3.285364943905468e25
3.304257741918704e25
3.3226973048883293e25
3.3406695152636196e25
3.358160381456195e25
3.3751560474640624e25
3.3916428024749624e25
3.4076070904433104e25
3.423035519634629e25
3.4379148721318507e25
3.452232113297359e25
3.465974401185052e25
3.479129095896508e25
3.491683768875269e25
3.5036262121335933e25
3.5149444474055633e25
3.5256267352209604e25
3.535661583893904e25
3.5450377584205893e25
3.553744289280274e25
3.5617704811338435e25
3.5691059214142588e25
3.5757404888031503e25
3.581664361588076e25
3.586868025894699e25
3.5913422837885894e25
3.5950782612409223e25
3.5980674159528997e25
3.600301545033345e25
3.6017727925243206e25
3.6024736567694905e25
3.60239699761999e25
3.601536043472932e25
3.599884398137264e25
3.597436047522301e25
3.594185366143901e25
3.590127123443636e25
3.585256489916257e25
3.57956904304082e25
3.5730607730110614e25
3.565728088260614e25
3.5575678207787493e25
3.5485772312124724e25
3.538754013750942e25
3.528096300788152e25
3.516602667360141e25
3.5042721353528903e25
3.491104177477303e25
3.4770987210078656e25
3.4622561512814486e25
3.446577314953135e25
3.430063523005858e25
3.412716553510922e25
3.39453865413648e25
3.3755325444013033e25
3.3557014176711626e25
3.335048942895506e25
3.313579266081968e25
3.2912970115066304e25
3.2682072826579984e25
3.244315662912802e25
3.219628215941875e25
3.194151485844586e25
3.167892497010279e25
3.1408587537056295e25
3.113058239386577e25
3.084499415734022e25
3.0551912214124073e25
3.0251430705505367e25
2.9943648509441584e25
2.9628669219799e25
2.930660112280516e25
2.897755717071275e25
2.8641654952677134e25
2.8299016662850798e25
2.794976906569863e25
2.7594043458541224e25
2.7231975631333425e25
2.686370582368776e25
2.648937867915504e25
2.6109143196773095e25
2.572315267989979e25
2.5331564682345353e25
2.4934540951822544e25
2.4532247370733175e25
2.412485389431294e25
2.3712534486155694e25
2.3295467051143434e25
2.2873833365805634e25
2.244781900613653e25
2.2017613272899123e25
2.1583409114446097e25
2.1145403047090164e25
2.0703795073056952e25
2.025878859605562e25
1.981059033450497e25
1.9359410232451046e25
1.8905461368218018e25
1.8448959860831877e25
1.799012477426073e25
1.7529178019514441e25
1.7066344254650217e25
1.6601850782729443e25
1.6135927447775897e25
1.5668806528782765e25
1.5200722631820332e25
1.4731912580296524e25
1.426261530342294e25
1.3793071722941848e25
1.332352463816915e25
1.285421860941044e25
1.2385399839809463e25
1.1917316055686104e25
1.1450216385426306e25
1.0984351236984126e25
1.0519972174059102e25
1.0057331791011996e25
9.596683586583247e24
9.138281836480562e24
8.682381464900492e24
8.229237915052052e24
7.779107018750153e24
7.332244865147949e24
6.888907668676902e24
6.449351636265884e24
6.013832833908829e24
5.582607052654791e24
5.155929674089938e24
4.734055535386196e24
4.3172387939892927e24
3.9057327920195907e24
3.4997899204607006e24
3.099661483209865e24
2.7055975610651475e24
2.3178468757257489e24
1.936656653879488e24
1.5622724914544967e24
1.1949382181106288e24
8.348957620470258e23
4.823850152018922e23
1.3764369892117289e23
-1.990927698282579e23
-5.275914116229865e23
-8.47621817050694e23
-1.1589562784034496e24
-1.4613699205211665e24
-1.7546408307093475e24
-2.0385501876555584e24
-2.312882389269189e24
-2.5774251793702916e24
-2.831969773151118e24
-3.0763109813387737e24
-3.3102473329831017e24
-3.533581196797768e24
-3.746118900981665e24
-3.9476708514483806e24
-4.1380516483932415e24
-4.3170802011253454e24
-4.4845798410971857e24
-4.6403784330603966e24
-4.78430848428073e24
-4.91620725174391e24
-5.035916847285905e24
-5.143284340582487e24
-5.238161859932498e24
-5.320406690771668e24
-5.389881371854081e24
-5.446453789040405e24
-5.489997266631167e24
-5.520390656187475e24
-5.537518422779857e24
-5.541270728608772e24
-5.531543513942591e24
-5.508238575316077e24
-5.471263640940211e24
-5.42053244326841e24
-5.355964788672247e24
-5.27748662417583e24
-5.18503010120288e24
-5.078533636291601e24
-4.957941968731763e24
-4.823206215083544e24
-4.674283920535484e24
-4.5111391070648147e24
-4.333742318359853e24
-4.1420706614719193e24
-3.936107845160158e24
-3.715844214898026e24
-3.481276784512429e24
-3.232409264423391e24
-2.9692520864617877e24
-2.6918224252357703e24
-2.4001442160269566e24
-2.0942481691909556e24
-1.7741717810470085e24
-1.4399593412359545e24
-1.091661936532405e24
-7.293374510987768e23
-3.530505631664201e23
3.712726186166241e22
4.411177818986115e23
8.588359922531529e23
1.2901901433080287e24
1.735081761797525e24
2.193405675682188e24
2.665050042622122e24
3.149896382039559e24
3.6478196107693406e24
4.1586880822835127e24
4.68236362948482e24
5.218701611051207e24
5.76755096132101e24
6.328754243700316e24
6.902147707572147e24
7.487561348691036e24
8.084818973034737e24
8.693738264094032e24
9.314130853567986e24
9.945802395441827e24
1.0588552643410863e25
1.1242175531622188e25
1.1906459258697997e25
1.2581186375001444e25
1.326613387311162e25
1.3961073281460893e25
1.4665770761098546e25
1.5379987205530268e25
1.610347834359243e25
1.6835994845310792e25
1.757728243069226e25
1.832708198140289e25
1.908512965527237e25
1.9851157003576653e25
2.0624891091035067e25
2.140605461847011e25
2.2194366048063365e25
2.298953973115054e25
2.379128603849075e25
2.459931149294225e25
2.54133189044839e25
2.623300750750736e25
2.7058073100317546e25
2.788820818676368e25
2.8723102119934814e25
2.9562441247840446e25
3.04059090610057e25
3.1253186341903328e25
3.2103951316142117e25
3.295787980533919e25
3.381464538158868e25
3.4673919523453853e25
3.553537177339238e25
3.6398669896538606e25
3.7263480040755615e25
3.812946689787e25
3.899629386600932e25
3.986362321294801e25
4.0731116240381985e25
4.159843344903598e25
4.246523470452197e25
4.333117940385197e25
4.419592664252099e25
4.505913538206632e25
4.592046461801053e25
4.6779573548101105e25
4.763612174074844e25
4.848976930357647e25
4.934017705198581e25
5.018700667764396e25
5.10299209168023e25
5.186858371835201e25
5.270266041152321e25
5.3531817873131975e25
5.435572469428696e25
5.517405134645584e25
5.598647034680491e25
5.679265642271244e25
5.759228667536852e25
5.838504074236623e25
5.91706009591906e25
5.9948652519518055e25
6.07188836342297e25
6.14809856890532e25
6.223465340073729e25
6.29795849716755e25
6.37154822428842e25
6.444205084525152e25
6.5159000348967875e25
6.586604441104989e25
6.656290092087642e25
6.724929214364631e25
6.792494486168007e25
6.858959051347701e25
6.924296533045168e25
6.988481047126394e25
7.051487215366782e25
7.1132901783798535e25
7.1738656082820815e25
7.233189721086542e25
7.291239288817614e25
7.3479916513398935e25
7.40342472789376e25
7.457517028331023e25
7.510247664043606e25
7.5615963585786086e25
7.611543457933491e25
7.6600699405247226e25
7.7071574268241326e25
7.75278818865659e25
7.796945158153676e25
7.839611936357284e25
7.880772801468106e25
7.920412716733638e25
7.958517337970578e25
7.995073020717026e25
8.0300668270096e25
8.063486531781301e25
8.095320628875692e25
8.125558336673563e25
8.154189603328154e25
8.181205111605491e25
8.206596283326424e25
8.2303552834072e25
8.252475023495769e25
8.272949165201033e25
8.291772122912701e25
8.308939066209387e25
8.32444592185316e25
8.338289375368586e25
8.350466872204892e25
8.360976618479931e25
8.369817581304853e25
8.376989488688787e25
8.382492829022847e25
8.38632885014327e25
8.388499557973508e25
8.389007714745464e25
8.387856836800369e25
8.3850511919698e25
8.380595796537847e25
8.374496411785552e25
8.366759540118975e25
8.357392420782531e25
8.3464030251595e25
8.333800051661738e25
8.319592920211083e25
8.303791766314923e25
8.286407434738833e25
8.267451472779348e25
8.246936123140194e25
8.224874316415499e25
8.201279663183844e25
8.176166445717061e25
8.149549609308167e25
8.121444753222844e25
8.091868121279103e25
8.060836592060289e25
8.02836766876632e25
7.994479468708774e25
7.95919071245524e25
7.922520712628883e25
7.884489362369204e25
7.84511712346017e25
7.804425014132286e25
7.7624345965451e25
7.719167963957172e25
7.674647727590331e25
7.6288970031956865e25
7.581939397328597e25
7.533798993340396e25
7.48450033709454e25
7.43406842241506e25
7.382528676275882e25
7.32990694373866e25
7.276229472648185e25
7.221522898093601e25
7.1658142266445105e25
7.109130820370625e25
7.051500380654195e25
6.992950931804482e25
6.933510804483419e25
6.873208618952187e25
6.812073268148042e25
6.750133900601431e25
6.687419903202854e25
6.623960883829808e25
6.559786653843569e25
6.494927210465904e25
6.4294127190464714e25
6.363273495230413e25
6.29653998703725e25
6.229242756861071e25
6.1614124634029015e25
6.0930798435455085e25
6.024275694181613e25
5.955030854005983e25
5.8853761852821875e25
5.8153425555949425e25
5.7449608195985895e25
5.674261800772853e25
5.603276273196369e25
5.53203494334922e25
5.460568431955058e25
5.388907255873623e25
5.317081810055078e25
5.245122349566096e25
5.17305897169937e25
5.100921598176694e25
5.028739957456901e25
4.956543567158864e25
4.884361716610712e25
4.812223449535498e25
4.7401575468840265e25
4.668192509825463e25
4.596356542905804e25
4.5246775373849634e25
4.453183054762305e25
4.381900310501216e25
4.310856157962244e25
4.240077072555507e25
4.169589136121418e25
4.099418021549972e25
4.029588977648153e25
3.9601268142647e25
3.891055887681912e25
3.822400086283375e25
3.754182816506989e25
3.68642698909194e25
3.6191550056285077e25
3.5523887454193716e25
3.4861495526605894e25
3.42045822395084e25
3.3553349961366522e25
3.2907995345018608e25
3.2268709213085243e25
3.1635676446975023e25
3.1009075879552165e25
3.038908019154211e25
2.977585581174317e25
2.9169562821109255e25
2.857035486077057e25
2.7978379044052675e25
2.739377587255576e25
2.681667915635043e25
2.6247215938346735e25
2.5685506422888724e25
2.513166390862518e25
2.4585794725705824e25
2.404799817734678e25
2.3518366485810884e25
2.299698474284007e25
2.2483930864583127e25
2.1979275551048125e25
2.148308225011656e25
2.0995407126148107e25
2.0516299033202722e25
2.004579949290579e25
1.958394267697742e25
1.9130755394445847e25
1.8686257083560453e25
1.8250459808418944e25
1.782336826031872e25
1.7404979763840743e25
1.6995284287671184e25
1.6594264460162842e25
1.6201895589635105e25
1.581814568941163e25
1.5442975507585672e25
1.5076338561506608e25
1.4718181176974817e25
1.4368442532129776e25
1.4027054706013868e25
1.3693942731791059e25
1.3369024654597019e25
1.305221159399434e25
1.2743407811003396e25
1.2442510779677075e25
1.2149411263184253e25
1.1863993394364467e25
1.1586134760713058e25
1.1315706493754077e25
1.1052573362753138e25
1.0796593872725113e25
1.0547620366680445e25
1.0305499132059598e25
1.0070070511296792e25
9.841169016454408e24
9.618623447865589e24
9.402257016720112e24
9.191887471526903e24
8.987327228382477e24
8.788383504974168e24
8.594858458242185e24
8.406549325624539e24
8.223248569804317e24
8.04474402687841e24
7.870819057862303e24
7.701252703446717e24
7.535819841915075e24
7.374291350132445e24
7.21643426751347e24
7.062011962873323e24
6.910784304065758e24
6.762507830309291e24
6.616935927100133e24
6.473819003610683e24
6.332904672467669e24
6.193937931805567e24
6.056661349486039e24
5.920815249375551e24
5.786137899568984e24
5.652365702448231e24
5.51923338646049e24
5.386474199503292e24
5.253820103797776e24
5.121001972133451e24
4.987749785366454e24
4.853792831049926e24
4.718859903077265e24
4.582679502214934e24
4.444980037403352e24
4.305490027701874e24
4.1639383047531826e24
4.0200542156433524e24
3.8735678260306544e24
3.7242101234186295e24
3.571713220445458e24
3.4158105580642567e24
3.2562371084855955e24
3.092729577757099e24
2.925026607850283e24
2.7528689781284366e24
2.5759998060681384e24
2.3941647471060688e24
2.207112193484845e24
2.0145934719699213e24
1.8163630403114706e24
1.6121786823248157e24
1.4018017014629318e24
1.1849971127567952e24
9.615338329976941e23
7.311848690384535e23
4.937275040898411e23
2.489434818892478e23
-3.380811377715175e21
-2.6345416752619874e23
-5.3148037930858556e23
-8.076580659579715e23
-1.0921805014550623e24
-1.385235445634563e24
-1.6870049782451678e24
-1.997665336076151e24
-2.3173867532619469e24
-2.64633330487445e24
-2.984662753911245e24
-3.332526401786147e24
-3.690068942426598e24
-4.0574283200809745e24
-4.434735590935928e24
-4.822114788644354e24
-5.219682793857432e24
-5.6275492078593e24
-6.045816230394428e24
-6.474578541778123e24
-6.913923189379025e24
-7.363929478558112e24
-7.824668868148201e24
-8.296204870553718e24
-8.778592956549953e24
-9.271880464855946e24
-9.77610651655513e24
-1.0291301934433444e25
-1.0817489167301545e25
-1.1354682219367694e25
-1.190288658472036e25
-1.2462099186983327e25
-1.303230832419384e25
-1.3613493618962623e25
-1.420562597396212e25
-1.480866753279033e25
-1.5422571646255658e25
-1.6047282844121337e25
-1.6682736812349486e25
-1.7328860375876349e25
-1.7985571486952965e25
-1.865277921907615e25
-1.9330383766536865e25
-2.0018276449606537e25
-2.07163397253779e25
-2.1424447204277947e25
-2.2142463672262003e25
-2.287024511869714e25
-2.360763876994041e25
-2.435448312861327e25
-2.5110608018567737e25
-2.587583463554136e25
-2.6649975603490475e25
-2.743283503658839e25
-2.8224208606875046e25
-2.902388361753528e25
-2.9831639081786796e25
-3.0647245807347196e25
-3.1470466486454087e25
-3.2301055791403444e25
-3.313876047556835e25
-3.3983319479861534e25
-3.483446404459481e25
-3.5691917826690626e25
-3.6555397022194717e25
-3.7424610494038295e25
-3.8299259904989332e25
-3.917903985573664e25
-4.006363802804205e25
-4.095273533289188e25
-4.184600606358295e25
-4.274311805366396e25
-4.364373283966248e25
-4.4547505828512095e25
-4.545408646960349e25
-4.63631184313684e25
-4.727423978231268e25
-4.818708317640527e25
-4.910127604272788e25
-5.001644077929052e25
-5.093219495091111e25
-5.184815149105894e25
-5.276391890755309e25
-5.367910149201153e25
-5.459329953293862e25
-5.550610953233638e25
-5.64171244257283e25
-5.732593380547196e25
-5.823212414724583e25
-5.913527903958238e25
-6.003497941632766e25
-6.093080379189484e25
-6.182232849918773e25
-6.270912793006088e25
-6.359077477818011e25
-6.446684028415563e25
-6.533689448280308e25
-6.620050645240047e25
-6.705724456579534e25
-6.79066767432256e25
-6.874837070670574e25
-6.958189423583745e25
-7.040681542489768e25
-7.122270294105468e25
-7.202912628356741e25
-7.282565604381463e25
-7.36118641660073e25
-7.4387324208428355e25
-7.515161160505133e25
-7.590430392738366e25
-7.66449811463782e25
-7.737322589426404e25
-7.808862372613576e25
-7.879076338115194e25
-7.947923704318154e25
-8.01536406007484e25
-8.081357390611203e25
-8.145864103333414e25
-8.208845053517224e25
-8.270261569864453e25
-8.330075479911275e25
-8.38824913527253e25
-8.444745436706883e25
-8.499527858987117e25
-8.552560475560565e25
-8.60380798298398e25
-8.653235725118045e25
-8.700809717066226e25
-8.746496668842832e25
-8.79026400875571e25
-8.832079906488412e25
-8.871913295867521e25
-8.909733897300276e25
-8.945512239868346e25
-8.97921968306352e25
-9.010828438150948e25
-9.040311589146468e25
-9.067643113393901e25
-9.092797901729038e25
-9.11575177821678e25
-9.136481519448453e25
-9.154964873386255e25
-9.171180577742186e25
-9.185108377878938e25
-9.196729044220502e25
-9.20602438916054e25
-9.212977283456697e25
-9.217571672099442e25
-9.219792589644106e25
-9.219626174995286e25
-9.217059685632853e25
-9.212081511269242e25
-9.204681186927891e25
-9.194849405433078e25
-9.182578029301667e25
-9.167860102027639e25
-9.15068985875043e25
-9.131062736298841e25
-9.108975382602027e25
-9.084425665459949e25
-9.057412680665672e25
-9.02793675947248e25
-8.995999475398889e25
-8.961603650365217e25
-8.924753360155673e25
-8.885453939200147e25
-8.843711984670544e25
-8.79953535988663e25
-8.752933197026754e25
-8.703915899139562e25
-8.65249514145256e25
-8.598683871974337e25
-8.542496311387555e25
-8.483947952229902e25
-8.423055557360857e25
-8.359837157712664e25
-8.294312049323943e25
-8.226500789654983e25
-8.156425193184387e25
-8.084108326286512e25
-8.009574501390454e25
-7.932849270420786e25
-7.853959417521587e25
-7.7729329510649e25
-7.6897990949457624e25
-7.604588279166177e25
-7.5173321297105975e25
-7.428063457716228e25
-7.336816247941847e25
-7.2436256465389514e25
-7.148527948129606e25
-7.051560582196193e25
-6.952762098787869e25
-6.852172153549581e25
-6.749831492079862e25
-6.6457819336233995e25
-6.540066354105854e25
-6.432728668517531e25
-6.323813812654217e25
-6.213367724222597e25
-6.101437323319263e25
-5.988070492291712e25
-5.873316054990669e25
-5.7572237554234235e25
-5.639844235818032e25
-5.521229014108733e25
-5.401430460853066e25
-5.280501775592162e25
-5.15849696266518e25
-5.035470806489724e25
-4.911478846320621e25
-4.78657735049892e25
-4.660823290204479e25
-4.534274312724556e25
-4.406988714252455e25
-4.279025412229215e25
-4.150443917243038e25
-4.021304304500163e25
-3.891667184881818e25
-3.761593675602856e25
-3.631145370485874e25
-3.500384309867475e25
-3.3693729501513495e25
-3.2381741330248265e25
-3.1068510543544243e25
-2.9754672327769917e25
-2.8440864780032495e25
-2.7127728588499346e25
-2.5815906710182635e25
-2.4506044046351644e25
-2.3198787115753443e25
-2.189478372581066e25
-2.0594682641979963e25
-1.9299133255444804e25
-1.800878524932254e25
-1.6724288263575445e25
-1.5446291558794572e25
-1.4175443679053933e25
-1.291239211400938e25
-1.165778296043657e25
-1.0412260583386861e25
-9.176467277155876e24
-7.951042926247126e24
-6.736624666521676e24
-5.533846546724718e24
-4.343339190573344e24
-3.165729459601512e24
-2.0016401169450323e24
-8.516894922627899e23
2.8350885202126646e23
1.4033464529659507e24
2.507220277654583e24
3.5945330518539414e24
4.6646935865912693e24
5.71711710247042e24
6.751225551534201e24
7.766447936493422e24
8.762220627132311e24
9.737987673711435e24
1.069320111718414e25
1.1627321296043673e25
1.2539817149626187e25
1.3430166517685937e25
1.4297856436072321e25
1.514238342832818e25
1.5963253793043602e25
1.6759983886785942e25
1.7532100402446148e25
1.8279140642829516e25
1.9000652789327005e25
1.9696196165508307e25
2.0365341495473114e25
2.100767115680805e25
2.1622779427991024e25
2.221027273009489e25
2.276976986264029e25
2.3300902233451405e25
2.3803314082374436e25
2.4276662698716206e25
2.472061863226983e25
2.5134865897791527e25
2.55191021728021e25
2.5873038988583327e25
2.619640191425036e25
2.64889307337791e25
2.67503796158732e25
2.698051727656075e25
2.7179127134411325e25
2.734600745827119e25
2.748097150741575e25
2.7583847664024695e25
2.765447955788747e25
2.7692726183252375e25
2.769846200773589e25
2.767157707321352e25
2.761197708861796e25
2.7519583514574223e25
2.7394333639806558e25
2.7236180649256136e25
2.7045093683852665e25
2.6821057891888414e25
2.6564074471947666e25
2.6274160707348243e25
2.5951349992058607e25
2.5595691848055707e25
2.520725193409743e25
2.478611204588391e25
2.4332370107591217e25
2.384614015476198e25
2.3327552308544507e25
2.277675274127751e25
2.219390363341909e25
2.1579183121827708e25
2.0932785239405264e25
2.0254919846117884e25
1.9545812551413835e25
1.8805704628066995e25
1.8034852917473092e25
1.7233529726435469e25
1.6402022715482038e25
1.554063477875488e25
1.4649683915527434e25
1.3729503093398803e25
1.2780440103230282e25
1.1802857405884369e25
1.0797131970837352e25
9.763655106741287e24
8.702832284010304e24
7.615082949518363e24
6.500840333495476e24
5.360551248715234e24
4.194675882069313e24
3.0036875786354684e24
1.788072618340467e24
5.483299853309257e23
-7.150288698301539e23
-2.0014802750276814e24
-3.3104885883881855e24
-4.6415064568826687e24
-5.993975081598734e24
-7.367324489553297e24
-8.76097381189831e24
-1.0174331568380985e25
-1.1606795957910212e25
-1.3057755155069307e25
-1.4526587612433403e25
-1.6012662368518638e25
-1.7515339361211544e25
-1.9033969746503267e25
-2.0567896222366612e25
-2.211645335759975e25
-2.3678967925458884e25
-2.5254759241906466e25
-2.6843139508287495e25
-2.8443414158249966e25
-3.0054882208728266e25
-3.1676836614788594e25
-3.3308564628152765e25
-3.4949348159197132e25
-3.6598464142241667e25
-3.8255184903910786e25
-3.991877853437862e25
-4.1588509261292865e25
-4.326363782616291e25
-4.494342186301306e25
-4.662711627908493e25
-4.831397363738663e25
-5.000324454086554e25
-5.169417801799602e25
-5.338602190957233e25
-5.507802325647939e25
-5.676942868823344e25
-5.845948481206893e25
-6.014743860236e25
-6.183253779014852e25
-6.351403125256481e25
-6.519116940192073e25
-6.6863204574252175e25
-6.852939141709423e25
-7.018898727626314e25
-7.184125258143467e25
-7.348545123028769e25
-7.512085097100222e25
-7.674672378288697e25
-7.836234625492643e25
-7.9966999962021e25
-8.155997183870722e25
-8.31405545501492e25
-8.470804686017565e25
-8.626175399615915e25
-8.780098801052183e25
-8.932506813865932e25
-9.083332115307497e25
-9.232508171351552e25
-9.379969271291079e25
-9.525650561890625e25
-9.669488081079566e25
-9.811418791165098e25
-9.951380611546119e25
-1.0089312450907867e26
-1.0225154238878862e26
-1.035884695713161e26
-1.0490332669907968e26
-1.061955455395168e26
-1.0746456927829833e26
-1.0870985280626195e26
-1.0993086299988872e26
-1.1112707899515444e26
-1.1229799245459537e26
-1.1344310782742528e26
-1.145619426025448e26
-1.1565402755429133e26
-1.1671890698078266e26
-1.1775613893470416e26
-1.1876529544640258e26
-1.1974596273914634e26
-1.2069774143642404e26
-1.2162024676114753e26
-1.2251310872664012e26
-1.2337597231929025e26
-1.2420849767275344e26
-1.2501036023359766e26
-1.2578125091828027e26
-1.2652087626136528e26
-1.2722895855487792e26
-1.2790523597871147e26
-1.2854946272199871e26
-1.2916140909536972e26
-1.2974086163402038e26
-1.3028762319152254e26
-1.3080151302431173e26
-1.3128236686679356e26
-1.3173003699701496e26
-1.3214439229285344e26
-1.3252531827868057e26
-1.3287271716246284e26
-1.3318650786326982e26
-1.334666260291621e26
-1.3371302404543815e26
-1.3392567103322849e26
-1.3410455283842508e26
-1.3424967201094241e26
-1.3436104777431567e26
-1.3443871598564044e26
-1.3448272908586927e26
-1.3449315604048343e26
-1.3447008227056656e26
-1.3441360957430901e26
-1.3432385603897936e26
-1.3420095594340574e26
-1.340450596510162e26
-1.338563334934859e26
-1.3363495964505704e26
-1.3338113598759053e26
-1.330950759664237e26
-1.3277700843710352e26
-1.3242717750308445e26
-1.3204584234446995e26
-1.3163327703789614e26
-1.3118977036764707e26
-1.3071562562811277e26
-1.3021116041769365e26
-1.296767064242613e26
-1.2911260920230155e26
-1.2851922794185707e26
-1.2789693522940182e26
-1.272461168007757e26
-1.2656717128632491e26
-1.2586050994838702e26
-1.251265564112665e26
-1.2436574638385972e26
-1.2357852737508139e26
-1.22765358402258e26
-1.2192670969264959e26
-1.2106306237827632e26
-1.2017490818422364e26
-1.1926274911059815e26
-1.1832709710832857e26
-1.1736847374898956e26
-1.1638740988884682e26
-1.1538444532730852e26
-1.1436012845999324e26
-1.1331501592660686e26
-1.1224967225384205e26
-1.1116466949349621e26
-1.1006058685603704e26
-1.089380103398186e26
-1.0779753235616537e26
-1.0663975135055453e26
-1.0546527142011036e26
-1.0427470192764474e26
-1.0306865711246243e26
-1.01847755698173e26
-1.0061262049773817e26
-9.936387801598326e25
-9.810215804982183e25
-9.682809328642271e25
-9.554231889956746e25
-9.424547214442974e25
-9.293819195103354e25
-9.162111851662552e25
-9.029489289720847e25
-8.896015659848658e25
-8.761755116646561e25
-8.626771777796145e25
-8.491129683125642e25
-8.35489275371644e25
-8.21812475107446e25
-8.08088923639206e25
-7.943249529924413e25
-7.805268670506419e25
-7.667009375234518e25
-7.528533999337594e25
-7.389904496263009e25
-7.251182378001334e25
-7.112428675675041e25
-6.9737039004150395e25
-6.835068004549926e25
-6.6965803431321344e25
-6.558299635824167e25
-6.420283929170131e25
-6.2825905592751365e25
-6.145276114916906e25
-6.008396401111804e25
-5.8720064031595556e25
-5.7361602511888456e25
-5.600911185225914e25
-5.4663115208094405e25
-5.332412615172878e25
-5.1992648340165355e25
-5.066917518890017e25
-4.9354189552069185e25
-4.804816340912223e25
-4.675155755822603e25
-4.546482131659475e25
-4.418839222795122e25
-4.292269577730675e25
-4.166814511324481e25
-4.0425140777900855e25
-3.919407044481185e25
-3.797530866481541e25
-3.6769216620164443e25
-3.557614188703037e25
-3.439641820655432e25
-3.3230365264599065e25
-3.2078288480362043e25
-3.094047880399006e25
-2.9817212523340643e25
-2.8708751080026505e25
-2.7615340894874e25
-2.6537213202923664e25
-2.5474583898089446e25
-2.4427653387596852e25
-2.3396606456305743e25
-2.2381612141024004e25
-2.1382823614906175e25
-2.040037808203439e25
-1.9434396682263315e25
-1.84849844064124e25
-1.7552230021875496e25
-1.6636206008720283e25
-1.5736968506337423e25
-1.4854557270690676e25
-1.3988995642227091e25
-1.31402905244791e25
-1.2308432373402746e25
-1.1493395197477737e25
-1.0695136568595806e25
-9.913597643753525e24
-9.148703197558793e24
-8.400361665558082e24
-7.668465198379538e24
-6.952889726684804e24
-6.253495036912399e24
-5.570124857792447e24
-4.902606957603101e24
-4.2507532521331956e24
-3.614359923311011e24
-2.9932075484474803e24
-2.3870612400453541e24
-1.795670796104995e24
-1.21877086086519e24
-6.560810959017602e23
-1.0730636150420342e23
4.278630917571826e23
9.497514213671174e23
1.4586969812042088e24
1.9550520999883413e24
2.4391828499499996e24
2.9114688058394057e24
3.372302794400987e24
3.822090634442617e24
4.2612508676379036e24
4.690214480205841e24
5.109424615609887e24
5.519336278440438e24
5.920416029633691e24
6.313141673196579e24
6.698001934606327e24
7.075496131064844e24
7.446133833788421e24
7.810434522519476e24
8.16892723245562e24
8.522150193791974e24
8.870650464081129e24
9.214983553616208e24
9.555713044052393e24
9.8934102004833e24
1.0228653577191032e25
1.0562028617302555e25
1.0894127246573835e25
1.122554746154644e25
1.1556892912306164e25
1.1888772480092783e25
1.2221799850003602e25
1.2556593079043205e25
1.2893774159769512e25
1.3233968579797196e25
1.3577804877416326e25
1.3925914193587709e25
1.4278929820584814e25
1.4637486747547757e25
1.500222120322349e25
1.5373770196162305e25
1.575277105265088e25
1.613986095266045e25
1.6535676464082646e25
1.6940853075547095e25
1.7356024728095303e25
1.7781823346000993e25
1.8218878367019936e25
1.8667816272360825e25
1.9129260116664437e25
1.9603829058278714e25
2.009213789012395e25
2.0594796571435883e25
2.111240976067973e25
2.1645576349924155e25
2.2194889000969267e25
2.27609336835172e25
2.334428921568007e25
2.39455268071065e25
2.4565209605028224e25
2.520389224350673e25
2.586212039616941e25
2.6540430332723273e25
2.723934847952925e25
2.795939098452153e25
2.870106328675175e25
2.946485969084017e25
3.0251262946609476e25
3.106074383417646e25
3.189376075477565e25
3.2750759327583978e25
3.3632171992814675e25
3.453841762134351e25
3.546990113113292e25
3.642701311070388e25
3.741012944992054e25
3.841961097833139e25
3.945580311131717e25
4.051903550428859e25
4.16096217151737e25
4.272785887542964e25
4.387402736981009e25
4.504839052511449e25
4.625119430814164e25
4.748266703306359e25
4.874301907843206e25
5.003244261402582e25
5.135111133773868e25
5.269918022270549e25
5.407678527485948e25
5.548404330109946e25
5.692105168825586e25
5.838788819302135e25
5.988461074301994e25
6.141125724917142e25
6.296784542951003e25
6.455437264460453e25
6.617081574472582e25
6.781713092889402e25
6.949325361593683e25
7.119909832768526e25
7.293455858441708e25
7.469950681266238e25
7.649379426546903e25
7.83172509552335e25
8.016968559916714e25
8.205088557749948e25
8.396061690447664e25
8.589862421223283e25
8.786463074758495e25
8.985833838180569e25
9.187942763342382e25
9.392755770407978e25
9.600236652747242e25
9.810347083141366e25
1.0023046621301179e26
1.02382927226981e26
1.045604074870796e26
1.0676243978067246e26
1.089885361963901e26
1.1123818826487316e26
1.1351086711255042e26
1.1580602362843608e26
1.1812308864387504e26
1.2046147312519022e26
1.2282056837917319e26
1.2519974627133553e26
1.2759835945685155e26
1.3001574162409849e26
1.324512077507098e26
1.3490405437202686e26
1.3737355986185077e26
1.3985898472536755e26
1.423595719041348e26
1.4487454709298424e26
1.4740311906870579e26
1.499444800303782e26
1.5249780595116652e26
1.5506225694145307e26
1.5763697762311295e26
1.602210975147744e26
1.628137314278689e26
1.654139798732866e26
1.680209294784493e26
1.706336534145831e26
1.73251211833995e26
1.7587265231712693e26
1.784970103291795e26
1.811233096860604e26
1.837505630294322e26
1.863777723106231e26
1.8900392928314646e26
1.9162801600357542e26
1.9424900534052313e26
1.968658614914647e26
1.994775405071217e26
2.020829908231475e26
2.046811537988238e26
2.0727096426249847e26
2.098513510634597e26
2.1242123762996123e26
2.149795425331068e26
2.1752518005627754e26
2.2005706076980805e26
2.225740921105919e26
2.250751789663132e26
2.275592242639739e26
2.3002512956240456e26
2.324717956484285e26
2.3489812313635708e26
2.373030130704796e26
2.396853675302167e26
2.420440902376052e26
2.4437808716676837e26
2.466862671550341e26
2.4896754251536476e26
2.512208296497418e26
2.5344504966317075e26
2.556391289779491e26
2.5780199994785998e26
2.5993260147192827e26
2.620298796073998e26
2.6409278818158613e26
2.661202894022252e26
2.6811135446600565e26
2.700649641649018e26
2.7198010948997233e26
2.7385579223226197e26
2.7569102558046494e26
2.774848347149929e26
2.7923625739810427e26
2.8094434455974176e26
2.8260816087873366e26
2.842267853590165e26
2.857993119005308e26
2.873248498644538e26
2.8880252463242506e26
2.9023147815943517e26
2.9161086952003803e26
2.9293987544755408e26
2.942176908659456e26
2.9544352941402835e26
2.966166239617048e26
2.977362271178981e26
2.988016117298745e26
2.998120713736407e26
3.007669208351149e26
3.0166549658176455e26
3.0250715722441815e26
3.0329128396895483e26
3.040172810575871e26
3.0468457619945234e26
3.052926209902357e26
3.0584089132055362e26
3.0632888777283267e26
3.067561360064163e26
3.07122187130656e26
3.074266180657295e26
3.0766903189094516e26
3.0784905818030017e26
3.0796635332505855e26
3.08020600843132e26
3.0801151167503787e26
3.0793882446623734e26
3.078023058356435e26
3.0760175063010653e26
3.0733698216469086e26
3.0700785244856198e26
3.0661424239631518e26
3.0615606202457254e26
3.056332506337032e26
3.0504577697451004e26
3.04393639399749e26
3.036768660003365e26
3.028955147261379e26
3.020496734912102e26
3.0113946026338894e26
3.0016502313813276e26
2.9912654039652263e26
2.9802422054734758e26
2.968583023531845e26
2.9562905484043138e26
2.943367772932254e26
2.929817992311948e26
2.915644803710241e26
2.9008521057178713e26
2.8854440976404693e26
2.8694252786268675e26
2.8528004466349888e26
2.8355746972352744e26
2.8177534222517017e26
2.7993423082409092e26
2.7803473348095695e26
2.760774772770629e26
2.7406311821387285e26
2.7199234099657072e26
2.6986585880167084e26
2.676844130287844e26
2.6544877303661246e26
2.6315973586328982e26
2.608181259311769e26
2.5842479473620253e26
2.559806205219159e26
2.534865079383535e26
2.5094338768588953e26
2.483522161441933e26
2.4571397498648797e26
2.430296707792672e26
2.4030033456763145e26
2.3752702144646494e26
2.3471081011762158e26
2.318528024333452e26
2.2895412292610792e26
2.260159183251201e26
2.2303935705972693e26
2.2002562874990878e26
2.1697594368416444e26
2.138915322850043e26
2.1077364456232732e26
2.0762354955492546e26
2.044425347604231e26
2.012319055539047e26
1.9799298459553986e26
1.947271112274724e26
1.9143564086030838e26
1.8811994434949706e26
1.847814073619e26
1.814214297329072e26
1.7804142481439328e26
1.7464281881387434e26
1.7122705012516728e26
1.6779556865093733e26
1.6434983511745973e26
1.6089132038194046e26
1.5742150473278284e26
1.539418771831398e26
1.5045393475814045e26
1.4695918177613364e26
1.434591291243624e26
1.3995529352943245e26
1.3644919682294229e26
1.3294236520270001e26
1.2943632848988715e26
1.2593261938258808e26
1.2243277270605004e26
1.1893832466011473e26
1.1545081206419233e26
1.1197177160020417e26
1.0850273905387472e26
1.0504524855481272e26
1.0160083181577862e26
9.817101737152915e25
9.475732981769145e25
9.136128905004682e25
8.798440950466316e25
8.46281993992576e25
8.129415997624286e25
7.798378474785352e25
7.469855874374816e25
7.143995776153939e25
6.820944762063257e25
6.500848341980889e25
6.1838508798932025e25
5.87009552052235e25
5.5597241164500175e25
5.252877155775629e25
4.949693690353495e25
4.650311264645616e25
4.354865845232378e25
4.063491751017535e25
3.776321584170568e25
3.493486161842195e25
3.215114448693829e25
2.9413334902761518e25
2.672268347298055e25
2.408042030821553e25
2.1487754384179517e25
1.8945872913250736e25
1.6455940726385692e25
1.401909966574811e25
1.1636467988374928e25
9.309139781254724e24
7.038184388140484e24
4.8246458484129755e24
2.6695423483520545e24
5.73865685107826e23
-1.4614192562965534e24
-3.4353750126495146e24
-5.347092038595345e24
-7.195689188760241e24
-8.980314185689258e24
-1.0700144073288527e25
-1.2354385655527728e25
-1.3942275920123466e25
-1.5463082446971737e25
-1.691610380105883e25
-1.8300669909631477e25
-1.9616142423384615e25
-2.0861915061465764e25
-2.203741394005979e25
-2.31420978843641e25
-2.417545872377002e25
-2.513702157004294e25
-2.6026345078345243e25
-2.6843021690921355e25
-2.7586677863306387e25
-2.8256974272889633e25
-2.8853606009705756e25
-2.937630274933491e25
-2.9824828907774043e25
-3.019898377818505e25
-3.04986016494175e25
-3.0723551906221994e25
-3.087373911106661e25
-3.0949103067493996e25
-3.094961886496932e25
-3.0875296905155844e25
-3.072618290959413e25
-3.05023579087494e25
-3.020393821242217e25
-2.983107536150195e25
-2.9383956061080236e25
-2.8862802094930027e25
-2.8267870221387003e25
-2.7599452050657248e25
-2.685787390360462e25
-2.6043496652073905e25
-2.515671554082038e25
-2.4197959991114915e25
-2.3167693386119734e25
-2.206641283813562e25
-2.089464893782203e25
-1.965296548551439e25
-1.8341959204769578e25
-1.6962259438273815e25
-1.551452782626815e25
-1.399945796764712e25
-1.241777506390534e25
-1.0770235546106479e25
-9.057626685066905e24
-7.280766184955913e24
-5.440501760510072e24
-3.537710698101787e24
-1.5732994008638e24
4.517970818743524e23
2.5366155405996565e24
4.680165106822091e24
6.88142776920954e24
9.139358904379437e24
1.1452887822064592e25
1.3820918324363204e25
1.6242329278776309e25
1.8715975204724063e25
2.1240686873228074e25
2.381527191943584e25
2.6438515467660327e25
2.910918076859192e25
3.1826009848348874e25
3.458772416899446e25
3.7393025300186593e25
4.0240595601576785e25
4.3129098915591845e25
4.605718127022306e25
4.902347159143284e25
5.202658242479149e25
5.5065110665950085e25
5.8137638299542866e25
6.124273314611684e25
6.437894961667314e25
6.754482947440901e25
7.073890260323204e25
7.395968778262741e25
7.720569346844215e25
8.047541857916805e25
8.376735328725702e25
8.707997981506124e25
9.04117732349363e25
9.3761202273062e25
9.712673011653704e25
1.0050681522329099e26
1.0389991213436782e26
1.0730447228811603e26
1.1071894483583462e26
1.1414177745841811e26
1.1757141718353542e26
1.2100631120288824e26
1.2444490768908389e26
1.2788565661166645e26
1.3132701055184747e26
1.3476742551545536e26
1.3820536174367957e26
1.4163928452111703e26
1.4506766498068188e26
1.4848898090491134e26
1.5190171752322254e26
1.5530436830465707e26
1.586954357456675e26
1.6207343215249577e26
1.6543688041769952e26
1.6878431479037813e26
1.7211428163966157e26
1.7542534021102775e26
1.7871606337500973e26
1.8198503836786692e26
1.852308675238011e26
1.884521689982788e26
1.9164757748206948e26
1.948157449055677e26
1.9795534113300655e26
2.010650546461546e26
2.0414359321710646e26
2.0718968456977546e26
2.102020770297105e26
2.1317954016185416e26
2.1612086539587912e26
2.190248666387373e26
2.2189038087406577e26
2.2471626874810258e26
2.275014151417688e26
2.3024472972859465e26
2.3294514751813895e26
2.356016293846178e26
2.3821316258040856e26
2.4077876123413934e26
2.432974668330699e26
2.457683486894816e26
2.4819050439080134e26
2.50563060233196e26
2.5288517163838124e26
2.5515602355339924e26
2.5737483083312843e26
2.5954083860529846e26
2.6165332261779738e26
2.637115895680583e26
2.657149774143346e26
2.6766285566868143e26
2.695546256714522e26
2.713897208471657e26
2.7316760694157814e26
2.7488778223981944e26
2.7654977776545983e26
2.781531574603898e26
2.796975183453994e26
2.8118249066136143e26
2.826077379909248e26
2.8397295736064997e26
2.8527787932351428e26
2.8652226802174018e26
2.8770592122989497e26
2.8882867037824134e26
2.898903805563163e26
2.908909504967284e26
2.9183031253917545e26
2.9270843257470977e26
2.9352530997026807e26
2.942809774735035e26
2.9497550109798002e26
2.9560897998878624e26
2.9618154626863624e26
2.9669336486455482e26
2.971446333152352e26
2.975355815591831e26
2.9786647170375714e26
2.9813759777525078e26
2.9834928545015044e26
2.985018917677161e26
2.985958048240697e26
2.986314434479408e26
2.9860925685828532e26
2.9852972430394465e26
2.9839335468558138e26
2.9820068616009196e26
2.979522857277401e26
2.9764874880223258e26
2.9729069876401055e26
2.9687878649700642e26
2.9641368990912645e26
2.958961134367634e26
2.9532678753360958e26
2.9470646814408596e26
2.940359361616775e26
2.933159968725155e26
2.925474793845275e26
2.9173123604247517e26
2.9086814182925503e26
2.899590937537928e26
2.8900501022591145e26
2.8800683041852003e26
2.8696551361753107e26
2.8588203855987647e26
2.8475740276000835e26
2.8359262182530823e26
2.8238872876079224e26
2.8114677326354535e26
2.798678210072816e26
2.7855295291748935e26
2.7720326443756954e26
2.7581986478642803e26
2.744038762079428e26
2.7295643321278307e26
2.7147868181302616e26
2.6997177875001966e26
2.6843689071597947e26
2.668751935697732e26
2.6528787154737916e26
2.6367611646747486e26
2.6204112693266565e26
