2.0720970703125206e-14
2.0976653354598747e10
3.478920329942388e11
1.864656499838187e12
6.350706770773413e12
1.6939468577086283e13
3.875837221982156e13
7.974859278787956e13
1.5166216995810375e14
2.712336495691197e14
4.615228814561116e14
7.53425106249016e14
1.1873439688606575e15
1.8150226091036195e15
2.701527501144069e15
3.92737924418479e15
5.590824047712179e15
7.810239206673491e15
1.0726665425886216e16
1.450645842961867e16
1.9344051882402772e16
2.546482325150617e16
3.3128053860846824e16
4.262997402119914e16
5.430688377301785e16
6.8538339446770424e16
8.575039593197706e16
1.0641889425083566e17
1.3107278375596098e17
1.6029746801497507e17
1.947381632079894e17
2.3510325764794957e17
2.8216766083885885e17
3.3677613031351917e17
3.998465643410608e17
4.723732484655793e17
5.554300437310268e17
6.501735043644481e17
7.578459126300242e17
8.797782185304475e17
1.0173928720201524e18
1.1722065354070418e18
1.3458326636557926e18
1.5399839403666767e18
1.756474557289225e18
1.9972223253400586e18
2.2642506052287887e18
2.5596900459551324e18
2.885780119624099e18
3.244870441234414e18
3.6394218623278694e18
4.072007327644132e18
4.5453124842063186e18
5.062136032567199e18
5.625389810273994e18
6.238098597961016e18
6.903399638853497e18
7.624541862862683e18
8.404884806870895e18
9.247897223245742e18
1.0157155369084056e19
1.1136340969168445e19
1.2189238846121509e19
1.3319734211764636e19
1.4531809614228943e19
1.5829541535924994e19
1.721709663805431e19
1.8698727647939265e19
2.027876888605754e19
2.196163143029206e19
2.3751797915547197e19
2.565381696753501e19
2.7672297270201655e19
2.9811901266942353e19
3.2077338496442606e19
3.4473358564682973e19
3.700474375535368e19
3.9676301281642316e19
4.249285518308257e19
4.545923787188247e19
4.8580281333887115e19
5.1860807990070624e19
5.5305621225195995e19
5.891949559102687e19
6.270716669222208e19
6.667332076378996e19
7.0822583949725475e19
7.51595112931952e19
7.968857544937606e19
8.441415513278769e19
8.934052331168806e19
9.447183516282479e19
9.981211580054823e19
1.0536524779499872e20
1.1113495849477433e20
1.1712480717017045e20
1.2333817199375198e20
1.297782368756772e20
1.3644797817183522e20
1.4335015128348369e20
1.504872771676847e20
1.5786162877842742e20
1.6547521745889663e20
1.7332977930590028e20
1.8142676152799697e20
1.89767308819374e20
1.9835224977200808e20
2.0718208334910377e20
2.1625696544323558e20
2.2557669554303048e20
2.3514070353260364e20
2.4494803664831742e20
2.5499734661775032e20
2.6528687700606137e20
2.7581445079519065e20
2.8657745822157203e20
2.9757284489822785e20
3.087971002472809e20
3.2024624626904865e20
3.319158266739803e20
3.438008964037571e20
3.558960115679003e20
3.6819521982222035e20
3.80692051215388e20
3.933795095298267e20
4.062500641429956e20
4.1929564243497275e20
4.325076227680459e20
4.458768280637756e20
4.593935200027197e20
4.73047393871682e20
4.868275740829972e20
5.007226103899581e20
5.1472047482205445e20
5.288085593632189e20
5.4297367439574644e20
5.57202047932006e20
5.7147932565545923e20
5.857905717918614e20
6.001202708308499e20
6.144523301173994e20
6.287700833318776e20
6.430562948766344e20
6.572931651862291e20
6.714623369775313e20
6.855449024550235e20
6.995214114856909e20
7.133718807569087e20
7.270758039297166e20
7.40612162798829e20
7.539594394696441e20
7.670956295614007e20
7.799982564444823e20
7.926443865186988e20
8.050106455381537e20
8.17073235987084e20
8.28807955509777e20
8.401902163963967e20
8.511950661252115e20
8.617972089603909e20
8.719710286031651e20
8.816906118927504e20
8.909297735520388e20
8.996620819716259e20
9.07860886024289e20
9.15499342900587e20
9.225504469547538e20
9.289870595485814e20
9.34781939879476e20
9.399077767773601e20
9.443372214535733e20
9.480429211833857e20
9.509975539022099e20
9.531738636940643e20
9.545446971492781e20
9.550830405669126e20
9.547620579758144e20
9.535551299466871e20
9.514358931660394e20
9.483782807413378e20
9.443565632051754e20
9.393453901847678e20
9.333198327016022e20
9.262554260645602e20
9.181282133184095e20
9.089147892080943e20
8.985923446178315e20
8.871387114426306e20
8.745324078484714e20
8.60752683876017e20
8.457795673414377e20
8.295939099865974e20
8.121774338296232e20
7.935127776656337e20
7.735835436662144e20
7.523743440250704e20
7.298708475961812e20
7.060598264696942e20
6.809292024297724e20
6.544680932376189e20
6.266668586819668e20
5.975171463384181e20
5.6701193697819564e20
5.3514558956603566e20
5.0191388578629334e20
4.673140740355328e20
4.313449128193789e20
3.940067134907075e20
3.553013822658719e20
3.152324614550838e20
2.7380516984279623e20
2.3102644215354773e20
1.8690496753845348e20
1.414512270174289e20
9.467752981197314e19
4.659804850343207e19
-2.77114704848307e18
-5.341205709189353e19
-1.0530472073865866e20
-1.5842718615457553e20
-2.127554822483339e20
-2.6826359192313505e20
-3.249234269546071e20
-3.827048045579561e20
-4.4157542570684744e20
-5.01500855265687e20
-5.6244450399634666e20
-6.243676124994386e20
-6.872292371494145e20
-7.509862380817054e20
-8.155932692891321e20
-8.810027708835711e20
-9.471649635777611e20
-1.0140278454406916e21
-1.0815371909787897e21
-1.14963655259352e21
-1.2182672644646057e21
-1.2873684489063692e21
-1.3568770252430673e21
-1.426727721247321e21
-1.4968530871838803e21
-1.567183512499085e21
-1.6376472451943812e21
-1.708170413920205e21
-1.778677052824399e21
-1.8490891291871813e21
-1.9193265738723277e21
-1.989307314622012e21
-2.0589473122202343e21
-2.1281605995473855e21
-2.1968593235459194e21
-2.2649537901145343e21
-2.332352511945597e21
-2.3989622593178797e21
-2.464688113853814e21
-2.5294335252477835e21
-2.5931003709689587e21
-2.6555890189394075e21
-2.716798393185046e21
-2.776626042454225e21
-2.834968211795407e21
-2.8917199170825675e21
-2.9467750224735513e21
-3.000026320783616e21
-3.0513656167531345e21
-3.1006838131851033e21
-3.147870999924984e21
-3.1928165456519407e21
-3.2354091924473407e21
-3.275537153102988e21
-3.313088211128208e21
-3.3479498234115004e21
-3.380009225489198e21
-3.409153539370019e21
-3.4352698838611536e21
-3.4582454873380236e21
-3.477967802896517e21
-3.49432462582309e21
-3.507204213314733e21
-3.516495406377462e21
-3.5220877538285815e21
-3.5238716383247126e21
-3.521738404334192e21
-3.515580487969168e21
-3.505291548589517e21
-3.4907666020873934e21
-3.4719021557581055e21
-3.448596344659808e21
-3.4207490693614157e21
-3.388262134975062e21
-3.3510393913664686e21
-3.308986874433542e21
-3.2620129483406636e21
-3.210028448593346e21
-3.152946825835032e21
-3.0906842902452246e21
-3.023159956415402e21
-2.9502959885767e21
-2.872017746050757e21
-2.788253928792815e21
-2.698936722893766e21
-2.6040019459056615e21
-2.503389191853038e21
-2.397041975790341e21
-2.284907877763896e21
-2.1669386860348092e21
-2.0430905394177319e21
-1.9133240685885152e21
-1.7776045362124365e21
-1.6359019757431753e21
-1.488191328741507e21
-1.3344525805613807e21
-1.1746708942501406e21
-1.0088367425085841e21
-8.369460375558554e20
-6.590002587434492e20
-4.750065777620049e20
-2.8497798128431425e20
-8.89333908874933e19
1.1310221990269603e20
3.210977116024681e20
5.350156679525305e20
7.548122884491064e20
9.804372843796701e20
1.2118337785190634e21
1.4489382086407951e21
1.6916802349976293e21
1.9399826519243156e21
2.1937613037144247e21
2.452925004921542e21
2.717375465233945e21
2.987007219069974e21
3.261707560039671e21
3.5413564804162e21
3.82582661575851e21
4.1149831948243923e21
4.4086839949107596e21
4.70677930275507e21
5.009111881129712e21
5.315516941257425e21
5.625822121173619e21
5.939847470157568e21
6.257405439351634e21
6.578300878683665e21
6.902331040204591e21
7.229285587948812e21
7.558946614421686e21
7.891088663813579e21
8.225478762036462e21
8.56187645367384e21
8.900033845931028e21
9.239695659667341e21
9.58059928758775e21
9.922474859665702e21
1.0265045315864677e22
1.06080264862198e22
1.0951127178336597e22
1.1294049272357305e22
1.163648782344077e22
1.1978131171795068e22
1.2318661060297283e22
1.2657752759727852e22
1.299507520164193e22
1.33302911188929e22
1.3663057193818154e22
1.3993024214089683e22
1.4319837236226708e22
1.4643135756760066e22
1.496255389103229e22
1.5277720559609952e22
1.558825968227863e22
1.5893790379583576e22
1.6193927181872637e22
1.6488280245790761e22
1.6776455578168467e22
1.7058055267239915e22
1.7332677721118451e22
1.7599917913451224e22
1.7859367636166358e22
1.8110615759220004e22
1.8353248497242271e22
1.8586849682975034e22
1.8811001047385956e22
1.9025282506337464e22
1.9229272453680487e22
1.942254806063706e22
1.960468558132747e22
1.9775260664291456e22
1.993384866984477e22
2.0080024993106475e22
2.021336539252402e22
2.0333446323717206e22
2.043984527845447e22
2.053214112856812e22
2.060991447460871e22
2.067274799903131e22
2.072022682370036e22
2.0751938871492663e22
2.0767475231771998e22
2.076643052950208e22
2.0748403297758445e22
2.071299635339366e22
2.0659817175604017e22
2.058847828714035e22
2.0498597637898874e22
2.038979899062355e22
2.0261712308444884e22
2.0113974143975237e22
1.9946228029674987e22
1.975812486919985e22
1.954932332943332e22
1.931949023290508e22
1.9068300950289917e22
1.8795439792679377e22
1.8500600403312276e22
1.8183486148447683e22
1.7843810507059683e22
1.7481297459029205e22
1.7095681871506204e22
1.6686709883110949e22
1.6254139285641603e22
1.5797739902951064e22
1.5317293966655805e22
1.4812596488335062e22
1.4283455627878696e22
1.3729693057638663e22
1.3151144322039454e22
1.2547659192300248e22
1.1919102015921537e22
1.1265352060587517e22
1.058630385213662e22
9.881867506250911e21
9.151969053516599e21
8.396550757507059e21
7.61557142554244e21
6.809006711778913e21
5.976849412283895e21
5.119109751753232e21
4.2358156615305386e21
3.3270130485892754e21
2.392766055141875e21
1.4331573085417452e21
4.482881611492156e20
-5.6172108016612645e20
-1.5967309352095973e21
-2.65658254265029e21
-3.741097463530592e21
-4.850077496404418e21
-5.983304504410732e21
-7.140540254580507e21
-8.321526269672976e21
-9.525983692827358e21
-1.0753613165313816e22
-1.2004094717657684e22
-1.3277087674407672e22
-1.4572230572807553e22
-1.5889141095627464e22
-1.72274160184004e22
-1.8586631171303927e22
-1.99663414159162e22
-2.1366080637069494e22
-2.278536175001395e22
-2.422367672309648e22
-2.568049661614878e22
-2.715527163477063e22
-2.864743120068325e22
-3.0156384038319146e22
-3.168151827780238e22
-3.3222201574464028e22
-3.4777781245027123e22
-3.634758442058186e22
-3.793091821646497e22
-3.952706991913971e22
-4.113530719016726e22
-4.275487828734285e22
-4.438501230306343e22
-4.6024919419975144e22
-4.767379118394183e22
-4.933080079435924e22
-5.099510341182977e22
-5.266583648319587e22
-5.434212008392121e22
-5.602305727779129e22
-5.770773449389555e22
-5.9395221920835585e22
-6.1084573918093615e22
-6.2774829444478836e22
-6.4465012503558165e22
-6.61541326059601e22
-6.784118524843041e22
-6.952515240950039e22
-7.12050030616174e22
-7.287969369957033e22
-7.454816888502989e22
-7.620936180700936e22
-7.786219485803502e22
-7.95055802258046e22
-8.11384205000934e22
-8.275960929465694e22
-8.43680318838621e22
-8.596256585376663e22
-8.754208176735013e22
-8.910544384358712e22
-9.065151065003797e22
-9.217913580861993e22
-9.368716871420565e22
-9.517445526568253e22
-9.663983860909464e22
-9.808215989247163e22
-9.950025903193978e22
-1.0089297548869255e23
-1.0225914905638875e23
-1.0359762065853127e23
-1.0490723315536606e23
-1.0618683215983083e23
-1.0743526686206755e23
-1.0865139086200305e23
-1.0983406300948846e23
-1.1098214825147765e23
-1.1209451848571263e23
-1.1317005342037244e23
-1.1420764143913296e23
-1.1520618047107181e23
-1.1616457886484425e23
-1.1708175626654482e23
-1.1795664450066129e23
-1.187881884535157e23
-1.195753469585811e23
-1.2031709368305177e23
-1.2101241801503724e23
-1.216603259507438e23
-1.222598409809969e23
-1.2281000497645335e23
-1.2330987907084441e23
-1.2375854454158501e23
-1.2415510368707743e23
-1.2449868070003401e23
-1.2478842253613752e23
-1.2502349977735333e23
-1.252031074892034e23
-1.253264660713095e23
-1.2539282210050843e23
-1.2540144916584065e23
-1.2535164869471103e23
-1.2524275076951899e23
-1.2507411493405403e23
-1.2484513098895176e23
-1.2455521977550688e23
-1.2420383394713717e23
-1.2379045872779698e23
-1.2331461265663745e23
-1.2277584831821284e23
-1.2217375305753827e23
-1.215079496793022e23
-1.2077809713054368e23
-1.199838911661092e23
-1.1912506499620636e23
-1.1820138991537902e23
-1.1721267591223164e23
-1.161587722592415e23
-1.150395680819993e23
-1.1385499290723018e23
-1.1260501718895253e23
-1.1128965281214238e23
-1.0990895357328014e23
-1.0846301563716513e23
-1.0695197796939358e23
-1.053760227439096e23
-1.0373537572504613e23
-1.0203030662348636e23
-1.002611294255911e23
-9.842820269554371e22
-9.653192984978853e22
-9.45727594032411e22
-9.25511851867734e22
-9.046774653548293e22
-8.832302844728036e22
-8.611766171133706e22
-8.385232300595824e22
-8.152773496545703e22
-7.914466621563209e22
-7.670393137745884e22
-7.420639103863303e22
-7.165295169261464e22
-6.9044565644850225e22
-6.6382230885861436e22
-6.3666990930917365e22
-6.089993462601965e22
-5.808219591995984e22
-5.521495360222357e22
-5.2299431006541755e22
-4.93368956799077e22
-4.632865901690733e22
-4.3276075859228074e22
-4.018054406023679e22
-3.7043504014543313e22
-3.3866438152484303e22
-3.0650870399495637e22
-2.739836560035631e22
-2.4110528908320762e22
-2.0789005139172227e22
-1.7435478090266633e22
-1.4051669824650575e22
-1.0639339920372984e22
-7.200284685125047e21
-3.73633633638309e21
-2.4936214724094198e20
3.25873644184249e21
6.786024745140799e21
1.0330535787321985e22
1.389027129238118e22
1.7463202705512428e22
2.104727224757169e22
2.4640394001743983e22
2.824045503201273e22
3.184531653299285e22
3.5452815010671846e22
3.906076349356445e22
4.266695277377207e22
4.626915267740136e22
4.986511336377964e22
5.345256665286708e22
5.702922738025035e22
6.059279477906941e22
6.41409538882052e22
6.767137698603363e22
7.118172504901893e22
7.466964923440138e22
7.813279238620493e22
8.156879056377038e22
8.497527459198857e22
8.834987163239181e22
9.169020677423231e22
9.499390464465935e22
9.82585910370764e22
1.0148189455674464e23
1.0466144828267247e23
1.0779489144481376e23
1.1087987111557048e23
1.1391404391458173e23
1.1689507772575567e23
1.1982065342548773e23
1.2268846662098173e23
1.2549622939758003e23
1.2824167207398614e23
1.3092254496425054e23
1.3353662014536853e23
1.3608169322932914e23
1.3855558513843548e23
1.409561438827031e23
1.4328124633813217e23
1.455288000246305e23
1.4769674488235992e23
1.4978305504525848e23
1.517857406104911e23
1.537028494025583e23
1.5553246873079654e23
1.5727272713898474e23
1.589217961457738e23
1.6047789197463894e23
1.6193927727205938e23
1.633042628126157e23
1.6457120918970044e23
1.6573852849052364e23
1.6680468595410432e23
1.6776820161092645e23
1.686276519029489e23
1.69381671282647e23
1.7002895378977664e23
1.7056825460454428e23
1.7099839157587745e23
1.713182467234897e23
1.715267677124394e23
1.7162296929889004e23
1.7160593474578758e23
1.7147481720717353e23
1.712288410798673e23
1.7086730332125575e23
1.7038957473194822e23
1.6979510120205285e23
1.6908340491985764e23
1.682540855417028e23
1.6730682132185538e23
1.6624137020120204e23
1.6505757085360267e23
1.6375534368875868e23
1.623346918104754e23
1.6079570192920814e23
1.5913854522781178e23
1.573634781794278e23
1.554708433164751e23
1.5346106994971967e23
1.5133467483643804e23
1.4909226279670274e23
1.4673452727685732e23
1.442622508592565e23
1.4167630571739851e23
1.3897765401558234e23
1.3616734825227572e23
1.332465315463871e23
1.3021643786568541e23
1.2707839219663048e23
1.2383381065492364e23
1.2048420053610414e23
1.1703116030556893e23
1.1347637952741694e23
1.0982163873156627e23
1.060688092186144e23
1.022198528019652e23
9.827682148677187e22
9.424185708529791e22
9.011719076831933e22
8.590514255224911e22
8.160812072169384e22
7.722862118720644e22
7.2769226778020975e22
6.823260646961785e22
6.362151454600471e22
5.893878969663194e22
5.41873540479202e22
4.9370212129410065e22
4.449044977460115e22
3.955123295657524e22
3.4555806558562485e22
2.950749307963935e22
2.4409691275810367e22
1.9265874736749168e22
1.407959039854404e22
8.854456992822247e21
3.59416343268963e21
-1.6975328640501474e21
-7.016807713864889e21
-1.2359771968089478e22
-1.7722473374523184e22
-2.3100898499374107e22
-2.8490974708833574e22
-3.388857220952644e22
-3.928950614702665e22
-4.468953876159412e22
-5.008438160022919e22
-5.546969778410313e22
-6.084110433036745e22
-6.619417452731368e22
-7.1524440361794485e22
-7.68273949977828e22
-8.209849530488689e22
-8.733316443561654e22
-9.252679445012827e22
-9.767474898715044e22
-1.0277236597973238e23
-1.0781496041443568e23
-1.1279782713252612e23
-1.1771624367169854e23
-1.2256547314680915e23
-1.2734076716807086e23
-1.3203736879510926e23
-1.366505155252487e23
-1.411754423143512e23
-1.4560738462850772e23
-1.4994158152483154e23
-1.5417327875957003e23
-1.5829773192172796e23
-1.6231020959034587e23
-1.662059965135585e23
-1.6998039680751235e23
-1.736287371732084e23
-1.7714637012928908e23
-1.8052867725877403e23
-1.837710724677073e23
-1.8686900525367244e23
-1.8981796398208395e23
-1.926134791681613e23
-1.952511267624471e23
-1.977265314377347e23
-2.000353698752256e23
-2.02173374047738e23
-2.0413633449775497e23
-2.059201036080976e23
-2.0752059886298472e23
-2.0893380609723097e23
-2.101557827313203e23
-2.1118266099008756e23
-2.120106511027256e23
-2.1263604448182834e23
-2.1305521687917573e23
-2.132646315159647e23
-2.1326084218518068e23
-2.1304049632380538e23
-2.1260033805255914e23
-2.119372111808729e23
-2.1104806217479476e23
-2.0992994308552888e23
-2.0858001443632322e23
-2.0699554806542474e23
-2.0517392992283018e23
-2.0311266281856846e23
-2.0080936912027113e23
-1.982617933977947e23
-1.954678050126804e23
-1.9242540065024233e23
-1.891327067921133e23
-1.855879821270815e23
-1.8178961989808014e23
-1.7773615018321726e23
-1.7342624210875806e23
-1.6885870599199513e23
-1.6403249541197744e23
-1.5894670920609347e23
-1.5360059339053913e23
-1.479935430027408e23
-1.421251038638136e23
-1.359949742592163e23
-1.2960300653575694e23
-1.2294920861317303e23
-1.1603374540853722e23
-1.0885694017179066e23
-1.0141927573074226e23
-9.37213956439335e22
-8.576410525978294e22
-7.754837268052311e22
-6.907532962944611e22
-6.034627222005073e22
-5.136266162573237e22
-4.212612464870845e22
-3.263845418693001e22
-2.2901609597786376e22
-1.2917716957475692e22
-2.689069214944809e21
7.781873760585998e21
1.8492485239487792e22
2.9439971799857405e22
4.062137360475005e22
5.203356478926623e22
6.36732539581919e22
7.55369847948062e22
8.762113678143898e22
9.992192603223602e22
1.1243540623857336e23
1.251574697274592e23
1.3808384863320093e23
1.512101161825413e23
1.64531688093395e23
1.7804382408723065e23
1.917416295151087e23
2.056200570972429e23
2.1967390877594683e23
2.3389783768170436e23
2.4828635021204827e23
2.6283380822284544e23
2.775344313315124e23
2.9238229933160866e23
3.073713547181624e23
3.224954053230509e23
3.377481270596036e23
3.5312306677559005e23
3.686136452136376e23
3.8421316007805314e23
3.999147892069477e23
4.157115938484831e23
4.3159652203996734e23
4.4756241208849615e23
4.636019961516804e23
4.7970790391699426e23
4.958726663781694e23
5.1208871970698316e23
5.283484092187218e23
5.4464399342951985e23
5.6096764820368864e23
5.773114709891221e23
5.9366748513871e23
6.100276443156973e23
6.263838369808097e23
6.427278909589115e23
6.590515780828846e23
6.753466189123479e23
6.916046875247705e23
7.07817416376481e23
7.239764012309631e23
7.400732061518153e23
7.560993685576583e23
7.720464043362168e23
7.879058130147504e23
8.036690829839267e23
8.193276967722071e23
8.348731363677066e23
8.502968885845122e23
8.655904504702855e23
8.807453347520293e23
8.957530753167711e23
9.106052327239084e23
9.252933997458936e23
9.398092069339104e23
9.541443282051141e23
9.682904864480314e23
9.822394591425949e23
9.959830839913145e23
1.0095132645580256e24
1.022821975910623e24
1.0359012702641574e24
1.0487432826206517e24
1.0613402364019419e24
1.0736844490718793e24
1.0857683377441232e24
1.0975844247718127e24
1.1091253433153451e24
1.1203838428844848e24
1.13135279485101e24
1.1420251979281013e24
1.1523941836126591e24
1.1624530215867273e24
1.1721951250742311e24
1.1816140561491686e24
1.1907035309914737e24
1.1994574250867196e24
1.2078697783658565e24
1.2159348002811878e24
1.2236468748147993e24
1.2310005654156627e24
1.23799061986167e24
1.2446119750428495e24
1.250859761662054e24
1.2567293088494418e24
1.2622161486870706e24
1.2673160206399893e24
1.2720248758902128e24
1.2763388815700314e24
1.2802544248911142e24
1.2837681171659252e24
1.2868767977180133e24
1.2895775376777665e24
1.2918676436602937e24
1.2937446613221167e24
1.2952063787934542e24
1.2962508299828704e24
1.296876297751188e24
1.2970813169515698e24
1.2968646773327798e24
1.2962254263026613e24
1.2951628715489753e24
1.2936765835147668e24
1.2917663977255667e24
1.2894324169657325e24
1.2866750133013708e24
1.283494829947325e24
1.2798927829758376e24
1.275870062864514e24
1.2714281358813698e24
1.2665687453047824e24
1.261293912476297e24
1.2556059376842832e24
1.2495074008765853e24
1.2430011622003516e24
1.2360903623673884e24
1.228778422843419e24
1.2210690458597726e24
1.212966214246121e24
1.2044741910829878e24
1.195597519172851e24
1.186341020328773e24
1.1767097944796206e24
1.1667092185910167e24
1.1563449454012997e24
1.1456229019718819e24
1.1345492880514875e24
1.123130574253916e24
1.1113735000490351e24
1.0992850715668695e24
1.0868725592147592e24
1.0741434951076716e24
1.0611056703118864e24
1.0477671319023791e24
1.0341361798343809e24
1.0202213636296705e24
1.00603147887832e24
9.915755635567115e23
9.768628941628051e23
9.61902981669689e23
9.467055672986627e23
9.312806181131511e23
9.156383224349255e23
8.997890850841911e23
8.837435224452582e23
8.675124573596151e23
8.511069138483812e23
8.345381116661908e23
8.178174606887149e23
8.009565551361634e23
7.839671676352083e23
7.668612431218869e23
7.49650892588191e23
7.323483866751436e23
7.149661491153104e23
6.975167500277834e23
6.800128990687965e23
6.62467438441276e23
6.448933357667217e23
6.273036768229124e23
6.097116581510784e23
5.921305795362624e23
5.745738363647298e23
5.57054911862362e23
5.395873692180853e23
5.2218484359651123e23
5.0486103404404964e23
4.876296952928307e23
4.7050462946692116e23
4.5349967769536665e23
4.366287116367318e23
4.199056249198429e23
4.033443245055911e23
3.869587219746691e23
3.707627247462843e23
3.5477022723287776e23
3.389951019360231e23
3.23451190488741e23
3.0815229464950704e23
2.9311216725334082e23
2.783445031254069e23
2.638629299626229e23
2.4968099918884327e23
2.3581217678922892e23
2.2226983412947052e23
2.0906723876560566e23
1.9621754525017207e23
1.8373378594053055e23
1.7162886181520734e23
1.5991553330413386e23
1.4860641113872879e23
1.3771394722776174e23
1.2725042556498265e23
1.1722795317452369e23
1.0765845110009336e23
9.855364544399784e22
8.992505846204822e22
8.178399972039849e22
7.414155732038339e22
6.70085891974109e22
6.039571449997839e22
5.4313305054839686e22
4.877147692438422e22
4.37800820622324e22
3.934870007305982e22
3.548663008262141e22
3.220288272392995e22
2.950617224550561e22
2.7404908747584046e22
2.5907190552119053e22
2.502079671238647e22
2.4753179667936806e22
2.511145805059923e22
2.610240964717992e22
2.773246452443892e22
3.0007698321868033e22
3.293382571771869e22
3.65161940736679e22
4.07597772634191e22
4.56691696904715e22
5.124858050019397e22
5.7501827991263074e22
6.443233423142713e22
7.20431198824642e22
8.033679923910622e22
8.931557548658999e22
9.898123618141344e22
1.093351489597217e23
1.2037825747768581e23
1.321110775880801e23
1.4453369375716748e23
1.5764575572585705e23
1.7144647541899957e23
1.8593462410651804e23
2.0110852981998915e23
2.169660750280796e23
2.3350469457418564e23
2.507213738794114e23
2.6861264741392106e23
2.871745974395143e23
3.064028530261606e23
3.2629258934503106e23
3.468385272404649e23
3.680349330830629e23
3.898756189060365e23
4.123539428266996e23
4.3546280975486205e23
4.5919467238969004e23
4.835415325064547e23
5.084949425343919e23
5.3404600742672454e23
5.6018538682373855e23
5.869032975095952e23
6.141895161634066e23
6.420333824049133e23
6.704238021348882e23
6.993492511702701e23
7.287977791737705e23
7.587570138775594e23
7.892141656004312e23
8.201560320576524e23
8.515690034625152e23
8.834390679184412e23
9.157518171002324e23
9.484924522229616e23
9.816457902967352e23
1.0151962706653484e24
1.0491279618267927e24
1.0834245685331845e24
1.1180694391676801e24
1.1530455733955982e24
1.1883356300869094e24
1.2239219355069537e24
1.259786491772129e24
1.2959109855670535e24
1.3322767971195494e24
1.3688650094296222e24
1.4056564177483573e24
1.4426315393025215e24
1.4797706232604945e24
1.5170536609349008e24
1.5544603962172136e24
1.5919703362393355e24
1.6295627622570718e24
1.667216740750196e24
1.7049111347336158e24
1.742624615273996e24
1.7803356732060622e24
1.8180226310425773e24
1.8556636550718872e24
1.8932367676366955e24
1.9307198595876542e24
1.9680907029051603e24
2.0053269634825899e24
2.0424062140640487e24
2.0793059473296425e24
2.116003589121033e24
2.1524765117999888e24
2.1887020477324384e24
2.224657502890484e24
2.2603201705646177e24
2.2956673451783714e24
2.3306763361973708e24
2.365324482124807e24
2.3995891645751125e24
2.4334478224175973e24
2.466877965981632e24
2.4998571913149655e24
2.5323631944865833e24
2.564373785925472e24
2.595866904786578e24
2.6268206333351615e24
2.6572132113406755e24
2.687023050471231e24
2.716228748679682e24
2.7448091045722666e24
2.772743131750712e24
2.8000100731186614e24
2.8265894151432723e24
2.8524609020627386e24
2.8776045500305464e24
2.9020006611871554e24
2.9256298376498857e24
2.9484729954116915e24
2.97051137813956e24
2.991726570863224e24
3.012100513544943e24
3.03161551452107e24
3.050254263806168e24
3.0679998462504507e24
3.084835754541371e24
3.1007459020402055e24
3.1157146354445276e24
3.1297267472675074e24
3.142767488125044e24
3.154822578821803e24
3.1658782222272564e24
3.175921114932954e24
3.1849384586823016e24
3.1929179715641963e24
3.199847898962007e24
3.20571702424943e24
3.210514679224878e24
3.214230754276199e24
3.216855708267578e24
3.2183805781406453e24
3.218796988221904e24
3.218097159228763e24
3.2162739169665665e24
3.21332070070916e24
3.209231571255706e24
3.2040012186565684e24
3.197624969601323e24
3.190098794462029e24
3.18141931398514e24
3.1715838056255537e24
3.160590209516531e24
3.1484371340693607e24
3.135123861196885e24
3.1206503511551023e24
3.1050172469974207e24
3.0882258786361817e24
3.0702782665063954e24
3.05117712482678e24
3.0309258644534614e24
3.009528595321877e24
2.9869901284727146e24
2.963315977657818e24
2.938512360522436e24
2.9125861993602313e24
2.885545121437814e24
2.857397458885804e24
2.828152248153656e24
2.797819229025725e24
2.766408843196391e24
2.733932232402134e24
2.7004012361089876e24
2.6658283887538104e24
2.630226916538222e24
2.5936107337742855e24
2.5559944387813087e24
2.517393309333368e24
2.4778232976574843e24
2.437301024982673e24
2.3958437756402355e24
2.3534694907161816e24
2.3101967612567298e24
2.266044821028223e24
2.2210335388330946e24
2.1751834103837486e24
2.128515549736544e24
2.0810516802883972e24
2.032814125338639e24
1.983825798219328e24
1.9341101919972357e24
1.8836913687511763e24
1.8325939484285651e24
1.780843097285416e24
1.728464515914234e24
1.6754844268646299e24
1.6219295618615602e24
1.567827148626707e24
1.5132048973084613e24
1.4580909865264686e24
1.402514049036867e24
1.346503157024678e24
1.290087807030034e24
1.233297904515253e24
1.1761637480800057e24
1.1187160133320042e24
1.0609857364211167e24
1.0030042972448438e24
9.448034023334562e23
8.864150674233411e23
8.278715997273275e23
7.692055799110102e23
7.104498437843859e23
6.516374637181561e23
5.928017297946116e23
5.339761307029195e23
4.7519433438902056e23
4.164901684705342e23
3.578976004272556e23
2.9945071757805222e23
2.4118370685520398e23
1.8313083438725194e23
1.2532642490192513e23
6.780484096057539e22
1.0600462035913315e22
-4.62523365550468e22
-1.0271920485075813e23
-1.5876583956538904e23
-2.1435800551718383e23
-2.6946155715234167e23
-3.2404246015189793e23
-3.780668131086182e23
-4.315008692611363e23
-4.843110582722466e23
-5.3646400803821503e23
-5.879265665158764e23
-6.386658235541885e23
-6.886491327167758e23
-7.378441330820958e23
-7.86218771007495e23
-8.337413218436517e23
-8.80380411585681e23
-9.261050384471855e23
-9.708845943434902e23
-1.0146888862702824e24
-1.0574881575637922e24
-1.0992531090288288e24
-1.1399549199206705e24
-1.1795652687671215e24
-1.218056354016875e24
-1.2554009145004223e24
-1.2915722496897386e24
-1.3265442397430488e24
-1.3602913653210044e24
-1.3927887271606524e24
-1.4240120653937243e24
-1.4539377785956762e24
-1.4825429425521736e24
-1.509805328729734e24
-1.5357034224373002e24
-1.5602164406657044e24
-1.5833243495920484e24
-1.6050078817361675e24
-1.6252485527565266e24
-1.6440286778729275e24
-1.661331387903679e24
-1.6771406449050173e24
-1.6914412574006539e24
-1.7042188951896246e24
-1.7154601037206993e24
-1.7251523180218866e24
-1.733283876173739e24
-1.7398440323153295e24
-1.7448229691720779e24
-1.7482118100948e24
-1.7500026305995416e24
-1.7501884693980513e24
-1.748763338909043e24
-1.7457222352405234e24
-1.7410611476338512e24
-1.7347770673604302e24
-1.7268679960622106e24
-1.7173329535274313e24
-1.7061719848934294e24
-1.6933861672684933e24
-1.6789776157652527e24
-1.662949488938173e24
-1.6453059936182332e24
-1.6260523891381024e24
-1.6051949909415274e24
-1.5827411735708645e24
-1.558699373027195e24
-1.5330790884976546e24
-1.5058908834451513e24
-1.4771463860557455e24
-1.446858289039643e24
-1.4150403487818385e24
-1.3817073838390215e24
-1.3468752727796327e24
-1.3105609513643802e24
-1.2727824090649045e24
-1.2335586849186898e24
-1.1929098627186158e24
-1.1508570655362078e24
-1.107422449577631e24
-1.0626291973722684e24
-1.0165015102939134e24
-9.690646004150615e23
-9.203446816952457e23
-8.703689605046832e23
-8.191656254849514e23
-7.667638367489876e23
-7.131937144227477e23
-6.584863265316551e23
-6.026736762352231e23
-5.4578868841361065e23
-4.878651956104207e23
-4.289379233362615e23
-3.690424747383709e23
-3.082153146415172e23
-2.4649375296627435e23
-1.839159275308978e23
-1.2052078624357183e23
-5.634806869213499e22
8.561712861124447e21
7.416729307175247e22
1.4042667368390667e23
2.0729714427115528e23
2.7473530353792032e23
3.426970811720921e23
4.1113776023887573e23
4.8001200010549506e23
5.492738598860603e23
6.188768223955719e23
6.88773818601364e23
7.589172525604631e23
8.292590268304169e23
8.997505683411069e23
9.703428547146768e23
1.0409864410202115e24
1.1116314869496386e24
1.1822277844009542e24
1.252724785454296e24
1.3230716307265597e24
1.3932171780894602e24
1.4631100317358867e24
1.532698571579051e24
1.6019309829686125e24
1.6707552867077007e24
1.7391193693545394e24
1.8069710137918596e24
1.8742579300474848e24
1.940927786348755e24
2.0069282403935012e24
2.072206970819938e24
2.1367117088576996e24
2.2003902701418978e24
2.2631905866721226e24
2.325060738897694e24
2.3859489879108746e24
2.44580380772902e24
2.504573917646841e24
2.56220831463965e24
2.6186563057983584e24
2.673867540776954e24
2.727792044232764e24
2.780380248240213e24
2.831583024658186e24
2.881351717431328e24
2.929638174805424e24
2.976394781436991e24
3.021574490377118e24
3.0651308549096613e24
3.1070180602236053e24
3.1471909548998547e24
3.1856050821922196e24
3.222216711082723e24
3.2569828670911987e24
3.289861362819288e24
3.320810828208919e24
3.3497907404954964e24
3.376761453835927e24
3.401684228592002e24
3.4245212602494404e24
3.4452357079531645e24
3.463791722639521e24
3.480154474746202e24
3.494290181480887e24
3.506166133629665e24
3.5157507218865243e24
3.523013462685468e24
3.527925023516843e24
3.5304572477098187e24
3.530583178663089e24
3.528277083506166e24
3.523514476173877e24
3.5162721398768345e24
3.5065281489510607e24
3.494261890070177e24
3.4794540828038066e24
3.462086799506204e24
3.44214348451945e24
3.419608972675808e24
3.394469507084294e24
3.3667127561867153e24
3.33632783006889e24
3.3033052960131707e24
3.26763719327863e24
3.229317047095802e24
3.188339881863187e24
3.1447022335331827e24
3.0984021611755065e24
3.049439257706653e24
2.9978146597741987e24
2.943531056785532e24
2.886592699070714e24
2.827005405169846e24
2.764776568235714e24
2.699915161543011e24
2.6324317430958426e24
2.5623384593259185e24
2.489649047873943e24
2.4143788394477958e24
2.336544758751072e24
2.2561653244764195e24
2.173260648358494e24
2.0878524332819513e24
1.9999639704403953e24
1.9096201355428005e24
1.8168473840644893e24
1.7216737455400886e24
1.6241288168969134e24
1.524243754827292e24
1.4220512671992266e24
1.3175856035052736e24
1.2108825443500522e24
1.1019793899774852e24
9.909149478394102e23
8.777295192075658e23
7.624648848320703e23
6.4516428964951e23
5.258724265447336e23
4.04635419170859e23
2.815008038326519e23
1.5651751043905515e23
2.9735842531186974e22
-9.87925436074379e22
-2.2901466075066277e23
-3.6087621343156656e23
-4.943216215376971e23
-6.29294044790461e23
-7.657354080987331e23
-9.035864277763802e23
-1.0427866386127127e24
-1.1832744217841428e24
-1.324987033595283e24
-1.4678606350363811e24
-1.6118303221441734e24
-1.7568301571522815e24
-1.902793200416705e24
-2.0496515431017642e24
-2.1973363406109148e24
-2.3457778467464992e24
-2.4949054485822146e24
-2.644647702031015e24
-2.794932368091202e24
-2.9456864497527156e24
-3.096836229545049e24
-3.2483073077080516e24
-3.4000246409660745e24
-3.551912581885574e24
-3.7038949187961064e24
-3.8558949162535945e24
-4.0078353560249603e24
-4.1596385785724387e24
-4.311226525015458e24
-4.4625207795478383e24
-4.61344261228739e24
-4.76391302253477e24
-4.913852782417995e24
-5.063182480898924e24
-5.211822568117163e24
-5.359693400047138e24
-5.506715283443228e24
-5.652808521047992e24
-5.797893457037919e24
-5.941890522681002e24
-6.084720282180119e24
-6.226303478676187e24
-6.366561080384383e24
-6.505414326836866e24
-6.642784775205255e24
-6.778594346675679e24
-6.912765372849226e24
-7.045220642140471e24
-7.175883446146479e24
-7.304677625958867e24
-7.431527618390991e24
-7.556358502092474e24
-7.67909604352339e24
-7.799666742759912e24
-7.917997879103617e24
-8.034017556466397e24
-8.147654748502894e24
-8.258839343462679e24
-8.367502188734002e24
-8.473575135051209e24
-8.576991080338164e24
-8.677684013159672e24
-8.775589055753376e24
-8.870642506614487e24
-8.962781882605939e24
-9.051945960566664e24
-9.138074818390968e24
-9.2211098755519e24
-9.300993933041939e24
-9.377671212704661e24
-9.451087395930759e24
-9.5211896616927e24
-9.587926723892014e24
-9.65124886799391e24
-9.711107986923933e24
-9.76745761620176e24
-9.820252968287775e24
-9.86945096611804e24
-9.915010275803962e24
-9.95689133847325e24
-9.995056401229024e24
-1.002946954720455e25
-1.0060096724691396e25
-1.0086905775319195e25
-1.0109866461265914e25
-1.012895049147756e25
-1.0144131546877298e25
-1.0155385304543928e25
-1.0162689460840623e25
-1.0166023753475005e25
-1.0165369982472519e25
-1.0160712030045334e25
-1.0152035879339757e25
-1.013932963204566e25
-1.0122583524852053e25
-1.010178994473355e25
-1.0076943443052948e25
-1.0048040748466186e25
-1.0015080778616043e25
-9.978064650601964e24
-9.936995690214122e24
-9.891879439920148e24
-9.842723665593991e24
-9.789538361976979e24
-9.732335756861696e24
-9.671130313990251e24
-9.605938734659183e24
-9.536779958023675e24
-9.463675160095124e24
-9.386647751426145e24
-9.305723373478388e24
-9.220929893669055e24
-9.132297399092847e24
-9.039858188916662e24
-8.943646765445774e24
-8.843699823859757e24
-8.740056240618987e24
-8.632757060541296e24
-8.521845482551237e24
-8.407366844103356e24
-8.289368604282838e24
-8.16790032558764e24
-8.043013654396083e24
-7.914762300126134e24
-7.783202013091745e24
-7.648390561064332e24
-7.510387704546106e24
-7.369255170765124e24
-7.225056626400463e24
-7.077857649048384e24
-6.927725697440668e24
-6.774730080426273e24
-6.618941924730037e24
-6.460434141500597e24
-6.299281391663196e24
-6.135560050090871e24
-5.969348168611244e24
-5.80072543786442e24
-5.629773148029581e24
-5.456574148438978e24
-5.281212806096865e24
-5.103774963124463e24
-4.924347893149668e24
-4.7430202566640454e24
-4.5598820553675096e24
-4.375024585523836e24
-4.1885403903503577e24
-4.0005232114645424e24
-3.811067939413478e24
-3.620270563309739e24
-3.4282281196010527e24
-3.2350386399985804e24
-3.0408010985923125e24
-2.845615358180216e24
-2.649582115839499e24
-2.452802847769665e24
-2.2553797534352702e24
-2.0574156990400053e24
-1.859014160360831e24
-1.660279164974958e24
-1.4613152339092844e24
-1.2622273227461908e24
-1.0631207622165245e24
-8.641011983134001e23
-6.652745319606194e23
-4.667468582681293e23
-2.686244054103621e23
-7.101347316022347e22
1.2597962888470155e23
3.2224864334976635e23
5.1768742736870916e23
7.121900150705078e23
9.056506802328011e23
1.0979639990638566e24
1.289024913078153e24
1.4787287920270383e24
1.6669714968490038e24
1.8536494426008382e24
2.0386596613335025e24
2.2218998648747065e24
2.4032685074800022e24
2.582664848316028e24
2.7599890137364206e24
2.935142059314324e24
3.1080260315918443e24
3.278544029510374e24
3.4466002654822706e24
3.6121001260674204e24
3.7749502322164165e24
3.935058499042258e24
4.092334195084274e24
4.246688001025377e24
4.398032067826964e24
4.546280074242966e24
4.691347283677394e24
4.833150600348292e24
4.971608624721321e24
5.106641708178018e24
5.238172006881562e24
5.366123534806028e24
5.490422215892616e24
5.610995935299471e24
5.727774589709449e24
5.840690136662921e24
5.949676642881695e24
6.054670331550576e24
6.155609628525021e24
6.252435207431547e24
6.345090033630639e24
6.433519407009814e24
6.517671003577703e24
6.597494915828039e24
6.672943691845262e24
6.743972373122679e24
6.810538531064844e24
6.872602302147734e24
6.930126421708942e24
6.983076256343001e24
7.031419834875651e24
7.075127877893321e24
7.114173825803719e24
7.148533865404382e24
7.178186954937554e24
7.203114847609455e24
7.22330211355388e24
7.238736160219913e24
7.24940725116551e24
7.255308523238363e24
7.256436002127412e24
7.252788616268675e24
7.244368209089794e24
7.231179549579689e24
7.213230341168955e24
7.190531228909408e24
7.163095804940589e24
7.130940612233186e24
7.094085146599585e24
7.052551856962962e24
7.006366143877477e24
6.955556356293088e24
6.900153786559259e24
6.840192663663174e24
6.775710144699105e24
6.706746304566306e24
6.633344123894261e24
6.555549475194877e24
6.473411107242218e24
6.386980627682048e24
6.296312483873432e24
6.201463941966794e24
6.102495064223235e24
5.999468684581237e24
5.892450382477935e24
5.78150845493298e24
5.66671388690473e24
5.548140319928608e24
5.425864019049374e24
5.299963838059797e24
5.170521183059153e24
5.037619974346358e24
4.901346606663315e24
4.761789907805001e24
4.619041095614775e24
4.473193733382757e24
4.3243436836679397e24
4.172589060564438e24
4.01803018043407e24
3.8607695111279175e24
3.700911619721053e24
3.538563118784908e24
3.373832611223787e24
3.206830633701746e24
3.0376695986878716e24
2.866463735148897e24
2.693329027918421e24
2.5183831557737043e24
2.341745428251228e24
2.163536721233424e24
1.983879411340194e24
1.802897309158602e24
1.6207155913463565e24
1.4374607316443202e24
1.2532604308350185e24
1.0682435456840288e24
8.82540016902852e23
6.962807961714561e23
5.0959777226085445e23
3.226236962952887e23
1.3549210619519598e23
-5.16627496572049e22
-2.3870598948785342e23
-4.255021758931069e23
-6.119153942511504e23
-7.978093317384235e23
-9.830473569062235e23
-1.1674925997730585e24
-1.3510080323864528e24
-1.5334565498086737e24
-1.7147010514795356e24
-1.894604522909645e24
-2.0730301176566654e24
-2.2498412395367167e24
-2.4249016250233167e24
-2.598075425785277e24
-2.7692272913150327e24
-2.9382224515984015e24
-3.1049267997769774e24
-3.269206974753526e24
-3.4309304436914315e24
-3.5899655843577655e24
-3.74618176726129e24
-3.8994494375348413e24
-4.0496401965125775e24
-4.1966268829521943e24
-4.3402836538521697e24
-4.480486064814292e24
-4.6171111499018634e24
-4.750037500943393e24
-4.879145346232974e24
-5.004316628577457e24
-5.125435082641417e24
-5.242386311540921e24
-5.355057862637381e24
-5.463339302483016e24
-5.567122290870007e24
-5.66630065393502e24
-5.760770456272342e24
-5.850430072008153e24
-5.935180254789476e24
-6.014924206641602e24
-6.089567645648505e24
-6.159018872410813e24
-6.223188835237245e24
-6.281991194024699e24
-6.335342382784495e24
-6.383161670771401e24
-6.425371222173341e24
-6.461896154320804e24
-6.492664594374555e24
-6.517607734452549e24
-6.536659885155691e24
-6.54975852745543e24
-6.55684436290425e24
-6.557861362133469e24
-6.552756811601675e24
-6.541481358559118e24
-6.523989054194424e24
-6.500237394929743e24
-6.470187361833065e24
-6.433803458115752e24
-6.391053744686227e24
-6.341909873729491e24
-6.286347120285809e24
-6.224344411800566e24
-6.155884355619921e24
-6.080953264408114e24
-5.999541179461485e24
-5.91164189189865e24
-5.817252961703815e24
-5.716375734604869e24
-5.6090153567662e24
-5.495180787279169e24
-5.374884808434513e24
-5.248144033760247e24
-5.114978913812961e24
-4.975413739708312e24
-4.8294766443813504e24
-4.6771996015648286e24
-4.5186184224789696e24
-4.353772750223838e24
-4.1827060518690475e24
-4.0054656082371224e24
-3.822102501375424e24
-3.632671599717258e24
-3.4372315409292944e24
-3.2358447124487107e24
-3.028577229709991e24
-2.815498912067479e24
-2.5966832564169627e24
-2.3722074085235196e24
-2.142152132064431e24
-1.9066017753944667e24
-1.665644236046796e24
-1.4193709229790276e24
-1.1678767165805045e24
-9.112599264536596e23
-6.496222469865787e23
-3.8306871073539976e23
-1.1170763963337973e23
1.6434940595012797e23
4.449876802818511e23
7.300893074418136e23
1.0195333385840117e24
1.3131958112517537e24
1.6109498107228602e24
1.9126655333551221e24
2.2182103519013415e24
2.527448882765123e24
2.840243055162021e24
3.156452182155447e24
3.475933033529242e24
3.7985399104638677e24
4.124124721975805e24
4.45253706308383e24
4.783624294661616e24
5.117231624934491e24
5.453202192580829e24
5.791377151391671e24
6.131595756447485e24
6.47369545176343e24
6.817511959359298e24
7.162879369705353e24
7.509630233494771e24
7.857595654695505e24
8.206605384828013e24
8.556487918420653e24
8.907070589587157e24
9.258179669676215e24
9.609640465936039e24
9.961277421141356e24
1.0312914214126367e25
1.06643738611661e25
1.1015478818151494e25
1.1366051083497263e25
1.1715912301727178e25
1.2064883867674466e25
1.2412787031240562e25
1.275944300264898e25
1.310467305813578e25
1.3448298646014275e25
1.379014149305113e25
1.4130023711094068e25
1.4467767903885413e25
1.480319727400158e25
1.5136135729852101e25
1.5466407992677047e25
1.5793839703477838e25
1.611825752981649e25
1.6439489272421394e25
1.675736397153213e25
1.707171201292197e25
1.7382365233530446e25
1.7689157026644218e25
1.7991922446559044e25
1.829049831266035e25
1.8584723312857238e25
1.8874438106304653e25
1.915948542535175e25
1.943971017664992e25
1.9714959541359505e25
1.998508307438909e25
2.024993280260703e25
2.050936332195997e25
2.0763231893438083e25
2.101139853782432e25
2.1253726129165807e25
2.149008048690808e25
2.1720330466629904e25
2.194434804932123e25
2.2162008429142988e25
2.237319009961217e25
2.257777493815397e25
2.277564828896318e25
2.296669904412064e25
2.315081972290736e25
2.3327906549263756e25
2.349785952733897e25
2.3660582515079017e25
2.3815983295800746e25
2.3963973647702306e25
2.41044694112599e25
2.423739055446189e25
2.436266123583406e25
2.4480209865208293e25
2.4589969162191e25
2.4691876212285996e25
2.478587252063052e25
2.4871904063301678e25
2.4949921336154267e25
2.5019879401150624e25
2.508173793014483e25
2.513546124608605e25
2.518101836160517e25
2.5218383014952663e25
2.52475337032548e25
2.5268453713058794e25
2.5281131148137478e25
2.5285558954526424e25
2.5281734942767763e25
2.5269661807336673e25
2.5249347143227632e25
2.522080345967969e25
2.5184048191021423e25
2.513910370461779e25
2.5085997305902884e25
2.5024761240484285e25
2.4955432693306093e25
2.487805378486029e25
2.4792671564436473e25
2.469933800040283e25
2.4598109967512837e25
2.4489049231233075e25
2.4372222429090564e25
2.4247701049038815e25
2.411556140484371e25
2.3975884608493192e25
2.38287565396344e25
2.367426781204617e25
2.351251373715433e25
2.334359428460107e25
2.316761403987976e25
2.298468215904901e25
2.2794912320542873e25
2.2598422674092807e25
2.2395335786782443e25
2.2185778586254887e25
2.1969882301096438e25
2.1747782398420454e25
2.1519618518678643e25
2.1285534407726987e25
2.1045677846177028e25
2.080020057606386e25
2.05492582248637e25
2.0293010226897196e25
2.0031619742153906e25
1.9765253572577833e25
1.9494082075852682e25
1.9218279076729838e25
1.8938021775941886e25
1.8653490656746359e25
1.8364869389147307e25
1.807234473184153e25
1.777610643194064e25
1.7476347122518604e25
1.7173262218039197e25
1.6867049807715754e25
1.6557910546860411e25
1.624604754627915e25
1.593166625977068e25
1.561497436979023e25
1.529618167133768e25
1.4975499954134248e25
1.4653142883149596e25
1.4329325877545848e25
1.4004265988103756e25
1.3678181773197974e25
1.3351293173391178e25
1.3023821384714583e25
1.2695988730707438e25
1.2368018533284995e25
1.2040134982509514e25
1.1712563005335422e25
1.138552813340569e25
1.1059256369972017e25
1.0733974056016187e25
1.0409907735649682e25
1.0087284020867598e25
9.766329455736888e24
9.447270380095553e24
9.13033279284484e24
8.815742214911879e24
8.503723551964047e24
8.194500956957705e24
7.888297692599526e24
7.585335993804181e24
7.285836930230368e24
6.990020268976012e24
6.698104337517063e24
6.410305886970317e24
6.126839955765583e24
5.847919733807336e24
5.573756427211097e24
5.304559123695733e24
5.040534658715049e24
4.781887482411825e24
4.5288195274754576e24
4.281530077986882e24
4.040215639331601e24
3.805069809263291e24
3.576283150198575e24
3.354043062824051e24
3.138533661096451e24
2.929935648714589e24
2.7284261971437995e24
2.5341788252699487e24
2.3473632807627044e24
2.168145423223494e24
1.9966871091962413e24
1.833146079115366e24
1.677675846266314e24
1.5304255878327697e24
1.391540038102536e24
1.2611593839052445e24
1.1394191623513605e24
1.0264501609434462e24
9.223783201272503e23
8.273246383508463e23
7.414050796973066e23
6.647304841561168e23
5.9740648059689536e23
5.395334025073259e23
4.912062065563577e23
4.5251439404165825e23
4.235419352794407e23
4.043671969926838e23
3.950628727525287e23
3.9569591652600203e23
4.0632747938135656e23
4.2701284940089144e23
4.578013948491945e23
4.987365106431055e23
5.498555681678822e23
6.111898684821375e23
6.827645989524022e23
7.645987933562452e23
8.567052954907537e23
9.590907263216222e23
1.0717554547056529e24
1.194693571718041e24
1.3278928686130062e24
1.4713348184452789e24
1.6249945613767025e24
1.788840893691256e24
1.962836260539085e24
2.1469367524273636e24
2.3410921054755923e24
2.5452457054481345e24
2.7593345955772053e24
2.9832894881849277e24
3.217034780112921e24
3.4604885719643156e24
3.713562691161009e24
3.9761627188174887e24
4.248188020429093e24
4.529531780371828e24
4.820081040206462e24
5.119716740780024e24
5.428313768112516e24
5.745741003057451e24
6.071861374719837e24
6.406531917614396e24
6.749603832544963e24
7.100922551181512e24
7.460327804312165e24
7.827653693741697e24
8.202728767809489e24
8.585376100494119e24
8.975413374071938e24
9.372652965294386e24
9.776902035044692e24
1.018796262143579e25
1.0605631736305008e25
1.102970146506323e25
1.145995906984965e25
1.189618709594543e25
1.2338163481393753e25
1.2785661669773663e25
1.323845072607367e25
1.36962954556058e25
1.415895652590355e25
1.462619059153993e25
1.5097750421804928e25
1.5573385031175413e25
1.6052839812511326e25
1.6535856672909944e25
1.7022174172145748e25
1.7511527663625792e25
1.8003649437783808e25
1.8498268867839558e25
1.89951125578433e25
1.949390449292884e25
1.999436619169097e25
2.0496216860607907e25
2.099917355042318e25
2.150295131440091e25
2.2007263368369617e25
2.251182125246357e25
2.301633499447523e25
2.352051327472408e25
2.4024063592353368e25
2.4526692432959203e25
2.5028105437457594e25
2.552800757209523e25
2.602610329950546e25
2.6522096750713893e25
2.7015691897993395e25
2.750659272847014e25
2.7994503418379906e25
2.8479128507874274e25
2.8960173076274713e25
2.9437342917671707e25
2.9910344716767505e25
3.0378886224857043e25
3.0842676435845734e25
3.1301425762196694e25
3.175484621070608e25
3.2202651557998885e25
3.264455752564179e25
3.3080281954767304e25
3.3509544980103037e25
3.3932069203302172e25
3.434757986546836e25
3.4755805018770475e25
3.515647569704172e25
3.5549326085258637e25
3.5934093687794834e25
3.631051949534508e25
3.6678348150416555e25
3.7037328111282826e25
3.7387211814298768e25
3.7727755834472584e25
3.8058721044195103e25
3.8379872770023793e25
3.869098094742249e25
3.899182027335668e25
3.928217035664651e25
3.956181586598006e25
3.98305466754898e25
4.008815800779791e25
4.033445057443573e25
4.056923071354432e25
4.079231052476486e25
4.1003508001228195e25
4.120264715855472e25
4.138955816077729e25
4.15640774431006e25
4.172604783141339e25
4.1875318658469894e25
4.201174587666012e25
4.213519216728887e25
4.224552704628616e25
4.234262696627363e25
4.242637541491223e25
4.249666300946001e25
4.255338758746911e25
4.259645429355542e25
4.262577566217294e25
4.264127169633168e25
4.2642869942195025e25
4.263050555949869e25
4.260412138773437e25
4.256366800804161e25
4.2509103800758004e25
4.244039499857476e25
4.235751573525306e25
4.226044808985286e25
4.21491821264346e25
4.202371592919111e25
4.188405563297332e25
4.173021544917524e25
4.156221768694433e25
4.13800927696894e25
4.1183879246857e25
4.09736238009542e25
4.07493812497942e25
4.051121454394649e25
4.025919475937713e25
3.999340108526242e25
3.971392080696981e25
3.94208492841939e25
3.91142899242472e25
3.87943541504994e25
3.8461161365970113e25
3.8114838912075763e25
3.7755522022538433e25
3.7383353772467765e25
3.6998485022624807e25
3.66010743588879e25
3.6191288026933585e25
3.5769299862159317e25
3.533529121486646e25
3.4889450870735643e25
3.4431974966620623e25
3.396306690169456e25
3.3482937243986034e25
3.299180363233963e25
3.248989067384685e25
3.1977429836786577e25
3.1454659339127426e25
3.092182403263694e25
3.037917528265247e25
2.9826970843570537e25
2.9265474730108197e25
2.869495708440311e25
2.8115694039009365e25
2.75279675758617e25
2.6932065381270314e25
2.632828069702381e25
2.571691216766925e25
2.509826368404766e25
2.4472644223165824e25
2.3840367684480945e25
2.3201752722687926e25
2.2557122577089097e25
2.190680489764139e25
2.1251131567765028e25
2.0590438524013416e25
1.992506557269396e25
1.9255356203539293e25
1.8581657400530703e25
1.790431944996962e25
1.722369574590758e25
1.6540142593032774e25
1.5854019007127878e25
1.5165686513202009e25
1.4475508941410518e25
1.3783852220877175e25
1.3091084171527453e25
1.239757429405566e25
1.170369355813615e25
1.100981418900446e25
1.0316309452521696e25
9.623553438850226e24
8.931920844858099e24
8.241786755378551e24
7.553526423451511e24
6.867515049668096e24
6.184127560751808e24
5.503738387497536e24
4.8267212422043367e24
4.1534488957243867e24
3.484292954265404e24
2.8196236360719194e24
2.1598095481191333e24
1.5052174629533322e24
8.562120958059193e23
2.1315588212018794e23
-4.2359124438289594e23
-1.0536720729605316e24
-1.6767323362976728e24
-2.2924209300150805e24
-2.9003901311008587e24
-3.5002958151377523e24
-4.091797672187266e24
-4.674559421204755e24
-5.248249022847298e24
-5.812538890549086e24
-6.367106099727655e24
-6.911632594995336e24
-7.445805395244719e24
-7.969316796477279e24
-8.481864572252352e24
-8.983152171623439e24
-9.472888914442234e24
-9.950790183899524e24
-1.041657761618531e25
-1.0869979287140306e25
-1.1310729895782304e25
-1.1738570944585997e25
-1.2153250916396547e25
-1.2554525447864934e25
-1.2942157499284507e25
-1.331591752072138e25
-1.3675583614322092e25
-1.4020941692693064e25
-1.435178563324277e25
-1.466791742837948e25
-1.4969147331464882e25
-1.5255293998417863e25
-1.5526184624873612e25
-1.5781655078796785e25
-1.6021550028458922e25
-1.6245723065683227e25
-1.6454036824271013e25
-1.6646363093520853e25
-1.6822582926754813e25
-1.6982586744773231e25
-1.712627443415468e25
-1.7253555440328542e25
-1.7364348855343189e25
-1.7458583500262182e25
-1.7536198002117547e25
-1.7597140865357938e25
-1.764137053772818e25
-1.7668855470521735e25
-1.7679574173151177e25
-1.7673515261982512e25
-1.7650677503386288e25
-1.7611069850956864e25
-1.7554711476859108e25
-1.7481631797262188e25
-1.7391870491823154e25
-1.728547751719046e25
-1.7162513114494293e25
-1.7023047810801122e25
-1.6867162414507455e25
-1.6694948004655622e25
-1.6506505914154891e25
-1.6301947706896263e25
-1.6081395148753573e25
-1.5844980172464095e25
-1.5592844836389183e25
-1.532514127715639e25
-1.504203165618939e25
-1.4743688100135055e25
-1.4430292635201177e25
-1.4102037115421024e25
-1.3759123144866693e25
-1.3401761993833345e25
-1.3030174509023622e25
-1.2644591017762935e25
-1.2245251226280817e25
-1.183240411209679e25
-1.140630781055331e25
-1.0967229495540554e25
-1.0515445254464412e25
-1.0051239957508348e25
-9.574907121246996e24
-9.086748766671204e24
-8.587075271687661e24
-8.076205218160701e24
-7.554465233566022e24
-7.022189827330028e24
-6.479721221933605e24
-5.927409178858075e24
-5.36561081945987e24
-4.794690440859135e24
-4.215019326933967e24
-3.626975554512676e24
-3.030943794861942e24
-2.427315110568951e24
-1.8164867479228915e24
-1.1988619248990782e24
-5.7484961485566376e23
5.513567394485241e22
6.906741228760739e23
1.3313408314315538e24
1.9767060495330514e24
2.6263354135401275e24
3.279790185834723e24
3.9366274978554534e24
4.596400596448369e24
5.258659093404029e24
5.922949218043796e24
6.588814072719822e24
7.255793891088448e24
7.92342629901474e24
8.591246577966259e24
9.258787930749342e24
9.925581749440818e24
1.059115788536555e25
1.12550449209699e25
1.1916770443436944e25
1.2575861319891844e25
1.3231843974038007e25
1.388424466407136e25
1.4532589761711709e25
1.517640603219225e25
1.5815220915047786e25
1.6448562805538407e25
1.7075961336547907e25
1.7696947660792602e25
1.831105473317611e25
1.8917817593126785e25
1.951677364675142e25
2.010746294864007e25
2.0689428483155377e25
2.126221644504095e25
2.1825376519181146e25
2.2378462159347536e25
2.292103086576249e25
2.3452644461317113e25
2.397286936627451e25
2.4481276871293903e25
2.4977443408609744e25
2.546095082120099e25
2.5931386629785968e25
2.6388344297480363e25
2.6831423491953063e25
2.726023034492123e25
2.7674377708821145e25
2.807348541049652e25
2.845718050174498e25
2.8825097506565844e25
2.917687866495388e25
2.9512174173082826e25
2.983064241972864e25
3.0131950218779067e25
3.041577303768171e25
3.0681795221682422e25
3.0929710213708673e25
3.1159220769755194e25
3.137003916962975e25
3.1561887422920446e25
3.1734497470047896e25
3.18876113782685e25
3.2020981532495758e25
3.2134370820812245e25
3.222755281454417e25
3.230031194277541e25
3.2352443661181298e25
3.2383754615061113e25
3.2394062796458438e25
3.2383197695253453e25
3.235100044412178e25
3.2297323957251936e25
3.222203306271995e25
3.2125004628423575e25
3.200612768147797e25
3.1865303520983893e25
3.1702445824077093e25
3.1517480745177608e25
3.1310347008353888e25
3.1080995992728563e25
3.082939181084925e25
3.0555511379955696e25
3.0259344486079694e25
2.994089384091141e25
2.960017513138028e25
2.9237217061890864e25
2.885206138916985e25
2.8444762949673357e25
2.801538967951858e25
2.756402262689875e25
2.709075595695009e25
2.659569694904459e25
2.607896598647973e25
2.5540696538551424e25
2.498103513498852e25
2.440014133274438e25
2.379818767513372e25
2.3175359643314884e25
2.253185560012219e25
2.1867886726249586e25
2.1183676948804256e25
2.047946286223838e25
1.97554936416872e25
1.9012030948730507e25
1.8249348829614436e25
1.746773360596135e25
1.6667483758008709e25
1.5848909800422147e25
1.5012334150723853e25
1.4158090990395952e25
1.3286526118706779e25
1.2397996799329216e25
1.149287159980745e25
1.0571530223949938e25
9.634363337216019e24
8.681772385176164e24
7.71416940513184e24
6.731976830974176e24
5.735627291381265e24
4.725563401439953e24
3.702237547800231e24
2.666111667458115e24
1.6176570202777688e24
5.573539553663988e23
-5.143083285897688e23
-1.5968320288999536e24
-2.6897109902407913e24
-3.792430961688922e24
-4.904469859293749e24
-6.025298034046948e24
-7.154378545117976e24
-8.2911674382124e24
-9.435114028904496e24
-1.0585661190804248e25
-1.174224564839779e25
-1.2904298274416672e25
-1.4071244391568897e25
-1.5242504078479835e25
-1.6417492479671373e25
-1.7595620119419339e25
-1.8776293219317515e25
-1.9958914019372636e25
-2.1142881102464254e25
-2.2327589721981944e25
-2.3512432132471467e25
-2.4696797923096604e25
-2.5880074353742687e25
-2.7061646693570825e25
-2.8240898561832177e25
-2.9417212270760242e25
-3.0589969170339225e25
-3.175854999476478e25
-3.292233521039319e25
-3.408070536498989e25
-3.5233041438072536e25
-3.637872519215511e25
-3.751713952468996e25
-3.8647668820504186e25
-3.9769699304534015e25
-4.088261939464611e25
-4.198582005435087e25
-4.307869514519325e25
-4.416064177862687e25
-4.523106066715612e25
-4.628935647454852e25
-4.733493816490861e25
-4.836721935040537e25
-4.938561863745457e25
-5.038955997114274e25
-5.1378472977695625e25
-5.235179330478031e25
-5.330896295944275e25
-5.424943064347535e25
-5.517265208601097e25
-5.607809037314721e25
-5.696521627439502e25
-5.78335085657594e25
-5.868245434924801e25
-5.9511549368619e25
-6.0320298321167205e25
-6.110821516536083e25
-6.187482342413676e25
-6.261965648366291e25
-6.334225788738606e25
-6.4042181625175035e25
-6.471899241738197e25
-6.537226599363757e25
-6.6001589366206755e25
-6.660656109772608e25
-6.718679156315463e25
-6.7741903205766996e25
-6.827153078702209e25
-6.877532163014634e25
-6.925293585726866e25
-6.9704046619953676e25
-7.012834032297645e25
-7.052551684119133e25
-7.089528972934784e25
-7.123738642470964e25
-7.155154844234015e25
-7.1837531562916965e25
-7.209510601294626e25
-7.2324056637248105e25
-7.2524183063591605e25
-7.2695299859358904e25
-7.283723668012529e25
-7.294983841004405e25
-7.303296529393122e25
-7.3086493060947755e25
-7.311031303978366e25
-7.310433226525144e25
-7.306847357620141e25
-7.300267570467649e25
-7.290689335622938e25
-7.278109728132811e25
-7.262527433778294e25
-7.243942754413245e25
-7.2223576123928735e25
-7.197775554087256e25
-7.1702017524747215e25
-7.139643008811226e25
-7.106107753371779e25
-7.069606045260775e25
-7.030149571288817e25
-6.987751643913522e25
-6.942427198243217e25
-6.894192788101988e25
-6.843066581156102e25
-6.789068353101412e25
-6.732219480912728e25
-6.672542935155977e25
-6.610063271365052e25
-6.544806620485682e25
-6.476800678388687e25
-6.406074694456632e25
-6.3326594592470395e25
-6.2565872912373e25
-6.17789202265561e25
-6.096608984404106e25
-6.012774990079772e25
-5.9264283190998915e25
-5.8376086989394955e25
-5.7463572864879126e25
-5.652716648533335e25
-5.556730741383482e25
-5.458444889632316e25
-5.357905764082053e25
-5.2551613588310556e25
-5.150260967538719e25
-5.0432551588779516e25
-4.934195751188135e25
-4.82313578633984e25
-4.710129502825209e25
-4.595232308086337e25
-4.4785007500963865e25
-4.359992488207099e25
-4.239766263277588e25
-4.117881867100088e25
-3.994400111137522e25
-3.8693827945899445e25
-3.7428926718054666e25
-3.614993419053637e25
-3.4857496006776496e25
-3.3552266346442135e25
-3.2234907575085436e25
-3.090608988813183e25
-2.9566490949404454e25
-2.8216795524364344e25
-2.685769510827852e25
-2.548988754950372e25
-2.4114076668101534e25
-2.273097186998307e25
-2.134128775679793e25
-1.994574373178455e25
-1.8545063601789446e25
-1.7139975175686799e25
-1.5731209859407875e25
-1.4319502247818335e25
-1.2905589713657409e25
-1.149021199378148e25
-1.0074110772933997e25
-8.658029265278521e24
-7.242711793937762e24
-5.828903368762765e24
-4.417349262586508e24
-3.0087945861896714e24
-1.6039838622334396e24
-2.0366059839061442e23
1.1914331400678327e24
2.580557157994612e24
3.9629735581460145e24
5.337947168767914e24
6.704745970750181e24
8.062641524088172e24
9.410909393415916e24
1.074882957234875e25
1.2075686906397242e25
1.3390771514199545e25
1.469337920681835e25
1.598281190486631e25
1.7258378053198637e25
1.8519393032939016e25
1.976517957058073e25
2.0995068143929786e25
2.2208397384635202e25
2.340451447707275e25
2.4582775553337804e25
2.5742546084104002e25
2.6883201265119283e25
2.800412639909217e25
2.910471727274618e25
3.0184380528799112e25
3.1242534032649637e25
3.2278607233532835e25
3.329204151992995e25
3.4282290569006672e25
3.5248820689858296e25
3.6191111160354385e25
3.7108654557360063e25
3.8000957080135403e25
3.8867538866696695e25
3.970793430294554e25
4.05216923243638e25
4.130837671007653e25
4.206756636909921e25
4.279885561857375e25
4.350185445381892e25
4.417618881000848e25
4.4821500815310654e25
4.54374490353123e25
4.602370870856817e25
4.6579971973112556e25
4.710594808377599e25
4.7601363620161784e25
4.806596268512985e25
4.849950709365479e25
4.890177655191566e25
4.927256882649502e25
4.961169990355551e25
4.9919004137880894e25
5.019433439166554e25
5.043756216294326e25
5.064857770355784e25
5.082729012657371e25
5.097362750304116e25
5.108753694802918e25
5.116898469584813e25
5.121795616439101e25
5.1234456008524906e25
5.121850816247646e25
5.117015587115341e25
5.10894617103592e25
5.097650759585564e25
5.083139478124289e25
5.065424384462493e25
5.044519466404189e25
5.020440638165247e25
4.993205735665741e25
4.9628345106963744e25
4.929348623959032e25
4.892771636983255e25
4.853129002919518e25
4.810448056212428e25
4.764758001156531e25
4.716089899338646e25
4.664476655971013e25
4.609953005120357e25
4.5525554938385556e25
4.492322465201279e25
4.429294040261615e25
4.363512098926344e25
4.295020259763177e25
4.22386385874794e25
4.150089926961245e25
4.073747167245037e25
3.994885929829493e25
3.913558186942561e25
3.8298175064133047e25
3.743719024282479e25
3.6553194164334617e25
3.5646768692574987e25
3.471851049367843e25
3.3769030723780127e25
3.279895470759759e25
3.1808921607972586e25
3.079958408654237e25
2.9771607955716365e25
2.8725671822136872e25
2.766246672181088e25
2.658269574710293e25
2.548707366578263e25
2.4376326532336602e25
2.3251191291738915e25
2.2112415375901424e25
2.096075629301448e25
1.9796981210001697e25
1.8621866528312274e25
1.7436197453281343e25
1.6240767557293777e25
1.503637833698724e25
1.382383876474015e25
1.2603964834688193e25
1.1377579103522353e25
1.0145510226319899e25
8.90859248766852e24
7.667665328343465e24
6.423572867798523e24
5.177163422748942e24
3.9292890221021165e24
2.680804918521084e24
1.4325690968904878e24
1.854417799666988e23
-1.0597150685095862e24
-2.302038242952774e24
-3.540663797040855e24
-4.77472754650485e24
-6.003365573309728e24
-7.225714730939035e24
-8.44091315048815e24
-9.648100747276639e24
-1.084641972768276e25
-1.2035015095906818e25
-1.321303516037046e25
-1.4379632039446167e25
-1.5533962166234175e25
-1.667518679207876e25
-1.780247248853305e25
-1.8914991647473024e25
-2.0011922979066322e25
-2.1092452007298e25
-2.2155771562760156e25
-2.3201082272409435e25
-2.4227593045999713e25
-2.5234521558898116e25
-2.6221094730992997e25
-2.7186549201405122e25
-2.8130131798713467e25
-2.905110000641386e25
-2.9948722423318154e25
-3.0822279218623576e25
-3.167106258136533e25
-3.2494377163978835e25
-3.329154051969785e25
-3.406188353351735e25
-3.480475084645331e25
-3.551950127283547e25
-3.620550821037131e25
-3.686216004272383e25
-3.7488860534349925e25
-3.8085029217348006e25
-3.8650101770070898e25
-3.918353038725987e25
-3.968478414146458e25
-4.015334933551574e25
-4.058872984581869e25
-4.0990447456250625e25
-4.135804218243712e25
-4.169107258619845e25
-4.198911607995385e25
-4.225176922088469e25
-4.247864799465486e25
-4.266938808850061e25
-4.282364515349947e25
-4.294109505584228e25
-4.3021434116930145e25
-4.306437934212973e25
-4.306966863802642e25
-4.303706101801535e25
-4.296633679608639e25
-4.2857297768655574e25
-4.270976738430926e25
-4.2523590901331735e25
-4.229863553289139e25
-4.203479057977434e25
-4.173196755054989e25
-4.139010026907431e25
-4.100914496923032e25
-4.058908037682296e25
-4.012990777854369e25
-3.963165107793884e25
-3.909435683830948e25
-3.8518094312488704e25
-3.790295545944889e25
-3.7249054947688012e25
-3.655653014537204e25
-3.5825541097191965e25
-3.5056270487930987e25
-3.4248923592715814e25
-3.340372821396032e25
-3.2520934604996124e25
-3.160081538040508e25
-3.0643665413076954e25
-2.9649801718009747e25
-2.861956332290023e25
-2.755331112555387e25
-2.6451427738178543e25
-2.5314317318609165e25
-2.4142405388534268e25
-2.2936138638802834e25
-2.1695984721881967e25
-2.0422432031569423e25
-1.911598947004258e25
-1.7777186202364902e25
-1.6406571398546326e25
-1.5004713963292966e25
-1.3572202253561575e25
-1.210964378405856e25
-1.0617664920831402e25
-9.096910563089115e24
-7.548043813425417e24
-5.971745636591685e24
-4.368714507008326e24
-2.7396660451757625e24
-1.0853326431872761e24
5.935369204776345e23
2.2961778766749498e24
4.0218098716217845e24
5.769637383026937e24
7.53885014609134e24
9.328623589170587e24
1.1138119278850927e25
1.296648537421552e25
1.48128570900521e25
1.6676357168746573e25
1.855609636062262e25
2.0451173912448245e25
2.2360678063862284e25
2.428368655143056e25
2.621926712007449e25
2.8166478041571484e25
3.012436863985657e25
3.2091979822828184e25
3.4068344620354994e25
3.605248872820122e25
3.804343105754572e25
4.004018428980656e25
4.204175543643976e25
4.40471464034151e25
4.605535456003168e25
4.806537331176484e25
5.007619267681301e25
5.20867998660093e25
5.409617986578128e25
5.610331602380583e25
5.810719063704192e25
6.010678554178321e25
6.21010827054045e25
6.4089064819454435e25
6.606971589374088e25
6.80420218510818e25
7.000497112235292e25
7.195755524150446e25
7.389876944017815e25
7.582761324159391e25
7.774309105333764e25
7.96442127587145e25
8.152999430631069e25
8.339945829740874e25
8.525163457091933e25
8.708556078546383e25
8.890028299827603e25
9.069485624055865e25
9.246834508896481e25
9.421982423284312e25
9.59483790369167e25
9.765310609904895e25
9.933311380275108e25
1.0098752286410774e26
1.0261546687276931e26
1.042160928266956e26
1.05788561660305e26
1.073320487657163e26
1.088457445067545e26
1.1032885472539621e26
1.1178060124035053e26
1.1320022233744888e26
1.1458697325155039e26
1.159401266396438e26
1.1725897304486124e26
1.1854282135109526e26
1.197909992279394e26
1.2100285356566294e26
1.221777508999357e26
1.233150778260381e26
1.2441424140227531e26
1.2547466954234334e26
1.2649581139637862e26
1.2747713772044943e26
1.2841814123423344e26
1.293183369666513e26
1.3017726258921775e26
1.3099447873688407e26
1.3176956931615731e26
1.3250214180027637e26
1.3319182751124747e26
1.3383828188853369e26
1.3444118474421304e26
1.350002405044192e26
1.3551517843688723e26
1.359857528644423e26
1.3641174336426298e26
1.3679295495277493e26
1.3712921825602341e26
1.3742038966539565e26
1.376663514785578e26
1.3786701202549438e26
1.3802230577953407e26
1.381321934532609e26
1.3819666207921908e26
1.3821572507532148e26
1.381894222948929e26
1.3811782006127226e26
1.3800101118692193e26
1.3783911497699037e26
1.3763227721728956e26
1.3738067014665567e26
1.3708449241366875e26
1.3674396901772044e26
1.3635935123442416e26
1.3593091652537297e26
1.3545896843226014e26
1.3494383645538483e26
1.3438587591657664e26
1.3378546780658035e26
1.3314301861695272e26
1.3245896015652973e26
1.3173374935253895e26
1.3096786803642962e26
1.301618227145123e26
1.2931614432350512e26
1.284313879710922e26
1.2750813266160893e26
1.2654698100698124e26
1.2554855892304823e26
1.2451351531141578e26
1.234425217269862e26
1.223362720313303e26
1.211954820320648e26
1.2002088910841806e26
1.1881325182316503e26
1.1757334952112947e26
1.1630198191445368e26
1.1499996865485115e26
1.1366814889305606e26
1.1230738082569933e26
1.1091854122984933e26
1.095025249854561e26
1.080602445859515e26
1.0659262963726728e26
1.0510062634553011e26
1.0358519699371534e26
1.0204731940753122e26
1.0048798641082994e26
9.890820527083159e25
9.730899713346997e25
9.569139644916248e25
9.405645038931696e25
9.240521825390782e25
9.073877087042905e25
8.905818998457411e25
8.736456764296793e25
8.565900556830437e25
8.394261452723094e25
8.221651369133713e25
8.048182999160915e25
7.873969746670682e25
7.6991256605440615e25
7.5237653683811625e25
7.348004009700105e25
7.171957168668022e25
6.995740806403501e25
6.819471192888557e25
6.6432648385292175e25
6.4672384254053055e25
6.291508738247221e25
6.11619259518152e25
5.941406778284122e25
5.767267963982686e25
5.5938926533476785e25
5.4213971023139875e25
5.249897251873127e25
5.07950865827746e25
4.91034642329785e25
4.742525124575207e25
4.576158746108135e25
4.411360608916968e25
4.248243301926478e25
4.0869186131077465e25
3.927497460920485e25
3.7700898260979237e25
3.614804683813631e25
3.4617499362728267e25
3.311032345767725e25
3.162757468238508e25
3.0170295873794223e25
2.8739516493310608e25
2.733625197998106e25
2.5961503110324635e25
2.4616255365214892e25
2.330147830419695e25
2.201812494763487e25
2.076713116706519e25
1.9549415084144595e25
1.836587647855781e25
1.7217396205269907e25
1.6104835621477026e25
1.5029036023625339e25
1.399081809485553e25
1.2990981363219724e25
1.2030303671023693e25
1.1109540655629035e25
1.0229425242055993e25
9.39066714771133e24
8.593952399565579e24
7.839942864097371e24
7.129275790310302e24
6.462563366129294e24
5.840392288467541e24
5.263323347256279e24
4.731891023713053e24
4.246603103127656e24
3.8079403024244026e24
3.416355912761755e24
3.072275457417757e24
2.776096365199926e24
2.5281876596139973e24
2.3288896640125687e24
2.178513722940032e24
2.0773419398777726e24
2.0256269315870716e24
2.0235915992361682e24
2.0714289164893997e24
2.1693017347266436e24
2.3173426055515832e24
2.515653620737451e24
2.7643062697491765e24
3.06334131497088e24
3.4127686847574954e24
3.81256738441952e24
4.262685425238073e24
4.7630397716002676e24
5.313516306330041e24
5.913969814284217e24
6.564223984267229e24
7.264071429313939e24
8.013273725371926e24
8.811561468410835e24
9.65863434997144e24
1.0554161251155528e25
1.1497780355052235e25
1.2489099277578748e25
1.3527695216707096e25
1.4613115120035838e25
1.5744875870657435e25
1.6922464491254426e25
1.8145338366355615e25
1.9412925482666767e25
2.0724624687377964e25
2.2079805964347848e25
2.3477810728041006e25
2.4917952135098694e25
2.6399515413397564e25
2.792175820845362e25
2.9483910947010403e25
3.1085177217638126e25
3.272473416817087e25
3.4401732919784565e25
3.6115298997518247e25
3.786453277702645e25
3.964850994734522e25
4.146628198943357e25
4.331687667025701e25
4.519929855215929e25
4.711252951725912e25
4.905552930660985e25
5.102723607383325e25
5.302656695294942e25
5.505241864009471e25
5.710366798883234e25
5.917917261872977e25
6.127777153688722e25
6.3398285772085534e25
6.553951902120006e25
6.770025830755329e25
6.987927465082943e25
7.207532374820234e25
7.428714666629277e25
7.651347054358589e25
7.875300930291843e25
8.100446437363969e25
8.326652542305494e25
8.5537871096737e25
8.781716976729464e25
9.010308029118904e25
9.239425277315856e25
9.468932933783524e25
9.69869449081068e25
9.92857279898016e25
1.0158430146222569e26
1.0388128337412377e26
1.0617528774460616e26
1.0846492536857334e26
1.1074880462618845e26
1.1302553229592257e26
1.1529371437071596e26
1.1755195687677025e26
1.1979886669450316e26
1.2203305238119526e26
1.2425312499483606e26
1.2645769891870004e26
1.2864539268616103e26
1.3081482980527176e26
1.329646395826101e26
1.3509345794591571e26
1.371999282650268e26
1.3928270217063014e26
1.4134044037033925e26
1.4337181346160949e26
1.4537550274101378e26
1.4735020100938198e26
1.4929461337232932e26
1.5120745803568538e26
1.5308746709535022e26
1.5493338732109087e26
1.567439809338055e26
1.5851802637578658e26
1.6025431907350236e26
1.619516721924369e26
1.636089173835234e26
1.6522490552070576e26
1.6679850742917877e26
1.6832861460384937e26
1.6981413991757634e26
1.7125401831874083e26
1.7264720751771432e26
1.7399268866178915e26
1.752894669981487e26
1.76536572524452e26
1.777330606266224e26
1.78878012703431e26
1.799705367774734e26
1.8100976809214592e26
1.819948696942346e26
1.829250330017363e26
1.8379947835654364e26
1.846174555616215e26
1.853782444023314e26
1.8608115515154496e26
1.86725529058215e26
1.873107388190719e26
1.8783618903312247e26
1.8830131663864372e26
1.8870559133236586e26
1.8904851597055488e26
1.893296269517081e26
1.895484945805951e26
1.8970472341337896e26
1.8979795258356358e26
1.8982785610853174e26
1.897941431764383e26
1.8969655841324167e26
1.895348821296602e26
1.8930893054786508e26
1.890185560077174e26
1.886636471523717e26
1.882441290930931e26
1.8775996355312893e26
1.8721114899050144e26
1.865977206995848e26
1.859197508913651e26
1.851773487522693e26
1.843706604814812e26
1.8349986930665418e26
1.825651954779689e26
1.815668962404787e26
1.805052657846906e26
1.793806351753723e26
1.7819337225855652e26
1.769438815467502e26
1.7563260408234278e26
1.7426001727925675e26
1.728266347428673e26
1.713330060682289e26
1.6977971661669145e26
1.6816738727096346e26
1.664966741687228e26
1.647682684148545e26
1.6298289577245347e26
1.6114131633270576e26
1.5924432416377422e26
1.5729274693886516e26
1.5528744554361707e26
1.5322931366300561e26
1.5111927734792801e26
1.4895829456169851e26
1.4674735470664305e26
1.444874781310382e26
1.4217971561660479e26
1.3982514784683658e26
1.374248848564112e26
1.3498006546194023e26
1.324918566743759e26
1.2996145309334222e26
1.2739007628371899e26
1.2477897413476986e26
1.2212942020217666e26
1.1944271303330379e26
1.1672017547603046e26
1.1396315397154282e26
1.1117301783143178e26
1.0835115849949916e26
1.0549898879863518e26
1.0261794216320373e26
9.97094718573312e25
9.677505017949998e25
9.381616765391539e25
9.083433220905125e25
8.783106834384606e25
8.480791628197338e25
8.176643111468944e25
7.870818193269743e25
7.5634750947533e25
7.254773260292225e25
6.944873267664885e25
6.633936737340738e25
6.322126240913508e25
6.00960520873727e25
5.696537836814103e25
5.383088992988269e25
5.069424122496704e25
4.7557091529332134e25
4.442110398678567e25
4.128794464849167e25
3.8159281508230185e25
3.5036783533950625e25
3.1922119696199183e25
2.8816957993948144e25
2.5722964478427896e25
2.264180227550779e25
1.9575130607178015e25
1.6524603812736713e25
1.3491870370223975e25
1.0478571918697931e25
7.486342281895232e24
4.5168064938894337e24
1.5715798272899328e24
-1.3477331754204016e24
-4.2395396668657904e24
-7.102259455466593e24
-9.934325961281325e24
-1.2734187166448472e25
-1.5500306559622233e25
-1.8231164073865106e25
-2.0925257017410728e25
-2.3581100996763374e25
-2.619723083154117e25
-2.8772201460523e25
-3.1304588838363514e25
-3.379299082239453e25
-3.623602804899708e25
-3.8632344798984814e25
-4.098060985149235e25
-4.3279517325807025e25
-4.55277875106375e25
-4.772416768031652e25
-4.986743289739645e25
-5.195638680115931e25
-5.398986238152579e25
-5.5966722737898696e25
-5.788586182242572e25
-5.974620516723555e25
-6.154671059515918e25
-6.328636891350449e25
-6.49642045904071e25
-6.657927641333002e25
-6.81306781292947e25
-6.961753906639485e25
-7.103902473620514e25
-7.2394337416666145e25
-7.368271671507644e25
-7.490344011078653e25
-7.605582347723746e25
-7.713922158299604e25
-7.815302857141726e25
-7.90966784186178e25
-7.996964536942034e25
-8.077144435098236e25
-8.150163136377929e25
-8.215980384967235e25
-8.27456010367932e25
-8.325870426096473e25
-8.369883726342562e25
-8.4065766464612e25
-8.435930121378904e25
-8.457929401430534e25
-8.472564072429016e25
-8.479828073260274e25
-8.479719710987783e25
-8.472241673450188e25
-8.45740103933872e25
-8.435209285742233e25
-8.405682293148642e25
-8.368840347892796e25
-8.324708142043111e25
-8.273314770720771e25
-8.214693726845446e25
-8.148882893304312e25
-8.075924532542732e25
-7.995865273574905e25
-7.908756096416219e25
-7.814652313938999e25
-7.7136135511562134e25
-7.605703721937705e25
-7.490991003166254e25
-7.3695478063419775e25
-7.241450746644582e25
-7.1067806094646305e25
-6.965622314417986e25
-6.818064876855997e25
-6.664201366888617e25
-6.504128865937251e25
-6.337948420836421e25
-6.165764995504304e25
-5.987687420204126e25
-5.8038283384195925e25
-5.614304151368909e25
-5.419234960183706e25
-5.218744505780213e25
-5.012960106451827e25
-4.8020125932131365e25
-4.5860362429275505e25
-4.3651687092507895e25
-4.139550951426286e25
-3.909327160966277e25
-3.6746446862571025e25
-3.435653955126736e25
-3.1925083954139474e25
-2.9453643535803906e25
-2.6943810114077746e25
-2.4397203008231197e25
-2.1815468168972303e25
-1.920027729061805e25
-1.6553326905923548e25
-1.3876337464044474e25
-1.1171052392131525e25
-8.439237141055512e24
-5.68267821577303e24
-2.903182190855829e24
-1.0257471172918382e23
2.7173005178584406e24
5.554582761571887e24
8.407395288867778e24
1.1273846425453948e25
1.4152030615244506e25
1.7040029493232286e25
1.9935912968676898e25
2.283774031801056e25
2.574356128685697e25
2.865141720054084e25
3.155934208247176e25
3.4465363779770554e25
3.736750509551174e25
4.026378492693185e25
4.315221940897388e25
4.603082306250097e25
4.88976099465463e25
5.1750594813927795e25
5.458779426957148e25
5.740722793088343e25
6.020691958949733e25
6.298489837373155e25
6.573919991108813e25
6.846786749011429e25
7.116895322095711e25
7.384051919393384e25
7.6480638635446406e25
7.908739706055817e25
8.165889342156263e25
8.419324125187115e25
8.66885698045343e25
8.914302518474266e25
9.155477147562101e25
9.392199185665797e25
9.62428897140992e25
9.851568974264578e25
1.007386390377963e26
1.0291000817817991e26
1.0502809229722684e26
1.0709121214353111e26
1.0909771512926472e26
1.110459763660056e26
1.1293439968735017e26
1.1476141865768616e26
1.1652549756650621e26
1.1822513240765801e26
1.198588518429128e26
1.2142521814927425e26
1.2292282814942732e26
1.243503141247512e26
1.257063447103261e26
1.2698962577136902e26
1.2819890126054966e26
1.2933295405564023e26
1.3039060677696995e26
1.3137072258415584e26
1.3227220595160482e26
1.3309400342228416e26
1.3383510433926652e26
1.3449454155457938e26
1.3507139211488668e26
1.3556477792355944e26
1.3597386637867354e26
1.3629787098653358e26
1.365360519502918e26
1.3668771673325823e26
1.3675222059652696e26
1.3672896711053346e26
1.3661740864019297e26
1.3641704680326052e26
1.3612743290159888e26
1.3574816832503156e26
1.352789049274709e26
1.3471934537505409e26
1.3406924346600268e26
1.3332840442196273e26
1.3249668515057286e26
1.315739944790536e26
1.3056029335860334e26
1.2945559503941822e26
1.2825996521614705e26
1.2697352214364666e26
1.2559643672288913e26
1.2412893255688423e26
1.225712859765382e26
1.2092382603633826e26
1.1918693447980929e26
1.1736104567466433e26
1.1544664651764088e26
1.134442763089921e26
1.1135452659661487e26
1.0917804098986171e26
1.0691551494304548e26
1.045676955087059e26
1.021353810606807e26
9.961942098709972e25
9.70207153533915e25
9.434021453540561e25
9.15789188228258e25
8.873787799300052e25
8.581819085538734e25
8.282100476677148e25
7.974751511750667e25
7.659896478897192e25
7.337664358251247e25
7.008188762009081e25
6.6716078716964675e25
6.328064372666832e25
5.977705385858477e25
5.620682396848238e25
5.257151182231847e25
4.887271733370038e25
4.5112081775341615e25
4.1291286964948216e25
3.7412054425922463e25
3.3476144523284995e25
2.9485355575297718e25
2.5441522941203293e25
2.134651808557783e25
1.7202247619739382e25
1.3010652320756442e25
8.773706128544901e24
4.4934151215559686e24
1.718164716380628e23
-4.1890226214090185e24
-8.587006015002104e24
-1.3020009728121363e25
-1.7485883064198483e25
-2.1982449751984556e25
-2.650750910375379e25
-3.1058837190259654e25
-3.5634188031758623e25
-4.023129480447808e25
-4.484787106189475e25
-4.948161197010739e25
-5.413019555666965e25
-5.879128397216415e25
-6.34625247638659e25
-6.814155216074188e25
-7.282598836910123e25
-7.751344487819186e25
-8.220152377497947e25
-8.688781906740757e25
-9.156991801537214e25
-9.624540246870326e25
-1.0091185021135412e26
-1.0556683631106483e26
-1.1020793447375824e26
-1.1483271840185616e26
-1.1943876315578442e26
-1.240236465178635e26
-1.2858495035784546e26
-1.3312026199927074e26
-1.3762717558589835e26
-1.421032934474027e26
-1.4654622746357937e26
-1.509536004262407e26
-1.553230473980287e26
-1.596522170673805e26
-1.639387730988183e26
-1.6818039547781337e26
-1.723747818494155e26
-1.7651964884989897e26
-1.8061273343060588e26
-1.8465179417322865e26
-1.8863461259577725e26
-1.925589944484216e26
-1.964227709984763e26
-2.0022380030374202e26
-2.03959968473479e26
-2.0762919091622768e26
-2.1122941357374063e26
-2.1475861414031627e26
-2.1821480326675763e26
-2.2159602574826572e26
-2.2490036169552876e26
-2.281259276883249e26
-2.312708779109064e26
-2.3433340526849933e26
-2.37311742484219e26
-2.4020416317575305e26
-2.43008982911121e26
-2.45724560242876e26
-2.4834929772011682e26
-2.5088164287765827e26
-2.5332008920176253e26
-2.5566317707181626e26
-2.5790949467737093e26
-2.600576789099559e26
-2.621064162291018e26
-2.6405444350203317e26
-2.6590054881647273e26
-2.6764357226604907e26
-2.6928240670778695e26
-2.708159984912007e26
-2.7224334815849362e26
-2.735635111154106e26
-2.7477559827230122e26
-2.758787766549464e26
-2.768722699847506e26
-2.7775535922788726e26
-2.7852738311303116e26
-2.791877386172989e26
-2.797358814200636e26
-2.8017132632430775e26
-2.8049364764520932e26
-2.807024795656639e26
-2.8079751645847427e26
-2.8077851317494834e26
-2.8064528529967215e26
-2.8039770937123807e26
-2.8003572306873443e26
-2.795593253638116e26
-2.789685766381712e26
-2.7826359876633783e26
-2.7744457516358695e26
-2.7651175079894e26
-2.754654321731351e26
-2.743059872615262e26
-2.7303384542185247e26
-2.7164949726687824e26
-2.7015349450189143e26
-2.68546449727081e26
-2.6682903620484126e26
-2.6500198759205767e26
-2.630660976374648e26
-2.6102221984415944e26
-2.588712670974157e26
-2.5661421125792543e26
-2.5425208272064064e26
-2.5178596993938115e26
-2.492170189174336e26
-2.4654643266435712e26
-2.4377547061921776e26
-2.4090544804055358e26
-2.3793773536331658e26
-2.3487375752312214e26
-2.3171499324809618e26
-2.2846297431869416e26
-2.251192847958383e26
-2.21685560217734e26
-2.1816348676579848e26
-2.1455480040008986e26
-2.1086128596469375e26
-2.070847762634885e26
-2.0322715110680067e26
-1.9929033632941972e26
-1.9527630278046137e26
-1.9118706528563823e26
-1.8702468158245762e26
-1.827912512289135e26
-1.784889144862231e26
-1.7411985117623837e26
-1.6968627951410392e26
-1.651904549168101e26
-1.60634668788239e26
-1.5602124728140238e26
-1.5135255003851534e26
-1.4663096890956244e26
-1.4185892665010014e26
-1.370388755989591e26
-1.3217329633660205e26
-1.2726469632482429e26
-1.2231560852859584e26
-1.1732859002077275e26
-1.1230622057043318e26
-1.0725110121565544e26
-1.0216585282149338e26
-9.705311462398081e25
-9.19155427609291e25
-8.67558087903905e25
-8.157659819759139e25
-7.638060889114416e25
-7.117054968943746e25
-6.594913879801005e25
-6.071910227880093e25
-5.548317251209507e25
-5.02440866520928e25
-4.500458507693375e25
-3.976740983408726e25
-3.45353030819581e25
-2.9311005528639646e25
-2.4097254868690625e25
-1.889678421880164e25
-1.371232055330534e25
-8.546583140384768e24
-3.4022819799152775e24
1.7178837562034993e24
6.811227280267019e24
1.1875075740661046e25
1.6906771768556519e25
2.19036750184478e25
2.6863163701682528e25
3.17826361120511e25
3.665951214258773e25
4.1491234792641034e25
4.6275271664345665e25
5.100911644764821e25
5.569029039294864e25
6.031634377053331e25
6.488485731589959e25
6.939344366015654e25
7.383974874459376e25
7.82214532186171e25
8.253627382018157e25
8.678196473793531e25
9.09563189542036e25
9.50571695680275e25
9.908239109747913e25
1.0302990076041445e26
1.0689765973292529e26
1.106836743846941e26
1.1438599749053155e26
1.1800272941731091e26
1.2153201928558728e26
1.2497206610520685e26
1.283211198841562e26
1.315774827100001e26
1.3473950980320407e26
1.3780561054171798e26
1.4077424945613172e26
1.436439471947954e26
1.4641328145830878e26
1.4908088790274276e26
1.5164546101104724e26
1.5410575493205842e26
1.5646058428659052e26
1.5870882494004994e26
1.6084941474108848e26
1.6288135422578887e26
1.6480370728693627e26
1.6661560180789285e26
1.6831623026065857e26
1.6990485026772086e26
1.7138078512726948e26
1.727434243014314e26
1.739922238671567e26
1.7512670692944814e26
1.761464639965981e26
1.7705115331715963e26
1.778405011783969e26
1.785143021659463e26
1.790724193844831e26
1.795147846391899e26
1.79841398577853e26
1.8005233079342073e26
1.8014771988689742e26
1.8012777349047338e26
1.7999276825078312e26
1.797430497722448e26
1.7937903252042824e26
1.7890119968544757e26
1.7831010300536542e26
1.776063625496515e26
1.7679066646273752e26
1.7586377066775286e26
1.7482649853052745e26
1.7367974048399028e26
1.7242445361310373e26
1.7106166120050976e26
1.69592452233063e26
1.6801798086947568e26
1.6633946586931045e26
1.6455818998357328e26
1.6267549930719403e26
1.606928025936987e26
1.5861157053239687e26
1.564333349884382e26
1.5415968820610485e26
1.5179228197573827e26
1.4933282676471078e26
1.4678309081288282e26
1.4414489919300334e26
1.4142013283652407e26
1.3861072752535273e26
1.3571867285003355e26
1.3274601113492079e26
1.2969483633089769e26
1.2656729287622427e26
1.2336557452611597e26
1.200919231516698e26
1.1674862750878314e26
1.1333802197772016e26
1.098624852740002e26
1.0632443913130695e26
1.027263469571261e26
9.907071246184506e25
9.536007826205193e25
9.159702445880816e25
8.778416719165626e25
8.392415716917986e25
8.001967817689796e25
7.607344556333438e25
7.2088204705097655e25
6.806672945181361e25
6.401182055178673e25
5.992630405926296e25
5.581302972417734e25
5.167486936529988e25
4.751471522768341e25
4.333547832534326e25
3.914008677009341e25
3.4931484087496037e25
3.071262752086632e25
2.648648632430424e25
2.225604004570191e25
1.8024276800744603e25
1.3794191538846066e25
9.568784302031832e24
5.351058477769171e24
1.1440190467376998e24
-3.049329173445251e24
-7.225983287542383e24
-1.1382944084029419e25
-1.5517217797432817e25
-1.962581787065378e25
-2.37057667162479e25
-2.775409747564275e25
-3.1767855775263847e25
-3.574410147855064e25
-3.967991043283812e25
-4.357237621005888e25
-4.741861184028521e25
-5.121575153705363e25
-5.496095241347622e25
-5.865139618811567e25
-6.228429087962458e25
-6.585687248913384e25
-6.936640666939871e25
-7.281019037970484e25
-7.618555352555227e25
-7.948986058213076e25
-8.272051220061843e25
-8.587494679634012e25
-8.895064211782698e25
-9.194511679583083e25
-9.485593187136818e25
-9.768069230184088e25
-1.0041704844435353e26
-1.0306269751529891e26
-1.056153850253292e26
-1.0807290618883485e26
-1.104331073070629e26
-1.1269388712402682e26
-1.1485319815436557e26
-1.1690904798233322e26
-1.1885950053111144e26
-1.207026773016482e26
-1.2243675858025393e26
-1.2405998461419185e26
-1.2557065675452275e26
-1.2696713856548186e26
-1.2824785689967088e26
-1.294113029383972e26
-1.3045603319647956e26
-1.3138067049086528e26
-1.321839048724461e26
-1.3286449452045557e26
-1.3342126659885128e26
-1.3385311807413164e26
-1.3415901649402818e26
-1.3433800072655896e26
-1.3438918165892559e26
-1.343117428557932e26
-1.3410494117648968e26
-1.337681073506752e26
-1.3330064651209717e26
-1.3270203869002696e26
-1.3197183925801982e26
-1.3110967933965138e26
-1.301152661709331e26
-1.2898838341910877e26
-1.2772889145754885e26
-1.2633672759653714e26
-1.2481190626970551e26
-1.2315451917594974e26
-1.2136473537663268e26
-1.194428013479736e26
-1.1738904098848184e26
-1.1520385558137157e26
-1.1288772371186367e26
-1.1044120113938085e26
-1.078649206246101e26
-1.0515959171142914e26
-1.0232600046378157e26
-9.936500915754118e25
-9.627755592748601e25
-9.306465436946662e25
-8.972739309796674e25
-8.626693525921077e25
-8.268451799999367e25
-7.898145189251337e25
-7.515912031541739e25
-7.121897879137629e25
-6.7162554281444885e25
-6.299144443659659e25
-5.870731680676443e25
-5.4311908007742034e25
-4.980702284641127e25
-4.519453340467946e25
-4.047637808262373e25
-3.565456060127045e25
-3.0731148965584045e25
-2.570827438814137e25
-2.058813017408951e25
-1.5372970567907096e25
-1.006510956263909e25
-4.6669196721971513e24
8.191693326589632e23
6.390671723921365e24
1.204504715088186e25
1.7779702008869532e25
2.3591990841504826e25
2.947921777564167e25
3.543863798825839e25
4.146745920453169e25
4.7562843226211205e25
5.372190748951711e25
5.994172665166233e25
6.62193342051919e25
7.255172411917256e25
7.893585250636398e25
8.536863931548254e25
9.184697004754268e25
9.836769749538395e25
1.0492764350536465e26
1.115236007603017e26
1.1815233458257517e26
1.2481058475645014e26
1.3149506736853857e26
1.3820247666543199e26
1.4492948692736898e26
1.5167275435692035e26
1.5842891898165173e26
1.6519460656960206e26
1.7196643055655394e26
1.7874099398394286e26
1.8551489144636323e26
1.922847110474746e26
