1.4800693359375e-13
1.480683513000717e11
2.37200799594409e12
1.203290387363944e13
3.813879074841497e13
9.345380946674428e13
1.9465065190252162e14
3.625059215292859e14
6.221379310265535e14
1.003286353582817e15
1.5406330407759065e15
2.2741632172639675e15
3.2495661611776605e15
4.518674379235027e15
6.139940187371501e15
8.17894851125322e15
1.0708964626584242e16
1.3811515466786832e16
1.757700303558542e16
2.21053483744122e16
2.750666444952656e16
3.390195624144763e16
4.142384623988243e16
5.021732347093131e16
6.04405141101011e16
7.226547166468691e16
8.587898464252198e16
1.0148339956106189e17
1.1929745709138278e17
1.3955713907604686e17
1.6251652410802266e17
1.8844864931005363e17
2.1764637591013392e17
2.504232561691707e17
2.871143991815672e17
3.2807733303844243e17
3.736928608165601e17
4.243659078338709e17
4.805263575949039e17
5.4262987383616525e17
6.111587060732274e17
6.866224760473956e17
7.695589424707261e17
8.605347414737976e17
9.601461001709951e17
1.0690195207732095e18
1.1878124326977408e18
1.3172138101498934e18
1.4579447526801618e18
1.6107590262551416e18
1.776443562419201e18
1.955818913167621e18
2.1497396592002194e18
2.3590947692774497e18
2.584807908458505e18
2.8278376930630743e18
3.0891778902649426e18
3.369857560296639e18
3.670941139319634e18
3.9935284610941937e18
4.3387547156667315e18
4.707790343380355e18
5.101840862606082e18
5.522146629687939e18
5.969982529694548e18
6.446657596672946e18
6.953514562206986e18
7.491929331192631e18
8.063310383855809e18
8.669098103154749e18
9.310764026828188e18
9.98981002347289e18
1.0707767392158833e19
1.146619588521768e19
1.2266682653969801e19
1.3110841117287029e19
1.4000309753021966e19
1.493675081247045e19
1.5921848958170874e19
1.6957309825482863e19
1.804485850852761e19
1.918623797121328e19
2.0383207384210575e19
2.1637540388886176e19
2.295102328934472e19
2.4325453173873033e19
2.5762635967223742e19
2.7264384415318376e19
2.883251600409284e19
3.0468850814350156e19
3.217520931462676e19
3.3953410094219026e19
3.580526753865548e19
3.773258945003822e19
3.973717461481265e19
4.1820810321658905e19
4.398526983233056e19
4.623230980839533e19
4.856366769696064e19
5.098105907859033e19
5.348617498074127e19
5.608067916016642e19
5.876620535784628e19
6.15443545301223e19
6.4416692059812766e19
6.738474495119714e19
7.044999901285247e19
7.361389603242246e19
7.687783094749012e19
8.024314901681039e19
8.371114299624155e19
8.728305032378937e19
9.096005031824944e19
9.474326139599883e19
9.863373831054736e19
1.0263246941951417e20
1.067403739837434e20
1.1095829950331391e20
1.152870190952372e20
1.1972722891766373e20
1.242795456454459e20
1.2894450400191896e20
1.3372255435177481e20
1.3861406035990508e20
1.43619296721089e20
1.4873844696538972e20
1.5397160134410666e20
1.5931875480110816e20
1.6477980503433573e20
1.703545506522355e20
1.760426894298243e20
1.8184381666904647e20
1.8775742366801805e20
1.9378289630368576e20
1.9991951373235454e20
2.0616644721245572e20
2.1252275905383816e20
2.18987401697766e20
2.255592169317075e20
2.3223693524288232e20
2.3901917531442007e20
2.459044436678563e20
2.528911344555583e20
2.5997752940653484e20
2.6716179792893585e20
2.744419973723943e20
2.8181607345320418e20
2.8928186084515827e20
2.968370839386983e20
3.04479357770848e20
3.122061891282154e20
3.2001497782515466e20
3.279030181589842e20
3.3586750054394855e20
3.4390551332540344e20
3.5201404477548954e20
3.601899852713367e20
3.6843012965661606e20
3.767311797870266e20
3.850897472600677e20
3.935023563292062e20
4.019654470023086e20
4.104753783239529e20
4.1902843184098915e20
4.276208152504604e20
4.3624866622873416e20
4.44908056440438e20
4.535949957255251e20
4.623054364625295e20
4.7103527810580283e20
4.797803718942534e20
4.885365257288358e20
4.972995092157665e20
5.060650588721653e20
5.148288834905516e20
5.235866696583423e20
5.323340874282301e20
5.4106679613504134e20
5.497804503544027e20
5.584707059982674e20
5.6713322654208544e20
5.757636893781305e20
5.843577922892261e20
5.929112600368517e20
6.01419851057345e20
6.09879364259655e20
6.182856459178503e20
6.266345966513265e20
6.349221784854161e20
6.431444219848546e20
6.512974334523221e20
6.59377402184042e20
6.673806077741943e20
6.753034274596738e20
6.831423434965148e20
6.908939505590853e20
6.985549631529572e20
7.061222230321647e20
7.135927066113676e20
7.209635323632673e20
7.282319681914422e20
7.35395438768609e20
7.42451532830168e20
7.493980104127315e20
7.562328100272181e20
7.629540557559486e20
7.695600642630834e20
7.760493517076169e20
7.824206405480671e20
7.886728662279001e20
7.948051837306643e20
8.008169739937489e20
8.067078501696159e20
8.124776637233475e20
8.181265103552837e20
8.236547357375521e20
8.29062941053256e20
8.343519883271238e20
8.395230055364302e20
8.445773914910442e20
8.495168204715078e20
8.543432466141133e20
8.590589080320197e20
8.636663306615475e20
8.681683318228848e20
8.725680234845679e20
8.768688152212126e20
8.81074416854148e20
8.851888407647226e20
8.892164038702715e20
8.931617292528779e20
8.970297474313052e20
9.008256972666482e20
9.045551264925222e20
9.082238918608211e20
9.118381588943532e20
9.154044012379218e20
9.189293995997085e20
9.22420240275119e20
9.258843132455522e20
9.293293098448933e20
9.32763219986856e20
9.361943289466672e20
9.396312136909345e20
9.43082738749933e20
9.465580516269207e20
9.50066577739512e20
9.536180148885381e20
9.572223272502637e20
9.608897388882545e20
9.646307267816534e20
9.684560133670724e20
9.723765585917911e20
9.764035514764173e20
9.805484011856831e20
9.848227276065209e20
9.892383514331051e20
9.938072837590446e20
9.985417151774476e20
1.0034540043901234e21
1.0085566663277158e21
1.013862359783134e21
1.0193838745611852e21
1.0251341181479066e21
1.0311261019036274e21
1.037372926784411e21
1.0438877685970755e21
1.0506838627936013e21
1.0577744888113039e21
1.0651729539657653e21
1.0728925769040968e21
1.0809466706267153e21
1.0893485250864126e21
1.0981113893740977e21
1.107248453501201e21
1.1167728297893234e21
1.126697533878325e21
1.137035465364639e21
1.1477993880822067e21
1.1590019100390158e21
1.1706554630228296e21
1.1827722818902717e21
1.1953643835540295e21
1.2084435456835133e21
1.222021285134888e21
1.236108836126959e21
1.2507171281799616e21
1.2658567638348585e21
1.28153799617129e21
1.2977707061428722e21
1.3145643797490573e21
1.331928085063293e21
1.3498704491377297e21
1.368399634805214e21
1.387523317399801e21
1.4072486614174846e21
1.4275822971393058e21
1.448530297239443e21
1.470098153401333e21
1.4922907529652546e21
1.5151123556312542e21
1.53856657024163e21
1.5626563316675977e21
1.5873838778250725e21
1.6127507268448797e21
1.6387576544229683e21
1.665404671376542e21
1.692691001432257e21
1.7206150592729283e21
1.7491744288693782e21
1.778365842124307e21
1.8081851578552403e21
1.8386273411437707e21
1.8696864430784638e21
1.9013555809189238e21
1.9336269187085954e21
1.9664916483639754e21
1.9999399712679262e21
2.0339610803948502e21
2.0685431429954258e21
2.1036732838686417e21
2.1393375692487577e21
2.1755209913347835e21
2.2122074534899268e21
2.2493797561383568e21
2.2870195833864549e21
2.3251074903955394e21
2.363622891532829e21
2.402544049327186e21
2.4418480642558903e21
2.481510865388412e21
2.5215072019127877e21
2.561810635569928e21
2.602393534020685e21
2.6432270651702185e21
2.6842811924736534e21
2.725524671246633e21
2.7669250460038107e21
2.808448648847844e21
2.8500605989308743e21
2.8917248030098876e21
2.9334039571167833e21
2.9750595493632535e21
3.016651863900026e21
3.058139986049208e21
3.099481808627841e21
3.140634039479959e21
3.1815522102337334e21
3.22219068629941e21
3.2625026781229823e21
3.302440253709647e21
3.3419543524302274e21
3.380994800122847e21
3.419510325501191e21
3.4574485778797597e21
3.4947561462255185e21
3.5313785795443824e21
3.5672604086099074e21
3.602345169040557e21
3.63657542573083e21
3.669892798640429e21
3.7022379899446084e21
3.733550812547616e21
3.7637702199601015e21
3.792834337540141e21
3.8206804950963485e21
3.8472452608503977e21
3.8724644767550176e21
3.8962732951623204e21
3.9186062168360957e21
3.9393971303004226e21
3.9585793525157247e21
3.976085670872086e21
3.991848386488386e21
4.0057993588045146e21
4.017870051452594e21
4.0279915793919037e21
4.036094757290784e21
4.042110149137582e21
4.0459681190612854e21
4.0475988833412495e21
4.0469325635840167e21
4.043899241043958e21
4.0384290120630943e21
4.030452044604179e21
4.0198986358497204e21
4.006699270838407e21
3.9907846821089703e21
3.972085910320309e21
3.95053436581532e21
3.9260618910946453e21
3.898600824165202e21
3.8680840627272003e21
3.834445129161865e21
3.797618236281181e21
3.757538353799335e21
3.7141412754847134e21
3.667363686949759e21
3.6171432340351164e21
3.5634185917430366e21
3.506129533674171e21
3.4452170019204885e21
3.380623177366152e21
3.312291550347015e21
3.2401669916183573e21
3.1641958235795096e21
3.0843258917029885e21
3.000506636114776e21
2.912689163271479e21
2.8208263176791906e21
2.7248727535980275e21
2.624785006675411e21
2.5205215654504196e21
2.412042942670778e21
2.29931174636329e21
2.182292750597759e21
2.060952965884027e21
1.9352617091408142e21
1.805190673174723e21
1.6707139956071795e21
1.5318083271865462e21
1.3884528994221676e21
1.2406295914768918e21
1.088322996254053e21
9.315204856146753e20
7.702122746604303e20
6.043914850176019e20
4.340542070572492e20
2.5919956098650997e20
7.98297567459929e19
-1.0404984735174204e20
-2.9243068730764768e20
-4.853009375106032e20
-6.826454562654947e20
-8.844457328395569e20
-1.0906798360913243e21
-1.3013223647462246e21
-1.5163443993824846e21
-1.7357134561906296e21
-1.9593934425692357e21
-2.1873446146193888e21
-2.419523536599354e21
-2.6558830424006077e21
-2.896372199105434e21
-3.140936272685892e21
-3.3895166959026003e21
-3.6420510384617234e21
-3.898472979486584e21
-4.1587122823605225e21
-4.4226947719953247e21
-4.6903423145798575e21
-4.961572799860902e21
-5.236300126008367e21
-5.514434187114567e21
-5.795880863377245e21
-6.080542014013164e21
-6.368315472949061e21
-6.659095047334254e21
-6.952770518918449e21
-7.249227648335932e21
-7.548348182336334e21
-7.850009864000266e21
-8.154086445976186e21
-8.46044770677334e21
-8.768959470143655e21
-9.079483627583571e21
-9.391878163984912e21
-9.705997186461931e21
-1.002169095637947e22
-1.0338805924605385e22
-1.0657184770007958e22
-1.0976666441217298e22
-1.1297086201666841e22
-1.1618275677929711e22
-1.1940062911361395e22
-1.226227241305915e22
-1.2584725222144772e22
-1.2907238967376133e22
-1.3229627932089824e22
-1.3551703122475265e22
-1.3873272339177362e22
-1.4194140252223549e22
-1.4514108479266972e22
-1.4832975667136632e22
-1.515053757668113e22
-1.5466587170891503e22
-1.578091470628479e22
-1.6093307827528298e22
-1.6403551665281082e22
-1.6711428937227103e22
-1.7016720052271387e22
-1.7319203217868161e22
-1.761865455044687e22
-1.7914848188899533e22
-1.820755641109025e22
-1.8496549753344326e22
-1.8781597132872841e22
-1.9062465973084586e22
-1.9338922331735404e22
-1.9610731031861863e22
-1.987765579544361e22
-2.0139459379736074e22
-2.0395903716212242e22
-2.0646750052050014e22
-2.089175909409857e22
-2.1130691155254747e22
-2.136330630317767e22
-2.1589364511267464e22
-2.180862581183122e22
-2.202085045135666e22
-2.2225799047811665e22
-2.2423232749885387e22
-2.2612913398083846e22
-2.2794603687590924e22
-2.2968067332803026e22
-2.313306923344347e22
-2.328937564216013e22
-2.343675433350807e22
-2.357497477421619e22
-2.370380829463512e22
-2.3823028261261173e22
-2.3932410250229486e22
-2.4031732221667197e22
-2.41207746947956e22
-2.4199320923668518e22
-2.42671570734321e22
-2.4324072396989483e22
-2.436985941195254e22
-2.4404314077760525e22
-2.442723597284442e22
-2.443842847171432e22
-2.4437698921845634e22
-2.4424858820238247e22
-2.439972398952219e22
-2.436211475348169e22
-2.43118561118686e22
-2.424877791437496e22
-2.4172715033633736e22
-2.4083507537116173e22
-2.398100085779227e22
-2.3865045963422415e22
-2.373549952434482e22
-2.3592224079625526e22
-2.343508820143556e22
-2.3263966657520454e22
-2.307874057162672e22
-2.287929758174982e22
-2.2665531996068305e22
-2.243734494642876e22
-2.2194644539246475e22
-2.1937346003686513e22
-2.1665371836991293e22
-2.1378651946820297e22
-2.1077123790468396e22
-2.076073251083022e22
-2.0429431068978454e22
-2.0083180373225125e22
-1.9721949404535724e22
-1.9345715338166934e22
-1.895446366140072e22
-1.854818828724774e22
-1.8126891663995554e22
-1.769058488047749e22
-1.72392877669409e22
-1.6773028991394164e22
-1.629184615131441e22
-1.5795785860599224e22
-1.5284903831648309e22
-1.4759264952462778e22
-1.4218943358652e22
-1.3664022500240855e22
-1.309459520317122e22
-1.2510763725396503e22
-1.1912639807468157e22
-1.1300344717517798e22
-1.0674009290539551e22
-1.00337739618828e22
-9.379788794865523e21
-8.712213502424069e21
-8.03121746271671e21
-7.336979728603045e21
-6.629689030923438e21
-5.909543775507459e21
-5.176752033842385e21
-4.4315315273382893e21
-3.674109605128353e21
-2.904723215348284e21
-2.1236188698410788e21
-1.331052602239143e21
-5.272899193785795e20
2.873942539947973e20
1.1127156372646863e21
1.9483806627599105e21
2.794086551374939e21
3.649521395018334e21
4.5143642459077277e21
5.388285212726479e21
6.270945563650367e21
7.1619978362507e21
8.061085954272813e21
8.967845351287209e21
9.881903101202244e21
1.0802878055625855e22
1.173038098805609e22
1.266401474487812e22
1.3603374403137214e22
1.4548047435055267e22
1.5497613879251078e22
1.6451646518621842e22
1.740971106483546e22
1.8371366349381132e22
1.9336164521118183e22
2.0303651250260326e22
2.1273365938724862e22
2.2244841936773615e22
2.3217606765865607e22
2.4191182347638176e22
2.516508523892557e22
2.6138826872722e22
2.711191380498836e22
2.8083847967199495e22
2.9054126924521026e22
3.002224413950226e22
3.0987689241165353e22
3.1949948299366277e22
3.2908504104299145e22
3.3862836451008903e22
3.4812422428774325e22
3.5756736715217506e22
3.669525187499237e22
3.762743866289844e22
3.855276633126357e22
3.947070294143313e22
4.03807156792006e22
4.128227117400785e22
4.217483582174129e22
4.30578761109446e22
4.39308589522657e22
4.479325201095011e22
4.5644524042190705e22
4.648414522913861e22
4.73115875233776e22
4.8126324987659414e22
4.892783414069473e22
4.971559430379129e22
5.048908794912686e22
5.124780104944185e22
5.199122342893316e22
5.2718849115128515e22
5.343017669151674e22
5.412470965070832e22
5.480195674789586e22
5.546143235438423e22
5.6102656810955424e22
5.672515678083382e22
5.732846560201234e22
5.791212363870134e22
5.847567863165776e22
5.9018686047153274e22
5.954070942433555e22
6.004132072073872e22
6.05201006556959e22
6.097663905140716e22
6.141053517141415e22
6.182139805623408e22
6.220884685590269e22
6.257251115917905e22
6.29120313191609e22
6.322705877506374e22
6.351725636991301e22
6.378229866390282e22
6.402187224317282e22
6.423567602375675e22
6.442342155045659e22
6.458483329039905e22
6.47196489210299e22
6.482761961230544e22
6.4908510302840834e22
6.4962099969778105e22
6.498818189213738e22
6.498656390741801e22
6.495706866121842e22
6.489953384964734e22
6.481381245429916e22
6.4699772969572096e22
6.455729962210928e22
6.438629258214741e22
6.418666816655966e22
6.395835903338455e22
6.370131436763612e22
6.341550005819474e22
6.310089886558164e22
6.275751058042556e22
6.23853521724333e22
6.198445792968359e22
6.155487958806346e22
6.1096686450677285e22
6.060996549705917e22
6.0094821482028494e22
5.9551377024030754e22
5.897977268281387e22
5.8380167026295146e22
5.775273668648096e22
5.709767640430515e22
5.641519906326181e22
5.570553571171111e22
5.496893557374765e22
5.420566604852249e22
5.341601269792123e22
5.2600279222504955e22
5.17587874256306e22
5.089187716567052e22
4.9999906296262325e22
4.90832505945255e22
4.814230367719067e22
4.717747690459158e22
4.6189199272481384e22
4.517791729164238e22
4.414409485526263e22
4.308821309406593e22
4.201077021918585e22
4.091228135278627e22
3.979327834643494e22
3.86543095872494e22
3.749593979183896e22
3.6318749788079607e22
3.512333628476123e22
3.3910311629161308e22
3.268030355260252e22
3.1433954904065807e22
3.0171923371932646e22
2.8894881193945207e22
2.7603514855477047e22
2.629852477622018e22
2.4980624985397406e22
2.3650542785623455e22
2.2309018405542314e22
2.095680464138156e22
1.959466648756761e22
1.8223380756559722e22
1.684373568806509e22
1.5456530547810245e22
1.4062575216047377e22
1.2662689765986834e22
1.1257704032352996e22
9.848457170272431e21
8.435797204705382e21
7.020580570646972e21
5.603671644326599e21
4.185942265648086e21
2.7682712521133575e21
1.35154390448855e21
-6.334849552815332e19
-1.475509195362722e21
-2.8840364890722046e21
-4.288024242013805e21
-5.686562422386011e21
-7.078737639339968e21
-8.463633687357168e21
-9.84033209657971e21
-1.1207912688770838e22
-1.2565454138583676e22
-1.3912034539802097e22
-1.5246731976217238e22
-1.656862509679281e22
-1.7876793694771615e22
-1.917031929036482e22
-2.0448285716664677e22
-2.170977970841187e22
-2.295389149324851e22
-2.4179715385078902e22
-2.538635037915892e22
-2.6572900748525985e22
-2.7738476641384843e22
-2.888219467905219e22
-3.0003178554067106e22
-3.1100559628063597e22
-3.2173477529005716e22
-3.32210807473774e22
-3.4242527230919694e22
-3.5236984977502218e22
-3.6203632625719183e22
-3.714166004279254e22
-3.805026890936754e22
-3.892867330078112e22
-3.977610026438653e22
-4.0591790392514034e22
-4.137499839064703e22
-4.212499364039388e22
-4.2841060756836315e22
-4.3522500139834094e22
-4.4168628518867155e22
-4.477877949099627e22
-4.535230405152831e22
-4.5888571116967734e22
-4.6386968039843806e22
-4.684690111499994e22
-4.726779607693883e22
-4.764909858781617e22
-4.799027471568009e22
-4.829081140255725e22
-4.855021692198925e22
-4.876802132562868e22
-4.8943776878504605e22
-4.907705848257725e22
-4.916746408820149e22
-4.921461509312731e22
-4.921815672866796e22
-4.917775843267535e22
-4.909311420896666e22
-4.896394297285033e22
-4.878998888241086e22
-4.8571021655215274e22
-4.830683687011188e22
-4.79972562538001e22
-4.764212795185708e22
-4.7241326783915866e22
-4.679475448269766e22
-4.630233991660748e22
-4.5764039295615036e22
-4.517983636014891e22
-4.454974255274166e22
-4.387379717217449e22
-4.315206750987803e22
-4.238464896835803e22
-4.1571665161422885e22
-4.071326799600361e22
-3.980963773536044e22
-3.886098304349361e22
-3.786754101057392e22
-3.6829577159228955e22
-3.5747385431527956e22
-3.4621288156523198e22
-3.345163599821487e22
-3.2238807883822314e22
-3.098321091224993e22
-2.9685280242659603e22
-2.8345478963063056e22
-2.696429793886763e22
-2.5542255641318203e22
-2.4079897955794374e22
-2.2577797969931657e22
-2.1036555741553517e22
-1.9456798046406824e22
-1.7839178105718623e22
-1.6184375293594122e22
-1.4493094824297273e22
-1.2766067419465782e22
-1.100404895532805e22
-9.207820090002602e21
-7.378185870974905e21
-5.515975322862791e21
-3.6220410155890466e21
-1.697258613105277e21
2.5747359718520966e20
2.241235194138435e21
4.253084131532831e21
6.292057265490971e21
8.357170900450425e21
1.0447421353458299e22
1.2561785536557036e22
1.4699221557003778e22
1.6858669335061146e22
1.9039051239078593e22
2.1239272737570734e22
2.3458223067985386e22
2.569477592183862e22
2.7947790145882455e22
3.0216110458959e22
3.249856818417438e22
3.479398199602127e22
3.710115868205911e22
3.941889391875269e22
4.174597306105342e22
4.40811719452973e22
4.642325770497911e22
4.877098959895514e22
5.112311985160571e22
5.347839450448618e22
5.583555427897787e22
5.8193335449441645e22
6.055047072636428e22
6.290569014897691e22
6.525772198681712e22
6.760529364968923e22
6.99471326054788e22
7.228196730525211e22
7.4608528115076986e22
7.692554825398268e22
7.923176473747087e22
8.15259193259817e22
8.380675947771013e22
8.60730393051579e22
8.832352053480581e22
9.055697346927316e22
9.27721779513345e22
9.496792432915247e22
9.714301442207953e22
9.929626248637786e22
1.0142649618019971e23
1.035325575271655e23
1.0561330387787632e23
1.0766760886868646e23
1.0969436337706493e23
1.1169247647286817e23
1.136608763648438e23
1.1559851134168395e23
1.1750435070694381e23
1.1937738570714084e23
1.212166304523462e23
1.2302112282858575e23
1.2478992540135886e23
1.2652212630959258e23
1.2821684014934298e23
1.2987320884656094e23
1.3149040251823926e23
1.3306762032126146e23
1.3460409128827339e23
1.360990751499058e23
1.3755186314267509e23
1.3896177880189689e23
1.4032817873895064e23
1.4165045340223848e23
1.4292802782118727e23
1.4416036233264924e23
1.4534695328906155e23
1.4648733374773584e23
1.475810741406509e23
1.486277829241347e23
1.496271072078276e23
1.5057873336232797e23
1.514823876049312e23
1.5233783656288325e23
1.5314488781357878e23
1.539033904011465e23
1.5461323532887432e23
1.55274356026939e23
1.5588672879491702e23
1.5645037321856608e23
1.5696535256037995e23
1.5743177412343153e23
1.5784978958803477e23
1.582195953207691e23
1.5854143265542382e23
1.588155881454386e23
1.5904239378742658e23
1.5922222721538727e23
1.593555118652294e23
1.5944271710924233e23
1.594843583601707e23
1.594809971445657e23
1.5943324114510093e23
1.5934174421156428e23
1.5920720634024944e23
1.5903037362149485e23
1.5881203815513252e23
1.585530379336324e23
1.5825425669274403e23
1.5791662372945988e23
1.5754111368714464e23
1.5712874630769158e23
1.5668058615059468e23
1.561977422788388e23
1.5568136791153718e23
1.551326600432625e23
1.545528590300431e23
1.5394324814201405e23
1.5330515308273915e23
1.5263994147523556e23
1.519490223147632e23
1.512338453884564e23
1.5049590066190117e23
1.4973671763278333e23
1.4895786465175618e23
1.481609482106972e23
1.4734761219854996e23
1.4651953712496269e23
1.4567843931196962e23
1.4482607005397219e23
1.4396421474630771e23
1.430946919827135e23
1.4221935262201707e23
1.4134007882440722e23
1.4045878305766196e23
1.3957740707373426e23
1.3869792085611464e23
1.3782232153842038e23
1.3695263229467355e23
1.3609090120176076e23
1.3523920007458417e23
1.3439962327443919e23
1.335742864911714e23
1.3276532549969518e23
1.3197489489146399e23
1.3120516678152073e23
1.3045832949176303e23
1.2973658621108626e23
1.2904215363308597e23
1.2837726057202166e23
1.2774414655776141e23
1.2714506041045258e23
1.2658225879567208e23
1.2605800476084187e23
1.2557456625370225e23
1.2513421462366043e23
1.2473922310684682e23
1.2439186529572924e23
1.2409441359415146e23
1.2384913765868119e23
1.2365830282716597e23
1.2352416853541027e23
1.2344898672290637e23
1.2343500022856177e23
1.2348444117738284e23
1.2359952935908349e23
1.2378247059960796e23
1.2403545512656135e23
1.2436065592956074e23
1.2476022711652108e23
1.2523630226691508e23
1.2579099278304227e23
1.2642638624036092e23
1.2714454473794065e23
1.2794750325010641e23
1.2883726798034709e23
1.2981581471857388e23
1.308850872028145e23
1.3204699548644192e23
1.3330341431203656e23
1.3465618149298218e23
1.3610709630391155e23
1.3765791788110636e23
1.3931036363396946e23
1.4106610766867965e23
1.4292677922515233e23
1.4489396112841496e23
1.4696918825552016e23
1.4915394601910456e23
1.514496688687116e23
1.5385773881098533e23
1.563794839498452e23
1.590161770477382e23
1.6176903410907398e23
1.646392129869288e23
1.676278120141091e23
1.7073586865964706e23
1.739643582118059e23
1.773141924886526e23
1.8078621857725326e23
1.843812176025306e23
1.880999035268204e23
1.91942921981143e23
1.9591084912920252e23
2.0000419056510086e23
2.0422338024575813e23
2.085687794589982e23
2.130406758282561e23
2.176392823548367e23
2.2236473649865108e23
2.2721709929832856e23
2.3219635453158377e23
2.373024079167123e23
2.425350863560513e23
2.4789413722223946e23
2.5337922768806757e23
2.5898994410071684e23
2.647257914011353e23
2.7058619258929685e23
2.76570488236049e23
2.826779360422497e23
2.8890771044585123e23
2.952589022775781e23
3.0173051846580284e23
3.083214817912226e23
3.1503063069188385e23
3.218567191190998e23
3.287984164447553e23
3.358543074204863e23
3.4302289218917333e23
3.5030258634917706e23
3.576917210716876e23
3.6518854327156326e23
3.727912158319733e23
3.80497817883146e23
3.8830634513547636e23
3.9621471026723676e23
4.042207433670792e23
4.123221924314987e23
4.205167239173869e23
4.288019233497779e23
4.3717529598484665e23
4.456342675281964e23
4.5417618490841895e23
4.627983171059026e23
4.714978560368046e23
4.802719174920833e23
4.891175421314391e23
4.980316965319937e23
5.070112742914836e23
5.1605309718572376e23
5.251539163800423e23
5.343104136943778e23
5.4351920292167324e23
5.5277683119916226e23
5.620797804321363e23
5.714244687697075e23
5.808072521320753e23
5.902244257887492e23
5.996722259871617e23
6.091468316310544e23
6.186443660079971e23
6.281608985653488e23
6.376924467339549e23
6.472349777988254e23
6.567844108160059e23
6.663366185748183e23
6.758874296046245e23
6.854326302252153e23
6.949679666399119e23
7.044891470704087e23
7.139918439323856e23
7.234716960508583e23
7.329243109142196e23
7.423452669658743e23
7.517301159323698e23
7.610743851868616e23
7.703735801467445e23
7.796231867042344e23
7.888186736886733e23
7.979554953592919e23
8.070290939271348e23
8.160349021048241e23
8.249683456828297e23
8.338248461308581e23
8.425998232229738e23
8.512886976850221e23
8.598868938629148e23
8.683898424103048e23
8.767929829941611e23
8.850917670167254e23
8.932816603523235e23
9.013581460974715e23
9.09316727332709e23
9.171529298945594e23
9.248623051560153e23
9.324404328139263e23
9.398829236816326e23
9.471854224852085e23
9.543436106616288e23
9.613532091571905e23
9.68209981224476e23
9.749097352161755e23
9.814483273740327e23
9.878216646112051e23
9.940257072862911e23
1.0000564719673003e24
1.0059100341838107e24
1.011582531165572e24
1.0170701645657886e24
1.0223692031673418e24
1.0274759855701792e24
1.0323869228581277e24
1.0370985012433537e24
1.0416072846867323e24
1.0459099174923598e24
1.0500031268744699e24
1.0538837254949995e24
1.0575486139700694e24
1.0609947833436552e24
1.0642193175267159e24
1.0672193957000722e24
1.0699922946793274e24
1.0725353912401497e24
1.0748461644022267e24
1.076922197670231e24
1.0787611812301571e24
1.0803609140993774e24
1.0817193062288252e24
1.082834380555689e24
1.083704275005049e24
1.0843272444388969e24
1.0847016625510102e24
1.0848260237061546e24
1.0846989447221416e24
1.0843191665932705e24
1.0836855561537168e24
1.0827971076794592e24
1.0816529444273686e24
1.0802523201100913e24
1.0785946203054226e24
1.0766793637988671e24
1.0745062038581334e24
1.0720749294383323e24
1.0693854663166932e24
1.0664378781556345e24
1.0632323674930843e24
1.05976927665894e24
1.0560490886166531e24
1.0520724277289122e24
1.0478400604464658e24
1.0433528959191563e24
1.0386119865282808e24
1.0336185283394374e24
1.0283738614750615e24
1.0228794704058786e24
1.017136984160588e24
1.0111481764530944e24
1.0049149657266674e24
9.984394151144632e23
9.917237323158757e23
9.847702693882382e23
9.77581522453454e23
9.701601313191548e23
9.625088790140792e23
9.546306912373742e23
9.465286357215908e23
9.382059215091956e23
9.296658981424683e23
9.209120547667069e23
9.119480191467157e23
9.027775565966133e23
8.934045688230123e23
8.838330926817417e23
8.740672988482735e23
8.641114904020977e23
8.539701013253468e23
8.436476949160097e23
8.331489621161388e23
8.224787197555162e23
8.11641908711262e23
8.006435919839819e23
7.894889526910506e23
7.78183291977709e23
7.66732026846701e23
7.551406879072306e23
7.434149170440696e23
7.315604650077183e23
7.195831889265236e23
7.07489049741793e23
6.952841095669194e23
6.829745289716286e23
6.705665641924923e23
6.580665642709187e23
6.454809681198639e23
6.328163015205764e23
6.200791740507325e23
6.072762759453429e23
5.944143748919204e23
5.81500312761386e23
5.685410022762682e23
5.5554342361779685e23
5.425146209735334e23
5.2946169902722416e23
5.163918193926279e23
5.033121969930589e23
4.9023009638851716e23
4.771528280522365e23
4.64087744598568e23
4.510422369641492e23
4.380237305443412e23
4.250396812869636e23
4.120975717454008e23
3.992049070931475e23
3.863692111019777e23
3.7359802208587244e23
3.6089888881292553e23
3.482793663874615e23
3.357470121046359e23
3.233093812798141e23
3.109740230550551e23
2.9874847618506666e23
2.8664026480497986e23
2.7465689418239373e23
2.6280584645608313e23
2.51094576363838e23
2.3953050696189912e23
2.281210253384869e23
2.1687347832392516e23
2.0579516819990375e23
1.9489334841038418e23
1.841752192767488e23
1.73647923719727e23
1.6331854299068973e23
1.5319409241489416e23
1.4328151714927652e23
1.3358768795738594e23
1.2411939700408383e23
1.1488335367257676e23
1.058861804064391e23
9.713440857920226e22
8.863447439412705e22
8.039271481676325e22
7.241536354289243e22
6.470854700444875e22
5.727828041599643e22
5.013046386434672e22
4.327087844385504e22
3.670518243997593e22
3.043890756358876e22
2.4477455238615613e22
1.8826092945433782e22
1.3489950622562543e22
8.474017129076596e21
3.7831367701920544e21
-5.7799411158554667e20
-4.604830477338974e21
-8.292981862304481e21
-1.163821557380151e22
-1.4636459814213206e22
-1.7283806726770926e22
-1.9576515361904846e22
-2.151101456196851e22
-2.30839057621896e22
-2.429196570571433e22
-2.5132149070677668e22
-2.560159100726917e22
-2.5697609582792617e22
-2.541770813277092e22
-2.4759577516213463e22
-2.372109827316742e22
-2.2300342682763567e22
-2.049557672000326e22
-1.8305261909579588e22
-1.5728057075080391e22
-1.2762819981986991e22
-9.408608872916226e21
-5.66468389364361e21
-1.5305084084621683e21
2.9942497964799316e21
7.9097174231648e21
1.3215814686254333e22
1.8912254453399557e22
2.4998541502403827e22
3.147397189632139e22
3.8337632477435335e22
4.558840048108697e22
5.322494327015838e22
6.124571819102821e22
6.964897255169754e22
7.843274372272996e22
8.759485936158638e22
9.713293776084888e22
1.0704438832076106e23
1.1732641214646349e23
1.2797600277015212e23
1.389899469984372e23
1.5036482588498386e23
1.6209701582851433e23
1.741826897961487e23
1.8661781867199114e23
1.993981727307888e23
2.125193232364363e23
2.2597664416494776e23
2.3976531405156845e23
2.538803179614943e23
2.6831644958365936e23
2.830683134469641e23
2.981303272582151e23
3.134967243610264e23
3.29161556314747e23
3.4511869559254884e23
3.613618383976048e23
3.77884507596271e23
3.946800557671019e23
4.1174166836444674e23
4.290623669952898e23
4.466350128079667e23
4.644523099912046e23
4.825068093820257e23
5.007909121808247e23
5.1929687377193275e23
5.380168076479083e23
5.569426894356931e23
5.7606636102272595e23
5.9537953478103657e23
6.148737978872145e23
6.345406167361978e23
6.543713414466361e23
6.743572104555775e23
6.944893552001645e23
7.147588048839309e23
7.351564913252524e23
7.556732538854471e23
7.76299844473891e23
7.97026932627589e23
8.178451106624374e23
8.387448988934546e23
8.597167509211535e23
8.80751058981194e23
9.018381593543929e23
9.229683378341433e23
9.44131835248152e23
9.65318853031519e23
9.865195588479711e23
1.0077240922561214e24
1.028922570417524e24
1.0501050938433073e24
1.071261752176064e24
1.092382630003715e24
1.113457812701911e24
1.1344773923016713e24
1.1554314733787541e24
1.1763101789613288e24
1.1971036564524626e24
1.217802083563889e24
1.2383956742575584e24
1.2588746846913247e24
1.2792294191652937e24
1.2994502360651437e24
1.3195275537988443e24
1.3394518567231198e24
1.359213701056025e24
1.3788037207719711e24
1.3982126334755593e24
1.4174312462504952e24
1.4364504614799996e24
1.4552612826349686e24
1.4738548200262555e24
1.4922222965173823e24
1.5103550531940318e24
1.5282445549866542e24
1.5458823962425814e24
1.5632603062439297e24
1.580370154667792e24
1.597203956985026e24
1.6137538797940982e24
1.6300122460864252e24
1.6459715404396593e24
1.6616244141354308e24
1.6769636901980692e24
1.6919823683508006e24
1.7066736298861006e24
1.721030842446733e24
1.735047564714185e24
1.7487175510011724e24
1.7620347557449573e24
1.774993337898269e24
1.78758766521466e24
1.7998123184251418e24
1.8116620953030877e24
1.8231320146143388e24
1.834217319949564e24
1.8449134834359785e24
1.855216209325551e24
1.8651214374569622e24
1.874625346588514e24
1.883724357599421e24
1.8924151365568316e24
1.9006945976460977e24
1.9085599059618146e24
1.916008480157281e24
1.9230379949500558e24
1.9296463834814197e24
1.9358318395275492e24
1.9415928195603767e24
1.9469280446561425e24
1.9518365022497294e24
1.956317447732968e24
1.9603704058951897e24
1.963995172204377e24
1.9671918139273737e24
1.9699606710876695e24
1.9723023572594094e24
1.9742177601963618e24
1.9757080422946337e24
1.9767746408880777e24
1.9774192683753843e24
1.9776439121779866e24
1.9774508345279745e24
1.976842572085326e24
1.9758219353838956e24
1.9743920081056227e24
1.9725561461826344e24
1.9703179767269159e24
1.9676813967873983e24
1.9646505719343847e24
1.9612299346713595e24
1.9574241826742873e24
1.9532382768587134e24
1.948677439274942e24
1.9437471508318195e24
1.938453148849652e24
1.9328014244429533e24
1.9267982197337905e24
1.9204500248966445e24
1.9137635750357466e24
1.9067458468960524e24
1.8994040554090041e24
1.891745650074461e24
1.883778311180196e24
1.8755099458605007e24
1.8669486839955497e24
1.858102873953255e24
1.84898107817549e24
1.839592068610616e24
1.8299448219944066e24
1.820048514981482e24
1.8099125191295913e24
1.7995463957390564e24
1.788959890549883e24
1.778162928299087e24
1.7671656071409236e24
1.7559781929327737e24
1.7446111133895715e24
1.733074952109684e24
1.7213804424753615e24
1.7095384614308488e24
1.6975600231414213e24
1.6854562725366564e24
1.6732384787413592e24
1.6609180283976402e24
1.648506418881737e24
1.6360152514192083e24
1.6234562241022994e24
1.6108411248132668e24
1.5981818240575764e24
1.5854902677109463e24
1.5727784696842924e24
1.5600585045106877e24
1.547342499858529e24
1.5346426289751766e24
1.5219711030653475e24
1.5093401636086994e24
1.4967620746210017e24
1.4842491148634077e24
1.4718135700043803e24
1.4594677247388687e24
1.4472238548693917e24
1.4350942193537439e24
1.4230910523240176e24
1.4112265550818012e24
1.3995128880743139e24
1.387962162856369e24
1.376586434043052e24
1.3653976912580332e24
1.3544078510824713e24
1.3436287490094924e24
1.333072131409209e24
1.3227496475093368e24
1.3126728413964215e24
1.3028531440427126e24
1.2933018653637563e24
1.284030186311754e24
1.2750491510097622e24
1.2663696589317996e24
1.258002457133903e24
1.2499581325412232e24
1.2422471042961873e24
1.2348796161727667e24
1.2278657290618753e24
1.221215313532904e24
1.2149380424763705e24
1.2090433838326379e24
1.203540593411648e24
1.1984387078085402e24
1.1937465374200558e24
1.1894726595665295e24
1.1856254117242688e24
1.1822128848730625e24
1.179242916963519e24
1.1767230865088756e24
1.174660706305895e24
1.1730628172893558e24
1.1719361825246568e24
1.1712872813429277e24
1.1711223036230129e24
1.1714471442246135e24
1.1722673975768082e24
1.1735883524260852e24
1.1754149867479693e24
1.1777519628262128e24
1.1806036225034674e24
1.1839739826072567e24
1.1878667305549721e24
1.192285220141546e24
1.1972324675133428e24
1.2027111473317199e24
1.2087235891296253e24
1.2152717738644632e24
1.2223573306704038e24
1.2299815338131598e24
1.238145299850178e24
1.2468491849990714e24
1.2560933827169935e24
1.2658777214935713e24
1.2762016628598595e24
1.2870642996156854e24
1.2984643542776322e24
1.3104001777497612e24
1.3228697482190766e24
1.3358706702775969e24
1.3494001742727606e24
1.3634551158877847e24
1.37803197595344e24
1.3931268604925774e24
1.4087355009986358e24
1.42485325494917e24
1.4414751065553381e24
1.4585956677481592e24
1.4762091794021595e24
1.4943095127969448e24
1.5128901713170558e24
1.5319442923903133e24
1.5514646496647955e24
1.5714436554242654e24
1.5918733632420008e24
1.612745470872491e24
1.634051323380645e24
1.6557819165078034e24
1.6779279002736985e24
1.7004795828135603e24
1.723426934449093e24
1.746759591992283e24
1.770466863280433e24
1.794537731941111e24
1.818960862385111e24
1.8437246050257702e24
1.8688170017225938e24
1.8942257914469952e24
1.9199384161680536e24
1.945942026955657e24
1.9722234902987064e24
1.998769394635424e24
2.025566057093185e24
2.0525995304346342e24
2.0798556102071475e24
2.1073198420923153e24
2.134977529451934e24
2.162813741067195e24
2.190813319067115e24
2.218960887042677e24
2.2472408583424877e24
2.2756374445460613e24
2.3041346641104778e24
2.3327163511859852e24
2.3613661645963057e24
2.3900675969788202e24
2.4188039840801965e24
2.44755851420239e24
2.4763142377943496e24
2.505054077184133e24
2.533760836446492e24
2.5624172114005816e24
2.591005799732339e24
2.619509111236295e24
2.647909578170959e24
2.6761895657224146e24
2.704331382570083e24
2.732317291549059e24
2.760129520402867e24
2.7877502726207666e24
2.815161738353477e24
2.842346105401006e24
2.8692855702665743e24
2.895962349270021e24
2.9223586897145886e24
2.948456881100323e24
2.9742392663778416e24
2.999688253235746e24
3.0247863254149904e24
3.0495160540437366e24
3.073860108985699e24
3.0978012701954864e24
3.121322439073832e24
3.144406649816202e24
3.167037080747572e24
3.1891970656367406e24
3.2108701049831376e24
3.232039877269127e24
3.2526902501710337e24
3.27280529172171e24
3.2923692814178543e24
3.3113667212649856e24
3.329782346753198e24
3.347601137756607e24
3.364808329349681e24
3.3813894225334406e24
3.397330194864544e24
3.41261671098055e24
3.4272353330142294e24
3.441172730890401e24
3.4544158924981644e24
3.4669521337320327e24
3.47876910839514e24
3.4898548179578023e24
3.500197621164989e24
3.5097862434859374e24
3.5186097863996227e24
3.5266577365094985e24
3.5339199744812716e24
3.540386783797305e24
3.5460488593215675e24
3.550897315668958e24
3.554923695372907e24
3.558119976845461e24
3.560478582123794e24
3.561992384397659e24
3.5626547153118357e24
3.5624593720383033e24
3.561400624112486e24
3.559473220028414e24
3.5566723935875424e24
3.552993869996054e24
3.5484338717059297e24
3.542989123994668e24
3.536656860279208e24
3.5294348271593256e24
3.521321289186205e24
3.512315033351842e24
3.502415373295139e24
3.491622153220751e24
3.4799357515268515e24
3.467357084138097e24
3.4538876075402897e24
3.4395293215134165e24
3.4242847715598004e24
3.4081570510244043e24
3.3911498029043857e24
3.3732672213451695e24
3.3545140528206693e24
3.3348955969951174e24
3.3144177072644946e24
3.293086790975494e24
3.270909809320248e24
3.2478942769052126e24
3.2240482609927187e24
3.19938038041399e24
3.1738998041526183e24
3.147616249597513e24
3.1205399804647323e24
3.092681804387709e24
3.064053070175569e24
3.0346656647394493e24
3.0045320096869456e24
2.9736650575849244e24
2.9420782878913413e24
2.9097857025565907e24
2.8768018212954014e24
2.8431416765303515e24
2.808820808008273e24
2.773855257091104e24
2.738261560722753e24
2.7020567450741123e24
2.665258318868029e24
2.6278842663867575e24
2.5899530401642606e24
2.551483553366107e24
2.512495171859863e24
2.4730077059790155e24
2.4330414019837125e24
2.3926169332219324e24
2.3517553909945273e24
2.3104782751281886e24
2.2688074842602927e24
2.2267653058399324e24
2.1843744058494874e24
2.1416578182514576e24
2.098638934165192e24
2.0553414907787425e24
2.01178956000075e24
1.9680075368578397e24
1.9240201276430469e24
1.879852337820878e24
1.835529459694954e24
1.791077059844192e24
1.7465209663337038e24
1.701887255706903e24
1.6572022397650936e24
1.612492452141403e24
1.5677846346757662e24
1.5231057235979885e24
1.478482835525916e24
1.4339432532860832e24
1.3895144115640334e24
1.3452238823921073e24
1.3010993604820767e24
1.2571686484105527e24
1.2134596416650606e24
1.1700003135587466e24
1.1268187000218914e24
1.0839428842784519e24
1.0414009814159431e24
9.992211228572431e23
9.574314407426508e23
9.160600522310133e23
8.751350437285403e23
8.346844550541638e23
7.947362635502859e23
7.553183681478352e23
7.164585733948036e23
6.78184573457107e23
6.405239361011022e23
6.035040866668442e23
5.6715229204136895e23
5.314956446412434e23
4.965610464137269e23
4.6237519286580935e23
4.289645571306527e23
3.9635537408062685e23
3.6457362449646745e23
3.33645019301933e23
3.035949838733701e23
2.744486424335858e23
2.462308025394612e23
2.1896593967261436e23
1.9267818194265252e23
1.6739129491212006e23
1.4312866655264965e23
1.1991329234151576e23
9.776776050780424e22
7.671423743745181e22
5.67744532462262e22
3.796968752973551e22
2.0320755299542446e22
3.8479931142323443e21
-1.1428754585673338e22
-2.549014893011963e22
-3.831736985058437e22
-4.9892129081245395e22
-6.019668292160471e22
-6.9213844752378316e22
-7.692699729606907e22
-8.332010461435273e22
-8.837772383398363e22
-9.208501659334406e22
-9.442776020193219e22
-9.539235850490313e22
-9.496585244541496e22
-9.313593031702404e22
-8.989093769930923e22
-8.521988706924465e22
-7.91124670817283e22
-7.155905151225757e22
-6.255070785526926e22
-5.207920557180545e22
-4.0137023980051485e22
-2.6717359782944592e22
-1.1814134226720976e22
4.5780001149738203e21
2.246365293724573e22
4.1846690185305775e22
6.2730228426388135e22
8.511662961699728e22
1.0900749626998744e23
1.3440366702631205e23
1.613052126351735e23
1.897114323470772e23
2.1962085072312874e23
2.5103121486446434e23
2.8393949206502553e23
3.183418678905949e23
3.542337446873251e23
3.9160974052192656e23
4.3046368855635375e23
4.707886368586249e23
5.125768486521764e23
5.5581980300487666e23
6.005081959594916e23
6.46631942106586e23
6.941801766005211e23
7.431412576196794e23
7.935027692706497e23
8.45251524937126e23
8.983735710727359e23
9.528541914380073e23
1.0086779117802115e24
1.0658285049556143e24
1.1242889964927628e24
1.1840416705951402e24
1.2450680765819756e24
1.3073490357645844e24
1.3708646487566713e24
1.4355943032154164e24
1.5015166820111326e24
1.568609771822221e24
1.6368508721519398e24
1.7062166047639693e24
1.7766829235322877e24
1.8482251247019984e24
1.920817857556083e24
1.9944351354842095e24
2.0690503474480728e24
2.144636269838776e24
2.2211650787206664e24
2.298608362455843e24
2.3769371347041042e24
2.45612184779153e24
2.5361324064421883e24
2.6169381818656376e24
2.6985080261942564e24
2.780810287262649e24
2.8638128237224815e24
2.947483020485125e24
3.031787804484118e24
3.1166936607502483e24
3.202166648790349e24
3.2881724192623286e24
3.3746762309371455e24
3.4616429679396546e24
3.549037157259153e24
3.636822986520314e24
3.7249643220058386e24
3.813424726920587e24
3.9021674798883665e24
3.9911555936707527e24
4.0803518340987836e24
4.1697187392066175e24
4.2592186385574553e24
4.3488136727510984e24
4.4384658131022374e24
4.5281368814794256e24
4.6177885702930673e24
4.7073824626222635e24
4.796880052468587e24
4.886242765126369e24
4.975431977657415e24
5.064409039459302e24
5.153135292915522e24
5.241572094115551e24
5.329680833633833e24
5.417422957355054e24
5.504759987334726e24
5.591653542682327e24
5.678065360455715e24
5.763957316554518e24
5.849291446600181e24
5.93402996679124e24
6.018135294720875e24
6.101570070145438e24
6.18429717569098e24
6.266279757486404e24
6.347481245710319e24
6.427865375040059e24
6.507396204990456e24
6.586038140130022e24
6.663755950163048e24
6.740514789864806e24
6.816280218858621e24
6.89101822122209e24
6.964695224911282e24
7.037278120990366e24
7.108734282655515e24
7.179031584041077e24
7.248138418796317e24
7.316023718421657e24
7.38265697035244e24
7.448008235779524e24
7.512048167194941e24
7.574748025652044e24
7.636079697729026e24
7.696015712184815e24
7.754529256297218e24
7.811594191872191e24
7.867185070914489e24
7.921277150949018e24
7.973846409983331e24
8.024869561101034e24
8.074324066676763e24
8.122188152203236e24
8.168440819720859e24
8.213061860841273e24
8.25603186935556e24
8.297332253418879e24
8.336945247302696e24
8.374853922706915e24
8.411042199623467e24
8.445494856744009e24
8.47819754140417e24
8.509136779056907e24
8.538299982268423e24
8.565675459229464e24
8.591252421775986e24
8.615020992912656e24
8.636972213833517e24
8.657098050434141e24
8.67539139930979e24
8.691846093234724e24
8.70645690611776e24
8.719219557429656e24
8.730130716098064e24
8.739188003866344e24
8.746389998112442e24
8.751736234124747e24
8.755227206831948e24
8.756864371984035e24
8.756650146782554e24
8.754587909957604e24
8.750682001290289e24
8.744937720579019e24
8.737361326048775e24
8.727960032202525e24
8.716742007114453e24
8.703716369164924e24
8.688893183217555e24
8.672283456238839e24
8.653899132361399e24
8.633753087392104e24
8.611859122766645e24
8.588231958952562e24
8.562887228302866e24
8.535841467363138e24
8.507112108634722e24
8.476717471797518e24
8.444676754395919e24
8.411010021991811e24
8.375738197788921e24
8.338883051733163e24
8.30046718909376e24
8.260514038530638e24
8.219047839653414e24
8.176093630078002e24
8.131677231987084e24
8.085825238200841e24
8.038564997764959e24
7.989924601062892e24
7.939932864459933e24
7.88861931448693e24
7.8360141715715e24
7.782148333325292e24
7.72705335739586e24
7.670761443892115e24
7.613305417392549e24
7.554718708545778e24
7.495035335273085e24
7.434289883583179e24
7.372517488009303e24
7.309753811679296e24
7.246035026029591e24
7.181397790173934e24
7.115879229938447e24
7.049516916574318e24
6.982348845160045e24
6.914413412705278e24
6.845749395968268e24
6.776395928999629e24
6.706392480424784e24
6.63577883047818e24
6.564595047802061e24
6.492881466023243e24
6.420678660120934e24
6.348027422599688e24
6.274968739480591e24
6.201543766124949e24
6.12779380290444e24
6.053760270731693e24
5.979484686465849e24
5.905008638207135e24
5.830373760495488e24
5.75562170942731e24
5.680794137705279e24
5.605932669636336e24
5.531078876092139e24
5.456274249447358e24
5.38156017851077e24
5.306977923464048e24
5.232568590823637e24
5.158373108440462e24
5.084432200553233e24
5.010786362909869e24
4.937475837972804e24
4.864540590223025e24
4.792020281578194e24
4.7199542469400447e24
4.648381469886056e24
4.577340558520643e24
4.506869721500939e24
4.4370067442520567e24
4.367788965386853e24
4.299253253345023e24
4.231435983266425e24
4.164373014113097e24
4.098099666054848e24
4.0326506981325405e24
3.968060286213899e24
3.9043620012555495e24
3.8415887878858036e24
3.7797729433218833e24
3.7189460966354774e24
3.6591391883802823e24
3.6003824505947935e24
3.5427053871939696e24
3.48613675476242e24
3.430704543762331e24
3.376435960168613e24
3.323357407543832e24
3.2714944695650676e24
3.220871893014767e24
3.1715135712472675e24
3.123442528142647e24
3.0766809025589666e24
3.031249933294008e24
2.9871699445672097e24
2.944460332032224e24
2.903139549330232e24
2.8632250951939236e24
2.824733501111583e24
2.7876803195607644e24
2.752080112820185e24
2.7179464423687054e24
2.685291858879546e24
2.6541278928177653e24
2.62446504564857e24
2.5963127816637904e24
2.569679520433315e24
2.5445726298882875e24
2.5209984200419893e24
2.498962137354457e24
2.478467959746212e24
2.459518992266236e24
2.4421172634188584e24
2.4262637221539524e24
2.4119582355243142e24
2.399199587013848e24
2.3879854755396686e24
2.3783125151308375e24
2.3701762352862304e24
2.363571082013298e24
2.3584904195494453e24
2.3549265327670717e24
2.3528706302629133e24
2.3523128481322834e24
2.353242254427714e24
2.355646854301848e24
2.359513595833344e24
2.364828376534701e24
2.371576050539978e24
2.3797404364703855e24
2.3893043259751508e24
2.4002494929443866e24
2.4125567033908468e24
2.426205725996373e24
2.4411753433190303e24
2.4574433636559285e24
2.4749866335569333e24
2.493781050983358e24
2.513801579106059e24
2.535022260736324e24
2.5574162333827847e24
2.5809557449274264e24
2.6056121699127484e24
2.6313560264324903e24
2.658156993617198e24
2.685983929706125e24
2.714804890696268e24
2.7445871495587995e24
2.7752972160133533e24
2.8069008568494597e24
2.8393631167848757e24
2.872648339849389e24
2.9067201912831125e24
2.9415416799371356e24
2.9770751811647655e24
3.013282460190813e24
3.050124695945996e24
3.0875625053537354e24
3.1255559680554784e24
3.164064651561265e24
3.2030476368110626e24
3.242463544132941e24
3.282270559583049e24
3.3224264616528015e24
3.362888648327932e24
3.403614164483805e24
3.4445597296016047e24
3.485681765788982e24
3.526936426089348e24
3.5682796230629674e24
3.609667057623453e24
3.651054248112637e24
3.6923965595965687e24
3.7336492333656476e24
3.7747674166209744e24
3.815706192329668e24
3.8564206092308694e24
3.8968657119748306e24
3.9369965713765564e24
3.9767683147659895e24
4.016136156416208e24
4.055055428030972e24
4.093481609273263e24
4.1313703583157255e24
4.168677542394552e24
4.2053592683475277e24
4.2413719131176705e24
4.276672154203101e24
4.31121700003434e24
4.344963820259884e24
4.377870375920854e24
4.409894849495854e24
4.440995874796668e24
4.4711325666959963e24
4.500264550667945e24
4.5283519921224406e24
4.555355625514567e24
4.581236783209841e24
4.605957424086819e24
4.6294801618580856e24
4.6517682930912153e24
4.6727858249110026e24
4.692497502364744e24
4.710868835432164e24
4.7278661256619986e24
4.743456492417229e24
4.757607898711151e24
4.770289176616754e24
4.781470052231929e24
4.7911211701833337e24
4.7992141176519053e24
4.8057214479032344e24
4.8106167033063045e24
4.8138744378242545e24
4.81547023896117e24
4.815380749149122e24
4.813583686559965e24
4.8100578653267066e24
4.804783215159519e24
4.7977408003418594e24
4.7889128380923654e24
4.77828271627858e24
4.765835010469017e24
4.751555500310104e24
4.7354311852153386e24
4.7174502993538893e24
4.69760232592672e24
4.6758780107182107e24
4.652269374912157e24
4.6267697271609435e24
4.5993736748974076e24
4.570077134879329e24
4.5388773429565947e24
4.505772863052023e24
4.470763595346655e24
4.4338507836614837e24
4.395037022027245e24
4.3543262604351897e24
4.311723809761442e24
4.267236345858551e24
4.220871912808271e24
4.17263992532961e24
4.122551170337492e24
4.070617807646922e24
4.0168533698190425e24
3.961272761145015e24
3.9038922557648046e24
3.8447294949184375e24
3.783803483327196e24
3.7211345847037367e24
3.6567445163894764e24
3.590656343119349e24
3.5228944699132834e24
3.453484634095542e24
3.382453896442477e24
3.30983063146047e24
3.235644516796408e24
3.159926521782747e24
3.082708895121104e24
3.004025151707257e24
2.9239100586026525e24
2.8423996201563145e24
2.7595310622833104e24
2.675342815904937e24
2.589874499557228e24
2.5031669011749774e24
2.415261959057994e24
2.3262027420283766e24
2.2360334287863592e24
2.1447992864746236e24
2.0525466484597633e24
1.9593228913412761e24
1.8651764111988012e24
1.7701565990879087e24
1.674313815796836e24
1.5776993658752246e24
1.480365470948256e24
1.3823652423282238e24
1.2837526529378773e24
1.1845825085586816e24
1.0849104184186613e24
9.8479276513496e23
8.842866740255912e23
7.834499818070699e23
6.823412046930191e23
5.810195059114072e23
4.7954466265625726e23
3.779770324923439e23
2.763775192297541e23
1.748075382868642e23
7.332898156062999e22
-2.7995818177745027e22
-1.2910412334138852e23
-2.299328280220411e23
-3.304184948990095e23
-4.304973925433026e23
-5.301055330959882e23
-6.291787102994613e23
-7.276525378612639e23
-8.254624881278241e23
-9.225439310474593e23
-1.0188321733993877e24
-1.1142624982676533e24
-1.2087702047362145e24
-1.3022906477833518e24
-1.394759278352044e24
-1.4861116835727276e24
-1.576283627115973e24
-1.6652110896504358e24
-1.7528303093834029e24
-1.839077822659093e24
-1.9238905045916982e24
-2.0072056097080187e24
-2.088960812576351e24
-2.1690942483969156e24
-2.2475445535291592e24
-2.3242509059322297e24
-2.3991530654931447e24
-2.4721914142191675e24
-2.5433069962687474e24
-2.612441557797321e24
-2.679537586593092e24
-2.744538351477881e24
-2.8073879414493716e24
-2.8680313045393543e24
-2.926414286364441e24
-2.982483668344243e24
-3.036187205563386e24
-3.0874736642527504e24
-3.1362928588663503e24
-3.1825956887299826e24
-3.226334174237551e24
-3.2674614925722993e24
-3.3059320129287405e24
-3.341701331213163e24
-3.374726304198732e24
-3.404965083113525e24
-3.432377146638157e24
-3.456923333291511e24
-3.478565873182356e24
-3.4972684191049555e24
-3.5129960769580964e24
-3.525715435465516e24
-3.535394595177987e24
-3.5420031967359326e24
-3.54551244837307e24
-3.545895152641294e24
-3.5431257323372914e24
-3.537180255612452e24
-3.528036460247226e24
-3.5156737770721633e24
-3.500073352517649e24
-3.4812180702756466e24
-3.4590925720561433e24
-3.433683277422531e24
-3.404978402689872e24
-3.372967978870567e24
-3.337643868653214e24
-3.2989997823995223e24
-3.257031293146282e24
-3.2117358505984856e24
-3.163112794101411e24
-3.111163364579005e24
-3.0558907154273825e24
-2.99729992235199e24
-2.935397992138352e24
-2.8701938703461185e24
-2.80169844791733e24
-2.7299245666901773e24
-2.654887023810036e24
-2.5766025750303975e24
-2.495089936896813e24
-2.4103697878073534e24
-2.322464767944539e24
-2.231399478073055e24
-2.1372004771994166e24
-2.039896279089686e24
-1.9395173476422507e24
-1.836096091113291e24
-1.7296668551930555e24
-1.6202659149322962e24
-1.507931465517917e24
-1.3927036118984992e24
-1.2746243572605737e24
-1.1537375903571337e24
-1.0300890716908654e24
-9.037264185549161e23
-7.74699088934822e23
-6.430583642763033e23
-5.088573311232766e23
-3.721508616323598e23
-2.3299559296985023e23
-9.144990559847156e22
5.242609953867269e22
1.9857062492825504e23
3.4692020148238356e23
4.974097146094217e23
6.49972431350238e23
8.045400285684978e23
9.610426221833273e23
1.1194087974321751e24
1.2795656401506454e24
1.441438769055927e24
1.6049523690194997e24
1.7700292253138858e24
1.9365907588185938e24
2.104557062168486e24
2.2738469368283078e24
2.4443779310756263e24
2.616066378874681e24
2.788827439622205e24
2.962575138746601e24
3.1372224091401977e24
3.3126811334049817e24
3.488862186890751e24
3.665675481504278e24
3.8430300102679564e24
4.0208338926052705e24
4.198994420330501e24
4.3774181043192337e24
4.556010721835568e24
4.734677364492345e24
4.913322486818945e24
5.091849955412063e24
5.270163098643297e24
5.448164756897951e24
5.625757333318409e24
5.802842845024984e24
5.979322974787573e24
6.155099123120085e24
6.330072460769924e24
6.504143981574109e24
6.677214555653698e24
6.849184982917298e24
7.019956046845024e24
7.189428568522619e24
7.357503460897063e24
7.524081783223019e24
7.68906479567019e24
7.85235401406138e24
8.013851264710426e24
8.173458739329597e24
8.331079049975518e24
8.486615284002332e24
8.639971058991491e24
8.791050577626604e24
8.939758682482193e24
9.086000910694929e24
9.229683548486005e24
9.370713685503147e24
9.508999268951061e24
9.644449157478317e24
9.77697317479001e24
9.906482162954243e24
1.003288803537146e25
1.0156103829375209e25
1.0276043758433417e25
1.039262326391893e25
1.0505759066418887e25
1.0615369216551463e25
1.0721373145260376e25
1.0823691713556103e25
1.0922247261673979e25
1.101696365761925e25
1.1107766345069298e25
1.1194582390603955e25
1.1277340530234182e25
1.1355971215201142e25
1.1430406657016333e25
1.1500580871715329e25
1.156642972329676e25
1.1627890966319404e25
1.1684904287630355e25
1.1737411347197461e25
1.1785355818019857e25
1.1828683425090814e25
1.186734198338776e25
1.190128143486412e25
1.1930453884419237e25
1.1954813634821953e25
1.1974317220564637e25
1.1988923440625273e25
1.1998593390114381e25
1.2003290490786176e25
1.200298052039183e25
1.1997631640855057e25
1.1987214425249524e25
1.197170188355892e25
1.1951069487201354e25
1.19252951922993e25
1.1894359461678457e25
1.1858245285578037e25
1.1816938201057332e25
1.1770426310082147e25
1.171870029627747e25
1.1661753440331697e25
1.1599581634039345e25
1.153218339297041e25
1.1459559867753335e25
1.1381714853962192e25
1.129865480059628e25
1.1210388817144128e25
1.1116928679221882e25
1.1018288832779442e25
1.0914486396866307e25
1.0805541164951043e25
1.0691475604789597e25
1.0572314856836387e25
1.0448086731195962e25
1.0318821703110457e25
1.0184552906982322e25
1.0045316128929573e25
9.901149797873525e24
9.752094975159875e24
9.598195342712841e24
9.439497189726074e24
9.276049397891283e24
9.107903425170131e24
8.935113288111917e24
8.757735542724316e24
8.575829263901759e24
8.389456023419141e24
8.198679866499277e24
8.003567286961249e24
7.804187200961193e24
7.600610919333709e24
7.392912118547311e24
7.181166810283709e24
6.965453309655875e24
6.745852202076927e24
6.52244630879481e24
6.295320651108934e24
6.06456241328291e24
5.830260904172605e24
5.592507517584746e24
5.351395691386794e24
5.107020865385412e24
4.859480437994345e24
4.608873721712949e24
4.3553018974350967e24
4.098867967612936e24
3.8396767082959464e24
3.5778346200713306e24
3.3134498779276253e24
3.046632280068826e24
2.777493195702935e24
2.506145511831745e24
2.232703579069849e24
1.957283156518405e24
1.6800013557243341e24
1.4009765837512503e24
1.1203284853940082e24
8.381778845645216e23
5.54646724881556e23
2.6985800949383738e23
-1.6064259831215224e22
-3.0299514432015515e23
-5.908088304770273e23
-8.793786930020624e23
-1.1685773583147485e24
-1.4582767686444246e24
-1.7483482466564906e24
-2.0386625605782122e24
-2.329089989788331e24
-2.6195003908368e24
-2.9097632638563953e24
-3.199747819332349e24
-3.4893230451911446e24
-3.7783577741738954e24
-4.066720751455064e24
-4.354280702471014e24
-4.640906400920003e24
-4.926466736895256e24
-5.210830785114939e24
-5.493867873208687e24
-5.775447650024868e24
-6.055440153917694e24
-6.333715880978355e24
-6.610145853169211e24
-6.884601686324345e24
-7.156955657977202e24
-7.427080774975913e24
-7.69485084084965e24
-7.96014052288523e24
-8.222825418877519e24
-8.482782123513534e24
-8.739888294353294e24
-8.994022717368744e24
-9.245065372002108e24
-9.492897495707384e24
-9.737401647935445e24
-9.978461773527396e24
-1.021596326547676e25
-1.044979302702603e25
-1.0679839533058496e25
-1.0905992890751154e25
-1.112814489945158e25
-1.1346189109742855e25
-1.1560020881662767e25
-1.1769537442040352e25
-1.197463794091744e25
-1.2175223507019373e25
-1.2371197302242868e25
-1.2562464575126494e25
-1.2748932713272583e25
-1.2930511294687628e25
-1.3107112138009656e25
-1.3278649351592333e25
-1.3445039381414407e25
-1.3606201057785864e25
-1.3762055640820303e25
-1.391252686464633e25
-1.405754098032933e25
-1.419702679747613e25
-1.4330915724497213e25
-1.445914180749922e25
-1.4581641767783985e25
-1.4698355037928607e25
-1.4809223796423978e25
-1.4914193000848134e25
-1.501321041955289e25
-1.510622666184254e25
-1.519319520662367e25
-1.527407242950739e25
-1.5348817628344255e25
-1.5417393047174954e25
-1.5479763898578921e25
-1.5535898384405398e25
-1.558576771487124e25
-1.5629346126011469e25
-1.5666610895468952e25
-1.569754235661085e25
-1.5722123910960153e25
-1.5740342038931855e25
-1.575218630886401e25
-1.575764938433497e25
-1.5756727029759198e25
-1.574941811425474e25
-1.573572461377677e25
-1.5715651611512344e25
-1.5689207296532582e25
-1.5656402960699473e25
-1.5617252993825719e25
-1.5571774877086475e25
-1.551998917468371e25
-1.5461919523763936e25
-1.539759262259205e25
-1.5327038216984243e25
-1.5250289085004295e25
-1.5167381019928898e25
-1.5078352811487855e25
-1.4983246225386962e25
-1.4882105981121567e25
-1.4774979728090439e25
-1.4661918020020301e25
-1.4542974287712102e25
-1.4418204810122028e25
-1.4287668683789841e25
-1.4151427790629834e25
-1.4009546764098843e25
-1.3862092953758432e25
-1.3709136388248026e25
-1.3550749736687515e25
-1.3387008268528734e25
-1.321798981187532e25
-1.3043774710293137e25
-1.2864445778132046e25
-1.2680088254383371e25
-1.2490789755095462e25
-1.2296640224373468e25
-1.2097731883988108e25
-1.189415918162006e25
-1.1686018737767991e25
-1.1473409291347276e25
-1.1256431644009842e25
-1.1035188603213604e25
-1.0809784924073508e25
-1.058032725002422e25
-1.034692405232813e25
-1.010968556846041e25
-9.868723739405046e24
-9.624152145897536e24
-9.37608594364706e24
-9.124641797576028e24
-8.869937815111944e24
-8.612093478569862e24
-8.351229576662009e24
-8.087468135173452e24
-7.820932346842994e24
-7.551746500487637e24
-7.280035909411994e24
-7.005926839141545e24
-6.729546434522232e24
-6.451022646226361e24
-6.17048415670813e24
-5.888060305649687e24
-5.603881014940876e24
-5.318076713236897e24
-5.030778260134874e24
-4.742116870015441e24
-4.452224035591495e24
-4.1612314512100793e24
-3.869270935950097e24
-3.576474356562522e24
-3.282973550296556e24
-2.9889002476573054e24
-2.6943859951411006e24
-2.3995620779921228e24
-2.1045594430277606e24
-1.8095086215763512e24
-1.5145396525746984e24
-1.2197820058695365e24
-9.25364505768736e23
-6.314152548893929e23
-3.380615583454094e23
-4.542984832281903e22
2.463543909142335e23
5.3716669753971564e23
8.268837061611677e23
1.1153832212478467e24
1.402544289948496e24
1.6882472742539156e24
1.9723739224598654e24
2.254807439887976e24
2.535432558819765e24
2.814135607602422e24
3.090804578882128e24
3.3653291969248146e24
3.6376009839800337e24
3.907513325649358e24
4.174961535217092e24
4.4398429169028706e24
4.7020568279977036e24
4.961504739842851e24
5.218090297614514e24
5.471719378874973e24
5.722300150854073e24
5.96974312642401e24
6.21396121873102e24
6.454869794449927e24
6.692386725625618e24
6.92643244006927e24
7.156929970274788e24
7.383805000825111e24
7.606985914254879e24
7.826403835341151e24
8.041992673791233e24
8.253689165298963e24
8.461432910942247e24
8.665166414894071e24
8.864835120421873e24
9.060387444149273e24
9.251774808557126e24
9.438951672699779e24
9.621875561115247e24
9.80050709090794e24
9.974809996983635e24
1.0144751155418378e25
1.0310300604942525e25
1.0471431566524246e25
1.0628120461035083e25
1.0780346924984743e25
1.0928093824310318e25
1.1071347266207794e25
1.1210096608994997e25
1.1344334469995108e25
1.147405673143254e25
1.1599262544332586e25
1.1719954330418848e25
1.183613778200241e25
1.1947821859858819e25
1.2055018789089584e25
1.2157744052966247e25
1.22560163847564e25
1.2349857757532047e25
1.2439293371961876e25
1.252435164209053e25
1.2605064179108818e25
1.2681465773120112e25
1.275359437290954e25
1.282149106372358e25
1.2885200043068962e25
1.294476859454104e25
1.300024705969286e25
1.305168880795749e25
1.3099150204637244e25
1.3142690576974689e25
1.3182372178321559e25
1.3218260150422688e25
1.325042248383344e25
1.327892997649029e25
1.3303856190454884e25
1.3325277406854049e25
1.334327257903808e25
1.3357923283981966e25
1.3369313671954337e25
1.3377530414480705e25
1.3382662650628373e25
1.3384801931641303e25
1.338404216395475e25
1.338047955061992e25
1.3374212531170586e25
1.336534171996394e25
1.3353969843029578e25
1.3340201673460973e25
1.3324143965385117e25
1.330590538654683e25
1.3285596449544944e25
1.326332944175905e25
1.3239218354005496e25
1.3213378807963239e25
1.3185927982409988e25
1.3156984538310537e25
1.3126668542799966e25
1.3095101392104584e25
1.3062405733445093e25
1.3028705385966306e25
1.2994125260739301e25
1.2958791279881675e25
1.2922830294843137e25
1.2886370003903518e25
1.2849538868931218e25
1.281246603145098e25
1.2775281228069591e25
1.2738114705309673e25
1.2701097133901154e25
1.2664359522581548e25
1.2628033131455457e25
1.2592249384965273e25
1.2557139784524392e25
1.2522835820865306e25
1.2489468886155014e25
1.2457170185930255e25
1.2426070650905855e25
1.2396300848708958e25
1.2367990895592956e25
1.2341270368184303e25
1.2316268215315966e25
1.2293112670001478e25
1.2271931161603007e25
1.2252850228247724e25
1.2235995429545926e25
1.2221491259665086e25
1.2209461060813261e25
1.220002693718583e25
1.21933096694288e25
1.2189428629672254e25
1.2188501697187062e25
1.2190645174717751e25
1.2195973705544354e25
1.2204600191325497e25
1.2216635710774977e25
1.223218943922344e25
1.2251368569116565e25
1.2274278231500728e25
1.2301021418546573e25
1.2331698907160582e25
1.236640918373408e25
1.240524837007868e25
1.2448310150596604e25
1.2495685700733608e25
1.2547463616761723e25
1.2603729846938353e25
1.2664567624087435e25
1.2730057399647975e25
1.2800276779234015e25
1.287530045974997e25
1.2955200168103752e25
1.3040044601560014e25
1.3129899369774107e25
1.3224826938547478e25
1.3324886575343531e25
1.3430134296602173e25
1.354062281689085e25
1.3656401499927977e25
1.3777516311514685e25
1.3904009774408669e25
1.4035920925174072e25
1.4173285273038982e25
1.4316134760792168e25
1.446449772774889e25
1.461839887481429e25
1.4777859231672777e25
1.494289612612896e25
1.5113523155626557e25
1.5289750160967913e25
1.547158320225841e25
1.5659024537096474e25
1.5852072601029394e25
1.6050721990294718e25
1.6254963446863857e25
1.6464783845805472e25
1.6680166184982395e25
1.6901089577097136e25
1.7127529244096997e25
1.7359456513950793e25
1.759683881980646e25
1.7839639701537153e25
1.8087818809683894e25
1.8341331911798822e25
1.860013090119413e25
1.8864163808098302e25
1.9133374813222048e25
1.9407704263731998e25
1.9687088691632053e25
1.9971460834548425e25
2.02607496589134e25
2.0554880385543118e25
2.0853774517600178e25
2.1157349870934014e25
2.1465520606786827e25
2.1778197266854777e25
2.2095286810690816e25
2.2416692655433514e25
2.2742314717847745e25
2.3072049458657693e25
2.3405789929154956e25
2.374342582005994e25
2.408484351261661e25
2.442992613189538e25
2.4778553602281485e25
2.5130602705122354e25
2.5485947138505807e25
2.5844457579142644e25
2.620600174632118e25
2.6570444467905117e25
2.6937647748339656e25
2.7307470838634656e25
2.7679770308287156e25
2.8054400119109106e25
2.8431211700921747e25
2.8810054029077382e25
2.9190773703769854e25
2.957321503109095e25
2.9957220105792405e25
3.0342628895707647e25
3.072927932779075e25
3.1117007375726235e25
3.1505647149061776e25
3.1895030983818663e25
3.228498953452802e25
3.267535186764609e25
3.3065945556294914e25
3.3456596776279544e25
3.3847130403326333e25
3.423737011149108e25
3.4627138472682046e25
3.5016257057240945e25
3.540454653552933e25
3.5791826780459896e25
3.6177916970918514e25
3.6562635696015975e25
3.6945801060113238e25
3.7327230788558203e25
3.7706742334075873e25
3.8084152983750567e25
3.8459279966538102e25
3.883194056124824e25
3.920195220493286e25
3.95691326016197e25
3.9933299831326275e25
4.029427245929263e25
4.06518696453686e25
4.100591125349025e25
4.1356217961184195e25
4.170261136903209e25
4.204491411003374e25
4.238294995880134e25
4.271654394052256e25
4.3045522439625235e25
4.336971330808058e25
4.368894597327932e25
4.400305154541513e25
4.4311862924312375e25
4.461521490563131e25
4.491294428638872e25
4.520488996972705e25
4.549089306887088e25
4.577079701020392e25
4.6044447635405955e25
4.631169330258495e25
4.65723849863417e25
4.682637637670586e25
4.70735239768802e25
4.731368719973323e25
4.754672846297793e25
4.777251328297793e25
4.79909103671209e25
4.820179170469972e25
4.8405032656244905e25
4.860051204124881e25
4.878811222422696e25
4.896771919905867e25
4.913922267155376e25
4.930251614018972e25
4.945749697496689e25
4.96040664943293e25
4.974213004009915e25
4.987159705037549e25
4.9992381130347075e25
5.010440012097156e25
5.020757616547352e25
5.030183577361582e25
5.0387109883698776e25
5.046333392224404e25
5.053044786132052e25
5.0588396273470885e25
5.063712838419935e25
5.067659812198132e25
5.070676416575824e25
5.072758998988145e25
5.073904390647044e25
5.074109910515232e25
5.073373369015081e25
5.071693071469472e25
5.069067821271637e25
5.065496922781349e25
5.060980183944817e25
5.055517918635887e25
5.0491109487162345e25
5.0417606058125135e25
5.033468732808382e25
5.024237685049731e25
5.014070331261385e25
5.00297005417381e25
4.990940750858612e25
4.9779868327715454e25
4.964113225502117e25
4.949325368229011e25
4.933629212880604e25
4.917031223000175e25
4.8995383723154665e25
4.8811581430124545e25
4.861898523713417e25
4.841768007159428e25
4.820775587597758e25
4.798930757874643e25
4.7762435062342014e25
4.752724312824399e25
4.728384145911103e25
4.70323445780147e25
4.677287180478157e25
4.6505547209458435e25
4.6230499562918445e25
4.594786228462828e25
4.565777338759638e25
4.5360375420525064e25
4.505581540719191e25
4.4744244783084765e25
4.442581932931987e25
4.410069910387093e25
4.376904837014148e25
4.3431035522911866e25
4.308683301169655e25
4.273661726154628e25
4.238056859133313e25
4.201887112955744e25
4.165171272771747e25
4.127928487128314e25
4.090178258831744e25
4.051940435579183e25
4.013235200364032e25
3.9740830616601354e25
3.934504843389705e25
3.894521674679913e25
3.854154979413587e25
3.8134264655790855e25
3.7723581144251193e25
3.7309721694258398e25
3.689291125062185e25
3.647337715425149e25
3.6051349026469363e25
3.5627058651663924e25
3.5200739858344064e25
3.477262839866092e25
3.4342961826457763e25
3.3911979373916193e25
3.3479921826862558e25
3.3047031398802605e25
3.2613551603753326e25
3.217972712793867e25
3.1745803700421744e25
3.1312027962741184e25
3.087864733762586e25
3.0445909896857314e25
3.0014064228355195e25
2.9583359302557335e25
2.915404433816826e25
2.872636866735396e25
2.8300581600452803e25
2.7876932290283172e25
2.745566959612013e25
2.7037041947420604e25
2.6621297207370845e25
2.620868253633625e25
2.5799444255288446e25
2.5393827709288353e25
2.499207713110356e25
2.4594435505036017e25
2.42011444310405e25
2.3812443989209127e25
2.342857260470273e25
2.3049766913204816e25
2.2676261626976356e25
2.23082894015915e25
2.1946080703427557e25
2.158986367799063e25
2.12398640191509e25
2.089630483936663e25
2.05594065409711e25
2.02293866886004e25
1.9906459882835987e25
1.9590837635137576e25
1.92827282441415e25
1.8982336673396682e25
1.8689864430613477e25
1.8405509448495864e25
1.8129465967230842e25
1.7861924418703586e25
1.7603071312511761e25
1.7353089123845131e25
1.7112156183300854e25
1.688044656870198e25
1.6658129998984475e25
1.644537173021987e25
1.6242332453836517e25
1.6049168197104177e25
1.586603022594311e25
1.5693064950119134e25
1.5530413830884874e25
1.5378213291124882e25
1.5236594628062942e25
1.5105683928586505e25
1.498560198724386e25
1.4876464226966108e25
1.4778380622567042e25
1.4691455627069878e25
1.4615788100910446e25
1.455147124406404e25
1.4498592531141209e25
1.4457233649497098e25
1.4427470440396326e25
1.4409372843274696e25
1.4403004843136436e25
1.440842442112476e25
1.4425683508301262e25
1.4454827942668105e25
1.4495897429465212e25
1.454892550477281e25
1.4613939502447866e25
1.4690960524420993e25
1.4780003414378797e25
1.4881076734854496e25
1.4994182747747913e25
1.5119317398293686e25
1.5256470302495413e25
1.5405624738040131e25
1.5566757638707352e25
1.573983959228282e25
1.5924834841987458e25
1.6121701291427642e25
1.6330390513072887e25
1.6550847760263997e25
1.6783011982752426e25
1.7026815845770933e25
1.7282185752631904e25
1.754904187084885e25
1.7827298161773973e25
1.811686241374346e25
1.8417636278718326e25
1.8729515312409015e25
1.9052389017868234e25
1.93861408925342e25
1.973064847870684e25
2.0085783417433835e25
2.045141150578523e25
2.0827392757489797e25
2.121358146690728e25
2.1609826276306976e25
2.201597024642077e25
2.2431850930239187e25
2.2857300450013933e25
2.329214557743078e25
2.3736207816913526e25
2.4189303492019348e25
2.4651243834881117e25
2.512183507865394e25
2.5600878552919098e25
2.6088170781996296e25
2.658350358611644e25
2.7086664185400755e25
2.75974353065956e25
2.811559529250501e25
2.864091821406725e25
2.917317398501402e25
2.9712128479054433e25
3.025754364952217e25
3.080917765141953e25
3.1366784965798917e25
3.193011652641038e25
3.249891984855167e25
3.3072939160048497e25
3.3651915534296985e25
3.42355870252957e25
3.4823688804593026e25
3.5415953300077975e25
3.6012110336536548e25
3.6611887277897424e25
3.7215009171091263e25
3.782119889144082e25
3.8430177289505116e25
3.904166333929383e25
3.965537428777431e25
4.027102580558169e25
4.0888332138853645e25
4.150700626210434e25
4.212676003204928e25
4.2747304342298e25
4.336834927882526e25
4.39896042761366e25
4.461077827403621e25
4.523157987491035e25
4.585171750143914e25
4.647089955464313e25
4.708883457217825e25
4.770523138678622e25
4.831979928481326e25
4.893224816470213e25
4.954228869536993e25
5.014963247437903e25
5.07539921858104e25
5.135508175774826e25
5.1952616519284e25
5.254631335695091e25
5.313589087049537e25
5.372106952789641e25
5.4301571819541655e25
5.487712241147141e25
5.544744829759884e25
5.601227895081756e25
5.65713464729098e25
5.71243857431632e25
5.767113456561113e25
5.8211333814808375e25
5.87447275800554e25
5.927106330798601e25
5.979009194343227e25
6.0301568068484646e25
6.080525003966105e25
6.130090012310491e25
6.178828462772901e25
6.226717403622674e25
6.273734313386905e25
6.319857113501039e25
6.3650641807226785e25
6.409334359300923e25
6.452646972893839e25
6.494981836226734e25
6.536319266484104e25
6.5766400944281195e25
6.615925675236725e25
6.65415789905475e25
6.691319201251328e25
6.727392572377175e25
6.762361567815448e25
6.796210317120188e25
6.828923533036223e25
6.860486520194898e25
6.8908851834799935e25
6.920106036058419e25
6.948136207070479e25
6.974963448974625e25
7.000576144541933e25
7.024963313495545e25
7.048114618790768e25
7.070020372531377e25
7.090671541518291e25
7.1100597524266265e25
7.128177296607588e25
7.145017134511686e25
7.160572899730187e25
7.174838902651705e25
7.187810133731257e25
7.1994822663691325e25
7.209851659397346e25
7.2189153591715335e25
7.22667110126643e25
7.2331173117732165e25
7.238253108197459e25
7.242078299956338e25
7.244593388474255e25
7.24579956687608e25
7.2456987192776265e25
7.2442934196730494e25
7.241586930419071e25
7.237583200316456e25
7.232286862289056e25
7.225703230661092e25
7.217838298033737e25
7.20869873176206e25
7.198291870033866e25
7.186625717551823e25
7.173708940821075e25
7.159550863044327e25
7.144161458626553e25
7.1275513472923066e25
7.109731787818091e25
7.090714671383143e25
7.07051251454154e25
7.049138451819564e25
7.026606227941746e25
7.002930189689748e25
6.978125277398038e25
6.952207016091042e25
6.925191506266331e25
6.8970954143283905e25
6.8679359626785485e25
6.8377309194659e25
6.806498588005037e25
6.774257795865889e25
6.74102788364203e25
6.706828693403294e25
6.671680556838887e25
6.6356042830977875e25
6.598621146332905e25
6.5607528729560265e25
6.522021628610296e25
6.482450004867891e25
6.442061005660148e25
6.400878033447404e25
6.3589248751368975e25
6.316225687756175e25
6.272804983890426e25
6.228687616891559e25
6.183898765867933e25
6.13846392046288e25
6.092408865431018e25
6.045759665020663e25
5.9985426471719805e25
5.9507843875395286e25
5.902511693348235e25
5.8537515870926716e25
5.804531290088546e25
5.754878205886357e25
5.704819903556342e25
5.654384100855032e25
5.603598647282974e25
5.552491507043256e25
5.501090741911415e25
5.449424494026291e25
5.397520968612321e25
5.345408416643011e25
5.29311511745641e25
5.240669361332523e25
5.188099432042955e25
5.135433589383469e25
5.082700051699614e25
5.029926978416122e25
4.97714245258005e25
4.924374463428831e25
4.871650888993127e25
4.818999478745429e25
4.766447836304331e25
4.714023402205587e25
4.661753436750077e25
4.609665002938887e25
4.5577849495064576e25
4.5061398940617e25
4.4547562063477075e25
4.4036599916300204e25
4.352877074224017e25
4.302432981171487e25
4.252352926076182e25
4.2026617931088825e25
4.153384121191524e25
4.104544088370535e25
4.056165496388757e25
4.008271755466107e25
3.96088586929834e25
3.914030420283104e25
3.867727554983193e25
3.821998969835735e25
3.776865897116802e25
3.7323490911699728e25
3.6884688149081526e25
3.6452448265970683e25
3.6026963669291136e25
3.5608421463956773e25
3.5197003329665866e25
3.479288540084531e25
3.439623814982178e25
3.4007226273301043e25
3.362600858222777e25
3.3252737895101632e25
3.288756093481849e25
3.253061822911013e25
3.218204401464861e25
3.1841966144879312e25
3.151050600165025e25
3.1187778410695876e25
3.087389156103719e25
3.056894692835319e25
3.0273039202381025e25
2.9986256218396703e25
2.9708678892825397e25
2.9440381163032277e25
2.918142993133737e25
2.8931885013299294e25
2.869179909030689e25
2.846121766651966e25
2.8240179030191007e25
2.8028714219409084e25
2.782684699228424e25
2.7634593801613795e25
2.7451963774048395e25
2.727895869378238e25
2.711557299079073e25
2.6961793733628245e25
2.681760062680773e25
2.66829660127678e25
2.655785487844204e25
2.6442224866435335e25
2.6336026290811284e25
2.623920215749356e25
2.6151688189278734e25
2.6073412855457644e25
2.600429740603742e25
2.5944255910555914e25
2.5893195301475725e25
2.5851015422142498e25
2.581760907929063e25
2.579286210007504e25
2.5776653393606486e25
2.5768855016963787e25
2.5769332245654805e25
2.5777943648494483e25
2.5794541166865793e25
2.581897019832697e25
2.5851069684525347e25
2.589067220337557e25
2.5937604065457705e25
2.5991685414587427e25
2.605273033250845e25
2.612054694765441e25
2.619493754792553e25
2.6275698697421587e25
2.6362621357071365e25
2.6455491009096375e25
2.655408778524282e25
2.665818659871486e25
2.67675572797391e25
2.688196471468835e25
2.7001168988689576e25
2.7124925531639424e25
2.725298526754889e25
2.738509476713482e25
2.752099640357586e25
2.7660428511346515e25
2.7803125548043032e25
2.7948818259110183e25
2.8097233845378167e25
2.8248096133316734e25
2.8401125747910177e25
2.8556040288057086e25
2.8712554504395165e25
2.8870380479452007e25
2.9029227810017935e25
2.9188803791638503e25
2.9348813605120363e25
2.95089605049451e25
2.966894600948134e25
2.9828470092886147e25
2.9987231378585933e25
3.014492733422296e25
3.0301254467955693e25
3.0455908525997707e25
3.060858469128097e25
3.0758977783125654e25
3.090678245779996e25
3.105169340985264e25
3.119340557409757e25
3.1331614328132406e25
3.146601569526984e25
3.1596306547762086e25
3.172218481019574e25
3.184334966293603e25
3.1959501745498965e25
3.2070343359727695e25
3.217557867265146e25
3.22749139189038e25
3.2368057602578034e25
3.2454720698396048e25
3.253461685206847e25
3.260746257972306e25
3.267297746627981e25
3.2730884362649438e25
3.278090958163412e25
3.2822783092409683e25
3.285623871346714e25
3.28810143038946e25
3.2896851952878984e25
3.2903498167309463e25
3.290070405736391e25
3.2888225519961306e25
3.286582341996421e25
3.2833263769015305e25
3.279031790189442e25
3.2736762650282644e25
3.2672380513821747e25
3.2596959828358173e25
3.25102949312631e25
3.2412186323719536e25
3.230244082987127e25
3.21808717527283e25
3.2047299026725887e25
3.1901549366835403e25
3.1743456414127727e25
3.1572860877690933e25
3.1389610672806504e25
3.1193561055289427e25
3.0984574751900787e25
3.076252208674255e25
3.0527281103545816e25
3.0278737683768197e25
3.001678566041543e25
2.9741326927506727e25
2.9452271545104594e25
2.914953783983242e25
2.8833052500806523e25
2.8502750670909194e25
2.8158576033335897e25
2.7800480893348174e25
2.742842625517007e25
2.7042381893964334e25
2.6642326422832736e25
2.622824735478326e25
2.5800141159610126e25
2.5358013315638987e25
2.490187835628776e25
2.44317599114008e25
2.3947690743311224e25
2.3449712777598686e25
2.2937877128501298e25
2.2412244118953665e25
2.1872883295217717e25
2.1319873436083743e25
2.075330255661681e25
2.0173267906426444e25
1.957987596244673e25
1.8973242416209423e25
1.835349215560246e25
1.772075924110236e25
1.7075186876481063e25
1.6416927373983953e25
1.574614211397909e25
1.5063001499088008e25
1.4367684902801676e25
1.3660380612599502e25
1.2941285767578318e25
1.2210606290618196e25
1.1468556815102587e25
1.0715360606215955e25
9.951249476851914e24
9.176463698158956e24
8.391251904761766e24
7.595870994691097e24
6.790586024069149e24
5.975670096589869e24
5.151404247845058e24
4.318077324541703e24
3.4759858586699536e24
2.6254339366762024e24
1.766733063695941e24
9.002020229194262e23
2.6166730145702385e22
-8.550399163988645e23
-1.7430781909123023e24
-2.6376016994583606e24
-3.5382575439223043e24
-4.444686490404575e24
-5.35652314196223e24
-6.273396115618318e24
-7.194928223545619e24
-8.120736658340127e24
-9.050433182282828e24
-9.98362432049682e24
-1.0919911557903995e25
-1.1858891539873899e25
-1.2800156276463415e25
-1.3743293350141366e25
-1.468788612689164e25
-1.5633513970577928e25
-1.657975246046309e25
-1.7526173611762891e25
-1.8472346099123365e25
-1.9417835482895068e25
-2.036220443808642e25
-2.130501298587615e25
-2.22458187275533e25
-2.3184177080763286e25
-2.4119641517927917e25
-2.505176380671441e25
-2.5980094252415475e25
-2.6904181942111467e25
-2.7823574990479975e25
-2.873782078711545e25
-2.9646466245223178e25
-3.0549058051547492e25
-3.144514291739925e25
-3.233426783063665e25
-3.32159803084608e25
-3.408982865088649e25
-3.4955362194739763e25
-3.5812131568043395e25
-3.665968894464222e25
-3.749758829892877e25
-3.8325385660517556e25
-3.914263936872737e25
-3.994891032672282e25
-4.0743762255171555e25
-4.1526761945268165e25
-4.2297479510979475e25
-4.305548864036785e25
-4.380036684584076e25
-4.453169571318625e25
-4.524906114924424e25
-4.595205362807321e25
-4.664026843546283e25
-4.731330591165036e25
-4.797077169209954e25
-4.861227694619447e25
-4.923743861371051e25
-4.984587963891824e25
-5.043722920218351e25
-5.101112294892136e25
-5.1567203215765985e25
-5.210511925382383e25
-5.262452744886964e25
-5.312509153835405e25
-5.360648282508913e25
-5.406838038748239e25
-5.451047128618736e25
-5.493245076704539e25
-5.533402246019036e25
-5.5714898575195705e25
-5.607480009213736e25
-5.641345694845585e25
-5.673060822149798e25
-5.7026002306622385e25
-5.729939709075537e25
-5.7550560121286005e25
-5.777926877019064e25
-5.798531039328118e25
-5.816848248447261e25
-5.832859282496823e25
-5.846545962726373e25
-5.857891167387433e25
-5.866878845069127e25
-5.873494027487668e25
-5.877722841720991e25
-5.879552521880038e25
-5.878971420208411e25
-5.87596901760271e25
-5.870535933545772e25
-5.862663935445823e25
-5.8523459473742935e25
-5.839576058195962e25
-5.8243495290850695e25
-5.8066628004214246e25
-5.786513498060847e25
-5.763900438974823e25
-5.738823636254474e25
-5.71128430347393e25
-5.6812848584093915e25
-5.648828926109633e25
-5.613921341314723e25
-5.576568150219433e25
-5.536776611579065e25
-5.494555197154979e25
-5.449913591497647e25
-5.402862691066033e25
-5.353414602681462e25
-5.301582641315662e25
-5.247381327211625e25
-5.19082638233795e25
-5.131934726176513e25
-5.070724470843738e25
-5.0072149155470805e25
-4.941426540377569e25
-4.873380999440508e25
-4.803101113325875e25
-4.730610860921644e25
-4.655935370572323e25
-4.579100910586381e25
-4.5001348790955565e25
-4.419065793270795e25
-4.335923277898918e25
-4.250738053324175e25
-4.163541922760877e25
-4.074367758981657e25
-3.983249490387945e25
-3.890222086467893e25
-3.7953215426495103e25
-3.6985848645552797e25
-3.6000500516651917e25
-3.499756080396791e25
-3.3977428866093812e25
-3.2940513475413873e25
-3.188723263188629e25
-3.0818013371335937e25
-2.973329156834563e25
-2.8633511733837377e25
-2.751912680745319e25
-2.639059794483249e25
-2.524839429989542e25
-2.4092992802234274e25
-2.2924877929736807e25
-2.174454147654648e25
-2.0552482316485966e25
-1.934920616205385e25
-1.813522531913103e25
-1.6911058437517378e25
-1.5677230257421506e25
-1.4434271352048254e25
-1.3182717866406786e25
-1.1923111252484752e25
-1.0655998000915754e25
-9.381929369295096e24
-8.101461107279494e24
-6.815153178613253e24
-5.523569480237604e24
-4.2272775586247016e24
-2.9268483234949127e24
-1.6228557590593736e24
-3.158766329566792e23
9.935097969664698e23
2.3047220778788253e24
3.6171768590187484e24
4.930289190430231e24
6.243472823208676e24
7.556140511105921e24
8.86770431331401e24
1.0177575898274542e25
1.1485166848338834e25
1.2789888965120938e25
1.4091154575364446e25
1.53883768371592e25
1.668097004634516e25
1.796834994292063e25
1.9249934017295654e25
2.052514181621192e25
2.179339524817024e25
2.3054118888181097e25
2.4306740281674224e25
2.5550690247403533e25
2.678540317916327e25
2.8010317346157203e25
2.922487519184267e25
3.0428523631092088e25
3.16207143454905e25
3.2800904076606575e25
3.396855491707883e25
3.5123134599336016e25
3.626411678179886e25
3.7390981332390956e25
3.850321460920738e25
3.96003097381659e25
4.068176688749182e25
4.174709353887049e25
4.279580475512058e25
4.382742344422117e25
4.484148061954461e25
4.58375156561502e25
4.6815076542976035e25
4.777372013079236e25
4.871301237576357e25
4.96325285784847e25
5.053185361834102e25
5.141058218305682e25
5.226831899330324e25
5.3104679022219886e25
5.391928770972946e25
5.471178117150938e25
5.548180640250515e25
5.622902147485114e25
5.695309573008532e25
5.765370996554555e25
5.8330556614823825e25
5.898333992217687e25
5.96117761107798e25
6.021559354472641e25
6.079453288466708e25
6.1348347236993435e25
6.187680229647184e25
6.237967648224257e25
6.285676106708937e25
6.330786029990132e25
6.373279152125146e25
6.4131385272008775e25
6.4503485394919035e25
6.484894912908173e25
6.516764719726622e25
6.5459463885999115e25
6.572429711837173e25
6.596205851951827e25
6.617267347471095e25
6.635608118003266e25
6.651223468558713e25
6.664110093121207e25
6.674266077466156e25
6.681690901223242e25
6.686385439181471e25
6.688351961834266e25
6.687594135163658e25
6.6841170196622465e25
6.677927068592867e25
6.669032125485239e25
6.657441420870448e25
6.643165568253623e25
6.6262165593264175e25
6.606607758420477e25
6.584353896204215e25
6.559471062625314e25
6.531976699102025e25
6.501889589966291e25
6.469229853162736e25
6.4340189302077795e25
6.396279575413283e25
6.356035844379965e25
6.3133130817661e25
6.268137908337287e25
6.220538207303709e25
6.1705431099515765e25
6.1181829805760385e25
6.0634894007229265e25
6.0064951527474545e25
5.947234202698287e25
5.885741682535399e25
5.82205387169162e25
5.756208177986516e25
5.688243117903214e25
5.618198296238203e25
5.546114385134843e25
5.472033102511674e25
5.3959971898968845e25
5.318050389680754e25
5.238237421798198e25
5.156603959853829e25
5.073196606702402e25
4.988062869497723e25
4.9012511342235615e25
4.812810639720146e25
4.7227914512206544e25
4.631244433411562e25
4.538221223032285e25
4.4437742010282315e25
4.347956464273068e25
4.250821796875549e25
4.152424641086577e25
4.052820067822638e25
3.952063746821863e25
3.850211916449034e25
3.7473213531665197e25
3.6434493406878524e25
3.5386536388312386e25
3.432992452090136e25
3.3265243979386937e25
3.219308474889482e25
3.111404030321682e25
3.0028707280971334e25
2.8937685159835128e25
2.784157592901756e25
2.6740983760168024e25
2.5636514676901797e25
2.4528776223128986e25
2.341837713037579e25
2.2305926984283756e25
2.119203589047948e25
2.007731414000224e25
1.8962371874479237e25
1.7847818751241083e25
1.673426360856668e25
1.5622314131249744e25
1.4512576516676712e25
1.3405655141606594e25
1.2302152229850193e25
1.1202667521027745e25
1.0107797940605893e25
9.018137271398292e24
7.934275826721408e24
6.85680012539202e24
5.786292568756455e24
4.723331119937135e24
3.668488985482467e24
2.622334299604143e24
1.5854298111868015e24
5.583325737511247e23
-4.584063614498286e23
-1.4642422490199817e24
-2.458636949519046e24
-3.4410592258974085e24
-4.4109850360866583e24
-5.36789782158274e24
-6.311288791845771e24
-7.240657204351895e24
-8.155510640130892e24
-9.05536527462742e24
-9.93974614372529e24
-1.0808187404777508e25
-1.1660232592486686e25
-1.2495434869483514e25
-1.3313357271454686e25
-1.411357294667294e25
-1.4895665389786673e25
-1.5659228669727983e25
-1.6403867651605447e25
-1.712919821244014e25
-1.7834847450625302e25
-1.8520453888974527e25
-1.9185667671238805e25
-1.9830150751972135e25
-2.045357707963036e25
-2.1055632772789668e25
-2.163601628937833e25
-2.2194438588816025e25
-2.273062328696129e25
-2.3244306803769664e25
-2.373523850357137e25
-2.420318082788098e25
-2.464790942065285e25
-2.5069213245905368e25
-2.5466894697639507e25
-2.584076970197611e25
-2.6190667811451046e25
-2.651643229140418e25
-2.6817920198404784e25
-2.7095002450659593e25
-2.734756389035812e25
-2.757550333790888e25
-2.777873363803072e25
-2.795718169766068e25
-2.8110788515654166e25
-2.8239509204249067e25
-2.8343313002276652e25
-2.8422183280100247e25
-2.8476117536276175e25
-2.8505127385929686e25
-2.8509238540843177e25
-2.8488490781263393e25
-2.8442937919436793e25
-2.8372647754887244e25
-2.827770202145076e25
-2.8158196326097345e25
-2.80142400795654e25
-2.7845956418838764e25
-2.7653482121511394e25
-2.7436967512076884e25
-2.71965763601951e25
-2.693248577098234e25
-2.6644886067389395e25
-2.633398066472675e25
-2.599998593739878e25
-2.5643131077928078e25
-2.526365794833591e25
-2.486182092396877e25
-2.4437886729845376e25
-2.3992134269625013e25
-2.3524854447282792e25
-2.3036349981596943e25
-2.2526935213542086e25
-2.199693590670624e25
-2.144668904083771e25
-2.0876542598633054e25
-2.028685534589588e25
-1.967799660518179e25
-1.9050346023063772e25
-1.8404293331140878e25
-1.774023810093661e25
-1.7058589492821522e25
-1.635976599909725e25
-1.564419518140071e25
-1.4912313402568745e25
-1.41645655531248e25
-1.3401404772534124e25
-1.2623292165400985e25
-1.1830696512764576e25
-1.1024093978656243e25
-1.0203967812098798e25
-9.370808044711072e24
-8.525111184100856e24
-7.667379903214555e24
-6.798122725837135e24
-5.917853708415832e24
-5.027092118401196e24
-4.1263621092837295e24
-3.216192392528603e24
-2.297115906595394e24
-1.3696694832320344e24
-4.343935112511593e23
5.081684020225883e23
1.457469771426806e24
2.41296157656593e24
3.3740926061308576e24
