1.1248526953124992e-13
1.1236420003873392e11
1.7919913529482952e12
9.02275175517455e12
2.8298728038963043e13
6.84059090304261e13
1.4011704664605169e14
2.5580016056301162e14
4.289413128599821e14
6.735824115124016e14
1.0036749373689938e15
1.4323506238659032e15
1.971110252083197e15
2.6289318556495605e15
3.4112997602900635e15
4.3191560113266635e15
5.347775869020435e15
6.48556917613101e15
7.712809524305523e15
9.000293265744426e15
1.0307930533873704e16
1.1583270551335508e16
1.2759963615347692e16
1.3756162259236748e16
1.4472864194579996e16
1.479219974077055e16
1.4575666547808576e16
1.3662314513604472e16
1.1866883888927562e16
8.977899651232672e15
4.755725312835199e15
-1.0694205908298305e15
-8.799482010934067e15
-1.8770613499017256e16
-3.135525546307997e16
-4.696423304090121e16
-6.6048875006513464e16
-8.9103149071321e16
-1.1666580989149176e17
-1.4932255604804573e17
-1.877081922255836e17
-2.3250879277988774e17
-2.8446386285373667e17
-3.443684931742578e17
-4.130755046440334e17
-4.9149757882199136e17
-5.806093703789284e17
-6.8144959760626e17
-7.951231070554071e17
-9.228029083890047e17
-1.0657321755339254e18
-1.225226210239929e18
-1.40267436416657e18
-1.5995419156447923e18
-1.81737189728839e18
-2.05778687066425e18
-2.322490644268846e18
-2.613269931101956e18
-2.931995942176822e18
-3.2806259123590574e18
-3.661204554984263e18
-4.075865441766875e18
-4.526832304579501e18
-5.016420255753724e18
-5.547036923628972e18
-6.121183500156552e18
-6.741455697450153e18
-7.41054461026281e18
-8.131237481463141e18
-8.906418367679903e18
-9.739068702384646e18
-1.0632267753786137e19
-1.158919297501808e19
-1.261312024421262e19
-1.3707423992166797e19
-1.4875577215426714e19
-1.61211513727347e19
-1.7447816162908858e19
-1.885933918235024e19
-2.0359585460502184e19
-2.1952516871717913e19
-2.3642191422125842e19
-2.5432762410218406e19
-2.732847746002761e19
-2.933367742589069e19
-3.1452795167949947e19
-3.369035419767431e19
-3.6050967192833294e19
-3.85393343815003e19
-4.116024179480727e19
-4.39185593883201e19
-4.68192390320517e19
-4.9867312369276805e19
-5.3067888544461414e19
-5.642615180076723e19
-5.994735894773936e19
-6.363683669993355e19
-6.749997888738513e19
-7.1542243538969805e19
-7.576914983984982e19
-8.018627496434444e19
-8.47992507857072e19
-8.961376046443184e19
-9.463553491685135e19
-9.987034916593041e19
-1.0532401857628883e20
-1.1100239497562713e20
-1.1691136266485688e20
-1.2305683431936763e20
-1.294447467839887e20
-1.3608105676432579e20
-1.429717364172781e20
-1.501227688436499e20
-1.575401434858955e20
-1.65229851434136e20
-1.7319788064370246e20
-1.8145021106755643e20
-1.8999280970704054e20
-1.9883162558450883e20
-2.0797258464147194e20
-2.174215845659843e20
-2.2718448955307957e20
-2.3726712500213845e20
-2.4767527215514495e20
-2.5841466267985894e20
-2.69490973201989e20
-2.8090981979051554e20
-2.9267675240036152e20
-3.047972492766557e20
-3.1727671132488414e20
-3.301204564512486e20
-3.4333371387759755e20
-3.569216184353104e20
-3.708892048425438e20
-3.852414019692591e20
-3.9998302709446384e20
-4.151187801601037e20
-4.306532380260342e20
-4.465908487305058e20
-4.6293592576057134e20
-4.7969264233681296e20
-4.968650257167621e20
-5.1445695152135006e20
-5.3247213808870044e20
-5.5091414085952674e20
-5.6978634679835047e20
-5.890919688547123e20
-6.088340404684822e20
-6.290154101233134e20
-6.496387359522183e20
-6.707064803991713e20
-6.922209049405618e20
-7.141840648702335e20
-7.365978041517723e20
-7.594637503415858e20
-7.827833095862393e20
-8.065576616974052e20
-8.30787755307661e20
-8.554743031102784e20
-8.806177771860117e20
-9.062184044197845e20
-9.322761620100309e20
-9.587907730733487e20
-9.85761702346945e20
-1.0131881519912632e21
-1.0410690574950058e21
-1.069403083684636e21
-1.098188620840303e21
-1.1274237809199674e21
-1.1571063938933681e21
-1.1872340041873042e21
-1.2178038672435572e21
-1.2488129461906102e21
-1.2802579086301733e21
-1.3121351235393427e21
-1.344440658289074e21
-1.3771702757794736e21
-1.410319431692244e21
-1.4438832718604688e21
-1.4778566297557229e21
-1.5122340240923642e21
-1.5470096565486527e21
-1.582177409604218e21
-1.6177308444931848e21
-1.6536631992721342e21
-1.6899673870018926e21
-1.726635994041974e21
-1.7636612784563565e21
-1.8010351685290814e21
-1.8387492613880275e21
-1.876794821735053e21
-1.9151627806805102e21
-1.9538437346800467e21
-1.9928279445713775e21
-2.0321053347086394e21
-2.071665492191743e21
-2.111497666188015e21
-2.151590767343301e21
-2.1919333672795423e21
-2.2325136981757188e21
-2.2733196524289414e21
-2.3143387823923386e21
-2.3555583001862805e21
-2.3969650775793604e21
-2.4385456459354787e21
-2.480286196223247e21
-2.5221725790838456e21
-2.564190304953399e21
-2.6063245442358266e21
-2.6485601275220926e21
-2.6908815458516567e21
-2.733272951011925e21
-2.7757181558714123e21
-2.818200634742298e21
-2.8607035237680027e21
-2.903209621331408e21
-2.945701388479303e21
-2.988160949358616e21
-3.0305700916600174e21
-3.0729102670644317e21
-3.11516259168807e21
-3.157307846521532e21
-3.199326477858649e21
-3.2411985977106445e21
-3.282903984201421e21
-3.3244220819395864e21
-3.3657320023631557e21
-3.4068125240527096e21
-3.447642093009029e21
-3.4881988228912057e21
-3.528460495211395e21
-3.5684045594824435e21
-3.6080081333147397e21
-3.647248002458775e21
-3.686100620790036e21
-3.7245421102329375e21
-3.7625482606207456e21
-3.8000945294884953e21
-3.8371560417961774e21
-3.8737075895795235e21
-3.909723631526034e21
-3.9451782924739653e21
-3.9800453628322854e21
-4.0142982979197374e21
-4.0479102172214324e21
-4.080853903561578e21
-4.1131018021911763e21
-4.1446260197897944e21
-4.175398323380737e21
-4.205390139159194e21
-4.234572551233219e21
-4.2629163002776487e21
-4.290391782101343e21
-4.3169690461284425e21
-4.3426177937945264e21
-4.367307376859001e21
-4.391006795635188e21
-4.413684697140015e21
-4.4353093731653937e21
-4.455848758273826e21
-4.4752704277209395e21
-4.493541595308129e21
-4.510629111168676e21
-4.5264994594910954e21
-4.541118756183873e21
-4.554452746485894e21
-4.566466802527408e21
-4.5771259208465976e21
-4.5863947198671545e21
-4.594237437342684e21
-4.60061792777402e21
-4.605499659805891e21
-4.6088457136098e21
-4.6106187782602034e21
-4.610781149111471e21
-4.6092947251834965e21
-4.606121006564067e21
-4.6012210918365195e21
-4.594555675541497e21
-4.586085045681986e21
-4.575769081281091e21
-4.56356725000239e21
-4.549438605843005e21
-4.5333417869097713e21
-4.5152350132893537e21
-4.495076085023301e21
-4.472822380199395e21
-4.448430853171e21
-4.421858032916278e21
-4.393060021549472e21
-4.3619924929968273e21
-4.3286106918497755e21
-4.2928694324083944e21
-4.254723097928446e21
-4.2141256400853297e21
-4.171030578668759e21
-4.1253910015219356e21
-4.077159564739403e21
-4.026288493137821e21
-3.9727295810141097e21
-3.916434193205616e21
-3.8573532664670443e21
-3.795437311179074e21
-3.730636413403692e21
-3.662900237301393e21
-3.59217802792548e21
-3.518418614408772e21
-3.4415704135581497e21
-3.3615814338723064e21
-3.2783992799982204e21
-3.1919711576418277e21
-3.102243878948392e21
-3.0091638683679924e21
-2.9126771690216337e21
-2.8127294495833347e21
-2.7092660116934906e21
-2.60223179791879e21
-2.4915714002737834e21
-2.3772290693190837e21
-2.2591487238511193e21
-2.1372739611980773e21
-2.01154806813656e21
-1.8819140324433286e21
-1.7483145550961354e21
-1.6106920631375718e21
-1.4689887232154922e21
-1.3231464558133321e21
-1.1731069501833284e21
-1.01881167999535e21
-8.602019197136446e20
-6.972187617135525e20
-5.298031341497436e20
-3.5789581958716876e20
-1.814374744055614e20
-3.686489877737636e17
1.853701912981453e20
3.758386443138546e20
5.710963485534632e20
7.71202959726147e20
9.762181265104332e20
1.1862014654732307e21
1.4012125351466458e21
1.6213108092569183e21
1.846555649099529e21
2.0770062750562721e21
2.3127217372496024e21
2.5537608853313275e21
2.800182337402395e21
3.052044448062287e21
3.3094052755861327e21
3.572322548229622e21
3.840853629661303e21
4.1150554835239085e21
4.3949846371259253e21
4.680697144266613e21
4.972248547197352e21
5.269693837724227e21
5.573087417456419e21
5.88248305720708e21
6.197933855552951e21
6.519492196561249e21
6.847209706691957e21
7.181137210885764e21
7.521324687847655e21
7.867821224538403e21
8.220674969885765e21
8.579933087729561e21
8.945641709014457e21
9.317845883246411e21
9.696589529228784e21
1.0081915385095972e22
1.047386495766242e22
1.0872478471107077e22
1.127779481501322e22
1.1689851491785254e22
1.2108684563465101e22
1.2534328597971307e22
1.2966816614785808e22
1.3406180030113238e22
1.3852448601540083e22
1.4305650372220253e22
1.4765811614616658e22
1.5232956773827252e22
1.5707108410527052e22
1.6188287143556837e22
1.6676511592191812e22
1.7171798318122843e22
1.7674161767185767e22
1.8183614210873196e22
1.8700165687666062e22
1.9223823944221358e22
1.975459437645533e22
2.029247997056028e22
2.0837481243995772e22
2.1389596186494758e22
2.1948820201126784e22
2.25151460454605e22
2.308856377286954e22
2.3669060674025496e22
2.4256621218623675e22
2.4851226997386853e22
2.54528566643945e22
2.6061485879783967e22
2.667708725287245e22
2.729963028574781e22
2.7929081317378402e22
2.856540346829107e22
2.9208556585868805e22
2.9858497190318584e22
3.051517842136162e22
3.1178549985697744e22
3.1848558105297477e22
3.2525145466573907e22
3.320825117048912e22
3.38978106836479e22
3.459375579043449e22
3.5296014546245633e22
3.600451123187573e22
3.671916630910904e22
3.7439896377574017e22
3.816661413291584e22
3.889922832634201e22
3.963764372559772e22
4.0381761077425704e22
4.113147707156737e22
4.1886684306360016e22
4.264727125598659e22
4.3413122239433005e22
4.418411739120849e22
4.4960132633884235e22
4.574103965250539e22
4.652670587093024e22
4.731699443015223e22
4.811176416865681e22
4.891086960486876e22
4.971416092174053e22
5.052148395353645e22
5.133268017486231e22
5.214758669199376e22
5.2966036236552e22
5.378785716157848e22
5.461287344005596e22
5.544090466592578e22
5.627176605764734e22
5.710526846434747e22
5.7941218374604124e22
5.877941792791007e22
5.961966492885884e22
6.0461752864096515e22
6.130547092207962e22
6.215060401567991e22
6.299693280767406e22
6.38442337391569e22
6.469227906091294e22
6.554083686778254e22
6.638967113605486e22
6.723854176392016e22
6.808720461501181e22
6.893541156506663e22
6.978291055173106e22
7.0629445627538385e22
7.147475701608181e22
7.231858117140423e22
7.316065084062642e22
7.400069512983145e22
7.483843957322272e22
7.567360620556952e22
7.650591363795438e22
7.733507713683216e22
7.816080870641044e22
7.898281717435786e22
7.980080828084574e22
8.06144847709253e22
8.142354649024145e22
8.222769048408179e22
8.302661109975673e22
8.382000009230545e22
8.460754673351894e22
8.538893792427013e22
8.616385831013844e22
8.693199040031326e22
8.769301468975999e22
8.84466097846276e22
8.919245253087698e22
8.993021814610435e22
9.0659580354534e22
9.13802115251505e22
9.209178281293796e22
9.279396430319334e22
9.34864251588768e22
9.416883377095933e22
9.484085791172657e22
9.550216489099476e22
9.61524217151923e22
9.679129524925714e22
9.74184523813001e22
9.80335601899777e22
9.863628611452072e22
9.922629812735708e22
9.980326490926964e22
1.0036685602702336e23
1.0091674211339672e23
1.0145259504954817e23
1.0197408814964653e23
1.0248089634769128e23
1.029726963864478e23
1.0344916700841869e23
1.0390998914877013e23
1.043548461301312e23
1.0478342385918034e23
1.0519541102493162e23
1.0559049929863114e23
1.0596838353517155e23
1.0632876197593081e23
1.066713364529386e23
1.0699581259427282e23
1.0730190003058483e23
1.0758931260265183e23
1.0785776856985188e23
1.0810699081945542e23
1.0833670707662485e23
1.0854665011501218e23
1.0873655796784379e23
1.0890617413937836e23
1.0905524781662235e23
1.0918353408118712e23
1.0929079412116921e23
1.0937679544293395e23
1.0944131208268078e23
1.0948412481766849e23
1.0950502137697578e23
1.0950379665167222e23
1.0948025290427406e23
1.0943419997735546e23
1.0936545550118904e23
1.0927384510028487e23
1.0915920259869792e23
1.0902137022397239e23
1.0886019880959256e23
1.0867554799580494e23
1.0846728642868168e23
1.0823529195728853e23
1.0797945182882588e23
1.076996628816063e23
1.073958317357357e23
1.0706787498136153e23
1.0671571936435437e23
1.0633930196928703e23
1.0593857039957641e23
1.0551348295465463e23
1.0506400880403172e23
1.0459012815811963e23
1.04091832435681e23
1.0356912442777074e23
1.0302201845803699e23
1.0245054053925039e23
1.0185472852592993e23
1.0123463226293596e23
1.005903137298992e23
9.992184718135989e22
9.9229319282489e22
9.851282924026507e22
9.777248892998342e22
9.700842301697405e22
9.622076907340686e22
9.540967769006516e22
9.457531258296752e22
9.371785069472364e22
9.283748229050922e22
9.19344110485463e22
9.100885414498137e22
9.006104233304944e22
8.90912200164221e22
8.809964531663311e22
8.708659013448246e22
8.605234020531853e22
8.499719514810436e22
8.39214685081732e22
8.2825487793585e22
8.170959450499252e22
8.057414415893762e22
7.941950630449163e22
7.82460645331646e22
7.705421648200561e22
7.584437382982461e22
7.461696228646526e22
7.3372421575065345e22
7.211120540724091e22
7.083378145113854e22
6.9540631292299086e22
6.8232250387284156e22
6.690914801001598e22
6.557184719078989e22
6.422088464791874e22
6.285681071197415e22
6.148018924259446e22
6.009159753782938e22
5.869162623600207e22
5.728087921006625e22
5.585997345444693e22
5.4429538964350005e22
5.299021860753982e22
5.154266798857846e22
5.0087555305532715e22
4.8625561199152665e22
4.715737859453661e22
4.568371253529575e22
4.420528001024147e22
4.272280977261723e22
4.123704215190833e22
3.974872885826084e22
3.8258632779550865e22
3.6767527771144853e22
3.5276198438402064e22
3.378543991196969e22
3.22960576159296e22
3.0808867028856566e22
2.9324693437857336e22
2.784437168565954e22
2.6368745910828393e22
2.489866928118881e22
2.3435003720541747e22
2.1978619628761517e22
2.053039559536982e22
1.9091218106685474e22
1.766198124665151e22
1.624358639145006e22
1.4836941898015106e22
1.3442962786561613e22
1.2062570417249879e22
1.069669216111318e22
9.346261065376547e21
8.012215513301862e21
6.695498878695706e21
5.397059175224734e21
4.117848700682697e21
2.8588236763613805e21
1.6209438816775659e21
4.051722842166851e20
-7.875253346465271e20
-1.9561807583833972e21
-3.099823718035087e21
-4.217482278849424e21
-5.308183230655985e21
-6.370952481798506e21
-7.404815456442824e21
-8.408797495071989e21
-9.381924257980085e21
-1.0323222131572434e22
-1.123171863727505e22
-1.2106442842857632e22
-1.2946425775965675e22
-1.375070083966092e22
-1.4518304229761397e22
-1.5248275353775225e22
-1.593965725121398e22
-1.6591497015075659e22
-1.7202846214279127e22
-1.7772761316836516e22
-1.830030411354101e22
-1.878454214195256e22
-1.9224549110456944e22
-1.9619405322177862e22
-1.9968198098513455e22
-2.0270022202075468e22
-2.0523980258799937e22
-2.0729183179006483e22
-2.0884750577172954e22
-2.0989811190200317e22
-2.104350329393519e22
-2.1044975117722926e22
-2.0993385256759664e22
-2.08879030820138e22
-2.072770914748649e22
-2.0511995594583677e22
-2.0239966553368194e22
-1.991083854046475e22
-1.9523840853388984e22
-1.9078215961075956e22
-1.857321989037943e22
-1.8008122608319105e22
-1.7382208399851282e22
-1.6694776240942856e22
-1.5945140166726747e22
-1.5132629634520942e22
-1.4256589881494045e22
-1.331638227676537e22
-1.2311384667724299e22
-1.1240991720361047e22
-1.0104615253400086e22
-8.901684566035322e21
-7.63164675906036e21
-6.293967049199125e21
-4.888129076438164e21
-3.413635204172791e21
-1.870006811972799e21
-2.5678458078698983e20
1.426471229599326e21
3.1801805110255246e21
5.004743045516483e21
6.900538252107163e21
8.86792494210007e21
1.0907241082912372e22
1.3018803570674267e22
1.5202908011726627e22
1.7459828513167831e22
1.978981748258756e22
2.2193105437131574e22
2.4669900822022533e22
2.722038983867089e22
2.9844736282488417e22
3.2543081390530342e22
3.5315543699068994e22
3.8162218911209305e22
4.108317977463891e22
4.4078475969613005e22
4.714813400725855e22
5.029215713827516e22
5.351052527211479e22
5.680319490670399e22
6.017009906877472e22
6.361114726485559e22
6.71262254429789e22
7.071519596514278e22
7.437789759056859e22
7.811414546977759e22
8.19237311495201e22
8.580642258856371e22
8.976196418436081e22
9.379007681058635e22
9.789045786555609e22
1.020627813315036e23
1.0630669784470613e23
1.1062183477642884e23
1.1500779632466192e23
1.1946416361660891e23
1.2399049482188396e23
1.2858632527635952e23
1.3325116761661477e23
1.3798451192491156e23
1.4278582588462857e23
1.476545549460701e23
1.525901225025677e23
1.5759193007677658e23
1.626593575170704e23
1.6779176320392005e23
1.7298848426615136e23
1.7824883680695365e23
1.8357211613951688e23
1.889575970321551e23
1.9440453396278704e23
1.9991216138261533e23
2.054796939888603e23
2.1110632700637694e23
2.167912364780014e23
2.225335795634443e23
2.2833249484655907e23
2.341871026507937e23
2.400965053626411e23
2.460597877628935e23
2.520760173654863e23
2.5814424476374e23
2.6426350398377567e23
2.7043281284489125e23
2.7665117332666894e23
2.8291757194259184e23
2.892309801199319e23
2.9559035458567262e23
3.019946377582179e23
3.0844275814464774e23
3.1493363074326254e23
3.214661574511631e23
3.2803922747659814e23
3.346517177558289e23
3.413024933742294e23
3.479904079913601e23
3.5471430426973096e23
3.614730143069871e23
3.6826536007122446e23
3.7509015383916225e23
3.819461986368745e23
3.8883228868280144e23
3.957472098327442e23
4.026897400265525e23
4.096586497362035e23
4.1665270241498653e23
4.236706549474829e23
4.307112581000547e23
4.377732569715253e23
4.448553914437682e23
4.5195639663188954e23
4.5907500333370974e23
4.662099384782333e23
4.7335992557281556e23
4.8052368514871525e23
4.876999352047368e23
4.948873916486563e23
5.0208476873613736e23
5.092907795068342e23
5.165041362173866e23
5.2372355077100785e23
5.309477351433749e23
5.381754018045343e23
5.454052641365157e23
5.526360368463921e23
5.598664363744812e23
5.6709518129742e23
5.743209927258237e23
5.815425946962658e23
5.887587145573001e23
5.9596808334926184e23
6.031694361775816e23
6.103615125793575e23
6.175430568829276e23
6.247128185601982e23
6.318695525714743e23
6.390120197025649e23
6.461389868939201e23
6.532492275615777e23
6.603415219096877e23
6.674146572344126e23
6.744674282189778e23
6.814986372196795e23
6.885070945426445e23
6.954916187111579e23
7.024510367233672e23
7.093841843001976e23
7.162899061232939e23
7.231670560628399e23
7.300144973950944e23
7.368311030094998e23
7.436157556052207e23
7.503673478769877e23
7.570847826901203e23
7.637669732446145e23
7.704128432281913e23
7.770213269582094e23
7.83591369512352e23
7.901219268480137e23
7.966119659103074e23
8.030604647286405e23
8.094664125018063e23
8.158288096715434e23
8.221466679845311e23
8.284190105428077e23
8.346448718425788e23
8.408232978014325e23
8.469533457739481e23
8.53034084555727e23
8.590645943758647e23
8.650439668779004e23
8.709713050892893e23
8.768457233794503e23
8.826663474064614e23
8.884323140524648e23
8.941427713478804e23
8.997968783845129e23
9.053938052176634e23
9.109327327573578e23
9.164128526488139e23
9.218333671422917e23
9.271934889524612e23
9.324924411074489e23
9.377294567877234e23
9.429037791550028e23
9.480146611713541e23
9.530613654086933e23
9.580431638488788e23
9.629593376746173e23
9.678091770513994e23
9.725919809007014e23
9.773070566646921e23
9.819537200626906e23
9.865312948396432e23
9.910391125068748e23
9.954765120754e23
9.998428397820796e23
1.0041374488089051e24
1.0083596989957232e24
1.012508956546708e24
1.0165845937308899e24
1.0205859885770797e24
1.0245125245635077e24
1.028363590302521e24
1.0321385792206959e24
1.0358368892346995e24
1.0394579224232815e24
1.0430010846957478e24
1.0464657854572942e24
1.0498514372715821e24
1.0531574555209366e24
1.0563832580645595e24
1.0595282648951475e24
1.062591897794325e24
1.0655735799872892e24
1.0684727357970776e24
1.0712887902988727e24
1.0740211689747654e24
1.0766692973693883e24
1.079232600746853e24
1.0817105037494085e24
1.0841024300582633e24
1.0864078020569904e24
1.0886260404979567e24
1.0907565641722124e24
1.0927987895832734e24
1.0947521306252409e24
1.0966159982656918e24
1.0983898002337835e24
1.1000729407140105e24
1.1016648200460523e24
1.1031648344311537e24
1.1045723756454695e24
1.1058868307608192e24
1.1071075818732773e24
1.1082340058400359e24
1.1092654740249751e24
1.1102013520533597e24
1.1110409995760926e24
1.11178377004395e24
1.1124290104922015e24
1.1129760613360531e24
1.1134242561772955e24
1.1137729216225815e24
1.1140213771137204e24
1.1141689347703946e24
1.1142148992456703e24
1.1141585675946989e24
1.1139992291569743e24
1.1137361654525214e24
1.1133686500923706e24
1.1128959487036714e24
1.1123173188698003e24
1.1116320100857842e24
1.1108392637293824e24
1.1099383130481337e24
1.1089283831626929e24
1.107808691086743e24
1.1065784457637823e24
1.1052368481210613e24
1.1037830911409478e24
1.1022163599499679e24
1.1005358319257771e24
1.0987406768222922e24
1.0968300569132238e24
1.0948031271541925e24
1.0926590353636625e24
1.0903969224228477e24
1.0880159224947944e24
1.0855151632627774e24
1.0828937661881708e24
1.0801508467879202e24
1.077285514931747e24
1.0742968751591768e24
1.0711840270164919e24
1.0679460654136809e24
1.0645820810014581e24
1.0610911605683802e24
1.0574723874581118e24
1.0537248420068367e24
1.0498476020008447e24
1.0458397431542442e24
1.041700339606796e24
1.0374284644418066e24
1.0330231902240322e24
1.0284835895574987e24
1.0238087356631544e24
1.0189977029762286e24
1.014049567763194e24
1.0089634087581561e24
1.0037383078185199e24
9.983733505997735e23
9.928676272491566e23
9.872202331180322e23
9.814302694927075e23
9.754968443434851e23
9.69419073091651e23
9.631960793941362e23
9.568269959455454e23
9.503109652972547e23
9.436471406932179e23
9.368346869221617e23
9.29872781185775e23
9.227606139825533e23
9.154973900068451e23
9.080823290627301e23
9.005146669922665e23
8.927936566176911e23
8.849185686970706e23
8.768886928929565e23
8.687033387535187e23
8.603618367056838e23
8.518635390597057e23
8.432078210246631e23
8.343940817342959e23
8.254217452826479e23
8.162902617688793e23
8.06999108350686e23
7.975477903056881e23
7.87935842100178e23
7.781628284645601e23
7.682283454748464e23
7.581320216395198e23
7.478735189911135e23
7.37452534181772e23
7.268687995821199e23
7.161220843826929e23
7.052121956972397e23
6.941389796671106e23
6.829023225660094e23
6.715021519043358e23
6.599384375323645e23
6.482111927414552e23
6.363204753625142e23
6.242663888609325e23
6.120490834271543e23
5.996687570620962e23
5.8712565665657156e23
5.7442007906392535e23
5.6155237216500686e23
5.485229359246723e23
5.3533222343894816e23
5.219807419720434e23
5.084690539823111e23
4.947977781363354e23
4.809675903102736e23
4.6697922457759095e23
4.5283347418232696e23
4.385311924970104e23
4.2407329396439505e23
4.0946075502209984e23
3.9469461500932236e23
3.7977597705473204e23
3.647060089447173e23
3.4948594397107084e23
3.3411708175729407e23
3.1860078906263336e23
3.0293850056302886e23
2.871317196080817e23
2.7118201895322852e23
2.550910414662566e23
2.3886050080736318e23
2.224921820818827e23
2.0598794246489946e23
1.8934971179690365e23
1.7257949314972795e23
1.5567936336191554e23
1.3865147354277602e23
1.2149804954432187e23
1.0422139240036165e23
8.682387873194443e22
6.930796111845448e22
5.16761684335952e22
3.3931106145588612e22
1.6075456580834396e22
-1.8880208496171494e21
-1.995648946148516e22
-3.812703514718533e22
-5.639666626495839e22
-7.476231356780078e22
-9.322083017278285e22
-1.1176899157139618e23
-1.3040349568146094e23
-1.4912096294117761e23
-1.6791793644581916e23
-1.8679088212762605e23
-2.0573618897936436e23
-2.2475016932204695e23
-2.4382905911722874e23
-2.6296901832436577e23
-2.8216613130359633e23
-3.014164072643704e23
-3.2071578076024026e23
-3.400601122302122e23
-3.5944518858692666e23
-3.788667238519937e23
-3.9832035983870276e23
-4.178016668824072e23
-4.3730614461874896e23
-4.5682922280995144e23
-4.7636626221929476e23
-4.959125555339652e23
-5.154633283363488e23
-5.350137401238742e23
-5.545588853774238e23
-5.740937946783883e23
-5.9361343587432025e23
-6.131127152931887e23
-6.325864790061307e23
-6.520295141386658e23
-6.714365502302114e23
-6.908022606417851e23
-7.101212640116742e23
-7.293881257589165e23
-7.485973596343154e23
-7.67743429318756e23
-7.868207500684779e23
-8.058236904070323e23
-8.24746573863531e23
-8.43583680756817e23
-8.623292500251089e23
-8.809774811007132e23
-8.995225358293065e23
-9.179585404332488e23
-9.362795875184402e23
-9.544797381241145e23
-9.725530238149869e23
-9.904934488151023e23
-1.0082949921827508e24
-1.0259516100257464e24
-1.0434572377563492e24
-1.0608057923850717e24
-1.0779911748526107e24
-1.0950072723990724e24
-1.1118479609696818e24
-1.1285071076560655e24
-1.1449785731722608e24
-1.1612562143644963e24
-1.1773338867538113e24
-1.1932054471105056e24
-1.2088647560594597e24
-1.2243056807152437e24
-1.2395220973460013e24
-1.254507894064973e24
-1.2692569735485965e24
-1.2837632557800116e24
-1.2980206808168382e24
-1.3120232115819995e24
-1.325764836676432e24
-1.3392395732124046e24
-1.3524414696662322e24
-1.3653646087490546e24
-1.3780031102944397e24
-1.3903511341614388e24
-1.4024028831517974e24
-1.41415260593991e24
-1.425594600014188e24
-1.4367232146284153e24
-1.4475328537616792e24
-1.4580179790854313e24
-1.468173112936256e24
-1.4779928412928507e24
-1.4874718167557569e24
-1.4966047615283214e24
-1.5053864703974063e24
-1.5138118137123173e24
-1.5218757403603804e24
-1.5295732807376803e24
-1.536899549713354e24
-1.54384974958591e24
-1.5504191730299496e24
-1.556603206031765e24
-1.5623973308121784e24
-1.5677971287350596e24
-1.572798283199867e24
-1.5773965825166733e24
-1.5815879227620108e24
-1.5853683106139585e24
-1.5887338661648155e24
-1.5916808257097885e24
-1.5942055445100445e24
-1.596304499528531e24
-1.5979742921369403e24
-1.5992116507921938e24
-1.6000134336808777e24
-1.6003766313299897e24
-1.6002983691824048e24
-1.5997759101354826e24
-1.5988066570412293e24
-1.5973881551664235e24
-1.5955180946111638e24
-1.59319431268425e24
-1.59041479623389e24
-1.587177683932177e24
-1.5834812685118162e24
-1.5793239989536126e24
-1.5747044826232108e24
-1.569621487355627e24
-1.564073943486114e24
-1.5580609458259002e24
-1.5515817555814166e24
-1.5446358022155915e24
-1.5372226852498192e24
-1.5293421760052742e24
-1.5209942192822223e24
-1.5121789349760018e24
-1.502896619628408e24
-1.4931477479132216e24
-1.4829329740546017e24
-1.472253133177197e24
-1.4611092425867417e24
-1.4495025029800186e24
-1.4374342995830316e24
-1.424906203216329e24
-1.4119199712863828e24
-1.3984775487020404e24
-1.3845810687149809e24
-1.3702328536832788e24
-1.3554354157571237e24
-1.340191457485782e24
-1.3245038723449643e24
-1.3083757451837738e24
-1.291810352590435e24
-1.2748111631760918e24
-1.2573818377759044e24
-1.2395262295668415e24
-1.2212483841015008e24
-1.202552539257372e24
-1.18344312510101e24
-1.1639247636665766e24
-1.1440022686483308e24
-1.1236806450066258e24
-1.1029650884869902e24
-1.0818609850520466e24
-1.0603739102258968e24
-1.038509628350759e24
-1.0162740917556584e24
-9.936734398369914e23
-9.707139980508763e23
-9.474022768171973e23
-9.237449703353673e23
-8.997489553117486e23
-8.754212895989163e23
-8.507692107467912e23
-8.258001344658602e23
-8.005216530026747e23
-7.749415334279019e23
-7.490677158372187e23
-7.229083114654481e23
-6.964716007142612e23
-6.697660310939936e23
-6.42800215080005e23
-6.155829278841591e23
-5.881231051420095e23
-5.6042984051634063e23
-5.32512383217741e23
-5.0438013544298225e23
-4.760426497319105e23
-4.475096262437822e23
-4.187909099538466e23
-3.898964877711319e23
-3.6083648557840037e23
-3.3162116519528675e23
-3.022609212656868e23
-2.7276627807049728e23
-2.431478862668905e23
-2.1341651955524257e23
-1.835830712750632e23
-1.5365855093113215e23
-1.236540806512019e23
-9.358089157663161e22
-6.345032018736548e22
-3.3273804562705615e22
-3.06288057940155e21
2.717082195148196e22
5.741558320724464e22
8.765959733423909e22
1.178909764848887e23
1.4809775490934789e23
1.7826789310008413e23
2.083892819876209e23
2.3844974718561912e23
2.6843705328354095e23
2.9833890818493236e23
3.2814296748950306e23
3.578368389170499e23
3.874080867712653e23
4.1684423644145136e23
4.4613277894011765e23
4.7526117547442465e23
5.0421686204938e23
5.32987254100756e23
5.615597511555225e23
5.8992174151771134e23
6.180606069775317e23
6.459637275415472e23
6.736184861817083e23
7.010122736010244e23
7.281324930135949e23
7.549665649368295e23
7.815019319934651e23
8.077260637211787e23
8.33626461387461e23
8.591906628074444e23
8.844062471623572e23
9.092608398162882e23
9.337421171288744e23
9.578378112616608e23
9.815357149756657e23
1.0048236864178781e24
1.0276896538942952e24
1.0501216206271568e24
1.0721076694940007e24
1.0936359677462039e24
1.1146947717046277e24
1.1352724314300353e24
1.1553573953659558e24
1.1749382149516094e24
1.1940035492025929e24
1.2125421692570182e24
1.2305429628847682e24
1.2479949389575887e24
1.264887231877733e24
1.2812091059628727e24
1.2969499597850808e24
1.3120993304615647e24
1.3266468978950064e24
1.3405824889612965e24
1.3538960816424746e24
1.366577809102743e24
1.3786179637054231e24
1.3900070009687485e24
1.4007355434584603e24
1.4107943846150924e24
1.4201744925139913e24
1.428867013556075e24
1.4368632760873616e24
1.4441547939453514e24
1.4507332699304176e24
1.4565905992003065e24
1.4617188725859564e24
1.4661103798268808e24
1.4697576127243629e24
1.4726532682107688e24
1.4747902513333332e24
1.4761616781508033e24
1.4767608785414002e24
1.4765813989205386e24
1.475617004866848e24
1.4738616836550875e24
1.4713096466945458e24
1.467955331871603e24
1.4637934057951833e24
1.4588187659438398e24
1.4530265427133511e24
1.4464121013636156e24
1.438971043863852e24
1.430699210635039e24
1.4215926821886315e24
1.4116477806606681e24
1.4008610712403816e24
1.3892293634925504e24
1.3767497125728278e24
1.3634194203353412e24
1.3492360363320542e24
1.3341973587031443e24
1.3183014349580608e24
1.3015465626467144e24
1.2839312899204665e24
1.265454415982575e24
1.2461149914278433e24
1.2259123184712328e24
1.2048459510654273e24
1.1829156949070852e24
1.160121607331929e24
1.1364639970986396e24
1.111943424061691e24
1.0865606987333117e24
1.0603168817347507e24
1.0332132831373011e24
1.0052514616932391e24
9.764332239572623e23
9.467606232988738e23
9.162359588062419e23
8.84861774082184e23
8.526408559329489e23
8.19576232950478e23
7.856711739891151e23
7.509291865374028e23
7.153540149860752e23
6.789496387931378e23
6.417202705471318e23
6.036703539296635e23
5.6480456157837966e23
5.251277928515664e23
4.8464517149581106e23
4.43362043217844e23
4.012839731621429e23
3.5841674329567235e23
3.147663497012931e23
2.7033899978141022e23
2.251411093734857e23
1.7917929977902102e23
1.3246039470792799e23
8.499141713981206e22
3.6779586104184193e22
-1.216768661859183e22
-6.184279987367147e22
-1.12237966583451e23
-1.633452172726069e23
-2.1515640366445966e23
-2.6766320234634506e23
-3.208571185021199e23
-3.747294897093901e23
-4.29271489799325e23
-4.8447413277673417e23
-5.403282767981409e23
-5.9682462820542954e23
-6.53953745612829e23
-7.11706044044536e23
-7.700717991208575e23
-8.290411512901652e23
-8.88604110104209e23
-9.487505585342633e23
-1.009470257325516e24
-1.0707528493871947e24
-1.1325878642155678e24
-1.1949647223475392e24
-1.2578727398418811e24
-1.3213011327855772e24
-1.3852390218225282e24
-1.449675436701932e24
-1.5145993208435885e24
-1.5799995359174927e24
-1.6458648664347266e24
-1.7121840243472132e24
-1.7789456536533513e24
-1.8461383350068204e24
-1.9137505903258103e24
-1.9817708873998762e24
-2.0501876444916265e24
-2.1189892349306156e24
-2.1881639916963578e24
-2.2577002119880904e24
-2.327586161778247e24
-2.3978100803470124e24
-2.4683601847952e24
-2.539224674532722e24
-2.6103917357399456e24
-2.681849545799317e24
-2.7535862776943484e24
-2.8255901043736217e24
-2.897849203076964e24
-2.970351759621235e24
-3.0430859726431467e24
-3.116040057796567e24
-3.1892022519017155e24
-3.262560817043908e24
-3.3361040446190657e24
-3.409820259323931e24
-3.483697823088319e24
-3.557725138947116e24
-3.6318906548497474e24
-3.706182867404709e24
-3.78059032555711e24
-3.855101634196726e24
-3.9297054576947205e24
-4.0043905233667204e24
-4.079145624860237e24
-4.153959625464427e24
-4.228821461340201e24
-4.3037201446687673e24
-4.378644766716871e24
-4.453584500816587e24
-4.528528605258386e24
-4.6034664260954103e24
-4.6783873998574747e24
-4.753281056173217e24
-4.8281370202988684e24
-4.902945015552154e24
-4.977694865650107e24
-5.052376496949135e24
-5.126979940586499e24
-5.201495334521701e24
-5.275912925476819e24
-5.350223070774664e24
-5.424416240073824e24
-5.498483016999644e24
-5.57241410067039e24
-5.646200307117619e24
-5.719832570600358e24
-5.79330194481223e24
-5.866599603981101e24
-5.939716843860724e24
-6.012645082614018e24
-6.085375861587632e24
-6.157900845977637e24
-6.230211825385961e24
-6.302300714267798e24
-6.374159552269706e24
-6.445780504458601e24
-6.517155861441771e24
-6.588278039378088e24
-6.659139579880767e24
-6.72973314981211e24
-6.800051540970472e24
-6.870087669670299e24
-6.939834576215628e24
-7.009285424267811e24
-7.078433500108286e24
-7.147272211797136e24
-7.215795088228565e24
-7.283995778083979e24
-7.351868048684121e24
-7.419405784741172e24
-7.48660298701214e24
-7.55345377085487e24
-7.619952364688003e24
-7.686093108356396e24
-7.751870451403616e24
-7.817278951252834e24
-7.882313271298202e24
-7.946968178908168e24
-8.011238543342654e24
-8.07511933358601e24
-8.138605616097695e24
-8.201692552482649e24
-8.264375397083606e24
-8.326649494497318e24
-8.388510277017072e24
-8.449953262003716e24
-8.510974049187576e24
-8.571568317903634e24
-8.631731824262482e24
-8.691460398259546e24
-8.750749940825239e24
-8.809596420818503e24
-8.867995871966676e24
-8.925944389754235e24
-8.983438128263284e24
-9.040473296968631e24
-9.097046157490317e24
-9.153153020306537e24
-9.208790241429962e24
-9.263954219050397e24
-9.318641390146886e24
-9.372848227072417e24
-9.426571234114172e24
-9.479806944032719e24
-9.532551914583079e24
-9.58480272502117e24
-9.636555972598591e24
-9.687808269049259e24
-9.738556237071056e24
-9.788796506805821e24
-9.838525712321094e24
-9.887740488096867e24
-9.936437465520775e24
-9.984613269395114e24
-1.003226451445896e25
-1.0079387801928982e25
-1.0125979716062148e25
-1.0172036820743885e25
-1.0217555656104998e25
-1.0262532735170798e25
-1.0306964540545792e25
-1.0350847521137463e25
-1.039417808892226e25
-1.0436952615757513e25
-1.0479167430242308e25
-1.0520818814630902e25
-1.0561903001801863e25
-1.0602416172286328e25
-1.0642354451358579e25
-1.0681713906192265e25
-1.0720490543085481e25
-1.0758680304757826e25
-1.0796279067722785e25
-1.083328263973833e25
-1.086968675733904e25
-1.0905487083452672e25
-1.094067920510424e25
-1.0975258631210604e25
-1.1009220790468379e25
-1.1042561029338165e25
-1.1075274610127857e25
-1.11073567091778e25
-1.113880241515053e25
-1.1169606727427725e25
-1.1199764554616993e25
-1.1229270713171032e25
-1.1258119926121588e25
-1.1286306821930665e25
-1.131382593346131e25
-1.1340671697070231e25
-1.136683845182444e25
-1.1392320438844032e25
-1.1417111800773201e25
-1.144120658138137e25
-1.146459872529639e25
-1.1487282077871613e25
-1.1509250385188468e25
-1.1530497294196327e25
-1.1551016352991087e25
-1.1570801011233951e25
-1.158984462071189e25
-1.1608140436040844e25
-1.1625681615513132e25
-1.1642461222089913e25
-1.1658472224539826e25
-1.1673707498724681e25
-1.1688159829033066e25
-1.1701821909962414e25
-1.171468634785029e25
-1.172674566275535e25
-1.1737992290488354e25
-1.1748418584793514e25
-1.1758016819680419e25
-1.1766779191906572e25
-1.1774697823610577e25
-1.1781764765095775e25
-1.1787971997764105e25
-1.1793311437199967e25
-1.1797774936403447e25
-1.1801354289172443e25
-1.180404123363308e25
-1.1805827455917493e25
-1.180670459398818e25
-1.1806664241607924e25
-1.18056979524541e25
-1.1803797244376282e25
-1.1800953603795635e25
-1.1797158490244801e25
-1.179240334104665e25
-1.1786679576130246e25
-1.1779978602982277e25
-1.1772291821732006e25
-1.1763610630367873e25
-1.1753926430083473e25
-1.1743230630750855e25
-1.173151465651875e25
-1.1718769951533335e25
-1.170498798577896e25
-1.1690160261036316e25
-1.1674278316955058e25
-1.1657333737238522e25
-1.1639318155936954e25
-1.1620223263846758e25
-1.1600040815012338e25
-1.1578762633327376e25
-1.1556380619232204e25
-1.153288675650382e25
-1.1508273119135017e25
-1.1482531878299117e25
-1.1455655309396414e25
-1.1427635799178637e25
-1.1398465852947614e25
-1.136813810182401e25
-1.1336645310082185e25
-1.1303980382547084e25
-1.1270136372048726e25
-1.1235106486930374e25
-1.119888409860561e25
-1.1161462749160152e25
-1.1122836158993807e25
-1.108299823449795e25
-1.1041943075763998e25
-1.0999664984318036e25
-1.0956158470876824e25
-1.0911418263120621e25
-1.0865439313477514e25
-1.0818216806914636e25
-1.076974616873121e25
-1.0720023072348282e25
-1.0669043447090195e25
-1.0616803485952627e25
-1.0563299653351918e25
-1.0508528692850774e25
-1.0452487634854783e25
-1.039517380427465e25
-1.033658482814891e25
-1.0276718643221648e25
-1.0215573503470055e25
-1.0153147987576212e25
-1.0089441006338152e25
-1.0024451810014376e25
-9.958179995596654e24
-9.890625514005737e24
-9.821788677204446e24
-9.751670165222915e24
-9.68027103309044e24
-9.60759271766852e24
-9.533637044380082e24
-9.45840623382894e24
-9.381902908304649e24
-9.304130098167191e24
-9.225091248106232e24
-9.144790223269786e24
-9.063231315256856e24
-8.98041924796899e24
-8.89635918331569e24
-8.811056726768258e24
-8.724517932757255e24
-8.636749309908413e24
-8.547757826112189e24
-8.457550913421743e24
-8.366136472774857e24
-8.273522878534554e24
-8.179718982844282e24
-8.084734119792284e24
-7.988578109381131e24
-7.891261261297611e24
-7.792794378478616e24
-7.693188760468719e24
-7.592456206565015e24
-7.490609018745125e24
-7.387660004374455e24
-7.283622478688327e24
-7.178510267045344e24
-7.072337706948147e24
-6.96511964982782e24
-6.85687146258836e24
-6.747609028907625e24
-6.637348750291759e24
-6.526107546879274e24
-6.413902857992052e24
-6.300752642430141e24
-6.186675378507388e24
-6.071690063825176e24
-5.955816214781646e24
-5.839073865813682e24
-5.721483568369781e24
-5.603066389610832e24
-5.483843910837306e24
-5.363838225640517e24
-5.24307193777633e24
-5.121568158759471e24
-4.999350505176993e24
-4.876443095719327e24
-4.7528705479280665e24
-4.6286579746588495e24
-4.50383098025873e24
-4.3784156564572124e24
-4.2524385779701743e24
-4.1259267978163275e24
-3.998907842345854e24
-3.871409705980816e24
-3.7434608456679713e24
-3.61509017504327e24
-3.486327058309066e24
-3.357201303824129e24
-3.2277431574072937e24
-3.097983295355437e24
-2.967952817176816e24
-2.837683238040772e24
-2.7072064809454963e24
-2.576554868604753e24
-2.4457611150556054e24
-2.3148583169888814e24
-2.1838799448041845e24
-2.052859833391859e24
-1.921832172643784e24
-1.7908314976961384e24
-1.659892678906006e24
-1.5290509115651459e24
-1.3983417053537432e24
-1.2678008735372026e24
-1.1374645219093887e24
-1.0073690374857289e24
-8.77551076949606e23
-7.480475548563739e23
-6.188956315981921e23
-4.9013270113434306e23
-3.6179637849100026e23
-2.3392448703503938e23
-1.0655504552625813e23
2.0273745047065127e22
1.4652351484472519e23
2.721557387576909e23
3.971317501932372e23
5.214127550563983e23
6.449598459223445e23
7.67734016394205e23
8.896961756405046e23
1.0108071631063658e24
1.1310277633926617e24
1.2503187212965303e24
1.3686407570075522e24
1.485954581452871e24
1.6022209117848084e24
1.7174004870043936e24
1.831454083714044e24
1.9443425319925078e24
2.056026731385325e24
2.1664676670031915e24
2.275626425721779e24
2.3834642124751625e24
2.489942366635772e24
2.5950223784732474e24
2.698665905684816e24
2.800834789989293e24
2.9014910737774145e24
3.0005970168100285e24
3.098115112956991e24
3.1940081069683785e24
3.288239011270082e24
3.3807711227758096e24
3.47156803970719e24
3.560593678414127e24
3.6478122901865524e24
3.733188478050041e24
3.81668721353641e24
3.898273853421131e24
3.97791415641924e24
4.0555742998311175e24
4.13122089612993e24
4.204821009482112e24
4.2763421721923453e24
4.345752401064814e24
4.413020213671917e24
4.478114644522265e24
4.541005261119091e24
4.601662179901042e24
4.660056082056369e24
4.716158229202707e24
4.769940478923179e24
4.821375300151317e24
4.87043578839578e24
4.917095680796763e24
4.961329371005958e24
5.00311192388145e24
5.042419089989796e24
5.079227319906826e24
5.113513778309158e24
5.145256357848516e24
5.174433692800906e24
5.201025172482643e24
5.225010954425502e24
5.246371977303519e24
5.265089973603321e24
5.281147482031213e24
5.29452785964861e24
5.305215293729594e24
5.313194813332534e24
5.318452300578944e24
5.320974501632926e24
5.320749037373605e24
5.317764413754759e24
5.312010031843908e24
5.303476197535596e24
5.292154130931409e24
5.278035975381443e24
5.261114806180494e24
5.241384638913316e24
5.218840437443468e24
5.193478121539515e24
5.165294574133866e24
5.134287648208228e24
5.10045617330142e24
5.063799961633637e24
5.024319813843405e24
4.982017524331791e24
4.936895886209851e24
4.888958695845413e24
4.838210757004213e24
4.784657884582797e24
4.7283069079282665e24
4.6691656737425564e24
4.607243048567111e24
4.542548920845262e24
4.4750942025597585e24
4.404890830442022e24
4.3319517667516365e24
4.2562909996228604e24
4.17792354297718e24
4.0968654359990015e24
4.013133742174026e24
3.926746547887962e24
3.837722960584849e24
3.7460831064844943e24
3.651848127857172e24
3.555040179856547e24
3.4556824269091084e24
3.353799038661471e24
3.249415185484374e24
3.142557033535127e24
3.0332517393780495e24
2.921527444164262e24
2.8074132673722885e24
2.6909393001097756e24
2.5721365979792574e24
2.4510371735082514e24
2.3276739881471934e24
2.2020809438362658e24
2.074292874144048e24
1.9443455349811942e24
1.8122755948908416e24
1.6781206249204213e24
1.541919088076672e24
1.4037103283690388e24
1.2635345594436943e24
1.1214328528137705e24
9.774471256888234e23
8.316201284084881e23
6.839954314855718e23
5.346174122621817e23
3.835312411856413e23
2.3078286770784518e23
7.641900581529498e22
-7.951288080614943e22
-2.3696459396416433e23
-3.958872165057235e23
-5.562311282088049e23
-7.179460220129789e23
-8.809809205834717e23
-1.0452841932001001e24
-1.2108035729657133e24
-1.3774861743251252e24
-1.5452785108884623e24
-1.7141265135506908e24
-1.8839755488989866e24
-2.0547704379012783e24
-2.226455474866156e24
-2.3989744466675534e24
-2.5722706522239766e24
-2.7462869222254054e24
-2.9209656390974154e24
-3.096248757194927e24
-3.2720778232160487e24
-3.4483939968261766e24
-3.6251380714845133e24
-3.8022504954617373e24
-3.979671393041149e24
-4.1573405858917054e24
-4.3351976146050493e24
-4.513181760384823e24
-4.69123206687971e24
-4.86928736214955e24
-5.04728628075376e24
-5.225167285953227e24
-5.402868692013555e24
-5.580328686601098e24
-5.757485353259505e24
-5.934276693957606e24
-6.110640651697606e24
-6.286515133172172e24
-6.46183803146134e24
-6.636547248756519e24
-6.810580719102852e24
-6.983876431147153e24
-7.156372450882534e24
-7.328006944377009e24
-7.498718200476753e24
-7.668444653472512e24
-7.837124905717851e24
-8.004697750189642e24
-8.171102192978449e24
-8.33627747569955e24
-8.500163097812248e24
-8.662698838838354e24
-8.823824780467447e24
-8.983481328539714e24
-9.141609234895032e24
-9.29814961907739e24
-9.453043989885321e24
-9.606234266756356e24
-9.757662800976863e24
-9.90727239670528e24
-1.00550063317999e25
-1.0200808378440632e25
-1.0344622823534144e25
-1.0486394488893838e25
-1.0626068751183262e25
-1.0763591561614877e25
-1.0898909465393108e25
-1.1031969620893767e25
-1.1162719818569034e25
-1.1291108499570033e25
-1.1417084774077678e25
-1.1540598439332144e25
-1.166159999735369e25
-1.1780040672344714e25
-1.1895872427766133e25
-1.20090479830784e25
-1.2119520830140588e25
-1.2227245249258225e25
-1.233217632487329e25
-1.243426996088858e25
-1.2533482895618339e25
-1.2629772716359673e25
-1.2723097873575862e25
-1.2813417694686725e25
-1.2900692397458e25
-1.298488310298445e25
-1.3065951848260454e25
-1.3143861598331477e25
-1.321857625802202e25
-1.3290060683233536e25
-1.3358280691808004e25
-1.3423203073951381e25
-1.3484795602213203e25
-1.3543027041016832e25
-1.3597867155737107e25
-1.364928672132086e25
-1.3697257530446395e25
-1.3741752401219463e25
-1.3782745184401041e25
-1.3820210770165482e25
-1.3854125094384986e25
-1.3884465144439138e25
-1.3911208964546307e25
-1.3934335660615785e25
-1.3953825404618557e25
-1.3969659438475459e25
-1.3981820077461735e25
-1.399029071312677e25
-1.3995055815728976e25
-1.3996100936184936e25
-1.3993412707533247e25
-1.3986978845913011e25
-1.3976788151057547e25
-1.396283050630429e25
-1.3945096878121346e25
-1.3923579315152952e25
-1.3898270946784364e25
-1.386916598122902e25
-1.3836259703139299e25
-1.3799548470743625e25
-1.3759029712512952e25
-1.3714701923358578e25
-1.3666564660365508e25
-1.3614618538063993e25
-1.35588652232437e25
-1.3499307429313717e25
-1.34359489102134e25
-1.3368794453877578e25
-1.3297849875262103e25
-1.3223122008933588e25
-1.3144618701228979e25
-1.3062348801990766e25
-1.29763221558829e25
-1.2886549593294052e25
-1.2793042920833768e25
-1.2695814911428206e25
-1.259487929402261e25
-1.249025074289624e25
-1.2381944866597943e25
-1.226997819650902e25
-1.2154368175041312e25
-1.2035133143477807e25
-1.1912292329464203e25
-1.178586583415885e25
-1.1655874619050415e25
-1.1522340492450723e25
-1.138528609567201e25
-1.124473488889758e25
-1.110071113675442e25
-1.0953239893597616e25
-1.0802346988515381e25
-1.0648059010064378e25
-1.04904032907456e25
-1.0329407891229624e25
-1.0165101584342074e25
-9.997513838818956e24
-9.82667480284232e24
-9.652615287366523e24
-9.475366749245356e24
-9.29496127417138e24
-9.111431559437119e24
-8.924810896529487e24
-8.735133153568688e24
-8.542432757601592e24
-8.346744676761527e24
-8.148104402305042e24
-7.946547930537188e24
-7.742111744636325e24
-7.534832796389557e24
-7.324748487850988e24
-7.111896652932947e24
-6.896315538942439e24
-6.678043788074001e24
-6.457120418870321e24
-6.233584807662161e24
-6.00747666999907e24
-5.778836042081821e24
-5.54770326220925e24
-5.314118952249271e24
-5.07812399914662e24
-4.839759536478272e24
-4.5990669260677994e24
-4.3560877396700293e24
-4.1108637407371935e24
-3.863436866277297e24
-3.6138492088168835e24
-3.3621429984776877e24
-3.108360585179166e24
-2.852544420977319e24
-2.5947370425505574e24
-2.334981053843309e24
-2.073319108877378e24
-1.8097938947426246e24
-1.5444481147756407e24
-1.2773244719377158e24
-1.0084656524015831e24
-7.379143093568946e23
-4.6571304704408645e23
-1.9190440502621493e23
8.346915729231561e22
3.603652758897662e23
6.387416970864221e23
9.185562922292448e23
1.1997670720936634e24
1.4823322009940075e24
1.7662100105943072e24
2.0513590134113426e24
2.3377379160026532e24
2.625305631830608e24
2.914021293796833e24
3.2038442664386015e24
3.4947341577807446e24
3.786650830836311e24
4.079554414749558e24
4.373405315574944e24
4.668164226686731e24
4.963792138812184e24
5.260250349684719e24
5.557500473310404e24
5.855504448843627e24
6.154224549067011e24
6.453623388471392e24
6.753663930931569e24
7.054309496974629e24
7.355523770636027e24
7.657270805901882e24
7.959515032733333e24
8.262221262670741e24
8.565354694015412e24
8.868880916586709e24
9.172765916052736e24
9.476976077833694e24
9.78147819057544e24
1.0086239449194127e25
1.0391227457490149e25
1.0696410230331569e25
1.100175619540713e25
1.1307234194549093e25
1.1612813484627137e25
1.1918463738012934e25
1.2224155042618627e25
1.2529857901509298e25
1.2835543232092086e25
1.3141182364883882e25
1.34467470418604e25
1.3752209414389097e25
1.405754204074985e25
1.4362717883245413e25
1.4667710304907171e25
1.4972493065798949e25
1.5277040318923748e25
1.5581326605738007e25
1.5885326851278239e25
1.6189016358905288e25
1.6492370804672223e25
1.6795366231320358e25
1.7097979041911175e25
1.7400185993099385e25
1.7701964188054142e25
1.800329106903522e25
1.8304144409631579e25
1.8604502306669363e25
1.8904343171797767e25
1.9203645722759514e25
1.950238897435559e25
1.980055222911178e25
2.0098115067655923e25
2.039505733881497e25
2.0691359149440865e25
2.098700085397472e25
2.128196304375924e25
2.1576226536108135e25
2.1869772363144215e25
2.216258176041503e25
2.245463615529723e25
2.2745917155199986e25
2.3036406535578388e25
2.3326086227768192e25
2.361493830665196e25
2.390294497816942e25
2.41900885666825e25
2.4476351502207036e25
2.4761716307522854e25
2.5046165585174276e25
2.5329682004372858e25
2.5612248287815027e25
2.589384719842591e25
2.617446152604297e25
2.645407407405106e25
2.6732667645981794e25
2.701022503208971e25
2.7286728995918203e25
2.7562162260867656e25
2.7836507496779185e25
2.810974730654593e25
2.838186421276584e25
2.865284064444834e25
2.892265892378787e25
2.919130125301746e25
2.9458749701355166e25
2.9724986192056534e25
2.9989992489586024e25
3.0253750186919836e25
3.051624069299411e25
3.077744522031034e25
3.1037344772711446e25
3.1295920133340985e25
3.1553151852798355e25
3.180902023750254e25
3.2063505338277113e25
3.2316586939168485e25
3.2568244546510414e25
3.2818457378246456e25
3.3067204353522764e25
3.33144640825633e25
3.356021485683874e25
3.38044346395419e25
3.404710105637984e25
3.428819138669518e25
3.452768255492741e25
3.4765551122425067e25
3.500177327962007e25
3.523632483857439e25
3.5469181225909966e25
3.570031747613187e25
3.5929708225354633e25
3.6157327705441846e25
3.638314973856843e25
3.6607147732214925e25
3.6829294674602826e25
3.704956313057977e25
3.7267925237963254e25
3.7484352704351348e25
3.769881680440744e25
3.7911288377628197e25
3.812173782660104e25
3.8330135115758667e25
3.8536449770637544e25
3.874065087764647e25
3.894270708435208e25
3.914258660028648e25
3.934025719828286e25
3.953568621634447e25
3.972884056005144e25
3.991968670551036e25
4.010819070285046e25
4.0294318180270494e25
4.047803434863952e25
4.06593040066552e25
4.0838091546561404e25
4.101436096042863e25
4.1188075846998404e25
4.135919941909359e25
4.152769451159582e25
4.169352358999094e25
4.1856648759482705e25
4.201703177467533e25
4.217463404982373e25
4.232941666965157e25
4.2481340400735704e25
4.2630365703455205e25
4.2776452744503655e25
4.291956140996188e25
4.305965131892883e25
4.319668183770711e25
4.333061209453997e25
4.346140099489585e25
4.3589007237295806e25
4.371338932967957e25
4.38345056063049e25
4.395231424517458e25
4.40667732859856e25
4.417784064859354e25
4.4285474151986315e25
4.438963153375916e25
4.449027047008439e25
4.458734859616734e25
4.468082352718049e25
4.477065287966705e25
4.485679429340525e25
4.493920545372321e25
4.501784411425565e25
4.509266812013131e25
4.516363543158107e25
4.523070414795595e25
4.52938325321434e25
4.5352979035370445e25
4.5408102322381925e25
4.545916129698141e25
4.550611512792188e25
4.55489232751338e25
4.558754551627692e25
4.562194197360216e25
4.565207314111003e25
4.567789991199097e25
4.569938360633332e25
4.5716485999084245e25
4.572916934824818e25
4.573739642330757e25
4.574113053385061e25
4.57403355583895e25
4.573497597335364e25
4.572501688224067e25
4.571042404490989e25
4.5691163906999826e25
4.566720362945379e25
4.5638511118136025e25
4.560505505352052e25
4.556680492043555e25
4.5523731037845216e25
4.547580458865079e25
4.542299764949313e25
4.536528322053804e25
4.530263525522617e25
4.5235028689968565e25
4.5162439473769475e25
4.508484459775744e25
4.500222212460565e25
4.491455121782251e25
4.482181217089374e25
4.4723986436256295e25
4.462105665408495e25
4.451300668087295e25
4.439982161778626e25
4.428148783877335e25
4.415799301841029e25
4.402932615946194e25
4.389547762014066e25
4.375643914104217e25
4.361220387174001e25
4.34627663970193e25
4.330812276273043e25
4.314827050124379e25
4.298320865648663e25
4.281293780854251e25
4.263746009779607e25
4.245677924860219e25
4.227090059246335e25
4.207983109069493e25
4.188357935656134e25
4.168215567686451e25
4.147557203296678e25
4.12638421212303e25
4.104698137285634e25
4.082500697310587e25
4.05979378798854e25
4.036579484168063e25
4.0128600414821665e25
3.988637898006332e25
3.96391567584641e25
3.938696182654904e25
3.91298241307397e25
3.8867775501036795e25
3.8600849663940527e25
3.8329082254594e25
3.8052510828135135e25
3.7771174870243965e25
3.7485115806870564e25
3.7194377013132127e25
3.6899003821364467e25
3.659904352831706e25
3.6294545401478585e25
3.5985560684521963e25
3.5672142601857365e25
3.5354346362282325e25
3.5032229161718547e25
3.4705850185026103e25
3.4375270606884432e25
3.4040553591731815e25
3.370176429275465e25
3.3358969849918126e25
3.3012239387030977e25
3.266164400783691e25
3.230725679112564e25
3.1949152784858835e25
3.1587408999303e25
3.122210439916607e25
3.0853319894731984e25
3.0481138331989503e25
3.0105644481751517e25
2.9726925027761563e25
2.934506855378511e25
2.896016552968416e25
2.8572308296472464e25
2.818159105035119e25
2.7788109825724846e25
2.7391962477196714e25
2.6993248660545766e25
2.6592069812684652e25
2.618852913060246e25
2.5782731549293324e25
2.5374783718673884e25
2.4964793979494054e25
2.4552872338243976e25
2.4139130441062883e25
2.372368154665415e25
2.3306640498212774e25
2.2888123694372257e25
2.2468249059176065e25
2.2047136011083165e25
2.1624905431014044e25
2.1201679629447055e25
2.077758231257319e25
2.035273854752012e25
1.99272747266543e25
1.9501318530973932e25
1.907499889260234e25
1.864844595639456e25
1.8221791040669772e25
1.7795166597081972e25
1.7368706169643091e25
1.6942544352912219e25
1.651681674936525e25
1.6091659925961448e25
1.5667211369920487e25
1.5243609443727973e25
1.4820993339384823e25
1.4399503031918594e25
1.3979279232173601e25
1.3560463338898574e25
1.3143197390149478e25
1.2727624014028268e25
1.2313886378775098e25
1.1902128142235073e25
1.149249340071994e25
1.108512663728489e25
1.0680172669442593e25
1.027777659633516e25
9.878083745386612e24
9.481239618458894e24
9.087389837532584e24
8.696680089937347e24
8.309256073154305e24
7.925263439215151e24
7.54484773872165e24
7.168154364510102e24
6.795328494986524e24
6.426515037156325e24
6.061858569374971e24
5.701503283845013e24
5.345592928885643e24
4.994270751000696e24
4.6476794367722275e24
4.305961054605185e24
3.969256996352107e24
3.637707918842647e24
3.3114536853468704e24
2.9906333069992347e24
2.675384884210826e24
2.3658455480978233e24
2.0621514019540217e24
1.7644374627949885e24
1.472837603003261e24
1.1874844921009311e24
9.085095386794196e23
6.360428325139422e23
3.702130868913098e23
1.111475811793724e23
-1.4102789633349863e23
-3.86189105300792e23
-6.242134098529094e23
-8.549798347777161e23
-1.0783691213175962e24
-1.294263782554993e24
-1.5025481583582254e24
-1.7031084698599645e24
-1.89583287343985e24
-2.0806115141844852e24
-2.257336578795518e24
-2.4259023479204695e24
-2.5862052478773624e24
-2.738143901746757e24
-2.8816191798044694e24
-3.016534249267623e24
-3.1427946233289224e24
-3.260308209450873e24
-3.3689853568966717e24
-3.468738903469776e24
-3.5594842214386247e24
-3.641139262620267e24
-3.713624602598746e24
-3.776863484054279e24
-3.8307818591783823e24
-3.8753084311520376e24
-3.9103746946631634e24
-3.9359149754413586e24
-3.9518664687861905e24
-3.9581692770685593e24
-3.9547664461823307e24
-3.9416040009254516e24
-3.918630979290971e24
-3.885799465645418e24
-3.8430646227778564e24
-3.790384722797492e24
-3.727721176863702e24
-3.6550385637284336e24
-3.572304657074075e24
-3.479490451630439e24
-3.3765701880527617e24
-3.263521376546419e24
-3.1403248192214184e24
-3.00696463116374e24
-2.8634282602070375e24
-2.7097065053935763e24
-2.5457935341094666e24
-2.3716868978824872e24
-2.187387546832042e24
-1.9928998427573645e24
-1.788231570857076e24
-1.57339395006682e24
-1.3484016420091743e24
-1.113272758544198e24
-8.680288679160615e23
-6.126949994860067e23
-3.47299647046461e23
-7.187477071146632e22
2.135442026240235e23
5.0891838025698835e23
8.142054060884785e23
1.1293594644743128e24
1.4543312855194548e24
1.7890681518162092e24
2.1335139066259238e24
2.487608963506993e24
2.851290317384764e24
3.2244915570658295e24
3.6071428791904287e24
3.999171103624149e24
4.4004996902812666e24
4.811048757378592e24
5.230735101113425e24
5.659472216758337e24
6.097170321169769e24
6.543736376698693e24
6.999074116499985e24
7.463084071227022e24
7.935663597106905e24
8.416706905381406e24
8.90610509310652e24
9.403746175297613e24
9.909515118406292e24
1.042329387511989e25
1.0944961420465e25
1.1474393789205886e25
1.2011464114517593e25
1.2556042667922358e25
1.3107996900470925e25
1.3667191485150492e25
1.4233488360505508e25
1.4806746775447835e25
1.53868233352428e25
1.5973572048646002e25
1.6566844376176235e25
1.716648927949837e25
1.7772353271898965e25
1.838428046983114e25
1.9002112645504158e25
1.962568928049911e25
2.0254847620381465e25
2.088942273029194e25
2.1529247551485373e25
2.2174152958797712e25
2.282396781901012e25
2.347851905008826e25
2.4137631681268177e25
2.4801128913959818e25
2.546883218344506e25
2.614056122133626e25
2.6816134118773208e25
2.7495367390322975e25
2.817807603855892e25
2.886407361928645e25
2.9553172307384124e25
3.0245182963234137e25
3.0939915199705565e25
3.1637177449665453e25
3.2336777033980367e25
3.303852022998247e25
3.374221234036282e25
3.444765776246411e25
3.515466005793858e25
3.5863022022736887e25
3.6572545757399305e25
3.7283032737610995e25
3.7994283884993852e25
3.870609963809555e25
3.941828002354873e25
4.013062472736061e25
4.084293316630428e25
4.155500455937601e25
4.226663799928295e25
4.29776325239322e25
4.3687787187881514e25
4.439690113372381e25
4.510477366336609e25
4.581120430917335e25
4.651599290494232e25
4.721893965666925e25
4.791984521308273e25
4.861851073590311e25
4.931473796980007e25
5.000832931201015e25
5.069908788158682e25
5.13868175882446e25
5.207132320076929e25
5.275241041496012e25
5.342988592106974e25
5.410355747071504e25
5.477323394322105e25
5.543872541137302e25
5.609984320653953e25
5.675639998314169e25
5.740820978243291e25
5.8055088095563405e25
5.86968519258979e25
5.933331985055665e25
5.996431208115358e25
6.05896505236998e25
6.12091588376485e25
6.1822662494049405e25
6.242998883278991e25
6.303096711889449e25
6.3625428597854805e25
6.4213206549969655e25
6.479413634366398e25
6.5368055487768635e25
6.593480368273119e25
6.64942228707404e25
6.704615728473602e25
6.759045349628672e25
6.812696046231237e25
6.865552957062891e25
6.917601468429936e25
6.96882721847666e25
7.019216101375404e25
7.068754271391173e25
7.1174281468194146e25
7.165224413794941e25
7.212130029970713e25
7.2581322280647645e25
7.303218519273777e25
7.347376696552118e25
7.390594837754749e25
7.4328613086431065e25
7.474164765752395e25
7.514494159119592e25
7.553838734870915e25
7.592188037667846e25
7.629531913011009e25
7.6658605094008766e25
7.701164280354933e25
7.735433986280312e25
7.768660696201741e25
7.80083578934403e25
7.831950956568896e25
7.861998201665921e25
7.89096984249708e25
7.918858511995173e25
7.9456571590157e25
7.971359049042539e25
7.995957764747243e25
8.019447206402507e25
8.041821592149633e25
8.063075458120817e25
8.083203658416413e25
8.102201364937674e25
8.12006406707583e25
8.136787571257847e25
8.15236800034998e25
8.166801792919592e25
8.18008570235649e25
8.192216795854631e25
8.203192453255198e25
8.213010365752367e25
8.221668534462857e25
8.229165268860724e25
8.235499185078535e25
8.240669204076724e25
8.24467454968226e25
8.247514746498641e25
8.249189617688583e25
8.249699282631229e25
8.249044154455857e25
8.247224937453669e25
8.244242624369959e25
8.240098493578345e25
8.234794106139492e25
8.228331302746105e25
8.220712200556781e25
8.211939189920636e25
8.202014930995412e25
8.190942350261133e25
8.178724636931871e25
8.165365239268309e25
8.150867860793331e25
8.13523645641355e25
8.118475228449302e25
8.10058862257581e25
8.081581323678355e25
8.061458251624223e25
8.04022455695432e25
8.017885616497259e25
7.994447028909049e25
7.969914610141161e25
7.944294388840144e25
7.917592601681691e25
7.88981568864256e25
7.860970288213078e25
7.831063232553566e25
7.800101542598017e25
7.768092423107951e25
7.735043257679919e25
7.700961603709749e25
7.66585518731696e25
7.629731898232528e25
7.592599784653363e25
7.55446704806684e25
7.515342038048728e25
7.475233247037854e25
7.4341493050908525e25
7.392098974620476e25
7.34909114512053e25
7.30513482788144e25
7.260239150699071e25
7.214413352580671e25
7.167666778451205e25
7.12000887386338e25
7.071449179714782e25
7.0219973269754695e25
6.971663031429296e25
6.92045608843244e25
6.868386367692259e25
6.815463808069895e25
6.761698412409868e25
6.7071002423998934e25
6.6516794134641635e25
6.5954460896931325e25
6.538410478813488e25
6.480582827200673e25
6.421973414937733e25
6.3625925509231805e25
6.3024505680311255e25
6.241557818326505e25
6.179924668338499e25
6.1175614943949785e25
6.054478678020865e25
5.990686601403277e25
5.926195642926169e25
5.861016172777246e25
5.795158548629812e25
5.72863311140221e25
5.661450181097401e25
5.593620052725004e25
5.525152992308888e25
5.456059232981825e25
5.386348971170203e25
5.31603236287082e25
5.24511952002205e25
5.173620506971392e25
5.101545337041683e25
5.0289039691977925e25
4.955706304815877e25
4.8819621845569606e25
4.807681385346729e25
4.7328736174631785e25
4.657548521733839e25
4.58171566684408e25
4.505384546758089e25
4.428564578253628e25
4.351265098572641e25
4.273495363187986e25
4.195264543688224e25
4.116581725781228e25
4.037455907417719e25
3.95789599703562e25
3.877910811926089e25
3.797509076721994e25
3.716699422009509e25
3.635490383063379e25
3.553890398706415e25
3.4719078102936117e25
3.389550860821169e25
3.3068276941607897e25
3.223746354419047e25
3.140314785422642e25
3.056540830328548e25
2.9724322313596657e25
2.8879966296654677e25
2.8032415653074337e25
2.718174477368854e25
2.6328027041885662e25
2.547133483718037e25
2.4611739540011797e25
2.374931153776136e25
2.2884120231982307e25
2.201623404683175e25
2.1145720438695445e25
2.0272645906994036e25
1.93970760061603e25
1.8519075358770858e25
1.7638707669827976e25
1.6756035742165474e25
1.5871121492972485e25
1.4984025971415756e25
1.409480937734425e25
1.3203531081058568e25
1.2310249644127047e25
1.1415022841229375e25
1.0517907683007707e25
9.618960439904906e24
8.718236666968359e24
7.815791229597471e24
6.911678330211539e24
6.005951535815597e24
5.098663806436195e24
4.189867524410573e24
3.279614524492828e24
2.3679561247582547e24
1.4549431582770276e24
5.406260055286798e23
-3.749453724697617e23
-1.2917214003510155e24
-2.2096528539297107e24
-3.128690825108835e24
-4.0487866861918745e24
-4.969892053630187e24
-5.89195875123848e24
-6.814938772909381e24
-7.738784244859945e24
-8.663447387442239e24
-9.588880476554597e24
-1.051503580467911e25
-1.14418656415901e25
-1.236932219476018e25
-1.3297357569501527e25
-1.4225923728877283e25
-1.5154972453418036e25
-1.6084455300679575e25
-1.7014323564677269e25
-1.7944528235233538e25
-1.8875019957274738e25
-1.9805748990113747e25
-2.073666516675528e25
-2.1667717853260317e25
-2.2598855908207166e25
-2.3530027642284833e25
-2.4461180778059814e25
-2.5392262409944828e25
-2.632321896441758e25
-2.72539961605186e25
-2.8184538970668423e25
-2.911479158184079e25
-3.004469735712834e25
-3.097419879773848e25
-3.190323750545523e25
-3.2831754145604147e25
-3.3759688410556767e25
-3.4686978983810322e25
-3.561356350467911e25
-3.653937853363297e25
-3.7464359518317738e25
-3.8388440760296335e25
-3.9311555382536704e25
-4.023363529769232e25
-4.115461117720076e25
-4.207441242123783e25
-4.299296712955947e25
-4.391020207326442e25
-4.482604266750998e25
-4.5740412945212865e25
-4.665323553176623e25
-4.756443162080377e25
-4.847392095104149e25
-4.938162178422595e25
-5.028745088421925e25
-5.119132349724809e25
-5.2093153333344706e25
-5.299285254901026e25
-5.389033173111854e25
-5.4785499882096694e25
-5.5678264406400295e25
-5.656853109830955e25
-5.7456204131070295e25
-5.83411860474022e25
-5.922337775139604e25
-6.010267850182145e25
-6.097898590686518e25
-6.185219592031941e25
-6.272220283923866e25
-6.35888993030829e25
-6.4452176294364034e25
-6.531192314081088e25
-6.616802751906792e25
-6.7020375459944145e25
-6.786885135521813e25
-6.871333796602098e25
-6.955371643280049e25
-7.038986628688094e25
-7.122166546362515e25
-7.204899031720879e25
-7.287171563701247e25
-7.368971466563888e25
-7.450285911855896e25
-7.5311019205391826e25
-7.6114063652820705e25
-7.691185972914696e25
-7.770427327048357e25
-7.849116870858553e25
-7.92724091003206e25
-8.004785615876952e25
-8.081737028596227e25
-8.158081060723768e25
-8.23380350072244e25
-8.308890016743559e25
-8.38332616054687e25
-8.45709737158026e25
-8.530188981218003e25
-8.602586217156644e25
-8.674274207966998e25
-8.74523798780121e25
-8.815462501253177e25
-8.884932608370935e25
-8.95363308981923e25
-9.02154865219051e25
-9.088663933462629e25
-9.15496350860078e25
-9.220431895302199e25
-9.285053559880971e25
-9.348812923290749e25
-9.411694367283042e25
-9.473682240698438e25
-9.534760865888275e25
-9.59491454526385e25
-9.654127567970572e25
-9.712384216683946e25
-9.769668774524473e25
-9.825965532088324e25
-9.881258794590584e25
-9.935532889117787e25
-9.988772171986254e25
-1.0040961036203033e26
-1.0092083919025317e26
-1.0142125309615416e26
-1.0191069756786903e26
-1.023890187683851e26
-1.0285606361471671e26
-1.0331167985787791e26
-1.0375571616361223e26
-1.041880221938374e26
-1.0460844868876352e26
-1.0501684754964159e26
-1.0541307192209918e26
-1.0579697628001887e26
-1.0616841650991469e26
-1.0652724999576195e26
-1.0687333570423319e26
-1.072065342702941e26
-1.0752670808311346e26
-1.078337213722383e26
-1.0812744029398599e26
-1.0840773301800622e26
-1.0867446981396163e26
-1.0892752313828034e26
-1.0916676772092812e26
-1.0939208065215124e26
-1.096033414691402e26
-1.0980043224256151e26
-1.0998323766290892e26
-1.1015164512662045e26
-1.1030554482191186e26
-1.1044482981427303e26
-1.1056939613157654e26
-1.1067914284874617e26
-1.1077397217193287e26
-1.108537895221467e26
-1.1091850361829163e26
-1.1096802655955265e26
-1.1100227390708042e26
-1.1102116476492411e26
-1.1102462186015874e26
-1.1101257162215475e26
-1.1098494426094043e26
-1.1094167384460191e26
-1.1088269837567305e26
-1.1080795986646129e26
-1.1071740441326053e26
-1.106109822693985e26
-1.104886479170706e26
-1.103503601379085e26
-1.1019608208223477e26
-1.1002578133695467e26
-1.0983942999203553e26
-1.096370047055274e26
-1.0941848676707477e26
-1.0918386215987476e26
-1.089331216210339e26
-1.086662607002772e26
-1.0838327981696649e26
-1.0808418431538004e26
-1.0776898451821288e26
-1.0743769577825196e26
-1.070903385281858e26
-1.0672693832850447e26
-1.0634752591345261e26
-1.0595213723499184e26
-1.0554081350473453e26
-1.0511360123381268e26
-1.0467055227064032e26
-1.0421172383653832e26
-1.037371785591798e26
-1.0324698450382824e26
-1.0274121520232852e26
-1.022199496798236e26
-1.0168327247916215e26
-1.0113127368296706e26
-1.0056404893333798e26
-9.998169944915613e25
-9.9384332040968e25
-9.877205912341794e25
-9.814499872521066e25
-9.750327449657414e25
-9.684701571420386e25
-9.617635728366867e25
-9.549143973925425e25
-9.479240924123086e25
-9.40794175705229e25
-9.335262212076987e25
-9.261218588775856e25
-9.185827745621831e25
-9.109107098396411e25
-9.031074618337715e25
-8.951748830021734e25
-8.871148808975396e25
-8.789294179021351e25
-8.706205109353669e25
-8.621902311344319e25
-8.53640703507977e25
-8.449741065628342e25
-8.361926719037704e25
-8.27298683806305e25
-8.182944787626454e25
-8.091824450007442e25
-7.999650219766023e25
-7.906446998398353e25
-7.812240188726558e25
-7.7170556890233484e25
-7.620919886872818e25
-7.523859652769005e25
-7.425902333453287e25
-7.32707574499271e25
-7.2274081656008265e25
-7.12692832820315e25
-7.025665412748978e25
-6.9236490382724115e25
-6.82090925470442e25
-6.717476534438644e25
-6.613381763653901e25
-6.508656233395606e25
-6.4033316304197336e25
-6.297440027801768e25
-6.1910138753144476e25
-6.084085989577098e25
-5.976689543980649e25
-5.8688580583913895e25
-5.760625388637576e25
-5.6520257157826835e25
-5.5430935351893715e25
-5.433863645378228e25
-5.324371136685466e25
-5.21465137972434e25
-5.104740013654357e25
-4.994672934263112e25
-4.884486281865696e25
-4.774216429026044e25
-4.663899968105836e25
-4.5535736986453645e25
-4.443274614582266e25
-4.333039891312699e25
-4.222906872601119e25
-4.11291305734354e25
-4.003096086190012e25
-3.893493728032661e25
-3.784143866363946e25
-3.6750844855121135e25
-3.5663536567589793e25
-3.457989524346793e25
-3.3500302913797753e25
-3.2425142056267544e25
-3.1354795452314164e25
-3.0289646043360024e25
-2.923007678625525e25
-2.8176470507983503e25
-2.712920975970353e25
-2.6088676670186306e25
-2.505525279872026e25
-2.4029318987547963e25
-2.3011255213901484e25
-2.2001440441711383e25
-2.1000252473047183e25
-2.0008067799368617e25
-1.902526145264915e25
-1.8052206856447923e25
-1.708927567699388e25
-1.6136837674357932e25
-1.5195260553779311e25
-1.4264909817218122e25
-1.334614861520653e25
-1.2439337599065188e25
-1.154483477356087e25
-1.0662995350070625e25
-9.794171600328682e24
-8.938712710822627e24
-8.096964637909845e24
-7.269269963729963e24
-6.455967752974586e24
-5.657393410593176e24
-4.873878540498154e24
-4.105750805344309e24
-3.3533337874465487e24
-2.6169468509095517e24
-1.896905005034196e24
-1.1935187690700743e24
-5.070940383829973e23
1.6206804789884998e23
8.136712376895863e23
1.4474242951395326e24
2.0630411281487785e24
2.66024091414087e24
3.238748224026564e24
3.79829314430084e24
4.338611397207095e24
4.859444458907007e24
5.360539675597801e24
5.841650377514025e24
6.302535990758018e24
6.742962146898247e24
7.162700790280891e24
7.561530282997654e24
7.939235507454233e24
8.295607966487702e24
8.630445880977414e24
8.943554284900489e24
9.23474511777903e24
9.503837314472417e24
9.750656892263673e24
9.975037035196195e24
1.0176818175613539e25
1.0355848072858367e25
1.0511981889088496e25
1.0645082262167706e25
1.0755019375592056e25
1.0841671025412394e25
1.0904922684116456e25
1.0944667561434365e25
1.0960806662033558e25
1.0953248840070266e25
1.0921910850566322e25
1.0866717397581684e25
1.0787601179154428e25
1.0684502928981786e25
1.0557371454817307e25
1.0406163673560645e25
1.0230844643018286e25
1.0031387590315527e25
9.80777393694064e24
9.55999332040531e24
9.28804361250533e24
8.991930934169344e24
8.67166966688274e24
8.327282460678045e24
7.958800238682515e24
7.566262198216823e24
7.149715808440867e24
6.70921680454206e24
6.244829178466277e24
5.756625166191618e24
5.244685231546954e24
4.709098046578702e24
4.1499604684735254e24
3.567377513042107e24
2.9614623247745056e24
2.3323361434788498e24
1.6801282675136023e24
1.0049760136314614e24
3.070246734471056e23
-4.135725334491326e23
-1.1566545097153775e24
-1.9220523337972675e24
-2.709589316757519e24
-3.5190810623743017e24
-4.350335530479257e24
-5.20315310350755e24
-6.077326656230646e24
-6.972641628641222e24
-7.88887610195383e24
-8.825800877690439e24
-9.783179559812681e24
-1.0760768639861275e25
-1.1758317585067472e25
-1.2775568929389966e25
-1.3812258367440493e25
-1.4868114851248232e25
-1.5942860689823288e25
-1.70362116514666e25
-1.814787706878205e25
-1.9277559946341099e25
-2.042495707094198e25
-2.158975912442198e25
-2.277165079895797e25
-2.397031091480874e25
-2.5185412540435056e25
-2.6416623114946075e25
-2.7663604572809916e25
-2.89260134707669e25
-3.0203501116888922e25
-3.149571370171772e25
-3.280229243141924e25
-3.412287366289514e25
-3.5457089040776533e25
-3.680456563624169e25
-3.8164926087582943e25
-3.953778874246529e25
-4.0922767801792125e25
-4.231947346511974e25
-4.3727512077548856e25
-4.514648627801389e25
-4.657599514890548e25
-4.80156343669467e25
-4.946499635525783e25
-5.092367043652516e25
-5.239124298720369e25
-5.386729759268312e25
-5.535141520333072e25
-5.684317429134381e25
-5.8342151008328235e25
-5.984791934353423e25
-6.136005128266188e25
-6.287811696716541e25
-6.440168485397765e25
-6.593032187557318e25
-6.74635936002965e25
-6.900106439287008e25
-7.054229757501454e25
-7.20868555860902e25
-7.3634300143690775e25
-7.518419240410405e25
-7.673609312257034e25
-7.82895628132501e25
-7.984416190882711e25
-8.13994509196765e25
-8.29549905925065e25
-8.451034206840902e25
-8.606506704023554e25
-8.76187279092254e25
-8.917088794080986e25
-9.072111141951294e25
-9.226896380288467e25
-9.381401187437875e25
-9.535582389511236e25
-9.689396975442744e25
-9.842802111919092e25
-9.995755158175054e25
-1.0148213680648285e26
-1.0300135467486669e26
-1.045147854290044e26
-1.0602201181352997e26
-1.0752261921583217e26
-1.0901619580453403e26
-1.1050233266615491e26
-1.119806239398954e26
-1.1345066695048226e26
-1.1491206233901473e26
-1.1636441419174434e26
-1.1780733016673298e26
-1.1924042161833601e26
-1.2066330371944345e26
-1.2207559558143202e26
-1.2347692037176887e26
-1.2486690542922051e26
-1.262451823766067e26
-1.2761138723105502e26
-1.2896516051171028e26
-1.303061473448429e26
-1.3163399756632064e26
-1.329483658213891e26
-1.342489116617317e26
-1.3553529963975618e26
-1.3680719940007262e26
-1.3806428576813143e26
-1.3930623883597374e26
-1.4053274404507099e26
-1.4174349226621197e26
-1.42938179876416e26
-1.441165088328339e26
-1.4527818674361514e26
-1.464229269357126e26
-1.4755044851960547e26
-1.4866047645091215e26
-1.4975274158887547e26
-1.5082698075170723e26
-1.5188293676876391e26
-1.5292035852955083e26
-1.5393900102953212e26
-1.5493862541274474e26
-1.559189990111981e26
-1.568798953810574e26
-1.5782109433560604e26
-1.5874238197497934e26
-1.596435507126716e26
-1.6052439929881224e26
-1.6138473284022162e26
-1.622243628172395e26
-1.6304310709733842e26
-1.6384078994553144e26
-1.64617242031577e26
-1.6537230043399854e26
-1.6610580864092753e26
-1.6681761654778945e26
-1.6750758045184608e26
-1.6817556304361327e26
-1.688214333951755e26
-1.6944506694542206e26
-1.7004634548222278e26
-1.7062515712157397e26
-1.7118139628374296e26
-1.7171496366643595e26
-1.7222576621502524e26
-1.7271371708986344e26
-1.7317873563072615e26
-1.736207473184127e26
-1.7403968373354375e26
-1.7443548251260137e26
-1.748080873012433e26
-1.7515744770494142e26
-1.75483519236983e26
-1.7578626326388674e26
-1.7606564694827382e26
-1.7632164318924633e26
-1.7655423056032396e26
-1.7676339324498754e26
-1.7694912096988405e26
-1.7711140893574554e26
-1.7725025774608116e26
-1.773656733336934e26
-1.7745766688508157e26
-1.7752625476278817e26
-1.7757145842575033e26
-1.7759330434771796e26
-1.7759182393379835e26
-1.7756705343519465e26
-1.7751903386220017e26
-1.7744781089551472e26
-1.773534347959486e26
-1.772359603125853e26
-1.7709544658946557e26
-1.7693195707086493e26
-1.767455594052365e26
-1.765363253478845e26
-1.763043306624444e26
-1.7604965502123776e26
-1.7577238190457854e26
-1.754725984990989e26
-1.751503955951703e26
-1.7480586748349763e26
-1.7443911185095173e26
-1.7405022967572388e26
-1.7363932512187214e26
-1.7320650543333662e26
-1.7275188082749898e26
-1.722755643883614e26
-1.7177767195942162e26
-1.712583220363186e26
-1.707176356593274e26
-1.701557363057742e26
-1.695727497824545e26
-1.6896880411812268e26
-1.6834402945613453e26
-1.676985579473122e26
-1.670325236431158e26
-1.66346062389185e26
-1.6563931171933366e26
-1.649124107500687e26
-1.641655000757058e26
-1.6339872166415715e26
-1.6261221875346224e26
-1.6180613574913444e26
-1.6098061812239465e26
-1.601358123093624e26
-1.5927186561127535e26
-1.583889260958043e26
-1.5748714249953515e26
-1.565666641316827e26
-1.5562764077910465e26
-1.5467022261267778e26
-1.5369456009511076e26
-1.5270080389024337e26
-1.5168910477390602e26
-1.5065961354639572e26
-1.4961248094663006e26
-1.4854785756803942e26
-1.4746589377625287e26
-1.4636673962863709e26
-1.4525054479574162e26
-1.4411745848470607e26
-1.4296762936468067e26
-1.4180120549431122e26
-1.406183342513403e26
-1.3941916226437018e26
-1.3820383534683682e26
-1.3697249843323453e26
-1.3572529551764778e26
-1.34462369594615e26
-1.3318386260237755e26
-1.3188991536854768e26
-1.3058066755823253e26
-1.2925625762465097e26
-1.2791682276227437e26
-1.2656249886252621e26
-1.2519342047206749e26
-1.2380972075369763e26
-1.2241153144989728e26
-1.2099898284903607e26
-1.1957220375427028e26
-1.181313214551484e26
-1.16676461701942e26
-1.1520774868272869e26
-1.1372530500322639e26
-1.1222925166940383e26
-1.1071970807287363e26
-1.091967919790773e26
-1.0766061951826973e26
-1.061113051793071e26
-1.0454896180624242e26
-1.029737005977284e26
-1.0138563110922718e26
-9.978486125802397e25
-9.817149733103933e25
-9.654564399543216e25
-9.490740431198554e25
-9.325687975126445e25
-9.159417021252526e25
-8.991937404537953e25
-8.823258807417133e25
-8.653390762506673e25
-8.482342655582572e25
-8.310123728823736e25
-8.136743084318943e25
-7.962209687834858e25
-7.786532372841905e25
-7.609719844795186e25
-7.4317806856668455e25
-7.252723358726612e25
-7.072556213566703e25
-6.891287491367397e25
-6.7089253303990724e25
-6.525477771756008e25
-6.340952765319256e25
-6.155358175941523e25
-5.968701789851198e25
-5.780991321269733e25
-5.5922344192376386e25
-5.402438674643449e25
-5.21161162745054e25
-5.019760774116052e25
-4.826893575196149e25
-4.6330174631317605e25
-4.43813985020863e25
-4.242268136685628e25
-4.045409719084815e25
-3.847571998636743e25
-3.6487623898746966e25
-3.4489883293700537e25
-3.2482572846039815e25
-3.046576762965778e25
-2.843954320872771e25
-2.6403975730035136e25
-2.4359142016373106e25
-2.2305119660922646e25
-2.024198712254672e25
-1.816982382191662e25
-1.6088710238395399e25
-1.3998728007600163e25
-1.1899960019561062e25
-9.79249051739988e24
-7.676405196444146e24
-5.55179130369796e24
-3.418737737585766e24
-1.2773351478792864e24
8.723239642550051e23
3.030145146200718e24
5.196031893891405e24
7.369885551959424e24
9.551605214116569e24
1.1741087623853126e25
1.3938227075540837e25
1.614291531602461e25
1.8355041446790352e25
2.0574491826794395e25
2.280114997604071e25
2.5034896479991495e25
2.7275608894897742e25
2.9523161654134302e25
3.177742597563222e25
3.4038269770473825e25
3.630555755276333e25
3.8579150350836214e25
4.085890561989976e25
4.314467715618787e25
4.5436315012712376e25
4.773366541669422e25
5.003657068875499e25
5.234486916395186e25
5.4658395114734925e25
5.697697867590657e25
5.93004457716623e25
6.162861804479005e25
6.39613127881059e25
6.6298342878198275e25
6.863951671156612e25
7.098463814320301e25
7.333350642772544e25
7.568591616309888e25
7.80416572370366e25
8.040051477614074e25
8.276226909785019e25
8.512669566526406e25
8.749356504490155e25
8.98626428674639e25
9.223368979165674e25
9.460646147113382e25
9.698070852462057e25
9.935617650927053e25
1.017326058973127e26
1.0410973205603781e26
1.0648728523118476e26
1.0886499053375297e26
1.1124256793031725e26
1.136197322368682e26
1.1599619311622938e26
1.1837165507909119e26
1.2074581748869938e26
1.2311837456923669e26
1.2548901541792974e26
1.2785742402091535e26
1.3022327927289643e26
1.3258625500061445e26
1.3494601999016532e26
1.373022380181811e26
1.3965456788689887e26
1.4200266346314223e26
1.4434617372121226e26
1.466847427897297e26
1.4901801000241918e26
1.513456099528524e26
1.5366717255315808e26
1.559823230967003e26
1.582906823247296e26
1.605918664970049e26
1.6288548746638477e26
1.651711527573815e26
1.6744846564867023e26
1.6971702525954355e26
1.7197642664029833e26
1.7422626086653893e26
1.764661151373778e26
1.7869557287752173e26
1.809142138432003e26
1.831216142319369e26
1.853173467961158e26
1.875009809603225e26
1.8967208294242205e26
1.9183021587834106e26
1.939749399505147e26
1.96105812519959e26
1.9822238826192458e26
2.0032421930508752e26
2.024108553742287e26
2.044818439363527e26
2.065367303501916e26
2.0857505801904094e26
2.1059636854686894e26
2.126002018976437e26
2.145860965578039e26
2.1655358970182663e26
2.1850221736081368e26
2.2043151459402893e26
2.2234101566332017e26
2.2423025421034914e26
2.2609876343655407e26
2.2794607628577027e26
2.2977172562942646e26
2.315752444542378e26
2.333561660523094e26
2.351140242135681e26
2.3684835342043347e26
2.3855868904463682e26
2.402445675461066e26
2.419055266738086e26
2.435411056684699e26
2.451508454670718e26
2.4673428890902343e26
2.4829098094391328e26
2.498204688407389e26
2.5132230239851106e26
2.527960341581292e26
2.542412196154248e26
2.5565741743526075e26
2.5704418966658527e26
2.5840110195832616e26
2.597277237760195e26
2.610236286190553e26
2.6228839423843344e26
2.635216028549194e26
2.6472284137746727e26
2.6589170162182154e26
2.6702778052916086e26
2.6813068038467698e26
2.6920000903596526e26
2.702353801111151e26
2.712364132363789e26
2.7220273425329605e26
2.7313397543516086e26
2.7402977570270695e26
2.748897808388951e26
2.75713643702674e26
2.7650102444160466e26
2.772515907032199e26
2.779650178450061e26
2.78640989142871e26
2.792791959979968e26
2.798793381419487e26
2.8044112383991254e26
2.80964270091954e26
2.814485028321725e26
2.8189355712563496e26
2.822991773629635e26
2.8266511745247017e26
2.8299114100971546e26
2.8327702154437058e26
2.835225426442778e26
2.8372749815658492e26
2.8389169236584745e26
2.8401494016897623e26
2.840970672469326e26
2.8413791023304654e26
2.8413731687785645e26
2.8409514621036217e26
2.8401126869558118e26
2.838855663883087e26
2.837179330829661e26
2.835082744594501e26
2.8325650822487167e26
2.829625642510916e26
2.8262638470794688e26
2.8224792419208342e26
2.8182714985129645e26
2.813640415042806e26
2.8085859175571092e26
2.8031080610655894e26
2.7972070305956568e26
2.7908831421977192e26
2.7841368439004625e26
2.7769687166151817e26
2.7693794749883553e26
2.7613699682018527e26
2.7529411807199375e26
2.7440942329824603e26
2.7348303820434232e26
2.7251510221544436e26
2.715057685292426e26
2.7045520416307307e26
2.6936358999534882e26
2.682311208012322e26
2.6705800528251344e26
2.6584446609162493e26
2.645907398497695e26
2.632970771591031e26
2.619637426089432e26
2.6059101477594762e26
2.591791862182528e26
2.5772856346352888e26
2.562394669909121e26
2.5471223120681365e26
2.5314720441456103e26
2.515447487778711e26
2.499052402781146e26
2.4822906866538686e26
2.465166374033618e26
2.447683636079109e26
2.4298467797950954e26
2.411660247294087e26
2.393128614995915e26
2.3742565927649843e26
2.355049022985577e26
2.3355108795751998e26
2.3156472669360224e26
2.2954634188448394e26
2.2749646972815828e26
2.2541565911968058e26
2.2330447152181578e26
2.211634808296528e26
2.189932732291919e26
2.1679444704996295e26
2.1456761261169477e26
2.1231339206510463e26
2.1003241922684603e26
2.0772533940864943e26
2.053928092407425e26
2.0303549648957858e26
2.0065407986995684e26
1.9824924885156814e26
1.958217034600676e26
1.933721540727264e26
1.909013212087217e26
1.884099353141715e26
1.858987365419662e26
1.8336847452649883e26
1.8081990815335156e26
1.7825380532405643e26
1.7567094271600644e26
1.7307210553759485e26
1.7045808727870667e26
1.678296894566402e26
1.6518772135757188e26
1.6253299977364663e26
1.598663487358303e26
1.571885992426061e26
1.545005889846467e26
1.5180316206554768e26
1.4909716871876983e26
1.4638346502089237e26
1.4366291260128352e26
1.4093637834834018e26
1.382047341123963e26
1.354688564054448e26
1.3272962609777479e26
1.2998792811168733e26
1.2724465111240324e26
1.2450068719628736e26
1.217569315765505e26
1.1901428226654348e26
1.1627363976080019e26
1.1353590671394441e26
1.1080198761763286e26
1.0807278847566307e26
1.0534921647737511e26
1.0263217966952463e26
9.992258662674771e25
9.722134612078453e25
9.45293667885844e25
9.184755679947578e25
8.917682352152492e25
8.65180731872525e25
8.387221055883901e25
8.124013859299685e25
7.86227581056515e25
7.6020967436569345e25
7.343566211411744e25
7.0867734520284e25
6.831807355613283e25
6.57875643078209e25
6.327708771336503e25
6.078752023029686e25
5.831973350434766e25
5.5874594039346135e25
5.345296286845959e25
5.1055695226950095e25
4.868364022657448e25
4.633764053180981e25
4.401853203804468e25
4.1727143551871e25
3.946429647365895e25
3.723080448253902e25
3.502747322395893e25
3.2855099999939265e25
3.071447346220498e25
2.8606373308314182e25
2.653156998094675e25
2.449082437047265e25
2.248488752096941e25
2.051450033981548e25
1.8580393310986248e25
1.6683286212216323e25
1.4823887836140729e25
1.3002895715566348e25
1.1220995852981878e25
9.478862454463795e24
7.777157668092495e24
6.116531326993475e24
4.4976206971517444e24
2.921050230100462e24
1.387431320617597e24
-1.0263793047170202e23
-1.5485729482495252e24
-2.949802910315632e24
-4.305770967955056e24
-5.615934461733321e24
-6.879765131434177e24
-8.096749320224512e24
-9.266388172965004e24
-1.0388197828550692e25
-1.1461709606202678e25
-1.248647018561071e25
-1.3462041780855348e25
-1.438800230800594e25
-1.5263945546322803e25
-1.608948129299518e25
-1.6864235511320615e25
-1.7587850472270872e25
-1.8259984889364195e25
-1.8880314046794373e25
-1.9448529920736803e25
-1.9964341293782926e25
-2.042747386245492e25
-2.0837670337733836e25
-2.119469053856422e25
-2.1498311478287963e25
-2.1748327443970007e25
-2.194455006857037e25
-2.2086808395933515e25
-2.217494893857232e25
-2.220883572820499e25
-2.218835035903513e25
-2.2113392023746344e25
-2.1983877542207493e25
-2.1799741382862513e25
-2.1560935676807803e25
-2.1267430224544972e25
-2.0919212495417883e25
-2.051628761972513e25
-2.0058678373521742e25
-1.9546425156119645e25
-1.8979585960302352e25
-1.8358236335265525e25
-1.7682469342308797e25
-1.6952395503308838e25
-1.6168142741992157e25
-1.5329856318045997e25
-1.4437698754106283e25
-1.3491849755654307e25
-1.249250612387211e25
-1.1439881661498623e25
-1.03342070717431e25
-9.175729850301979e24
-7.964714170541447e24
-6.701440761908689e24
-5.386206781625134e24
-4.019325679749001e24
-2.6011270576553255e24
-1.1319565200259766e24
3.878244795824442e23
1.9578387995079203e24
3.5776937770069346e24
5.246981401443859e24
6.965278493557736e24
8.732146890711309e24
1.0547133638025482e25
1.2409771185300854e25
1.4319577589623025e25
1.6276056723546468e25
1.8278698488748812e25
2.032697903504357e25
2.242036098464466e25
2.4558293661548964e25
2.6740213325941503e25
2.8965543413484555e25
3.1233694779373145e25
3.3544065947031603e25
3.589604336132046e25
3.828900164612412e25
4.072230386618766e25
4.319530179306522e25
4.5707336175045795e25
4.825773701091518e25
5.084582382741658e25
5.347090596026303e25
5.613228283856208e25
5.8829244272500935e25
6.156107074415815e25
6.4327033701267785e25
6.712639585381442e25
6.995841147329067e25
7.282232669446647e25
7.5717379819520315e25
7.86428016243731e25
8.159781566707438e25
8.45816385980781e25
8.759348047225285e25
9.06325450624713e25
9.369803017461506e25
9.678912796383889e25
9.990502525193144e25
1.0304490384561702e26
1.0620794085563872e26
1.0939330901644513e26
1.1260017700635075e26
1.158277097679825e26
1.1907506882886448e26
1.2234141262197683e26
1.2562589680613233e26
1.2892767458600585e26
1.3224589703166168e26
1.3557971339741527e26
1.3892827143988032e26
1.4229071773503288e26
1.456661979941413e26
1.4905385737841025e26
1.5245284081217628e26
1.558622932945049e26
1.592813602090437e26
1.6270918763196205e26
1.6614492263785045e26
1.6958771360341293e26
1.730367105088178e26
1.7649106523655196e26
1.799499318676421e26
1.8341246697509512e26
1.8687782991442675e26
1.9034518311112804e26
1.938136923449417e26
1.9728252703081508e26
2.0075086049639075e26
2.0421787025591215e26
2.076827382804084e26
2.1114465126405203e26
2.1460280088653143e26
2.1805638407136016e26
2.215046032399719e26
2.2494666656150685e26
2.2838178819816444e26
2.3180918854601717e26
2.3522809447118462e26
2.3863773954125225e26
2.4203736425184325e26
2.454262162482401e26
2.4880355054196657e26
2.5216862972223064e26
2.5552072416214458e26
2.588591122196391e26
2.6218308043297943e26
2.654919237108223e26
2.687849455167088e26
2.720614580479566e26
2.7532078240885613e26
2.785622487781132e26
2.817851965704823e26
2.849889745925224e26
2.881729411924269e26
2.913364644038729e26
2.944789220838477e26
2.975997020444005e26
3.0069820217828573e26
3.0377383057845628e26
3.0682600565138142e26
3.098541562241491e26
3.128577216453352e26
3.158361518796228e26
3.1878890759613225e26
3.217154602504763e26
3.246152921605079e26
3.274878965757671e26
3.30332777740615e26
3.331494509510609e26
3.359374426052892e26
3.386962902478887e26
3.414255426078e26
3.441247596299964e26
3.467935125009204e26
3.494313836676948e26
3.520379668511361e26
3.546128670526073e26
3.571557005547403e26
3.596660949160572e26
3.621436889595508e26
3.645881327552574e26
3.6699908759687036e26
3.693762259724531e26
3.7171923152930266e26
3.740277990330259e26
3.7630163432089085e26
3.785404542495171e26
3.8074398663697915e26
3.8291197019939155e26
3.850441544820549e26
3.871402997852395e26
3.892001770846924e26
3.9122356794695004e26
3.932102644395496e26
3.951600690362232e26
3.970727945171785e26
3.9894826386455844e26
4.0078631015317916e26
4.025867764366525e26
4.043495156289977e26
4.060743903818486e26
4.077612729573711e26
4.094100450969997e26
4.1102059788611396e26
4.125928316147685e26
4.1412665563459974e26
4.156219882120305e26
4.170787563778987e26
4.184968957736347e26
4.1987635049411976e26
4.212170729273491e26
4.225190235910407e26
4.237821709663183e26
4.25006491328605e26
4.2619196857586605e26
4.273385940543377e26
4.284463663818854e26
4.2951529126912796e26
