9.472443749999992e-14
9.467628777728839e10
1.512488258763638e12
7.637313963819123e12
2.4050723922539234e13
5.8444662491070016e13
1.2049923869258773e14
2.2172566357427638e14
3.752743819757473e14
5.957084575878951e14
8.987422813858554e14
1.3009456849723118e15
1.8194135521046412e15
2.471401033737444e15
3.2739244843263235e15
4.2433282499443655e15
5.394817451993031e15
6.741956923977945e15
8.296136472998568e15
1.0066002652300736e16
1.2056857246492228e16
1.4270022686852402e16
1.6702174630605594e16
1.9344641955100436e16
2.2182674435567972e16
2.5194678393544724e16
2.835142062216376e16
3.1615200914358892e16
3.493899354061144e16
3.8265558044215096e16
4.1526519744155416e16
4.464142035861131e16
4.751673918580001e16
5.0044885303409176e16
5.2103161273205336e16
5.3552698863578984e16
5.423736732978479e16
5.398265481947311e16
5.259452349976923e16
4.985823903166266e16
4.553717504778481e16
3.9371593320808504e16
3.1077400341656404e16
2.0344881059471468e16
6.837410568855735e15
-9.809855435787892e15
-2.9991310583886176e16
-5.413224723953872e16
-8.269022447227635e16
-1.1615645362318198e17
-1.550572004638999e17
-1.9995520290752918e17
-2.5145110319117133e17
-3.101848934102132e17
-3.768373732440572e17
-4.521316186722631e17
-5.368344604387156e17
-6.317579709797686e17
-7.377609584901674e17
-8.557504667581276e17
-9.866832793581362e17
-1.1315674267471351e18
-1.2914636947664018e18
-1.4674871330082322e18
-1.6608085614629204e18
-1.8726560738181878e18
-2.1043165357396086e18
-2.357137076417244e18
-2.632526571620428e18
-2.9319571164595226e18
-3.256965486010739e18
-3.6091545819175255e18
-3.990194863040064e18
-4.4018257581826186e18
-4.845857058887558e18
-5.324170290244187e18
-5.838720057620817e18
-6.391535367189271e18
-6.98472091807292e18
-7.620458363911604e18
-8.301007541600803e18
-9.028707664926518e18
-9.805978480783358e18
-1.0635321385629966e19
-1.1519320499804346e19
-1.2460643697290609e19
-1.3462043588500158e19
-1.4526358453601972e19
-1.5656513123911318e19
-1.6855519808821146e19
-1.8126478865737871e19
-1.9472579510462693e19
-2.089710046543969e19
-2.240341054327558e19
-2.3994969162920473e19
-2.5675326795885847e19
-2.744812533986537e19
-2.9317098417114984e19
-3.1286071594943033e19
-3.3358962525656216e19
-3.5539781003306537e19
-3.7832628934584345e19
-4.024170022120693e19
-4.277128055115748e19
-4.542574709613799e19
-4.820956811261215e19
-5.112730244382676e19
-5.418359892021932e19
-5.738319565563801e19
-6.073091923682368e19
-6.423168380362977e19
-6.78904900174854e19
-7.171242391563692e19
-7.570265564874254e19
-7.98664380994276e19
-8.420910537945581e19
-8.873607120321102e19
-9.345282713523633e19
-9.836494070962672e19
-1.0347805341912631e20
-1.0879787857184077e20
-1.1433019901353507e20
-1.2008086471355284e20
-1.2605579021246113e20
-1.322609519295971e20
-1.3870238532876607e20
-1.4538618194042107e20
-1.5231848623873416e20
-1.595054923720561e20
-1.6695344074534787e20
-1.746686144532621e20
-1.8265733556264373e20
-1.9092596124332297e20
-1.9948087974616993e20
-2.0832850622748905e20
-2.1747527841893925e20
-2.2692765214227585e20
-2.366920966683257e20
-2.4677508991972495e20
-2.5718311351707035e20
-2.6792264766825575e20
-2.7900016590089627e20
-2.9042212963786896e20
-3.021949826161334e20
-3.143251451491284e20
-3.2681900823318115e20
-3.396829274985051e20
-3.529232170055032e20
-3.66546142887243e20
-3.8055791683911234e20
-3.9496468945682006e20
-4.097725434240527e20
-4.2498748655125614e20
-4.40615444667165e20
-4.566622543648618e20
-4.731336556043058e20
-4.900352841734344e20
-5.073726640101012e20
-5.2515119938728015e20
-5.433761669641274e20
-5.62052707705665e20
-5.8118581867400875e20
-6.007803446942412e20
-6.208409698981891e20
-6.413722091495434e20
-6.623783993539234e20
-6.838636906576571e20
-7.058320375392284e20
-7.282871897974943e20
-7.512326834409691e20
-7.746718314826182e20
-7.98607714644794e20
-8.230431719790964e20
-8.479807914061272e20
-8.734229001802549e20
-8.993715552846897e20
-9.258285337623212e20
-9.527953229879348e20
-9.80273110887596e20
-1.0082627761111301e21
-1.0367648781638078e21
-1.0657796475034746e21
-1.0953069756095432e21
-1.1253464050303956e21
-1.1558971194159e21
-1.1869579335418947e21
-1.2185272833336245e21
-1.2506032158952621e21
-1.2831833795527815e21
-1.316265013917568e21
-1.3498449399783123e21
-1.383919550228812e21
-1.418484798839465e21
-1.4535361918803425e21
-1.4890687776038293e21
-1.5250771367949403e21
-1.561555373197525e21
-1.598497104024657e21
-1.6358954505616103e21
-1.6737430288699118e21
-1.7120319406010243e21
-1.7507537639283218e21
-1.7898995446060595e21
-1.8294597871641218e21
-1.869424446247393e21
-1.9097829181086439e21
-1.950524032263866e21
-1.9916360433190552e21
-2.0331066229774334e21
-2.0749228522361877e21
-2.1170712137817632e21
-2.1595375845928007e21
-2.2023072287598258e21
-2.245364790530738e21
-2.2886942875912328e21
-2.3322791045891815e21
-2.376101986912047e21
-2.4201450347263474e21
-2.4643896972881413e21
-2.508816767533492e21
-2.5534063769577985e21
-2.5981379907928106e21
-2.642990403490124e21
-2.687941734519802e21
-2.7329694244927937e21
-2.778050231615606e21
-2.8231602284857084e21
-2.8682747992359483e21
-2.913368637036199e21
-2.9584157419603336e21
-3.003389419226442e21
-3.0482622778181466e21
-3.0930062294946797e21
-3.1375924881972113e21
-3.181991569858829e21
-3.226173292625308e21
-3.270106777493751e21
-3.3137604493758263e21
-3.35710203859235e21
-3.400098582805549e21
-3.4427164293952947e21
-3.4849212382852793e21
-3.526677985224948e21
-3.5679509655327306e21
-3.608703798305878e21
-3.6488994311020174e21
-3.688500145097205e21
-3.727467560725064e21
-3.765762643801284e21
-3.803345712137554e21
-3.8401764426485806e21
-3.8762138789557547e21
-3.9114164394905546e21
-3.945741926100591e21
-3.979147533160841e21
-4.011589857192314e21
-4.0430249069901114e21
-4.0734081142624774e21
-4.1026943447821006e21
-4.1308379100506767e21
-4.1577925794772864e21
-4.183511593070923e21
-4.207947674647038e21
-4.231053045547713e21
-4.252779438874699e21
-4.273078114234128e21
-4.291899872991455e21
-4.309195074034728e21
-4.324913650043964e21
-4.3390051242640335e21
-4.351418627778057e21
-4.3621029172779433e21
-4.3710063933283935e21
-4.3780771191201674e21
-4.383262839708183e21
-4.386511001729534e21
-4.387768773596155e21
-4.386983066156501e21
-4.38410055382019e21
-4.379067696139177e21
-4.3718307598386693e21
-4.362335841290584e21
-4.3505288894219456e21
-4.336355729050302e21
-4.3197620846377734e21
-4.30069360445506e21
-4.279095885146241e21
-4.2549144966849647e21
-4.228095007712111e21
-4.1985830112447457e21
-4.1663241507457907e21
-4.13126414654341e21
-4.0933488225888344e21
-4.052524133541006e21
-4.008736192165918e21
-3.961931297038398e21
-3.9120559605335757e21
-3.859056937095009e21
-3.802881251766131e21
-3.7434762289712773e21
-3.6807895215323564e21
-3.614769139906777e21
-3.545363481632101e21
-3.4725213609624003e21
-3.3961920386812336e21
-3.316325252075672e21
-3.2328712450556664e21
-3.1457807984027364e21
-3.055005260131688e21
-2.960496575948858e21
-2.8622073197901523e21
-2.7600907244218724e21
-2.6541007120871174e21
-2.5441919251804e21
-2.430319756932855e21
-2.3124403820902545e21
-2.190510787565866e21
-2.064488803050015e21
-1.9343331315581292e21
-1.8000033798987692e21
-1.661460089043132e21
-1.5186647643773815e21
-1.3715799058189886e21
-1.2201690377782388e21
-1.0643967389459661e21
-9.04228671888469e20
-7.39631612430565e20
-5.705734788076562e20
-3.970233605676529e20
-2.1895154720360707e20
-3.632955649790994e19
1.5086983744116674e20
3.426725764696399e20
5.3910329104381274e20
7.401852732211855e20
9.459404500451635e20
1.1563893573326112e21
1.3715511138828042e21
1.5914433961268415e21
1.8160824132356554e21
2.04548288270556e21
2.2796580064390847e21
2.5186194473397655e21
2.762377306438393e21
3.0109401005688535e21
3.2643147406107413e21
3.522506510316556e21
3.785519045740047e21
4.053354315283091e21
4.3260126003772994e21
4.6034924768169894e21
4.885790796759244e21
5.172902671407233e21
5.464821454391688e21
5.761538725866239e21
6.06304427733073e21
6.36932609719759e21
6.680370357114658e21
6.996161399058765e21
7.316681723212714e21
7.641911976639188e21
7.971830942763422e21
8.306415531677278e21
8.645640771275768e21
8.989479799237709e21
9.337903855860717e21
9.690882277761266e21
1.0048382492449092e22
1.0410370013785615e22
1.0776808438334818e22
1.11476594426152e22
1.1522882781260062e22
1.1902436286093958e22
1.2286275866131457e22
1.2674355508504582e22
1.306662728032474e22
1.3463041331483659e22
1.3863545898398462e22
1.4268087308704171e22
1.4676609986897486e22
1.508905646093419e22
1.5505367369782802e22
1.5925481471935383e22
1.6349335654877452e22
1.6776864945516262e22
1.7208002521568312e22
1.7642679723904377e22
1.8080826069851388e22
1.8522369267448347e22
1.896723523065453e22
1.941534809550574e22
1.9866630237215693e22
2.032100228821722e22
2.0778383157138804e22
2.123869004871036e22
2.1701838484592168e22
2.2167742325119825e22
2.263631379195789e22
2.3107463491653854e22
2.3581100440084015e22
2.405713208778136e22
2.453546434613627e22
2.501600161445882e22
2.549864680789204e22
2.598330138616415e22
2.6469865383167787e22
2.6958237437353093e22
2.7448314822921676e22
2.793999348180692e22
2.843316805642708e22
2.892773192319495e22
2.9423577226769924e22
2.992059491503508e22
3.0418674774784e22
3.0917705468099076e22
3.141757456940479e22
3.1918168603177385e22
3.241937308229254e22
3.292107254699236e22
3.3423150604452136e22
3.3925489968927285e22
3.442797250245989e22
3.493047925612509e22
3.543289051179525e22
3.5935085824401826e22
3.6436944064672002e22
3.6938343462319417e22
3.743916164966537e22
3.793927570566906e22
3.843856220034294e22
3.89368972395308e22
3.9434156510024575e22
3.993021532499695e22
4.042494866972462e22
4.091823124757979e22
4.140993752626409e22
4.189994178426176e22
4.238811815748635e22
4.287434068609764e22
4.335848336146245e22
4.384042017323592e22
4.4320025156537064e22
4.479717243919485e22
4.527173628903827e22
4.574359116120739e22
4.62126117454581e22
4.667867301343768e22
4.7141650265904656e22
4.7601419179869296e22
4.805785585562926e22
4.8510836863676115e22
4.8960239291447994e22
4.940594078990449e22
4.9847819619899265e22
5.028575469832636e22
5.071962564401696e22
5.114931282336255e22
5.157469739564169e22
5.199566135802716e22
5.241208759025092e22
5.282385989890458e22
5.3230863061353606e22
5.363298286924279e22
5.4030106171573145e22
5.442212091732782e22
5.480891619762802e22
5.5190382287397505e22
5.5566410686517565e22
5.593689416045222e22
5.630172678032573e22
5.666080396243403e22
5.7014022507172695e22
5.7361280637364334e22
5.77024780359688e22
5.803751588316088e22
5.836629689275929e22
5.8688725347993096e22
5.900470713659105e22
5.931414978518059e22
5.961696249298329e22
5.991305616479539e22
6.020234344324104e22
6.0484738740288485e22
6.076015826801775e22
6.102852006863206e22
6.128974404370287e22
6.154375198264158e22
6.1790467590390284e22
6.202981651432492e22
6.2261726370365715e22
6.248612676828969e22
6.270294933624064e22
6.2912127744433755e22
6.311359772805248e22
6.3307297109334565e22
6.349316581884812e22
6.367114591595531e22
6.384118160846636e22
6.400321927148339e22
6.415720746543769e22
6.430309695332205e22
6.444084071712313e22
6.4570393973457485e22
6.469171418841729e22
6.480476109163101e22
6.4909496689547115e22
6.5005885277947445e22
6.509389345369952e22
6.5173490125756455e22
6.5244646525415155e22
6.530733621584307e22
6.536153510088534e22
6.540722143316455e22
6.544437582148623e22
6.547298123756385e22
6.549302302207789e22
6.550448889008393e22
6.550736893578593e22
6.5501655636691326e22
6.5487343857164855e22
6.546443085139956e22
6.5432916265822755e22
6.539280214095687e22
6.534409291275461e22
6.528679541342867e22
6.522091887179708e22
6.514647491316568e22
6.5063477558769716e22
6.497194322479707e22
6.487189072101577e22
6.476334124903001e22
6.464631840018786e22
6.452084815316552e22
6.438695887125224e22
6.42446812993618e22
6.409404856079538e22
6.393509615378204e22
6.376786194782208e22
6.359238617986108e22
6.340871145031944e22
6.321688271900596e22
6.301694730094073e22
6.280895486211621e22
6.259295741522231e22
6.23690093153638e22
6.213716725579721e22
6.189749026371446e22
6.165003969610108e22
6.139487923569638e22
6.1132074887083324e22
6.086169497293441e22
6.058381013044235e22
6.029849330796111e22
6.000581976188563e22
5.970586705379554e22
5.939871504789044e22
5.9084445908742254e22
5.876314409939113e22
5.843489637980932e22
5.809979180575963e22
5.7757921728071884e22
5.740937979236273e22
5.7054261939221635e22
5.6692666404886974e22
5.632469372243518e22
5.595044672350445e22
5.557003054057505e22
5.51835526098269e22
5.479112267459526e22
5.439285278944317e22
5.3988857324870545e22
5.357925297267655e22
5.316415875199425e22
5.274369601601228e22
5.231798845940068e22
5.188716212645373e22
5.145134541996535e22
5.1010669110848634e22
5.056526634851211e22
5.011527267200229e22
4.966082602192414e22
4.920206675314635e22
4.873913764830054e22
4.827218393207911e22
4.7801353286339145e22
4.732679586601491e22
4.684866431584283e22
4.6367113787900145e22
4.588230195995819e22
4.539438905464953e22
4.490353785944687e22
4.44099137474501e22
4.391368469897752e22
4.341502132395483e22
4.29140968850946e22
4.241108732185812e22
4.1906171275188015e22
4.139953011300249e22
4.089134795643607e22
4.038181170681445e22
3.98711110733457e22
3.935943860151277e22
3.884698970214702e22
3.8333962681163866e22
3.782055876993761e22
3.730698215629408e22
3.6793440016095072e22
3.6280142545390047e22
3.5767302993105656e22
3.525513769424645e22
3.4743866103574445e22
3.4233710829736968e22
3.3724897669808094e22
3.3217655644210176e22
3.271221703197801e22
3.220881740632893e22
3.170769567049823e22
3.1209094093800636e22
3.0713258347874872e22
3.022043754306831e22
2.9730884264916075e22
2.9244854610669227e22
2.8762608225823884e22
2.828440834060201e22
2.7810521806334446e22
2.7341219131693208e22
2.6876774518721452e22
2.6417465898606e22
2.5963574967137743e22
2.5515387219802226e22
2.5073191986443904e22
2.4637282465444016e22
2.420795575735291e22
2.3785512897914478e22
2.3370258890421833e22
2.2962502737339856e22
2.2562557471131276e22
2.217074018422006e22
2.1787372058027097e22
2.1412778391010563e22
2.1047288625643527e22
2.069123637425965e22
2.0344959443698555e22
2.0008799858680025e22
1.968310388383723e22
1.936822204433653e22
1.9064509145013283e22
1.8772324287950732e22
1.8492030888429106e22
1.8223996689172335e22
1.796859377281781e22
1.7726198572536828e22
1.7497191880730213e22
1.7281958855726323e22
1.7080889026405353e22
1.689437629467744e22
1.672281893573832e22
1.6566619596030004e22
1.6426185288829997e22
1.6301927387397045e22
1.6194261615598138e22
1.6103608035944218e22
1.6030391034959895e22
1.5975039305816314e22
1.593798582815289e22
1.5919667845018084e22
1.5920526836855862e22
1.5941008492469621e22
1.5981562676892012e22
1.6042643396093098e22
1.6124708758457793e22
1.622822093296603e22
1.635364610400941e22
1.6501454422779965e22
1.6672119955165624e22
1.6866120626091512e22
1.708393816024467e22
1.7326058019122898e22
1.759296933434808e22
1.7885164837188126e22
1.820314078423124e22
1.8547396879159208e22
1.89184361905665e22
1.9316765065775596e22
1.974289304059976e22
2.0197332745006506e22
2.068059980463607e22
2.1193212738133585e22
2.1735692850253036e22
2.230856412069563e22
2.2912353088644124e22
2.3547588732961566e22
2.4214802348020966e22
2.4914527415137515e22
2.5647299469574987e22
2.6413655963103845e22
2.7214136122087618e22
2.8049280801079898e22
2.8919632331912635e22
2.9825734368265633e22
3.076813172570294e22
3.1747370217170465e22
3.276399648394678e22
3.381855782204779e22
3.49116020040832e22
3.6043677096570863e22
3.721533127271247e22
3.842711262064434e22
3.967956894717273e22
4.0973247577013025e22
4.230869514754834e22
4.368645739913468e22
4.510707896097485e22
4.657110313259343e22
4.8079071660942285e22
4.963152451317582e22
5.122899964513455e22
5.287203276557766e22
5.45611570962149e22
5.629690312758451e22
5.807979837083317e22
5.991036710545149e22
6.178913012302981e22
6.3716604467094976e22
6.569330316909838e22
6.771973498062267e22
6.979640410188695e22
7.192380990662444e22
7.410244666341778e22
7.633280325357408e22
7.86153628856323e22
8.095060280659357e22
8.33389940099715e22
8.578100094076066e22
8.827708119742911e22
9.08276852310394e22
9.343325604161094e22
9.609422887183314e22
9.881103089825174e22
1.0158408092004548e23
1.0441378904551915e23
1.0730055637643694e23
1.102447746903326e23
1.1324682612092411e23
1.163070828367762e23
1.194259067183445e23
1.226036490335511e23
1.258406501120346e23
1.291372390182264e23
1.3249373322340267e23
1.3591043827687291e23
1.3938764747645895e23
1.4292564153842948e23
1.465246882670506e23
1.501850422239229e23
1.539069443972726e23
1.576906218713705e23
1.6153628749624947e23
1.6544413955790266e23
1.694143614491402e23
1.7344712134128177e23
1.7754257185687508e23
1.8170084974362307e23
1.8592207554970736e23
1.9020635330069836e23
1.945537701782434e23
1.989643962007278e23
2.034382839061022e23
2.0797546803707097e23
2.125759652288438e23
2.172397736996471e23
2.2196687294419713e23
2.2675722343033128e23
2.316107662990101e23
2.3652742306788326e23
2.4150709533863137e23
2.4654966450828203e23
2.5165499148471265e23
2.5682291640653873e23
2.6205325836760213e23
2.6734581514625604e23
2.727003629396616e23
2.781166561032983e23
2.8359442689589808e23
2.891333852300011e23
2.9473321842835074e23
3.0039359098632217e23
3.061141443405978e23
3.118944966442831e23
3.177342425486763e23
3.236329529918861e23
3.295901749945021e23
3.356054314625126e23
3.416782209976724e23
3.478080177155129e23
3.539942710711937e23
3.6023640569337994e23
3.665338212263441e23
3.728858921804766e23
3.792919677913938e23
3.8575137188782295e23
3.92263402768448e23
3.9882733308789914e23
4.0544240975205114e23
4.121078538228145e23
4.188228604325824e23
4.255865987085043e23
4.323982117067429e23
4.3925681635688425e23
4.4616150341664695e23
4.531113374370535e23
4.601053567382013e23
4.6714257339578695e23
4.742219732385212e23
4.81342515856572e23
4.8850313462116504e23
4.9570273671547326e23
5.0294020317691624e23
5.102143889509918e23
5.1752412295674375e23
5.248682081639884e23
5.322454216823917e23
5.39654514862503e23
5.470942134088345e23
5.5456321750507635e23
5.6206020195153104e23
5.695838163148415e23
5.7713268509008645e23
5.84705407875307e23
5.923005595585253e23
5.999166905173108e23
6.075523268309359e23
6.152059705051706e23
6.228760997097469e23
6.305611690285225e23
6.382596097223681e23
6.459698300047951e23
6.536902153303302e23
6.614191286956485e23
6.691549109534478e23
6.768958811390728e23
6.846403368098558e23
6.923865543971599e23
7.001327895710946e23
7.078772776178595e23
7.156182338296822e23
7.233538539072916e23
7.310823143748708e23
7.388017730074271e23
7.46510369270506e23
7.542062247721666e23
7.618874437271354e23
7.695521134330505e23
7.771983047586826e23
7.848240726440373e23
7.924274566122204e23
8.000064812929397e23
8.07559156957525e23
8.150834800653176e23
8.225774338212953e23
8.30038988744783e23
8.374661032490845e23
8.44856724231877e23
8.522087876761969e23
8.595202192618378e23
8.667889349869736e23
8.740128417998212e23
8.811898382401326e23
8.883178150903278e23
8.9539465603604e23
9.024182383358617e23
9.093864335000694e23
9.162971079780884e23
9.231481238544641e23
9.299373395530951e23
9.366626105494717e23
9.433217900906739e23
9.499127299228518e23
9.564332810259346e23
9.628812943552787e23
9.692546215899852e23
9.755511158875965e23
9.817686326448787e23
9.879050302643959e23
9.939581709265689e23
9.999259213669214e23
1.0058061536581857e24
1.0115967459969637e24
1.0172955834946124e24
1.0229005589720323e24
1.0284095737580255e24
1.0338205384908853e24
1.0391313739228831e24
1.0443400117273005e24
1.0494443953076708e24
1.0544424806088653e24
1.0593322369296766e24
1.0641116477365441e24
1.0687787114780533e24
1.0733314423998461e24
1.0777678713595765e24
1.0820860466415438e24
1.086284034770629e24
1.0903599213251546e24
1.0943118117483027e24
1.0981378321577016e24
1.1018361301528091e24
1.1054048756197067e24
1.1088422615329207e24
1.1121465047538912e24
1.1153158468256998e24
1.118348554763673e24
1.1212429218414704e24
1.1239972683722839e24
1.1266099424847442e24
1.1290793208931623e24
1.1314038096617153e24
1.1335818449621923e24
1.1356118938249142e24
1.1374924548824467e24
1.1392220591057211e24
1.1407992705321931e24
1.1422226869856394e24
1.1434909407872412e24
1.1446026994575578e24
1.1455566664090341e24
1.1463515816286597e24
1.14698622235042e24
1.1474594037171755e24
1.1477699794316012e24
1.1479168423958398e24
1.1478989253394998e24
1.1477152014356687e24
1.1473646849045752e24
1.1468464316045706e24
1.1461595396100889e24
1.145303149776258e24
1.1442764462898238e24
1.1430786572060778e24
1.141709054971456e24
1.1401669569315197e24
1.1384517258239868e24
1.136562770256537e24
1.1344995451690727e24
1.1322615522801811e24
1.1298483405174804e24
1.1272595064316057e24
1.1244946945935448e24
1.1215535979750853e24
1.1184359583121011e24
1.1151415664504447e24
1.1116702626741972e24
1.1080219370160645e24
1.1041965295496755e24
1.1001940306635786e24
1.0960144813167339e24
1.0916579732753027e24
1.0871246493305361e24
1.0824147034975944e24
1.0775283811951175e24
1.0724659794053941e24
1.0672278468149646e24
1.0618143839355225e24
1.0562260432049707e24
1.050463329068526e24
1.0445267980397314e24
1.0384170587412929e24
1.0321347719256215e24
1.0256806504750286e24
1.0190554593814588e24
1.0122600157057183e24
1.0052951885161492e24
9.981618988066758e23
9.908611193942169e23
9.833938747954179e23
9.757612410827084e23
9.679643457196581e23
9.600043673756573e23
9.518825357199207e23
9.436001311948685e23
9.351584847688904e23
9.265589776685672e23
9.178030410903892e23
9.088921558920684e23
8.998278522634926e23
8.906117093774368e23
8.812453550201177e23
8.717304652017267e23
8.620687637470352e23
8.522620218662276e23
8.423120577060911e23
8.322207358817405e23
8.219899669890114e23
8.116217070977212e23
8.011179572259694e23
7.904807627956947e23
7.797122130696598e23
7.688144405701171e23
7.577896204793479e23
7.466399700223495e23
7.353677478318767e23
7.239752532961183e23
7.124648258892599e23
7.008388444852302e23
6.890997266548803e23
6.7724992794692e23
6.652919411528876e23
6.532282955564964e23
6.410615561676393e23
6.287943229414123e23
6.164292299824646e23
6.039689447350588e23
5.9141616715915e23
5.787736288928708e23
5.660440924017987e23
5.532303501153516e23
5.403352235507242e23
5.2736156242473316e23
5.143122437539958e23
5.01190170943814e23
4.8799827286619925e23
4.747395029274363e23
4.6141683812563614e23
4.480332780986712e23
4.345918441629538e23
4.210955783434865e23
4.075475423956315e23
3.9395081681905e23
3.803084998642527e23
3.6662370653225066e23
3.528995675677303e23
3.391392284462458e23
3.2534584835588024e23
3.115225991738781e23
2.976726644386825e23
2.8379923831789196e23
2.6990552457259026e23
2.5599473551856748e23
2.420700909848736e23
2.281348172702264e23
2.141921460977357e23
2.0024531356846572e23
1.862975591142837e23
1.7235212445051816e23
1.5841225252889118e23
1.4448118649124841e23
1.3056216862453562e23
1.1665843931753935e23
1.0277323601986019e23
8.890979220363342e22
7.507133632844164e22
6.126109080993536e22
4.748227099261574e22
3.373808412729113e22
2.00317283536409e22
6.3663916883899e21
-7.254748980461284e21
-2.082852889285392e22
-3.4351796408915572e22
-4.78214139937567e22
-6.123425919434794e22
-7.458722560807322e22
-8.787722384248332e22
-1.011011824658375e23
-1.142560489479725e23
-1.2733879059111412e23
-1.4034639545018165e23
-1.5327587324219903e23
-1.6612425624437343e23
-1.7888860018048856e23
-1.915659850951871e23
-2.0415351621578472e23
-2.1664832480121062e23
-2.2904756897774805e23
-2.413484345611839e23
-2.5354813586504234e23
-2.656439164945318e23
-2.7763305012591025e23
-2.8951284127092072e23
-3.0128062602600004e23
-3.129337728059351e23
-3.2446968306170676e23
-3.358857919822104e23
-3.471795691796025e23
-3.583485193579824e23
-3.6939018296519303e23
-3.803021368274726e23
-3.910819947667538e23
-4.017274082003497e23
-4.122360667228734e23
-4.226056986701561e23
-4.3283407166500474e23
-4.429189931445974e23
-4.528583108693964e23
-4.626499134133955e23
-4.722917306355983e23
-4.817817341325598e23
-4.9111793767193206e23
-5.002983976068768e23
-5.09321213271283e23
-5.181845273556878e23
-5.2688652626387285e23
-5.354254404500726e23
-5.437995447367459e23
-5.5200715861291104e23
-5.6004664651302406e23
-5.679164180764064e23
-5.7561492838722474e23
-5.831406781950749e23
-5.904922141161916e23
-5.9766812881535345e23
-6.046670611685313e23
-6.114876964063859e23
-6.181287662386796e23
-6.245890489597386e23
-6.308673695350482e23
-6.369625996691469e23
-6.428736578549353e23
-6.485995094045803e23
-6.541391664621492e23
-6.594916879981956e23
-6.646561797864487e23
-6.696317943628493e23
-6.74417730967108e23
-6.790132354670494e23
-6.834176002659618e23
-6.87630164193214e23
-6.916503123783807e23
-6.954774761091894e23
-6.991111326735208e23
-7.025508051858147e23
-7.057960623981312e23
-7.0884651849623e23
-7.117018328809603e23
-7.143617099353225e23
-7.168258987775199e23
-7.190941930003796e23
-7.211664303975055e23
-7.230424926765077e23
-7.247223051597275e23
-7.262058364728247e23
-7.27493098221632e23
-7.285841446576884e23
-7.294790723328464e23
-7.301780197433985e23
-7.306811669641426e23
-7.309887352727957e23
-7.311009867652427e23
-7.310182239620285e23
-7.307407894065706e23
-7.302690652555274e23
-7.296034728618071e23
-7.287444723506727e23
-7.276925621894265e23
-7.264482787511194e23
-7.250121958728124e23
-7.233849244088332e23
-7.215671117795379e23
-7.195594415160466e23
-7.173626328014643e23
-7.14977440009063e23
-7.124046522379329e23
-7.096450928465854e23
-7.066996189850055e23
-7.035691211256621e23
-7.002545225939592e23
-6.967567790986264e23
-6.930768782625433e23
-6.892158391544998e23
-6.851747118223685e23
-6.809545768281954e23
-6.765565447856769e23
-6.719817559005296e23
-6.672313795142218e23
-6.623066136515376e23
-6.57208684572468e23
-6.519388463288737e23
-6.464983803264073e23
-6.408885948921376e23
-6.351108248483304e23
-6.291664310928465e23
-6.230568001865911e23
-6.167833439484385e23
-6.103474990580788e23
-6.0375072666719296e23
-5.969945120193754e23
-5.900803640792013e23
-5.8300981517084815e23
-5.757844206266333e23
-5.684057584458699e23
-5.608754289643984e23
-5.53195054535149e23
-5.4536627922007936e23
-5.373907684938399e23
-5.292702089594646e23
-5.210063080764424e23
-5.126007939014156e23
-5.0405541484185314e23
-4.953719394229354e23
-4.865521560679408e23
-4.775978728923685e23
-4.685109175120507e23
-4.592931368654707e23
-4.499463970505165e23
-4.40472583175829e23
-4.3087359922698095e23
-4.211513679476161e23
-4.1130783073572294e23
-4.013449475551747e23
-3.912646968626604e23
-3.810690755501259e23
-3.707600989028159e23
-3.603398005729661e23
-3.4981023256926546e23
-3.391734652620822e23
-3.284315874045047e23
-3.175867061692175e23
-3.0664094720119144e23
-2.9559645468618355e23
-2.8445539143500074e23
-2.7321993898348804e23
-2.618922977081389e23
-2.5047468695728437e23
-2.3896934519772228e23
-2.273785301766824e23
-2.1570451909897756e23
-2.0394960881919512e23
-1.9211611604874826e23
-1.8020637757760674e23
-1.6822275051047392e23
-1.5616761251722163e23
-1.4404336209731308e23
-1.3185241885796494e23
-1.1959722380576913e23
-1.072802396514844e23
-9.490395112768096e22
-8.247086531892817e22
-6.998351200414197e22
-5.744444401078437e22
-4.4856237580496646e22
-3.222149274578982e22
-1.954283371738088e22
-6.822909281745062e21
5.935606791549634e21
1.8730015333196247e22
3.1557591348637893e22
4.441558358422463e22
5.730121408548773e22
7.021167774808888e22
8.314414186195783e22
9.609574564916958e22
1.0906359979612349e23
1.2204478598059428e23
1.3503635639423464e23
1.480353332611608e23
1.610387083531865e23
1.7404344250237076e23
1.8704646511149474e23
2.0004467366312587e23
2.1303493322792365e23
2.2601407597286558e23
2.3897890067005482e23
2.519261722068398e23
2.6485262109789856e23
2.7775494300003324e23
2.9062979823037824e23
3.034738112887532e23
3.162835703848945e23
3.290556269713097e23
3.417864952825004e23
3.544726518813047e23
3.671105352131454e23
3.796965451689148e23
3.922270426572891e23
4.04698349187252e23
4.171067464615932e23
4.2944847598217585e23
4.417197386677571e23
4.539166944851359e23
4.660354620944565e23
4.780721185094081e23
4.900226987731469e23
5.0188319565072365e23
5.136495593388062e23
5.2531769719348356e23
5.368834734769518e23
5.483427091238422e23
5.5969118152801766e23
5.709246243505681e23
5.820387273498135e23
5.9302913623406846e23
6.038914525379474e23
6.146212335229542e23
6.252139921031224e23
6.356651967964407e23
6.45970271702805e23
6.561245965092433e23
6.661235065231024e23
6.759622927339282e23
6.856362019047435e23
6.951404366934e23
7.044701558046932e23
7.136204741739036e23
7.22586463182413e23
7.313631509060598e23
7.399455223968242e23
7.483285199984863e23
7.565070436968485e23
7.644759515050944e23
7.722300598848649e23
7.797641442035923e23
7.870729392286254e23
7.941511396586794e23
8.00993400693075e23
8.075943386392679e23
8.139485315591313e23
8.200505199544123e23
8.258948074917891e23
8.31475861767941e23
8.36788115114985e23
8.418259654466385e23
8.465837771454653e23
8.510558819914777e23
8.55236580132407e23
8.591201410958952e23
8.627008048438425e23
8.659727828691446e23
8.689302593349815e23
8.715673922568329e23
8.73878314727373e23
8.758571361843383e23
8.774979437214479e23
8.787948034424647e23
8.797417618583888e23
8.803328473278342e23
8.805620715405133e23
8.804234310438206e23
8.79910908812417e23
8.79018475860699e23
8.777400928980292e23
8.760697120265566e23
8.740012784814299e23
8.715287324131784e23
8.686460107119944e23
8.65347048873681e23
8.61625782906865e23
8.574761512812223e23
8.528920969162701e23
8.478675692103639e23
8.423965261094484e23
8.364729362150962e23
8.300907809313259e23
8.232440566497339e23
8.159267769722784e23
8.08132974971235e23
7.99856705485634e23
7.910920474535673e23
7.818331062796854e23
7.720740162371353e23
7.618089429033001e23
7.510320856284471e23
7.397376800365772e23
7.279200005576273e23
7.155733629901488e23
7.026921270936062e23
6.892706992093697e23
6.753035349094344e23
6.607851416719774e23
6.45710081582645e23
6.300729740606254e23
6.138684986084193e23
5.9709139758424394e23
5.797364789959538e23
5.6179861931535015e23
5.432727663116965e23
5.2415394190333725e23
5.044372450260928e23
4.841178545172926e23
4.631910320141439e23
4.416521248651741e23
4.1949656905343545e23
3.967198921301604e23
3.7331771615745966e23
3.4928576065883765e23
3.2461984557595665e23
2.9931589423036658e23
2.73369936288726e23
2.4677811073008134e23
2.195366688137222e23
1.9164197704616224e23
1.6309052014566965e23
1.3387890400298475e23
1.0400385863651374e23
7.3462241140573995e22
4.225103862509352e22
1.0367371145202673e22
-2.219150538088104e22
-5.54281962672373e22
-8.934516517058095e22
-1.2394473121700707e23
-1.5922906614697423e23
-1.9520019148000108e23
-2.3185997570078004e23
-2.6921013146834418e23
-3.072522128499271e23
-3.459876125812299e23
-3.85417559354601e23
-4.255431151370061e23
-4.6636517251928775e23
-5.07884452098434e23
-5.501014998945373e23
-5.930166848040761e23
-6.366301960911945e23
-6.809420409186896e23
-7.259520419202107e23
-7.716598348155235e23
-8.18064866070337e23
-8.651663906023929e23
-9.129634695354223e23
-9.614549680026188e23
-1.0106395530011976e24
-1.0605156912997558e24
-1.1110816473997871e24
-1.1623354815532331e24
-1.2142750478374038e24
-1.2668979922889124e24
-1.3202017510981562e24
-1.3741835488658343e24
-1.4288403969230095e24
-1.484169091716289e24
-1.540166213259341e24
-1.5968281236525083e24
-1.6541509656717116e24
-1.7121306614281282e24
-1.7707629111000052e24
-1.8300431917379737e24
-1.889966756145149e24
-1.9505286318334415e24
-2.0117236200571056e24
-2.073546294925072e24
-2.1359910025930682e24
-2.1990518605367965e24
-2.2627227569073216e24
-2.326997349969768e24
-2.3918690676265155e24
-2.4573311070257366e24
-2.5233764342566016e24
-2.5899977841319017e24
-2.6571876600591656e24
-2.724938334001158e24
-2.7932418465266404e24
-2.8620900069522637e24
-2.93147439357641e24
-3.001386354005636e24
-3.07181700557466e24
-3.1427572358603905e24
-3.2141977032907283e24
-3.286128837848754e24
-3.3585408418728206e24
-3.431423690953089e24
-3.504767134925084e24
-3.578560698960417e24
-3.6527936847554465e24
-3.7274551718179274e24
-3.802534018852064e24
-3.8780188652421934e24
-3.9538981326353104e24
-4.0301600266225594e24
-4.106792538519914e24
-4.183783447247859e24
-4.2611203213103847e24
-4.3387905208730704e24
-4.4167811999401945e24
-4.495079308630786e24
-4.5736715955533903e24
-4.652544610279329e24
-4.7316847059142144e24
-4.8110780417672297e24
-4.890710586118014e24
-4.970568119080554e24
-5.050636235563632e24
-5.130900348327332e24
-5.21134569113496e24
-5.291957321999808e24
-5.372720126526028e24
-5.453618821342823e24
-5.534637957631301e24
-5.615761924743073e24
-5.696974953909653e24
-5.778261122041825e24
-5.859604355617889e24
-5.940988434659898e24
-6.022396996796514e24
-6.103813541411655e24
-6.185221433877599e24
-6.266603909871236e24
-6.347944079772369e24
-6.429224933142527e24
-6.510429343283063e24
-6.591540071871101e24
-6.672539773671649e24
-6.753411001324697e24
-6.834136210205473e24
-6.914697763356299e24
-6.995077936488503e24
-7.075258923052532e24
-7.155222839374626e24
-7.234951729858273e24
-7.314427572248492e24
-7.393632282957263e24
-7.472547722448043e24
-7.551155700677512e24
-7.6294379825925e24
-7.707376293680117e24
-7.784952325568983e24
-7.862147741679536e24
-7.938944182921139e24
-8.015323273433998e24
-8.091266626373558e24
-8.166755849735187e24
-8.241772552216896e24
-8.316298349117789e24
-8.390314868269884e24
-8.463803756001032e24
-8.536746683126427e24
-8.609125350966454e24
-8.680921497388323e24
-8.752116902869046e24
-8.822693396577376e24
-8.892632862472067e24
-8.96191724541405e24
-9.030528557289869e24
-9.09844888314397e24
-9.165660387317109e24
-9.232145319588414e24
-9.297886021318391e24
-9.362864931590339e24
-9.427064593347506e24
-9.490467659523351e24
-9.553056899162225e24
-9.6148152035279e24
-9.6757255921972e24
-9.735771219136095e24
-9.79493537875559e24
-9.853201511944752e24
-9.910553212078093e24
-9.966974230994853e24
-1.002244848494722e25
-1.0076960060515056e25
-1.0130493220484379e25
-1.0183032409686864e25
-1.0234562260797858e25
-1.0285067600090125e25
-1.0334533453140785e25
-1.0382945050488788e25
-1.043028783324027e25
-1.0476547458619265e25
-1.0521709805461212e25
-1.0565760979646544e25
-1.060868731947201e25
-1.0650475400957058e25
-1.0691112043082886e25
-1.0730584312961569e25
-1.0768879530932905e25
-1.0805985275586474e25
-1.0841889388706605e25
-1.0876579980137701e25
-1.0910045432567833e25
-1.0942274406227977e25
-1.0973255843504904e25
-1.1002978973465298e25
-1.103143331628887e25
-1.105860868760845e25
-1.1084495202754778e25
-1.1109083280903862e25
-1.1132363649124987e25
-1.1154327346327243e25
-1.117496572710258e25
-1.1194270465463526e25
-1.1212233558473607e25
-1.1228847329768676e25
-1.124410443296728e25
-1.1257997854968403e25
-1.127052091913479e25
-1.1281667288360211e25
-1.1291430968019172e25
-1.1299806308797332e25
-1.13067880094013e25
-1.1312371119146216e25
-1.131655104041989e25
-1.1319323531021967e25
-1.132068470637705e25
-1.1320631041620343e25
-1.13191593735548e25
-1.131626690247867e25
-1.1311951193882285e25
-1.130621018001318e25
-1.1299042161308621e25
-1.1290445807694664e25
-1.128042015975093e25
-1.1268964629740366e25
-1.1256079002503308e25
-1.124176343621529e25
-1.1226018463007893e25
-1.1208844989452422e25
-1.1190244296905638e25
-1.1170218041717577e25
-1.1148768255300794e25
-1.1125897344061134e25
-1.1101608089189622e25
-1.10759036463156e25
-1.1048787545020895e25
-1.1020263688215182e25
-1.0990336351372656e25
-1.0959010181630094e25
-1.0926290196746698e25
-1.0892181783925901e25
-1.0856690698499586e25
-1.081982306247519e25
-1.0781585362946095e25
-1.07419844503661e25
-1.0701027536688292e25
-1.0658722193369458e25
-1.0615076349240422e25
-1.0570098288243357e25
-1.0523796647037085e25
-1.0476180412471011e25
-1.0427258918929125e25
-1.0377041845544828e25
-1.0325539213288102e25
-1.0272761381925904e25
-1.0218719046857415e25
-1.0163423235825182e25
-1.0106885305503903e25
-1.0049116937968144e25
-9.990130137040425e24
-9.92993722452165e24
-9.868550836305116e24
-9.80598391837616e24
-9.74224972269899e24
-9.677361802992648e24
-9.611334010398088e24
-9.544180489037976e24
-9.475915671471673e24
-9.406554274046994e24
-9.33611129215125e24
-9.264601995363384e24
-9.192041922509696e24
-9.118446876625042e24
-9.043832919822345e24
-8.968216368072157e24
-8.891613785895047e24
-8.814041980969162e24
-8.735517998655347e24
-8.656059116442483e24
-8.575682838315389e24
-8.494406889048057e24
-8.41224920842487e24
-8.329227945392172e24
-8.245361452143325e24
-8.160668278139548e24
-8.075167164069618e24
-7.988877035751053e24
-7.901816997975582e24
-7.814006328301928e24
-7.725464470798529e24
-7.636211029739206e24
-7.54626576325468e24
-7.455648576942942e24
-7.364379517441184e24
-7.272478765962659e24
-7.179966631800875e24
-7.08686354580487e24
-6.993190053827783e24
-6.898966810152343e24
-6.804214570895974e24
-6.708954187398628e24
-6.613206599596487e24
-6.516992829384382e24
-6.420333973970078e24
-6.323251199223561e24
-6.225765733024147e24
-6.127898858608611e24
-6.029671907923248e24
-5.931106254983124e24
-5.832223309241144e24
-5.733044508970388e24
-5.633591314662182e24
-5.533885202443591e24
-5.43394765751646e24
-5.333800167621663e24
-5.233464216531054e24
-5.13296127757017e24
-5.032312807174662e24
-4.931540238483072e24
-4.830664974968992e24
-4.7297083841154033e24
-4.6286917911338447e24
-4.5276364727312043e24
-4.4265636509269496e24
-4.3254944869233494e24
-4.224450075031381e24
-4.12345143665489e24
-4.0225195143357265e24
-3.9216751658621986e24
-3.820939158443331e24
-3.720332162951599e24
-3.619874748236283e24
-3.519587375509904e24
-3.4194903928101544e24
-3.3196040295392475e24
-3.2199483910834765e24
-3.120543453514434e24
-3.021409058374617e24
-2.922564907549027e24
-2.824030558225099e24
-2.7258254179426537e24
-2.627968739735896e24
-2.530479617369173e24
-2.433376980668498e24
-2.3366795909502427e24
-2.2404060365487696e24
-2.1445747284447317e24
-2.0492038959953284e24
-1.9543115827680866e24
-1.8599156424796326e24
-1.7660337350405013e24
-1.6726833227077671e24
-1.5798816663460074e24
-1.4876458217983093e24
-1.3959926363680207e24
-1.3049387454124037e24
-1.2145005690490436e24
-1.124694308975844e24
-1.035535945405356e24
-9.470412341143609e23
-8.59225703608974e23
-7.72104652406109e23
-6.856931464316963e23
-6.000060165360374e23
-5.150578561267371e23
-4.308630189192478e23
-3.4743561680564756e23
-2.647895178412402e23
-1.829383443494312e23
-1.0189547114467079e23
-2.1674023873393038e22
5.7713122527207005e22
1.3625334525279422e23
2.1393427493838327e23
2.9074379684771975e23
3.6667005194650684e23
4.417014378596508e23
5.158266097132786e23
5.890344808622092e23
6.613142235035831e23
7.326552691775124e23
8.030473091557288e23
8.724802947188705e23
9.409444373239166e23
1.0084302086624906e24
1.0749283406113551e24
1.140429825076311e24
1.2049259137308015e24
1.2684081176505307e24
1.3308682068457147e24
1.3922982096920778e24
1.452690412262594e24
1.5120373575612892e24
1.5703318446608436e24
1.6275669277458043e24
1.6837359150630727e24
1.7388323677816058e24
1.7928500987632858e24
1.8457831712466097e24
1.897625897445685e24
1.9483728370661365e24
1.9980187957403552e24
2.046558823384001e24
2.093988212476185e24
2.1403024962653343e24
2.1854974469033804e24
2.2295690735101084e24
2.272513620170528e24
2.3143275638674435e24
2.3550076123516133e24
2.3945507019521938e24
2.4329539953297364e24
2.470214879174617e24
2.5063309618530165e24
2.5413000710035854e24
2.575120251087051e24
2.60778976089155e24
2.63930707099647e24
2.669670861197293e24
2.698880017894422e24
2.7269336314485237e24
2.753830993505225e24
2.779571594292018e24
2.8041551198899644e24
2.827581449483262e24
2.8498506525891647e24
2.870962986271388e24
2.890918892339465e24
2.909718994537307e24
2.927364095723196e24
2.9438551750446794e24
2.9591933851106363e24
2.9733800491635667e24
2.986416658254946e24
2.9983048684261907e24
3.009046497898284e24
3.018643524272599e24
3.027098081745769e24
3.034412458341253e24
3.040589093160442e24
3.0456305736557797e24
3.049539632928642e24
3.0523191470547396e24
3.0539721324392946e24
3.054501743205057e24
3.0539112686150677e24
3.052204130533317e24
3.049383880925318e24
3.045454199401082e24
3.04041889080317e24
3.0342818828417013e24
3.0270472237791527e24
3.0187190801665667e24
3.0093017346341053e24
2.998799583737411e24
2.987217135862427e24
2.9745590091903955e24
2.960829929725104e24
2.946034729384518e24
2.930178344158367e24
2.913265812333815e24
2.8953022727906836e24
2.8762929633683264e24
2.8562432193052905e24
2.8351584717538795e24
2.813044246370689e24
2.789906161984732e24
2.765749929344729e24
2.7405813499463346e24
2.7144063149412265e24
2.6872308041285083e24
2.659060885030151e24
2.6299027120509863e24
2.599762525724404e24
2.568646652044737e24
2.536561501886743e24
2.503513570513327e24
2.4695094371716636e24
2.434555764778754e24
2.3986592996963252e24
2.361826871596026e24
2.32406539341471e24
2.2853818614002215e24
2.2457833552480505e24
2.2052770383282816e24
2.1638701580035522e24
2.1215700460371582e24
2.078384119091757e24
2.0343198793177226e24
1.9893849150313953e24
1.9435869014822404e24
1.8969336017085624e24
1.8494328674813092e24
1.80109264033476e24
1.7519209526838915e24
1.7019259290268424e24
1.6511157872321548e24
1.5994988399091826e24
1.5470834958607001e24
1.4938782616166923e24
1.4398917430474428e24
1.385132647055203e24
1.32960978334219e24
1.273332066254092e24
1.2163085166966588e24
1.1585482641243476e24
1.1000605485986366e24
1.0408547229142883e24
9.809402547918495e23
9.203267291337181e23
8.5902385034236e23
7.970414446977035e23
7.343894627921883e23
6.710779820203061e23
6.07117209120991e23
5.42517482769675e23
4.77289276217728e23
4.114431999768539e23
3.449900045451025e23
2.7794058317250108e23
2.1030597466264727e23
1.4209736620814436e23
7.332609625626675e22
4.003657402091045e21
-6.5858300693743445e22
-1.3624796836641673e23
-2.071533729898633e23
-2.785623760053196e23
-3.5046266993795e23
-4.228417754057379e23
-4.956870381231971e23
-5.6898562590403405e23
-6.427245256659044e23
-7.168905404405749e23
-7.914702863936712e23
-8.664501898567684e23
-9.41816484376311e23
-1.0175552077821233e24
-1.0936521992800916e24
-1.170093096571829e24
-1.2468633330057416e24
-1.3239481347630038e24
-1.4013325180818456e24
-1.4790012865247157e24
-1.5569390282911724e24
-1.6351301135812247e24
-1.713558692012095e24
-1.792208690092833e24
-1.8710638087604217e24
-1.950107520980818e24
-2.0293230694195191e24
-2.1086934641845221e24
-2.1882014806464312e24
-2.2678296573385846e24
-2.3475602939418733e24
-2.4273754493571285e24
-2.50725693986957e24
-2.58718633740869e24
-2.6671449679070424e24
-2.747113909762275e24
-2.827073992405214e24
-2.9070057949784404e24
-2.9868896451281177e24
-3.066705617913438e24
-3.1464335348363335e24
-3.226052962995621e24
-3.305543214368703e24
-3.3848833452238676e24
-3.4640521556672407e24
-3.5430281893267555e24
-3.62178973317723e24
-3.700314817508839e24
-3.7785812160427247e24
-3.8565664461965143e24
-3.934247769502401e24
-4.0116021921813564e24
-4.0886064658754004e24
-4.1652370885415895e24
-4.2414703055094777e24
-4.3172821107054897e24
-4.3926482480458456e24
-4.4675442130011894e24
-4.5419452543349215e24
-4.615826376017168e24
-4.6891623393173506e24
-4.7619276650763893e24
-4.834096636161521e24
-4.905643300104642e24
-4.97654147192683e24
-5.046764737149854e24
-5.116286454996991e24
-5.185079761784213e24
-5.253117574502889e24
-5.320372594595987e24
-5.386817311927918e24
-5.45242400895007e24
-5.517164765061965e24
-5.58101146116963e24
-5.643935784441502e24
-5.705909233262207e24
-5.766903122385286e24
-5.826888588284459e24
-5.885836594704334e24
-5.94371793840988e24
-6.000503255135531e24
-6.056163025732711e24
-6.110667582516458e24
-6.163987115810186e24
-6.216091680687846e24
-6.266951203913701e24
-6.316535491077652e24
-6.364814233926456e24
-6.411757017888627e24
-6.457333329792902e24
-6.501512565777877e24
-6.544264039392314e24
-6.585556989883924e24
-6.62536059067507e24
-6.663643958023773e24
-6.700376159867487e24
-6.735526224848336e24
-6.769063151516672e24
-6.800955917711375e24
-6.831173490113907e24
-6.859684833973594e24
-6.886458923001625e24
-6.911464749430287e24
-6.934671334235303e24
-6.956047737517108e24
-6.975563069038799e24
-6.993186498916467e24
-7.008887268458987e24
-7.022634701153602e24
-7.034398213792945e24
-7.044147327740496e24
-7.051851680329564e24
-7.05748103639255e24
-7.061005299915352e24
-7.062394525813508e24
-7.061618931824527e24
-7.05864891051294e24
-7.053455041382632e24
-7.046008103091631e24
-7.036279085765161e24
-7.024239203400928e24
-7.009859906362571e24
-6.993112893955125e24
-6.973970127077759e24
-6.952403840948478e24
-6.92838655789455e24
-6.901891100204013e24
-6.872890603031745e24
-6.841358527355056e24
-6.807268672972246e24
-6.770595191538949e24
-6.73131259963536e24
-6.689395791859286e24
-6.644820053938072e24
-6.597561075853331e24
-6.547594964972643e24
-6.494898259181157e24
-6.439447940007434e24
-6.381221445736369e24
-6.320196684503129e24
-6.256352047361479e24
-6.189666421319627e24
-6.120119202337251e24
-6.047690308276638e24
-5.972360191801688e24
-5.894109853217475e24
-5.812920853243891e24
-5.728775325716626e24
-5.641655990208277e24
-5.551546164562997e24
-5.458429777337774e24
-5.362291380143312e24
-5.26311615987784e24
-5.160889950846575e24
-5.05559924676044e24
-4.947231212606636e24
-4.83577369638442e24
-4.7212152406993943e24
-4.60354509420902e24
-4.482753222912721e24
-4.358830321279857e24
-4.2317678232086365e24
-4.101557912809133e24
-3.968193535004e24
-3.8316684059394886e24
-3.6919770232013446e24
-3.5491146758274853e24
-3.4030774541120657e24
-3.2538622591939516e24
-3.1014668124231077e24
-2.945889664498813e24
-2.787130204373131e24
-2.625188667913313e24
-2.460066146317608e24
-2.29176459427746e24
-2.1202868378807e24
-1.9456365822497034e24
-1.7678184189085835e24
-1.5868378328737457e24
-1.4027012094619107e24
-1.2154158408107782e24
-1.0249899321058994e24
-8.31432607509104e23
-6.347539157830987e23
-4.349648356070091e23
-2.3207728057801074e23
-2.610410389415073e22
1.8294089728674952e23
3.950429778157451e23
6.101864408547972e23
8.283546345155178e23
1.0495299488392967e24
1.273693813122784e24
1.5008266935926718e24
1.730908091433534e24
1.9639165411727238e24
2.1998296094248574e24
2.438623894000515e24
2.680275023381408e24
2.9247576565653497e24
3.172045483283891e24
3.42211122459527e24
3.674926633855196e24
3.930462498068153e24
4.188688639620463e24
4.4495739183984494e24
4.7130862342925285e24
4.97919253008931e24
5.247858794753129e24
5.519050067098227e24
5.792730439852799e24
6.068863064116135e24
6.347410154208542e24
6.628332992916148e24
6.911591937129743e24
7.197146423878441e24
7.484954976757898e24
7.77497521275307e24
8.067163849454978e24
8.361476712671237e24
8.657868744428735e24
8.956294011368637e24
9.256705713531766e24
9.55905619353316e24
9.863296946124461e24
1.0169378628142015e25
1.0477251068839456e25
1.078686328060137e25
1.1098163470037163e25
1.1411099049451684e25
1.172561664869004e25
1.2041662127353872e25
1.2359180587385814e25
1.2678116386018849e25
1.299841314908745e25
1.3320013784695707e25
1.3642860497240182e25
1.3966894801781996e25
1.4292057538764789e25
1.4618288889073552e25
1.4945528389430168e25
1.5273714948120322e25
1.5602786861047685e25
1.5932681828108754e25
1.6263336969884556e25
1.6594688844642795e25
1.6926673465644783e25
1.7259226318751676e25
1.7592282380323518e25
1.7925776135405278e25
1.825964159619344e25
1.8593812320775991e25
1.8928221432140308e25
1.9262801637440936e25
1.9597485247521056e25
1.993220419667991e25
2.026689006267932e25
2.0601474086981544e25
2.0935887195211423e25
2.1270060017833846e25
2.1603922911040416e25
2.1937405977835965e25
2.22704390893173e25
2.2602951906136046e25
2.293487390013681e25
2.3266134376163104e25
2.359666249402076e25
2.3926387290592124e25
2.42552377020909e25
2.4583142586449073e25
2.4910030745827182e25
2.5235830949238377e25
2.5560471955277574e25
2.588388253494632e25
2.6205991494563497e25
2.652672769875335e25
2.684602009350072e25
2.7163797729264295e25
2.7479989784137848e25
2.779452558705033e25
2.8107334640994633e25
2.8418346646275934e25
2.872749152376866e25
2.903469943817364e25
2.933990082126458e25
2.9643026395114437e25
2.9944007195291623e25
3.024277459401605e25
3.053926032326537e25
3.0833396497821313e25
3.112511563824576e25
3.1414350693777516e25
3.1701035065139046e25
3.1985102627243708e25
3.2266487751793404e25
3.2545125329756724e25
3.282095079371809e25
3.309390014008776e25
3.3363909951162835e25
3.3630917417030036e25
3.3894860357300127e25
3.4155677242664652e25
3.4413307216265234e25
3.466769011486606e25
3.4918766489820247e25
3.5166477627820485e25
3.5410765571424745e25
3.565157313934838e25
3.5888843946512667e25
3.6122522423841636e25
3.6352553837797713e25
3.6578884309647663e25
3.6801460834450332e25
3.702023129975708e25
3.723514450401698e25
3.7446150174678394e25
3.7653198985978516e25
3.7856242576413036e25
3.805523356587778e25
3.8250125572474954e25
3.8440873228976035e25
3.8627432198933734e25
3.880975919243611e25
3.898781198149543e25
3.916154941506467e25
3.933093143367511e25
3.949591908368812e25
3.965647453115465e25
3.981256107527641e25
3.9964143161461975e25
4.01111863939729e25
4.025365754815273e25
4.0391524582234765e25
4.052475664872189e25
4.065332410533452e25
4.077719852552047e25
4.089635270852322e25
4.101076068900278e25
4.112039774620587e25
4.122524041268054e25
4.132526648253167e25
4.142045501921358e25
4.1510786362856085e25
4.159624213712086e25
4.167680525558536e25
4.175245992765058e25
4.182319166397125e25
4.188898728140502e25
4.194983490747947e25
4.20057239843738e25
4.205664527241508e25
4.2102590853086295e25
4.214355413154543e25
4.2179529838655045e25
4.221051403252082e25
4.2236504099539435e25
4.225749875495455e25
4.227349804292187e25
4.228450333608269e25
4.22905173346469e25
4.229154406498588e25
4.22875888777363e25
4.227865844541598e25
4.226476075955315e25
4.224590512733112e25
4.2222102167749405e25
4.219336380730456e25
4.215970327519203e25
4.2121135098032105e25
4.2077675094123045e25
4.202934036722359e25
4.1976149299869205e25
4.191812154622436e25
4.1855278024475975e25
4.178764090877042e25
4.171523362069972e25
4.163808082034035e25
4.1556208396849445e25
4.146964345862388e25
4.137841432302609e25
4.1282550505683275e25
4.118208270936404e25
4.107704281243943e25
4.096746385693299e25
4.085338003616732e25
4.073482668201187e25
4.061184025173951e25
4.048445831449837e25
4.0352719537405015e25
4.0216663671267296e25
4.007633153594237e25
3.993176500533917e25
3.978300699207122e25
3.9630101431768e25
3.9473093267053655e25
3.9312028431199275e25
3.914695383145878e25
3.897791733209507e25
3.880496773710634e25
3.8628154772659936e25
3.8447529069243632e25
3.826314214354203e25
3.807504638004791e25
3.788329501241761e25
3.7687942104578856e25
3.7489042531601683e25
3.7286651960340253e25
3.7080826829857093e25
3.687162433163721e25
3.6659102389603753e25
3.64433196399437e25
3.62243354107539e25
3.6002209701517865e25
3.577700316242234e25
3.5548777073524842e25
3.5317593323781266e25
3.5083514389944864e25
3.4846603315345615e25
3.460692368856103e25
3.4364539621988886e25
3.4119515730331226e25
3.3871917109001353e25
3.36218093124624e25
3.3369258332510255e25
3.3114330576508398e25
3.285709284558766e25
3.2597612312819384e25
3.233595650137306e25
3.2072193262669334e25
3.1806390754537276e25
3.1538617419387644e25
3.126894196241145e25
3.099743332981451e25
3.072416068709752e25
3.0449193397392697e25
3.017260099986606e25
2.989445318819571e25
2.961481978913623e25
2.933377074117859e25
2.9051376073315657e25
2.8767705883922297e25
2.848283031976066e25
2.8196819555119087e25
2.790974377109425e25
2.7621673135026526e25
2.7332677780095956e25
2.7042827785090188e25
2.675219315435064e25
2.6460843797907928e25
2.6168849511813263e25
2.5876279958675793e25
2.5583204648413166e25
2.5289692919223647e25
2.499581391878822e25
2.4701636585710095e25
2.440722963119945e25
2.4112661521010445e25
2.381800045763894e25
2.3523314362786453e25
2.322867086009899e25
2.2934137258186295e25
2.2639780533928123e25
2.2345667316075504e25
2.205186386915057e25
2.175843607765344e25
2.146544943058004e25
2.1172969006257955e25
2.088105945750429e25
2.0589784997111793e25
2.0299209383667383e25
2.000939590770843e25
1.9720407378220832e25
1.9432306109483e25
1.9145153908260522e25
1.8859012061354318e25
1.8573941323506927e25
1.8290001905668986e25
1.800725346363032e25
1.7725755087017696e25
1.7445565288661668e25
1.7166741994335904e25
1.6889342532869773e25
1.661342362663747e25
1.6339041382424078e25
1.6066251282670745e25
1.5795108177100198e25
1.552566627472263e25
1.525797913622379e25
1.4992099666734629e25
1.4728080108983596e25
1.4465972036830608e25
1.4205826349183319e25
1.3947693264294007e25
1.3691622314437477e25
1.3437662340968013e25
1.3185861489754257e25
1.2936267206990876e25
1.2688926235384616e25
1.2443884610713328e25
1.220118765875514e25
1.1960879992585513e25
1.172300551023983e25
1.148760739273754e25
1.125472810246581e25
1.1024409381918245e25
1.0796692252785836e25
1.057161701539561e25
1.0349223248493315e25
1.0129549809365267e25
9.91263483429578e24
9.69851573935429e24
9.487229221507829e24
9.278811260053786e24
9.073297118367058e24
8.87072134595658e24
8.671117780825069e24
8.474519552126004e24
8.280959083112273e24
8.090468094369267e24
7.903077607326578e24
7.718817948041345e24
7.537718751246496e24
7.359808964656784e24
7.185116853525268e24
7.013670005443598e24
6.845495335377605e24
6.680619090931303e24
6.519066857831298e24
6.360863565623685e24
6.206033493575381e24
6.05460027677185e24
5.906586912402603e24
5.762015766226797e24
5.620908579209496e24
5.48328647432071e24
5.349169963488207e24
5.218578954695399e24
5.091532759215353e24
4.968050098972193e24
4.848149114020336e24
4.731847370133489e24
4.619161866493036e24
4.510109043467549e24
4.404704790473842e24
4.302964453910163e24
4.20490284515258e24
4.1105342486048233e24
4.0198724297924313e24
3.9329306434920063e24
3.849721641885801e24
3.770257682732487e24
3.6945505375447906e24
3.622611499764613e24
3.5544513929260256e24
3.4900805787974064e24
3.4295089654925764e24
3.3727460155429195e24
3.31980075391986e24
3.270681775999767e24
3.2253972554616225e24
3.183954952108325e24
3.146362219603369e24
3.1126260131129153e24
3.0827528968459733e24
3.056749051482424e24
3.034620281481611e24
3.0163720222620866e24
3.00200934724477e24
2.9915369747510815e24
2.984959274747559e24
2.9822802754296446e24
2.9835036696361857e24
2.9886328210873633e24
2.9976707704379724e24
3.010620241139351e24
3.027483645101918e24
3.0482630881518325e24
3.0729603752747154e24
3.1015770156391463e24
3.134114227394556e24
3.1705729422356227e24
3.210953809728501e24
3.2552572013915537e24
3.303483214525833e24
3.3556316757892854e24
3.411702144509046e24
3.4716939157273815e24
3.535606022975579e24
3.603437240771844e24
3.6751860868378097e24
3.75085082403056e24
3.830429461984904e24
3.91391975846319e24
4.001319220408773e24
4.092625104699262e24
4.187834418597884e24
4.286943919898542e24
4.3899501167637015e24
4.496849267251283e24
4.607637378530167e24
4.7223102057809666e24
4.840863250782013e24
4.963291760178677e24
5.089590723434868e24
5.219754870467065e24
5.353778668959138e24
5.491656321359454e24
5.633381761558842e24
5.778948651251247e24
5.928350375977244e24
6.081580040851006e24
6.238630465973301e24
6.399494181530472e24
6.564163422583099e24
6.732630123544644e24
6.904885912354412e24
7.080922104345752e24
7.260729695813964e24
7.444299357286703e24
7.631621426499718e24
7.822685901083462e24
8.017482430962678e24
8.216000310475494e24
8.418228470214544e24
8.624155468597332e24
8.833769483168864e24
9.047058301643837e24
9.264009312693457e24
9.484609496482207e24
9.708845414962655e24
9.936703201932664e24
1.0168168552864091e25
1.040322671450778e25
1.0641862474284123e25
1.0884060149465797e25
1.1129803576160018e25
1.1379076098099964e25
1.163186055525149e25
1.1888139272245968e25
1.214789404664569e25
1.2411106137053009e25
1.2677756251070243e25
1.2947824533121492e25
1.322129055214529e25
1.3498133289166998e25
1.3778331124762973e25
1.4061861826424192e25
1.4348702535832198e25
1.4638829756055518e25
1.4932219338679472e25
1.5228846470878218e25
1.5528685662441615e25
1.583171073276771e25
1.6137894797830948e25
1.6447210257140035e25
1.675962878069402e25
1.7075121295951653e25
1.7393657974822411e25
1.7715208220694084e25
1.8039740655507613e25
1.8367223106890639e25
1.8697622595364247e25
1.903090532163238e25
1.9367036653969276e25
1.970598111571451e25
2.004770237289104e25
2.0392163221955977e25
2.0739325577699096e25
2.1089150461300788e25
2.1441597988561185e25
2.179662735831543e25
2.2154196841045088e25
2.251426376770132e25
2.2876784518749327e25
2.324171451345022e25
2.3609008199389633e25
2.397861904226824e25
2.4350499515966087e25
2.472460109289167e25
2.5100874234631516e25
2.5479268382909067e25
2.5859731950868437e25
2.6242212314692583e25
2.6626655805570216e25
2.701300770202277e25
2.7401212222602093e25
2.779121251897371e25
2.81829506693938e25
2.8576367672595e25
2.897140344208921e25
2.936799680090182e25
2.9766085476745528e25
3.016560609764732e25
3.0566494188038126e25
3.0968684165315035e25
3.1372109336889013e25
3.1776701897725038e25
3.2182392928388188e25
3.2589112393602015e25
3.299678914133231e25
3.3405350902402123e25
3.3814724290650216e25
3.422483480364017e25
3.4635606823928492e25
3.504696362090199e25
3.5458827353189785e25
3.587111907166096e25
3.628375872301213e25
3.669666515395482e25
3.710975611600886e25
3.752294827090684e25
3.793615719661936e25
3.8349297394003143e25
3.876228229408188e25
3.9175024265961e25
3.95874346253858e25
3.999942364394344e25
4.041090055891665e25
4.082177358379175e25
4.123194991942372e25
4.164133576586444e25
4.204983633485363e25
4.2457355862978785e25
4.2863797625502725e25
4.3269063950864325e25
4.367305623585029e25
4.407567496144221e25
4.447681970933849e25
4.487638917915e25
4.52742812062728e25
4.567039278043391e25
4.6064620064912675e25
4.645685841643306e25
4.684700240572872e25
4.7234945838776855e25
4.762058177869781e25
4.800380256832067e25
4.838449985340728e25
4.876256460653595e25
4.913788715163587e25
4.951035718917259e25
4.987986382197559e25
5.024629558170533e25
5.060954045595409e25
5.096948591597188e25
5.132601894501522e25
5.167902606730731e25
5.202839337760684e25
5.237400657137331e25
5.271575097552548e25
5.305351157977942e25
5.338717306856187e25
5.371661985348741e25
5.404173610638863e25
5.4362405792893e25
5.4678512706531035e25
5.498994050337053e25
5.5296572737159964e25
5.559829289497415e25
5.58949844333482e25
5.618653081488631e25
5.64728155453359e25
5.675372221111051e25
5.702913451725131e25
5.729893632581035e25
5.756301169464516e25
5.782124491660586e25
5.807352055910432e25
5.831972350404806e25
5.855973898812263e25
5.87934526434101e25
5.902075053832324e25
5.924151921884391e25
5.9455645750044125e25
5.966301775787785e25
5.986352347122171e25
6.005705176415105e25
6.024349219843122e25
6.0422735066207315e25
6.0594671432874086e25
6.075919318010635e25
6.091619304903402e25
6.106556468353946e25
6.120720267366091e25
6.134100259908189e25
6.146686107268533e25
6.15846757841565e25
6.169434554361083e25
6.179577032523008e25
6.188885131088402e25
6.197349093371995e25
6.2049592921696805e25
6.211706234104618e25
6.217580563963714e25
6.222573069022625e25
6.226674683357074e25
6.229876492138298e25
6.232169735910858e25
6.23354581485028e25
6.233996292998825e25
6.233512902476915e25
6.232087547668411e25
6.229712309377446e25
6.226379448954671e25
6.2220814123910045e25
6.216810834376487e25
6.21056054232245e25
6.203323560344537e25
6.195093113204847e25
6.1858626302107395e25
6.175625749068615e25
6.164376319690212e25
6.152108407949548e25
6.1388162993885004e25
6.124494502868801e25
6.109137754168627e25
6.092741019521541e25
6.075299499095999e25
6.056808630413346e25
6.037264091702221e25
6.016661805187707e25
5.994997940312967e25
5.972268916891777e25
5.948471408189791e25
5.923602343932843e25
5.897658913240545e25
5.870638567483058e25
5.84253902305959e25
5.8133582640965966e25
5.783094545064219e25
5.751746393308989e25
5.7193126115014096e25
5.6857922799965326e25
5.6511847591060955e25
5.615489691280653e25
5.578707003200004e25
5.540836907770665e25
5.501879906028695e25
5.4618367889466654e25
5.4207086391432285e25
5.37849683249392e25
5.335203039642246e25
5.290829227409243e25
5.245377660100728e25
5.198850900710844e25
5.151251812020914e25
5.102583557592345e25
5.052849602652741e25
5.0020537148740065e25
4.95019996504174e25
4.897292727614753e25
4.8433366811740895e25
4.788336808760606e25
4.732298398100385e25
4.675227041717313e25
4.617128636932146e25
4.558009385747271e25
4.4978757946172095e25
4.436734674103502e25
4.374593138414201e25
4.311458604827277e25
4.247338792997706e25
4.182241724147824e25
4.116175720140894e25
4.0491494024375244e25
3.981171690934951e25
3.912251802689013e25
3.842399250518889e25
3.771623841494574e25
3.6999356753072135e25
3.6273451425225174e25
3.553862922717108e25
3.4794999824988884e25
3.404267573410672e25
3.3281772297182656e25
3.2512407660830937e25
3.173470275119925e25
3.09487812484024e25
3.0154769559818147e25
2.935279679225235e25
2.8542994722979744e25
2.7725497769668733e25
2.690044295919802e25
2.6067969895373704e25
2.5228220725556853e25
2.43813401062105e25
2.3527475167377734e25
2.2666775476098096e25
2.1799392998782342e25
2.092548206254629e25
2.0045199315524555e25
1.915870368617425e25
1.826615634158245e25
1.7367720644791427e25
1.6463562111156667e25
1.5553848363752257e25
1.4638749087839613e25
1.3718435984415393e25
1.2793082722855087e25
1.1862864892669624e25
1.092795995439206e25
9.98854718961314e24
9.044807650180668e24
8.096924106589817e24
7.145080995572708e24
6.189464366914985e24
5.230261829516544e24
4.267662496716997e24
3.3018569309074e24
2.333037087448794e24
1.3613962579200189e24
3.8712901271622394e23
-5.895688569792189e23
-1.5685003978266307e24
-2.549467553542827e24
-3.532271224671451e24
-4.5167113288866906e24
-5.5025868618063e24
-6.489695958292694e24
-7.477835954209177e24
-8.466803448617403e24
-9.456394366383157e24
-1.04464040211676e25
-1.1436627178778445e25
-1.2426858120855105e25
-1.3416890708861482e25
-1.4406518448360546e25
-1.5395534553544116e25
-1.6383732011991185e25
-1.7370903649628319e25
-1.8356842195864865e25
-1.9341340348876391e25
-2.0324190841008904e25
-2.130518650427619e25
-2.2284120335926378e25
-2.3260785564041864e25
-2.4234975713156277e25
-2.520648466985283e25
-2.6175106748319647e25
-2.7140636755834115e25
-2.8102870058148595e25
-2.906160264475e25
-3.0016631193965854e25
-3.096775313788903e25
-3.1914766727094115e25
-3.2857471095117633e25
-3.3795666322675354e25
-3.4729153501588854e25
-3.5657734798394326e25
-3.6581213517609405e25
-3.7499394164623443e25
-3.841208250819517e25
-3.931908564252294e25
-4.022021204886513e25
-4.111527165668303e25
-4.200407590428112e25
-4.288643779891838e25
-4.376217197636564e25
-4.463109475988335e25
-4.549302421859475e25
-4.6347780225230225e25
-4.719518451321732e25
-4.803506073309379e25
-4.886723450821812e25
-4.969153348975501e25
-5.050778741091453e25
-5.131582814041534e25
-5.211548973515876e25
-5.290660849208484e25
-5.368902299919129e25
-5.446257418569292e25
-5.522710537130203e25
-5.598246231460741e25
-5.672849326053353e25
-5.746504898685892e25
-5.819198284977545e25
-5.890915082846926e25
-5.961641156870488e25
-6.031362642539546e25
-6.100065950414077e25
-6.167737770171664e25
-6.234365074550119e25
-6.299935123181642e25
-6.364435466317789e25
-6.427853948443098e25
-6.4901787117763535e25
-6.551398199657832e25
-6.6115011598215025e25
-6.670476647550623e25
-6.728314028715836e25
-6.785002982694309e25
-6.840533505169125e25
-6.894895910807657e25
-6.948080835818087e25
-7.000079240383171e25
-7.050882410970214e25
-7.100481962516924e25
-7.14886984049158e25
-7.196038322827883e25
-7.241980021733024e25
-7.286687885368942e25
-7.33015519940602e25
-7.372375588448867e25
-7.413343017333954e25
-7.4530517922985816e25
-7.491496562021169e25
-7.528672318532492e25
-7.564574397997978e25
-7.599198481370804e25
-7.632540594915935e25
-7.664597110605241e25
-7.695364746383608e25
-7.72484056630669e25
-7.753021980549839e25
-7.779906745289482e25
-7.805492962456517e25
-7.829779079362725e25
-7.852763888200421e25
-7.874446525416003e25
-7.89482647095825e25
-7.913903547401602e25
-7.931677918945792e25
-7.948150090292053e25
-7.963320905397317e25
-7.977191546106889e25
-7.989763530666999e25
-8.001038712118003e25
-8.0110192765694e25
-8.019707741358156e25
-8.027106953090863e25
-8.033220085571955e25
-8.038050637618395e25
-8.041602430762975e25
-8.043879606847177e25
-8.044886625505272e25
-8.044628261541374e25
-8.043109602200644e25
-8.040336044336769e25
-8.036313291476985e25
-8.03104735078676e25
-8.024544529935562e25
-8.016811433865932e25
-8.007854961467451e25
-7.997682302157614e25
-7.986300932371684e25
-7.97371861196332e25
-7.959943380518333e25
-7.944983553583262e25
-7.928847718811346e25
-7.911544732027578e25
-7.89308371321554e25
-7.873474042427783e25
-7.852725355622266e25
-7.830847540427255e25
-7.807850731836613e25
-7.783745307838349e25
-7.758541884978256e25
-7.732251313861605e25
-7.704884674594834e25
-7.676453272169955e25
-7.646968631794224e25
-7.616442494167195e25
-7.584886810708224e25
-7.552313738736337e25
-7.518735636605637e25
-7.484165058798213e25
-7.448614750977668e25
-7.412097645005423e25
-7.3746268539225925e25
-7.336215666900188e25
-7.296877544159774e25
-7.256626111867883e25
-7.215475157006049e25
-7.173438622219872e25
-7.130530600648947e25
-7.086765330740984e25
-7.042157191052295e25
-6.996720695037338e25
-6.950470485830191e25
-6.903421331020133e25
-6.8555881174244145e25
-6.806985845860308e25
-6.757629625919482e25
-6.707534670746935e25
-6.656716291827103e25
-6.605189893779952e25
-6.5529709691690234e25
-6.5000750933246115e25
-6.44651791918386e25
-6.392315172150909e25
-6.337482644978848e25
-6.282036192676591e25
-6.22599172744245e25
-6.16936521362705e25
-6.112172662728071e25
-6.054430128418643e25
-5.996153701612276e25
-5.937359505565919e25
-5.878063691023981e25
-5.8182824314048895e25
-5.7580319180328665e25
-5.697328355416599e25
-5.636187956576998e25
-5.574626938426275e25
-5.512661517199868e25
-5.450307903943683e25
-5.387582300057949e25
-5.324500892900211e25
-5.2610798514486286e25
-5.197335322027683e25
-5.133283424098042e25
-5.06894024611194e25
-5.004321841436106e25
-4.9394442243432985e25
-4.874323366074536e25
-4.808975190972871e25
-4.743415572690681e25
-4.677660330471405e25
-4.611725225507173e25
-4.545625957373768e25
-4.479378160543659e25
-4.4129974009787355e25
-4.346499172803419e25
-4.2798988950595025e25
-4.213211908543259e25
-4.146453472726267e25
-4.079638762760285e25
-4.012782866567186e25
-3.945900782014841e25
-3.879007414179153e25
-3.8121175726934216e25
-3.7452459691850016e25
-3.6784072148002526e25
-3.6116158178178317e25
-3.544886181350787e25
-3.4782326011379642e25
-3.4116692634245342e25
-3.345210242932256e25
-3.2788695009192674e25
-3.2126608833297085e25
-3.1465981190328073e25
-3.0806948181518453e25
-3.014964470482423e25
-2.9494204440000243e25
-2.884075983456736e25
-2.8189442090664896e25
-2.754038115278834e25
-2.6893705696404024e25
-2.6249543117439666e25
-2.5608019522641467e25
-2.4969259720795267e25
-2.4333387214801843e25
-2.3700524194600536e25
-2.307079153093383e25
-2.2444308769943083e25
-2.1821194128587765e25
-2.120156449087645e25
-2.0585535404902853e25
-1.997322108067266e25
-1.936473438871189e25
-1.8760186859445804e25
-1.8159688683333216e25
-1.756334871174731e25
-1.6971274458585593e25
-1.6383572102599546e25
-1.5800346490425319e25
-1.5221701140305172e25
-1.4647738246480983e25
-1.4078558684245186e25
-1.3514262015636067e25
-1.2954946495755228e25
-1.2400709079696239e25
-1.1851645430062481e25
-1.1307849925060388e25
-1.0769415667147033e25
-1.023643449221501e25
-9.708996979296747e24
-9.187192460766442e24
-8.671109033023784e24
-8.16083356763605e24
-7.656451722922007e24
-7.158047955954069e24
-6.665705534961172e24
-6.17950655210921e24
-5.699531936638188e24
-5.225861468337615e24
-4.75857379133375e24
-4.297746428171737e24
-3.8434557941671384e24
-3.39577721200764e24
-2.9547849265801994e24
-2.5205521200035084e24
-2.0931509268417774e24
-1.6726524494775895e24
-1.2591267736223271e24
-8.526429839392639e23
-4.53269179759142e23
-6.1072490862818384e22
3.2388090668940516e23
7.015257747064214e23
1.0717977970155774e24
1.4346335636331085e24
1.7899705549823555e24
2.1377471261787187e24
2.477902491406766e24
2.8103767084097674e24
3.135110663116183e24
3.4520460544233875e24
3.7611253791623074e24
4.0622919172643807e24
4.355489717152081e24
4.6406635813759007e24
4.917759052517706e24
5.18672239938321e24
5.447500603502808e24
5.700041345963506e24
5.944292994589793e24
6.180204591496229e24
6.407725841029979e24
6.626807098122842e24
6.837399357073015e24
7.03945424077396e24
7.232923990410468e24
7.417761455638458e24
7.593920085267429e24
7.761353918462409e24
7.920017576481934e24
8.069866254969493e24
8.210855716813261e24
8.342942285590888e24
8.466082839613338e24
8.580234806583506e24
8.685356158882511e24
8.781405409498422e24
8.868341608609964e24
8.9461243408376e24
9.014713723174583e24
9.074070403608924e24
9.124155560447636e24
9.164930902353226e24
9.196358669102517e24
9.218401633076821e24
9.231023101492128e24
9.23418691937719e24
9.227857473307031e24
9.211999695898434e24
9.186579071073718e24
9.151561640098054e24
9.106914008395417e24
9.05260335314714e24
8.988597431676586e24
8.914864590623115e24
8.831373775907016e24
8.73809454348752e24
8.634997070914146e24
8.522052169672161e24
8.399231298321036e24
8.266506576425249e24
8.123850799275091e24
7.97123745339514e24
7.808640732837257e24
7.636035556253707e24
7.453397584746107e24
7.260703240484936e24
7.057929726093188e24
6.845055044787492e24
6.622058021269828e24
6.388918323360848e24
6.14561648436656e24
5.892133926169003e24
5.628452983029907e24
5.35455692609782e24
5.07042998860548e24
4.776057391747001e24
4.471425371220555e24
4.156521204423569e24
3.8313332382868014e24
3.4958509177312107e24
3.1500648147330984e24
2.7939666579813076e24
2.427549363109431e24
2.0508070634851879e24
1.663735141540515e24
1.2663302606219746e24
8.585903973431866e23
4.4051487442009646e23
1.2104393966846021e22
-4.266389287661208e23
-8.757115312359938e23
-1.3351083690528138e24
-1.8048228810512256e24
-2.2848469540092403e24
-2.775170887039599e24
-3.275783355677874e24
-3.786671375688682e24
-4.307820266620303e24
-4.839213615128153e24
-5.380833238096906e24
-5.932659145584511e24
-6.494669503617305e24
-7.066840596862491e24
-7.649146791204315e24
-8.241560496254613e24
-8.844052127823253e24
-9.456590070377856e24
-1.0079140639524002e25
-1.0711668044531022e25
-1.1354134350936474e25
-1.2006499443255885e25
-1.2668720987832983e25
-1.334075439585319e25
-1.4022552786556476e25
-1.4714066950680139e25
-1.54152453141583e25
-1.6126033902113094e25
-1.6846376303165549e25
-1.7576213634101606e25
-1.8315484504919578e25
-1.906412498429269e25
-1.9822068565480835e25
-2.0589246132717772e25
-2.1365585928109507e25
-2.2151013519072225e25
-2.294545176634596e25
-2.3748820792609224e25
-2.456103795173035e25
-2.5382017798686436e25
-2.6211672060179e25
-2.7049909605979904e25
-2.7896636421035317e25
-2.8751755578363885e25
-2.961516721277298e25
-3.048676849542879e25
-3.1366453609306094e25
-3.225411372555346e25
-3.3149636980796966e25
-3.4052908455414335e25
-3.4963810152812615e25
-3.5882220979730552e25
-3.680801672760014e25
-3.774107005499185e25
-3.8681250471174205e25
-3.962842432081202e25
-4.05824547698299e25
-4.154320179247289e25
-4.251052215958142e25
-4.348426942811361e25
-4.446429393193389e25
-4.5450442773899395e25
-4.6442559819259695e25
-4.744048569039791e25
-4.844405776293808e25
-4.945311016323448e25
-5.046747376727012e25
-5.148697620098054e25
-5.251144184203008e25
-5.354069182305196e25
-5.457454403637601e25
-5.561281314026023e25
-5.665531056664834e25
-5.770184453046187e25
-5.875222004044818e25
-5.980623891160216e25
-6.086369977916847e25
-6.192439811424534e25
-6.2988126240996565e25
-6.405467335549235e25
-6.512382554618049e25
-6.619536581600331e25
-6.72690741061734e25
-6.834472732160907e25
-6.9422099358044695e25
-7.050096113081542e25
-7.158108060533327e25
-7.2662222829248834e25
-7.374414996630683e25
-7.482662133190496e25
-7.590939343034788e25
-7.699221999380649e25
-7.807485202297709e25
-7.915703782944817e25
-8.023852307976312e25
-8.13190508411859e25
-8.239836162915892e25
-8.34761934564584e25
-8.455228188403195e25
-8.562636007351664e25
-8.669815884143669e25
-8.77674067150601e25
-8.883382998991711e25
-8.989715278896128e25
-9.09570971233729e25
-9.201338295498104e25
-9.306572826029769e25
-9.411384909615408e25
-9.515745966691408e25
-9.61962723932583e25
-9.722999798251517e25
-9.825834550052946e25
-9.928102244504086e25
-1.0029773482055568e26
-1.0130818721469806e26
-1.023120828760075e26
-1.033091237931697e26
-1.042990107756501e26
-1.0528144353571514e26
-1.0625612077180515e26
-1.0722274025324099e26
-1.081809989062309e26
-1.0913059290115877e26
-1.1007121774111454e26
-1.1100256835164136e26
-1.1192433917167519e26
-1.1283622424563366e26
-1.1373791731663153e26
-1.1462911192078297e26
-1.1550950148256567e26
-1.163787794112018e26
-1.1723663919802483e26
-1.1808277451480166e26
-1.189168793129621e26
-1.1973864792370787e26
-1.2054777515895417e26
-1.2134395641307608e26
-1.221268877654072e26
-1.2289626608345708e26
-1.2365178912680963e26
-1.2439315565165153e26
-1.2512006551589654e26
-1.2583221978485688e26
-1.2652932083742542e26
-1.2721107247271602e26
-1.2787718001712433e26
-1.2852735043175822e26
-1.2916129242020076e26
-1.297787165365502e26
-1.3037933529369397e26
-1.30962863271776e26
-1.3152901722679901e26
-1.3207751619932325e26
-1.3260808162320704e26
-1.3312043743434938e26
-1.3361431017937568e26
-1.340894291242229e26
-1.345455263625794e26
-1.3498233692412036e26
-1.3539959888249697e26
-1.3579705346302414e26
-1.3617444515002492e26
-1.3653152179377109e26
-1.3686803471697454e26
-1.371837388207862e26
-1.3747839269023782e26
-1.3775175869908878e26
-1.380036031140199e26
-1.3823369619813042e26
-1.3844181231368185e26
-1.3862773002404185e26
-1.3879123219477619e26
-1.3893210609384389e26
-1.3905014349083822e26
-1.3914514075522718e26
-1.392168989535501e26
-1.3926522394550965e26
-1.3928992647892114e26
-1.392908222834603e26
-1.3926773216317663e26
-1.3922048208770554e26
-1.3914890328214457e26
-1.3905283231554512e26
-1.3893211118796817e26
-1.3878658741606163e26
-1.3861611411711173e26
-1.3842055009152629e26
-1.3819975990370023e26
-1.3795361396122211e26
-1.3768198859238012e26
-1.3738476612191893e26
-1.3706183494501083e26
-1.3671308959939426e26
-1.3633843083564545e26
-1.3593776568553224e26
-1.3551100752842523e26
-1.350580761557109e26
-1.3457889783318311e26
-1.3407340536136564e26
-1.3354153813373328e26
-1.3298324219279852e26
-1.3239847028402232e26
-1.3178718190752122e26
-1.3114934336753342e26
-1.304849278196165e26
-1.2979391531553986e26
-1.2907629284584535e26
-1.2833205438004787e26
-1.2756120090444382e26
-1.2676374045750414e26
-1.259396881628189e26
-1.250890662595835e26
-1.2421190413058226e26
-1.2330823832766047e26
-1.223781125946597e26
-1.2142157788779364e26
-1.2043869239344603e26
-1.1942952154337195e26
-1.1839413802728682e26
-1.173326218028232e26
-1.1624506010284465e26
-1.1513154744009833e26
-1.1399218560919901e26
-1.1282708368592803e26
-1.1163635802383981e26
-1.1042013224816399e26
-1.0917853724700441e26
-1.0791171115981383e26
-1.0661979936315108e26
-1.0530295445371244e26
-1.039613362286342e26
-1.0259511166306456e26
-1.0120445488500783e26
-9.978954714743728e25
-9.835057679768337e25
-9.688773924409736e25
-9.540123691999908e25
-9.389127924491114e25
-9.235808258308964e25
-9.080187019935995e25
-8.922287221226729e25
-8.762132554454865e25
-8.599747387095378e25
-8.43515675634079e25
-8.26838636335479e25
-8.099462567264122e25
-7.928412378890704e25
-7.755263454225786e25
-7.580044087648261e25
-7.402783204889204e25
-7.223510355744937e25
-7.042255706541075e25
-6.859050032349887e25
-6.673924708963827e25
-6.486911704627865e25
-6.298043571533621e25
-6.107353437077578e25
-5.914874994888358e25
-5.720642495623733e25
-5.524690737542658e25
-5.327055056854961e25
-5.1277713178524094e25
-4.926875902824792e25
-4.724405701764841e25
-4.520398101865809e25
-4.314890976815713e25
-4.107922675892415e25
-3.8995320128635415e25
-3.6897582546957246e25
-3.478641110077396e25
-3.2662207177597344e25
-3.052537634720365e25
-2.837632824153704e25
-2.6215476432947437e25
-2.404323831078367e25
-2.1860034956411644e25
-1.96662910166991e25
-1.7462434576019482e25
-1.524889702682581e25
-1.3026112938847548e25
-1.0794519926963025e25
-8.554558517800722e24
-6.306672015124606e24
-4.05130636405747e24
-1.788910014198883e24
4.8006621830706055e23
2.755169289697437e24
5.035944068449895e24
7.32193347602778e24
9.612678628431612e24
1.1907718978525671e25
1.4206592459059737e25
1.6508835626335928e25
1.8813983804458554e25
2.112157123010685e25
2.34311311977713e25
2.5742196205391765e25
2.805429810033693e25
3.0366968225664586e25
3.267973756660069e25
3.4992136897176316e25
3.7303696926961072e25
3.9613948447830135e25
4.192242248071071e25
4.422865042222745e25
4.653216419121094e25
4.88324963749881e25
5.112918037540137e25
5.342175055449328e25
5.570974237979625e25
5.79926925691656e25
6.027013923509528e25
6.254162202845672e25
6.480668228159873e25
6.706486315075008e25
6.931570975766424e25
7.155876933044688e25
7.379359134350854e25
7.601972765658045e25
7.823673265274522e25
8.04441633754049e25
8.264157966415425e25
8.482854428948505e25
8.70046230862717e25
8.91693850859831e25
9.132240264756353e25
9.34632515869322e25
9.559151130504454e25
9.770676491446507e25
9.980859936439847e25
1.0189660556412822e26
1.039703785048135e26
1.0602951737959232e26
1.0807362570194494e26
1.1010231142226662e26
1.1211518704261214e26
1.1411186972954405e26
1.1609198142506877e26
1.1805514895559538e26
1.200010041388801e26
1.2192918388891745e26
1.238393303187318e26
1.2573109084103471e26
1.2760411826670344e26
1.2945807090104759e26
1.3129261263782582e26
1.3310741305097376e26
1.3490214748401475e26
1.3667649713711428e26
1.384301491517499e26
1.4016279669296748e26
1.4187413902918156e26
1.4356388160951173e26
1.4523173613861256e26
1.4687742064897396e26
1.4850065957067196e26
1.501011837985433e26
1.516787307567595e26
1.532330444607855e26
1.5476387557669836e26
1.5627098147785143e26
1.5775412629886268e26
1.592130809869172e26
1.606476233503681e26
1.6205753810461817e26
1.634426169152779e26
1.6480265843859085e26
1.6613746835910465e26
1.67446859424597e26
1.6873065147824172e26
1.6998867148801324e26
1.7122075357332214e26
1.7242673902888654e26
1.7360647634583452e26
1.747598212300419e26
1.7588663661770142e26
1.7698679268813643e26
1.7806016687385638e26
1.791066438678675e26
1.801261156282366e26
1.811184813799294e26
1.8208364761392687e26
1.8302152808363224e26
1.8393204379858034e26
1.8481512301547018e26
1.856707012265336e26
1.8649872114525072e26
1.872991326894417e26
1.8807189296175046e26
1.8881696622753427e26
1.8953432389019494e26
1.9022394446396396e26
1.9088581354417454e26
1.9151992377503785e26
1.9212627481495944e26
1.9270487329942274e26
1.9325573280145993e26
1.937788737897579e26
1.9427432358441156e26
1.947421163103785e26
1.951822928486473e26
1.9559490078517393e26
1.9597999435761044e26
1.9633763439986937e26
1.966678882845554e26
1.969708298633122e26
1.9724653940512106e26
1.974951035325855e26
1.9771661515625758e26
1.9791117340703663e26
1.980788835666936e26
1.9821985699655436e26
1.9833421106439954e26
1.98422069069625e26
1.984835601666945e26
1.9851881928695682e26
1.9852798705885724e26
1.9851120972660292e26
1.984686390673197e26
1.984004323067662e26
1.9830675203364783e26
1.9818776611257586e26
1.9804364759573813e26
1.9787457463332148e26
1.9768073038274825e26
1.97462302916767e26
1.9721948513046744e26
1.969524746472615e26
1.966614737238948e26
1.9634668915452573e26
1.9600833217395083e26
1.9564661836001765e26
1.9526176753527514e26
1.9485400366793347e26
1.944235547721752e26
1.9397065280788327e26
1.934955335798289e26
1.9299843663639092e26
1.9247960516785523e26
1.9193928590434194e26
1.9137772901343277e26
1.907951879975408e26
1.9019191959108815e26
1.895681836575333e26
1.8892424308632083e26
1.8826036368979735e26
1.8757681410014555e26
1.8687386566640343e26
1.861517923516108e26
1.8541087063014656e26
1.8465137938529684e26
1.8387359980712304e26
1.8307781529067083e26
1.822643113345799e26
1.81433375440134e26
1.80585297010818e26
1.7972036725242434e26
1.7883887907375196e26
1.7794112698796203e26
1.7702740701462573e26
1.7609801658252397e26
1.7515325443322815e26
1.741934205255296e26
1.73218815940753e26
1.7222974278898996e26
1.71226504116316e26
1.7020940381301765e26
1.6917874652288477e26
1.681348375535921e26
1.670779827882306e26
1.660084885980193e26
1.6492666175622645e26
1.6383280935335615e26
1.627272387136226e26
1.6161025731275845e26
1.604821726971753e26
1.593432924045304e26
1.5819392388571594e26
1.5703437442831396e26
1.558649510815301e26
1.54685960582656e26
1.5349770928507666e26
1.5230050308784238e26
1.510946473668486e26
1.4988044690763214e26
1.4865820583981834e26
1.4742822757322555e26
1.461908147356659e26
1.4494626911245215e26
1.4369489158762092e26
1.4243698208690637e26
1.411728395224647e26
1.3990276173937514e26
1.3862704546391437e26
1.3734598625363459e26
1.3605987844924686e26
1.3476901512830867e26
1.3347368806074349e26
1.3217418766618099e26
1.3087080297313621e26
1.2956382158001407e26
1.2825352961796215e26
1.2694021171555627e26
1.256241509653299e26
1.2430562889213165e26
1.2298492542332296e26
1.2166231886080662e26
1.2033808585486862e26
1.1901250137984643e26
1.1768583871159884e26
1.1635836940678022e26
1.1503036328389113e26
1.137020884061137e26
1.1237381106590743e26
1.1104579577134318e26
1.0971830523417726e26
1.0839160035963273e26
1.0706594023788096e26
1.0574158213718896e26
1.0441878149872923e26
1.0309779193302076e26
1.0177886521797109e26
1.0046225129851086e26
9.914819828778247e25
9.783695246986496e25
9.652875830399445e25
9.522385843026861e25
9.392249367679124e25
9.262490306823566e25
9.133132383578246e25
9.00419914284139e25
8.875713952552313e25
8.747700005079716e25
8.62018031873517e25
8.493177739406941e25
8.366714942311313e25
8.240814433856204e25
8.115498553614864e25
7.990789476404655e25
7.8667092144664e25
7.743279619741387e25
7.620522386240731e25
7.4984590525036095e25
7.377111004138822e25
7.256499476446705e25
7.136645557116221e25
7.017570188991974e25
6.899294172908034e25
6.781838170582683e25
6.6652227075703455e25
6.549468176264643e25
6.434594838949477e25
6.320622830892002e25
6.207572163473511e25
6.095462727352343e25
5.984314295655107e25
5.8741465271907864e25
5.764978969682008e25
5.656831063010011e25
5.549722142467069e25
5.443671442012351e25
5.338698097524978e25
5.234821150050732e25
5.132059549036735e25
5.030432155548485e25
4.929957745465613e25
4.830655012650273e25
4.732542572084061e25
4.6356389629673826e25
4.539962651777715e25
4.445532035281261e25
4.352365443492464e25
4.260481142577953e25
4.169897337698952e25
4.0806321757882916e25
3.9927037482561944e25
3.906130093621572e25
3.820929200063088e25
3.7371190078863167e25
3.6547174119013814e25
3.5737422637079256e25
3.4942113738824254e25
3.416142514063003e25
3.3395534189286908e25
3.2644617880679674e25
3.1908852877333007e25
3.118841552476569e25
3.0483481866627753e25
2.979422765857535e25
2.912082838084122e25
2.8463459249475184e25
2.7822295226210066e25
2.7197511026924654e25
2.6589281128661787e25
2.5997779775179118e25
2.5423180980996183e25
2.4865658533902464e25
2.432538599590721e25
2.3802536702594496e25
2.3297283760862503e25
2.2809800045013484e25
2.234025819117847e25
2.188883059004725e25
2.1455689377885987e25
2.1041006425814e25
2.0644953327329316e25
2.0267701384060695e25
1.9909421589724063e25
1.9570284612277467e25
1.925046077425216e25
1.895012003125275e25
1.8669431948607428e25
1.8408565676166738e25
1.8167689921238217e25
1.7946972919645448e25
1.774658240491394e25
1.7566685575573982e25
1.7407449060578717e25
1.726903888283446e25
1.7151620420847276e25
1.7055358368485379e25
1.6980416692855894e25
1.6926958590308845e25
1.689514644056745e25
1.6885141758997142e25
1.689710514701607e25
1.6931196240665467e25
1.6987573657345638e25
1.7066394940735525e25
1.7167816503905492e25
1.7291993570646354e25
1.743908011502898e25
1.760922879921392e25
1.7802590909532239e25
1.801931629086259e25
1.8259553279326893e25
1.852344863332715e25
1.8811147462956012e25
1.9122793157806942e25
1.9458527313210813e25
1.9818489654936243e25
2.020281796238151e25
2.0611647990295596e25
2.1045113389059753e25
2.1503345623571475e25
2.198647389076647e25
2.2494625035816226e25
2.302792346704894e25
2.358649106962552e25
2.4170447118026396e25
2.477990818738306e25
2.5414988063707977e25
2.607579765306593e25
2.676244488973773e25
2.747503464342308e25
2.821366862553684e25
2.8978445294648513e25
2.9769459761117386e25
3.058680369097945e25
3.143056520913976e25
3.2300828801926845e25
3.3197675219065544e25
3.4121181375127027e25
3.5071420250517864e25
3.6048460792058167e25
3.7052367813223417e25
3.8083201894100644e25
3.9141019281126274e25
4.022587178666681e25
4.1337806688507465e25
4.247686662931228e25
4.364308951612111e25
4.483650841994932e25
4.605715147555627e25
4.730504178144968e25
4.858019730019273e25
4.988263075908235e25
5.121234955126613e25
5.256935563736606e25
5.395364544768273e25
5.53652097850375e25
5.680403372833668e25
5.827009653691798e25
5.976337155575083e25
6.128382612156235e25
6.283142146995659e25
6.440611264360018e25
6.600784840154117e25
6.763657112973301e25
6.929221675283419e25
7.0974714647351275e25
7.268398755619732e25
7.441995150473235e25
7.618251571835871e25
7.797158254173996e25
7.978704735970243e25
8.162879851990513e25
8.349671725733028e25
8.53906776206695e25
8.731054640066855e25
8.92561830605019e25
9.122743966823692e25
9.322416083145638e25
9.52461836341017e25
9.729333757560303e25
9.936544451235604e25
1.0146231860160716e26
1.035837662478134e26
1.0572958605153045e26
1.0789956876089148e26
1.1009349722573812e26
1.1231114635445177e26
1.1455228307355288e26
1.1681666629011387e26
1.191040468570474e26
1.2141416754131579e26
1.237467629951185e26
1.2610155973010382e26
1.284782760946605e26
1.3087662225432909e26
1.3329630017538302e26
1.3573700361162856e26
1.3819841809445946e26
1.4068022092621458e26
1.4318208117687335e26
1.4570365968414219e26
1.4824460905694385e26
1.5080457368237485e26
1.5338318973614259e26
1.5598008519653162e26
1.5859487986191715e26
1.6122718537186114e26
1.638766052318228e26
1.6654273484150045e26
1.692251615268359e26
1.7192346457569836e26
1.7463721527727776e26
1.7736597696519377e26
1.8010930506434442e26
1.828667471415137e26
1.856378429597388e26
1.884221245364644e26
1.9121911620547096e26
1.9402833468261315e26
1.968492891353485e26
1.996814812560702e26
2.025244053392504e26
2.053775483623818e26
2.0824039007072383e26
2.1111240306584272e26
2.139930528979482e26
2.1688179816200552e26
2.1977809059762106e26
2.226813751926832e26
2.2559109029075327e26
2.2850666770217553e26
2.3142753281889417e26
2.3435310473296747e26
2.3728279635872954e26
2.4021601455860194e26
2.4315216027250916e26
2.4609062865088312e26
2.4903080919121202e26
2.5197208587810494e26
2.5491383732684736e26
2.5785543693039158e26
2.607962530097579e26
2.637356489677952e26
2.666729834462692e26
2.6960761048621905e26
2.725388796915424e26
2.7546613639576548e26
2.783887218319367e26
2.8130597330559198e26
2.8421722437074284e26
2.8712180500883264e26
2.9001904181058888e26
2.9290825816072515e26
2.9578877442542028e26
2.986599081425228e26
3.0152097421440126e26
3.043712851033789e26
3.072101510296913e26
3.100368801718812e26
3.128507788695698e26
3.1565115182852265e26
3.184373023279464e26
3.212085324299226e26
3.2396414319091264e26
3.2670343487525065e26
3.2942570717053964e26
3.3213025940487305e26
3.348163907657888e26
3.374834005208859e26
3.4013058823999937e26
3.427572540188517e26
3.453626987041023e26
3.4794622411968536e26
3.505071332943598e26
3.5304473069036785e26
3.555583224331226e26
3.5804721654181325e26
3.605107231608442e26
3.629481547920032e26
3.65358826527277e26
3.6774205628219175e26
3.700971650295981e26
3.724234770338022e26
3.7472032008492705e26
3.7698702573341864e26
3.792229295245839e26
3.814273712330747e26
3.835996950971951e26
