7.054997167968758e-14
7.070846660258047e10
1.1389258849214578e12
5.829846276859427e12
1.8708366223213855e13
4.656289432195425e13
9.880158143838945e13
1.879598711003288e14
3.303179582012913e14
5.466264354389258e14
8.629381011725786e14
1.3115436001678805e15
1.9320082705369148e15
2.7723072766040805e15
3.8900558189480195e15
5.35383092999978e15
7.244581086819933e15
9.657119602527326e15
1.2701697494795752e16
1.6505651274347068e16
2.121512084891726e16
2.69968324992088e16
3.4039941653312012e16
4.255792996541091e16
5.279055099370155e16
6.500581857174935e16
7.950203177738389e16
9.660983022405344e16
1.1669427323169382e17
1.4015693627795624e17
1.6743801798640858e17
1.9901845077639187e17
2.3542200817987034e17
2.7721740172413232e17
3.250203601858477e17
3.794956839419952e17
4.413592670767732e17
5.113800798509882e17
5.903821041017734e17
6.792462141159748e17
7.789119955103108e17
8.903794946555698e17
1.0147108912007711e18
1.1530320862864614e18
1.3065341990841897e18
1.4764749643617705e18
1.6641800238511864e18
1.8710441042879465e18
2.0985320750972677e18
2.3481798788237435e18
2.621595327536857e18
2.920458758594956e18
3.246523543314844e18
3.6016164422729446e18
3.987637801156743e18
4.406561581291986e18
4.860435219191394e18
5.351379309704544e18
5.881587107595483e18
6.453323842634768e18
7.068925843565113e18
7.73079946658494e18
8.441419824291074e18
9.203329311330727e18
1.0019135923332735e19
1.089151136601933e19
1.1823188951741106e19
1.2816961281029595e19
1.3875677707123442e19
1.5002241581794542e19
1.6199607281180228e19
1.7470777010715136e19
1.8818797388652077e19
2.0246755808063672e19
2.175777657762648e19
2.335501684190486e19
2.5041662282272797e19
2.682092260003907e19
2.869602678377123e19
3.0670218163249107e19
3.274674925291633e19
3.492887638813895e19
3.721985415802324e19
3.9622929638988235e19
4.2141336433733984e19
4.47782885206909e19
4.753697391948006e19
5.042054817835724e19
5.343212769005508e19
5.657478284287559e19
5.985153101432114e19
6.326532941498335e19
6.681906779083574e19
7.051556099249806e19
7.43575414204551e19
7.834765135562215e19
8.248843518505035e19
8.678233153295919e19
9.123166530766781e19
9.583863967537234e19
1.0060532797208207e20
1.055336655653824e20
1.1062544167803476e20
1.1588229118575703e20
1.2130568640184548e20
1.2689692886160558e20
1.3265714111985092e20
1.3858725857500668e20
1.446880213336173e20
1.509599661293037e20
1.5740341831044727e20
1.6401848391109093e20
1.7080504181974526e20
1.7776273606096627e20
1.8489096820473122e20
1.9218888991878355e20
1.996553956792379e20
2.0728911565484078e20
2.15088408780367e20
2.230513560346912e20
2.3117575393911924e20
2.3945910829158334e20
2.4789862815230257e20
2.564912200964909e20
2.6523348274964673e20
2.741217016208925e20
2.831518442497434e20
2.9231955568156777e20
3.0162015428687154e20
3.1104862793937637e20
3.205996305676761e20
3.302674790950591e20
3.4004615078184216e20
3.4992928098432116e20
3.599101613441566e20
3.699817384217177e20
3.801366127865843e20
3.9036703857805427e20
4.0066492354813926e20
4.110218295991317e20
4.2142897382741246e20
4.318772300847262e20
4.42357131067689e20
4.5285887094580694e20
4.633723085377762e20
4.738869710453057e20
4.8439205835314994e20
4.9487644790347334e20
5.0532870015206025e20
5.157370646132892e20
5.260894865001363e20
5.363736139648359e20
5.4657680594514104e20
5.5668614062044565e20
5.666884244813106e20
5.765702020152202e20
5.8631776601064315e20
5.959171684807221e20
6.053542322071288e20
6.146145629038517e20
6.236835619998575e20
6.325464400387695e20
6.411882306928702e20
6.49593805387893e20
6.577478885342248e20
6.656350733592688e20
6.732398383348601e20
6.805465641927412e20
6.875395515202155e20
6.942030389272183e20
7.005212217751364e20
7.064782714568089e20
7.120583552162423e20
7.172456564956615e20
7.220243957966115e20
7.263788520409166e20
7.302933844163954e20
7.337524546913269e20
7.367406499807577e20
7.3924270594684e20
7.412435304145027e20
7.427282273828625e20
7.436821214119115e20
7.440907823631299e20
7.439400504718363e20
7.432160617282066e20
7.419052735430783e20
7.39994490673812e20
7.374708913846872e20
7.343220538154908e20
7.305359825311998e20
7.261011352248745e20
7.210064495451495e20
7.152413700189769e20
7.08795875039576e20
7.016605038888587e20
6.938263837629387e20
6.852852567687108e20
6.760295068588532e20
6.660521866720513e20
6.553470442446571e20
6.439085495594914e20
6.317319208969914e20
6.188131509534213e20
6.051490326904726e20
5.907371848801069e20
5.7557607730820035e20
5.59665055600136e20
5.430043656312622e20
5.255951774847948e20
5.0743960891957556e20
4.8854074830987434e20
4.689026770192503e20
4.485304911704365e20
4.274303227730526e20
4.056093601709987e20
3.8307586777130985e20
3.5983920501638326e20
3.3590984456148274e20
3.112993896196668e20
2.8602059043634692e20
2.6008735985601944e20
2.3351478794386486e20
2.063191556253198e20
1.7851794730698998e20
1.5012986244274838e20
1.2117482600924047e20
9.167399785556184e19
6.164978089236234e19
3.1125828086261055e19
1.2704822601936077e17
-3.1320389572323705e19
-6.3189052653530415e19
-9.545024293576381e19
-1.2807399637830194e20
-1.610290838340192e20
-1.942830133154589e20
-2.2780203370230887e20
-2.6155113991714803e20
-2.954940795952768e20
-3.295933612733512e20
-3.63810264120446e20
-3.9810484923396456e20
-4.3243597252165344e20
-4.66761299189663e20
-5.0103731985537486e20
-5.352193683023081e20
-5.692616408931072e20
-6.031172176551472e20
-6.367380850518875e20
-6.700751604515614e20
-7.030783183033283e20
-7.356964180293829e20
-7.678773336399934e20
-7.99567985076731e20
-8.307143712875801e20
-8.612616050358308e20
-8.911539494430423e20
-9.203348562644811e20
-9.487470058938186e20
-9.763323490918983e20
-1.0030321504327259e21
-1.0287870334578249e21
-1.053537027528347e21
-1.0772216163623926e21
-1.0997797882430394e21
-1.1211500878807602e21
-1.1412706699118274e21
-1.1600793540124895e21
-1.1775136816066105e21
-1.1935109741425873e21
-1.2080083929132895e21
-1.2209430003908474e21
-1.2322518230460633e21
-1.2418719156202507e21
-1.2497404268152852e21
-1.2557946663656872e21
-1.2599721734545065e21
-1.2622107864328438e21
-1.2624487138008194e21
-1.2606246064058534e21
-1.2566776308121251e21
-1.2505475437931762e21
-1.2421747678976265e21
-1.231500468036122e21
-1.2184666290356596e21
-1.2030161341056334e21
-1.1850928441580365e21
-1.1646416779224323e21
-1.1416086927945492e21
-1.1159411663555237e21
-1.0875876784971148e21
-1.056498194086517e21
-1.0226241461026694e21
-9.859185191744086e20
-9.463359334491663e20
-9.038327287193772e20
-8.583670487322696e20
-8.098989256072305e20
-7.583903642835617e20
-7.038054269200406e20
-6.461103171664384e20
-5.8527346422584023e20
-5.2126560662547884e20
-4.540598756125973e20
-3.8363187809081124e20
-3.099597790114147e20
-2.330243831331096e20
-1.528092160627662e20
-6.930060448899216e19
1.7512244480466092e19
1.0763716496714813e20
2.0107895504639492e20
2.978393006387739e20
3.979167006596596e20
5.013063935186394e20
6.080002850607132e20
7.179868780414603e20
8.312512032285257e20
9.477747522218369e20
1.0675354120849287e21
1.1905074018796833e21
1.3166612111965734e21
1.4459635407722722e21
1.5783772452860742e21
1.7138612784261814e21
1.8523706403163495e21
1.9938563273927536e21
2.1382652848202543e21
2.2855403615364013e21
2.4356202680106426e21
2.588439536805208e21
2.743928486023085e21
2.902013185727248e21
3.062615427414191e21
3.225652696623269e21
3.391038148762126e21
3.558680588226647e21
3.7284844508926464e21
3.900349790054324e21
4.074172265883101e21
4.2498431384782467e21
4.4272492645789467e21
4.6062730980050956e21
4.786792693892301e21
4.968681716783822e21
5.151809452640368e21
5.336040824825677e21
5.521236414123802e21
5.707252482840889e21
5.893941003042058e21
6.08114968897072e21
6.268722033695212e21
6.456497350024359e21
6.64431081573088e21
6.831993523118004e21
7.019372532962112e21
7.206270932860218e21
7.392507900008551e21
7.577898768434459e21
7.762255100700837e21
7.945384764098507e21
8.127092011338618e21
8.307177565753086e21
8.485438711008015e21
8.661669385330544e21
8.835660280246416e21
9.007198943821182e21
9.176069888394387e21
9.3420547027919e21
9.504932168997718e21
9.664478383262291e21
9.820466881620674e21
9.972668769789324e21
1.0120852857406464e22
1.0264785796576716e22
1.0404232224676333e22
1.0538954911371468e22
1.066871490979723e22
1.0793271711841523e22
1.0912383407472882e22
1.1025806848047782e22
1.1133297813527965e22
1.1234611183534855e22
1.1329501112162947e22
1.141772120647064e22
1.149902470856201e22
1.1573164681169344e22
1.1639894196641482e22
1.1698966529239387e22
1.175013535063555e22
1.1793154928510247e22
1.182778032813316e22
1.1853767616814907e22
1.1870874071109057e22
1.1878858386641011e22
1.1877480890436413e22
1.1866503755617578e22
1.1845691218332888e22
1.1814809796779941e22
1.177362851217993e22
1.1721919111556671e22
1.1659456292170423e22
1.1586017927453e22
1.1501385294287101e22
1.1405343301469792e22
1.129768071919645e22
1.1178190409398602e22
1.1046669556765535e22
1.0902919900277433e22
1.0746747965073827e22
1.0577965294479473e22
1.0396388682005972e22
1.0201840403146084e22
9.99414844677421e21
9.773146745964851e21
9.538675408038485e21
9.290580943641927e21
9.028716494668905e21
8.752942060824181e21
8.463124724633396e21
8.159138874698522e21
7.840866426998529e21
7.508197044032465e21
7.161028351602017e21
6.799266153028701e21
6.422824640601073e21
6.031626604045877e21
5.625603635817026e21
5.204696332995487e21
4.768854495593777e21
4.3180373210579405e21
3.8522135947605956e21
3.3713618762784084e21
2.8754706812487084e21
2.3645386585996767e21
1.8385747629501055e21
1.2975984219750872e21
7.416396985358971e20
1.7073944737320062e20
-4.150505338356787e20
-1.0156673592530221e21
-1.6310369156858108e21
-2.2610737296133251e21
-2.905680840628749e21
-3.5647496814829156e21
-4.238159964917655e21
-4.925779577470671e21
-5.62746448043373e21
-6.343058618140354e21
-7.072393833758289e21
-7.815289792755753e21
-8.571553914209546e21
-9.340981310116769e21
-1.0123354732870486e22
-1.091844453105232e22
-1.1726008613693626e22
-1.2545792423149976e22
-1.3377528916731e22
-1.42209385572204e22
-1.5075729312418173e22
-1.59415966638303e22
-1.6818223624626534e22
-1.7705280766981022e22
-1.8602426258904809e22
-1.950930591067342e22
-2.0425553230947286e22
-2.1350789492675365e22
-2.2284623808866925e22
-2.3226653218310264e22
-2.4176462781309052e22
-2.5133625685502597e22
-2.6097703361826764e22
-2.7068245610667662e22
-2.8044790738251212e22
-2.9026865703306586e22
-3.001398627403137e22
-3.1005657195381564e22
-3.2001372366700003e22
-3.300061502969083e22
-3.4002857966737478e22
-3.500756370955678e22
-3.6014184758170857e22
-3.7022163810173328e22
-3.803093400025517e22
-3.903991914995043e22
-4.004853402755122e22
-4.105618461813511e22
-4.206226840363795e22
-4.3066174652898135e22
-4.4067284721588985e22
-4.506497236194792e22
-4.605860404220224e22
-4.704753927558315e22
-4.80311309588104e22
-4.900872571992271e22
-4.997966427531876e22
-5.0943281795866475e22
-5.1898908281928856e22
-5.2845868947146654e22
-5.378348461080899e22
-5.471107209863535e22
-5.562794465178303e22
-5.653341234388623e22
-5.742678250592485e22
-5.8307360158711644e22
-5.917444845277966e22
-6.0027349115442125e22
-6.086536290479021e22
-6.168779007038517e22
-6.249393082039355e22
-6.328308579490661e22
-6.405455654517768e22
-6.4807646018502205e22
-6.554165904845913e22
-6.62559028502246e22
-6.6949687520661e22
-6.7622326542878e22
-6.827313729495509e22
-6.890144156250819e22
-6.950656605477621e22
-7.008784292389736e22
-7.064461028703825e22
-7.117621275103287e22
-7.168200193918283e22
-7.2161337019863835e22
-7.261358523657901e22
-7.3038122439092575e22
-7.343433361527481e22
-7.380161342328098e22
-7.4139366723685836e22
-7.44470091111878e22
-7.472396744549486e22
-7.496968038099882e22
-7.518359889484192e22
-7.536518681297533e22
-7.551392133380711e22
-7.562929354903238e22
-7.571080896123821e22
-7.5757987997871e22
-7.577036652115362e22
-7.57474963335371e22
-7.56889456782696e22
-7.559429973466552e22
-7.546316110765541e22
-7.529515031119676e22
-7.508990624512638e22
-7.484708666503332e22
-7.456636864473403e22
-7.424744903092907e22
-7.3890044889623725e22
-7.3493893943895154e22
-7.305875500259089e22
-7.258440837954452e22
-7.207065630289622e22
-7.1517323314110466e22
-7.0924256656283625e22
-7.02913266513383e22
-6.96184270657046e22
-6.890547546409318e22
-6.815241355096731e22
-6.735920749932754e22
-6.652584826642535e22
-6.565235189602957e22
-6.473875980687341e22
-6.378513906691536e22
-6.279158265305409e22
-6.175820969594491e22
-6.0685165709569684e22
-5.957262280522116e22
-5.842077988957003e22
-5.72298628464885e22
-5.60001247023164e22
-5.47318457742598e22
-5.342533380162461e22
-5.208092405959226e22
-5.069897945525995e22
-4.927989060567098e22
-4.782407589757647e22
-4.6331981528673854e22
-4.480408153008553e22
-4.324087776984427e22
-4.164289993716911e22
-4.0010705507321544e22
-3.834487968684936e22
-3.664603533903102e22
-3.491481288935133e22
-3.3151880210846723e22
-3.1357932489174776e22
-2.953369206727347e22
-2.7679908269489817e22
-2.579735720506883e22
-2.388684155091076e22
-2.194919031351544e22
-1.99852585700467e22
-1.7995927188467085e22
-1.5982102526701062e22
-1.3944716110808104e22
-1.188472429215299e22
-9.80310788358275e21
-7.700871774627774e21
-5.579044525767425e21
-3.438677941808089e21
-1.28084662444384e21
8.93352495922165e20
3.08280064899272e21
5.286357733918581e21
7.50286284903498e21
9.73113484185098e21
1.1969972879126683e22
1.4218157036864935e22
1.647444891002147e22
1.8737592241728696e22
2.100631357180379e22
2.327932290430387e22
2.555531439386887e22
2.783296705058259e22
3.0110945463059438e22
3.2387900539455542e22
3.4662470266081503e22
3.693328048328366e22
3.919894567823866e22
4.145806979429669e22
4.370924705648947e22
4.595106281280459e22
4.818209439081467e22
5.040091196923034e22
5.260607946393565e22
5.479615542804663e22
5.696969396552209e22
5.912524565783713e22
6.12613585032202e22
6.337657886793695e22
6.546945244909407e22
6.753852524841802e22
6.958234455645482e22
7.1599459946621215e22
7.358842427852726e22
7.5547794709974364e22
7.747613371702457e22
7.937201012152213e22
8.123400012543965e22
8.30606883514064e22
8.485066888876887e22
8.660254634452107e22
8.831493689843404e22
8.998646936170102e22
9.16157862384087e22
9.320154478913485e22
9.474241809596238e22
9.623709612819578e22
9.7684286808053e22
9.90827170756035e22
1.0043113395221188e23
1.0172830560174589e23
1.0297302238879376e23
1.0416409793313888e23
1.053003701597277e23
1.0638070234336836e23
1.0740398414738774e23
1.083691326554763e23
1.092750933959433e23
1.1012084135760576e23
1.109053819965288e23
1.1162775223283819e23
1.1228702143682006e23
1.1288229240352793e23
1.1341270231511152e23
1.1387742369008796e23
1.1427566531877337e23
1.14606673184097e23
1.1486973136702245e23
1.1506416293580119e23
1.1518933081828978e23
1.1524463865656699e23
1.1522953164308726e23
1.1514349733761766e23
1.1498606646420709e23
1.1475681368744732e23
1.144553583672872e23
1.1408136529167356e23
1.1363454538629736e23
1.1311465640073649e23
1.1252150357029004e23
1.1185494025281404e23
1.1111486853987627e23
1.1030123984156162e23
1.0941405544426678e23
1.0845336704083925e23
1.0741927723242616e23
1.063119400014149e23
1.051315611548554e23
1.0387839873777489e23
1.0255276341580634e23
1.0115501882657238e23
9.968558189927416e22
9.814492314196145e22
9.653356689596793e22
9.48520915570225e22
9.310112976255625e22
9.128136854475001e22
8.939354944888314e22
8.743846861656896e22
8.541697683347182e22
8.332997954113352e22
8.117843681254832e22
7.896336329115588e22
7.66858280929321e22
7.4346954671291835e22
7.194792064453086e22
6.948995758556652e22
6.697435077374847e22
6.440243890854599e22
6.1775613784934714e22
5.9095319930337155e22
5.636305420298684e22
5.358036535161821e22
5.074885353641269e22
4.7870169811144155e22
4.494601556650831e22
4.197814193463379e22
3.8968349154812524e22
3.5918485900498043e22
3.283044856766117e22
2.970618052461051e22
2.6547671323420228e22
2.3356955873124632e22
2.0136113574877594e22
1.6887267419293556e22
1.361258304622381e22
1.0314267767237255e22
6.99456955111583e21
3.6557759726922467e21
3.00213125394685e20
-3.0697555021193376e21
-6.451730184819406e21
-9.843276155208879e21
-1.324192483180523e22
-1.6645175081701223e22
-2.0050494516674775e22
-2.345532082229696e22
-2.6857063119450676e22
-3.0253103357657795e22
-3.3640797739573112e22
-3.7017478175985846e22
-4.038045377063367e22
-4.372701233411949e22
-4.705442192618373e22
-5.0359932425567285e22
-5.364077712666549e22
-5.68941743621626e22
-6.0117329150794535e22
-6.33074348693768e22
-6.646167494819942e22
-6.957722458887801e22
-7.2651252503715875e22
-7.56809226756181e22
-7.866339613756636e22
-8.159583277065334e22
-8.44753931196451e22
-8.72992402250165e22
-9.006454147039779e22
-9.276847044433391e22
-9.54082088152521e22
-9.798094821850342e22
-1.0048389215433702e23
-1.0291425789563869e23
-1.052692784042548e23
-1.0754620425469968e23
-1.0974230556403964e23
-1.1185487392671927e23
-1.138812243530927e23
-1.1581869721039817e23
-1.176646601649144e23
-1.1941651012401147e23
-1.2107167517681106e23
-1.226276165321457e23
-1.2408183045251397e23
-1.2543185018270463e23
-1.2667524787176418e23
-1.2780963648696996e23
-1.288326717184684e23
-1.2974205387323044e23
-1.3053552975697056e23
-1.3121089454267398e23
-1.3176599362437373e23
-1.3219872445481708e23
-1.325070383656582e23
-1.3268894236881368e23
-1.3274250093762444e23
-1.3266583776646005e23
-1.3245713750740983e23
-1.3211464748270693e23
-1.3163667937153877e23
-1.3102161086989781e23
-1.3026788732213655e23
-1.2937402332289741e23
-1.2833860428809677e23
-1.2716028799365081e23
-1.2583780608064041e23
-1.2436996552562634e23
-1.2275565007483623e23
-1.2099382164095705e23
-1.1908352166128327e23
-1.1702387241598478e23
-1.1481407830527397e23
-1.1245342708427092e23
-1.0994129105437817e23
-1.0727712821000313e23
-1.0446048333948248e23
-1.0149098907907452e23
-9.836836691892888e22
-9.509242815994255e22
-9.166307482044958e22
-8.808030049170871e22
-8.434419114118314e22
-8.04549258626295e22
-7.641277757204656e22
-7.221811364854468e22
-6.787139651925537e22
-6.337318418740075e22
-5.8724130702689904e22
-5.392498657323597e22
-4.897659911821942e22
-4.387991276055674e22
-3.863596925886622e22
-3.3245907878063502e22
-2.7710965497934723e22
-2.203247665910415e22
-1.6211873545817457e22
-1.0250685905017105e22
-4.150540901218859e21
2.0868370932611322e21
8.459626773144003e21
1.4965910240456224e22
2.160367341057573e22
2.8370806484328035e22
3.5265104486397345e22
4.228426787025468e22
4.942590318977021e22
5.668752383763306e22
6.4066550850658685e22
7.1560313782013975e22
7.916605164036872e22
8.68809138958975e22
9.470196155305427e22
1.0262616828996724e23
1.1065042166427068e23
1.1877152438513904e23
1.2698619565124492e23
1.3529107255431744e23
1.4368271154792223e23
1.5215758998106576e23
1.607121076961344e23
1.69342588690677e23
1.7804528284247004e23
1.8681636769725882e23
1.956519503185315e23
2.045480691986277e23
2.1350069623043318e23
2.2250573873889387e23
2.3155904157148883e23
2.4065638924680026e23
2.4979350816025076e23
2.5896606884603706e23
2.6816968829424516e23
2.7739993232208787e23
2.8665231799815286e23
2.959223161185327e23
3.052053537336182e23
3.1449681672433955e23
3.237920524265692e23
3.3308637230237016e23
3.4237505465672555e23
3.5165334739834834e23
3.6091647084312404e23
3.701596205587175e23
3.7937797024880086e23
3.885666746753608e23
3.9772087261747544e23
4.068356898649338e23
4.1590624224502344e23
4.24927638680777e23
4.3389498427894486e23
4.428033834459072e23
4.516479430297381e23
4.6042377548655875e23
4.691260020693294e23
4.777497560371725e23
4.862901858832996e23
4.947424585795879e23
5.0310176283582564e23
5.113633123716089e23
5.195223491988779e23
5.2757414691301256e23
5.355140139904285e23
5.433372970905662e23
5.510393843601591e23
5.586157087376421e23
5.660617512555496e23
5.733730443387252e23
5.8054517509617885e23
5.875737886043694e23
5.944545911797221e23
6.0118335363815255e23
6.077559145393744e23
6.141681834137492e23
6.204161439694395e23
6.264958572776169e23
6.324034649334708e23
6.381351921907763e23
6.436873510677509e23
6.490563434219618e23
6.54238663992029e23
6.59230903403877e23
6.640297511392961e23
6.686319984645817e23
6.730345413170218e23
6.772343831470255e23
6.812286377136815e23
6.850145318315583e23
6.885894080665778e23
6.91950727378792e23
6.950960717099282e23
6.980231465135786e23
7.007297832259339e23
7.032139416749799e23
7.05473712426102e23
7.075073190620708e23
7.093131203954014e23
7.10889612611116e23
7.12235431337962e23
7.133493536461775e23
7.142302999699163e23
7.148773359524975e23
7.152896742126577e23
7.154666760300477e23
7.154078529482264e23
7.151128682934686e23
7.145815386077306e23
7.138138349941676e23
7.128098843736375e23
7.115699706506746e23
7.100945357874542e23
7.083841807843454e23
7.064396665656534e23
7.042619147692507e23
7.018520084388134e23
6.992111926174606e23
6.963408748416192e23
6.932426255340258e23
6.899181782947977e23
6.863694300896086e23
6.8259844133401e23
6.786074358730486e23
6.743988008553566e23
6.699750865009808e23
6.653390057622522e23
6.604934338770853e23
6.5544140781415e23
6.50186125609427e23
6.447309455937256e23
6.390793855108031e23
6.332351215258077e23
6.272019871238223e23
6.209839718983599e23
6.145852202297352e23
6.080100298533021e23
6.0126285031762395e23
5.943482813327097e23
5.8727107100852244e23
5.8003611398404666e23
5.7264844944725986e23
5.6511325904643754e23
5.574358646932913e23
5.496217262585236e23
5.416764391604206e23
5.3360573184723643e23
5.2541546317414005e23
5.171116196756096e23
5.087003127342091e23
5.001877756467677e23
4.915803605890543e23
4.82884535480115e23
4.741068807475097e23
4.6525408599475396e23
4.563329465723649e23
4.4735036005396104e23
4.3831332261894464e23
4.292289253433715e23
4.201043504006774e23
4.109468671740143e23
4.017638282819989e23
3.925626655197577e23
3.8335088571722615e23
3.741360665167223e23
3.6492585207187144e23
3.5572794867004275e23
3.465501202805121e23
3.374001840306396e23
3.282860056124014e23
3.1921549462167925e23
3.101965998327889e23
3.0123730441077212e23
2.9234562106403354e23
2.835295871399757e23
2.7479725966632817e23
2.6615671034093582e23
2.5761602047280522e23
2.4918327587728392e23
2.4086656172826648e23
2.32673957370418e23
2.2461353109439596e23
2.1669333487814217e23
2.0892139909734422e23
2.013057272082007e23
1.9385429040568122e23
1.8657502226050217e23
1.7947581333807414e23
1.725645058027233e23
1.6584888801051068e23
1.593366890940105e23
1.5303557354244433e23
1.469531357805799e23
1.41096894749847e23
1.3547428849513777e23
1.300926687607736e23
1.2495929559916059e23
1.200813319956526e23
1.1546583851316366e23
1.1111976796009195e23
1.0704996008511677e23
1.032631363024452e23
9.976589445109334e22
9.656470359178553e22
9.366589884506077e22
9.107567627417596e22
8.880008781639289e22
8.684503626622377e22
8.521627031421716e22
8.391937964484339e22
8.295979009703253e22
8.234275889090413e22
8.20733699242085e22
8.215652914198312e22
8.259695998290453e22
8.339919890579256e22
8.456759099969797e22
8.610628568097725e22
8.801923248072297e22
9.031017692589095e22
9.298265651742495e22
9.60399968086448e22
9.948530758711758e22
1.0332147916320063e23
1.075511787683851e23
1.1217684706653373e23
1.1720069478104755e23
1.2262469944095329e23
1.2845060224884095e23
1.3467990507352639e23
1.4131386757026157e23
1.4835350443123996e23
1.557995827691049e23
1.6365261963606794e23
1.7191287968121707e23
1.80580372948494e23
1.8965485281776593e23
1.991358140913285e23
2.0902249122812206e23
2.193138567278383e23
2.3000861966705065e23
2.4110522438937012e23
2.5260184935160294e23
2.644964061277524e23
2.7678653857265415e23
2.8946962214691504e23
3.025427634047719e23
3.1600279964635205e23
3.298462987357762e23
3.440695590863786e23
3.5866860981430176e23
3.7363921106156256e23
3.8897685448962496e23
4.0467676394438204e23
4.20733896293387e23
4.371429424360332e23
4.5389832848729806e23
4.709942171355568e23
4.884245091748624e23
5.06182845211982e23
5.2426260754837923e23
5.4265692223719725e23
5.613586613152284e23
5.803604452097044e23
5.996546453196557e23
6.192333867714637e23
6.390885513481256e23
6.592117805916269e23
6.795944790777255e23
7.002278178622948e23
7.211027380983176e23
7.422099548224626e23
7.63539960910059e23
7.850830311972298e23
8.0682922676874e23
8.287683994100861e23
8.508901962221702e23
8.731840643968492e23
8.95639256151489e23
9.182448338205659e23
9.4098967510223e23
9.638624784576446e23
9.86851768660816e23
1.0099459024964761e24
1.0331330746035047e24
1.0564013234612763e24
1.0797385375161704e24
1.1031324614454251e24
1.1265707025553476e24
1.150040737310858e24
1.1735299179931973e24
1.19702547948253e24
1.220514546162074e24
1.2439841389403163e24
1.2674211823877368e24
1.2908125119843942e24
1.3141448814746042e24
1.3374049703248895e24
1.3605793912812583e24
1.3836546980217812e24
1.406617392900355e24
1.4294539347774655e24
1.4521507469336636e24
1.474694225061404e24
1.4970707453307764e24
1.519266672524661e24
1.5412683682386713e24
1.5630621991412685e24
1.584634545289265e24
1.6059718084939643e24
1.6270604207330577e24
1.6478868526033522e24
1.6684376218093482e24
1.6886993016826368e24
1.708658529727025e24
1.7283020161842324e24
1.7476165526149974e24
1.7665890204903306e24
1.7852063997876702e24
1.803455777586594e24
1.8213243566587757e24
1.8387994640467726e24
1.8558685596262647e24
1.8725192446462786e24
1.8887392702419702e24
1.9045165459144693e24
1.919839147972303e24
1.934695327928884e24
1.949073520850559e24
1.9629623536496967e24
1.9763506533172873e24
1.9892274550895343e24
2.001582010542926e24
2.0134037956122775e24
2.024682518526245e24
2.0354081276548307e24
2.045570819263417e24
2.0551610451678942e24
2.0641695202854597e24
2.0725872300757101e24
2.0804054378666673e24
2.087615692060433e24
2.0942098332131957e24
2.1001800009843408e24
2.1055186409495087e24
2.1102185112724491e24
2.1142726892305918e24
2.1176745775893276e24
2.1204179108200196e24
2.1224967611568734e24
2.1239055444878248e24
2.1246390260746929e24
2.1246923260979251e24
2.1240609250213365e24
2.1227406687723146e24
2.1207277737330673e24
2.1180188315385746e24
2.1146108136769766e24
2.1105010758882595e24
2.1056873623571747e24
2.1001678096964426e24
2.0939409507163737e24
2.0870057179771896e24
2.0793614471203875e24
2.071007879975664e24
2.0619451674399493e24
2.0521738721253205e24
2.041694970772612e24
2.030509856427689e24
2.018620340377486e24
2.0060286538430375e24
1.992737449426854e24
1.978749802312156e24
1.964069211211557e24
1.9486995990630283e24
1.9326453134710185e24
1.915911126890801e24
1.898502236554269e24
1.880424264135514e24
1.861683255154721e24
1.84228567811904e24
1.8222384233992026e24
1.8015488018409392e24
1.7802245431102662e24
1.7582737937719507e24
1.7357051151006078e24
1.7125274806240487e24
1.6887502733986482e24
1.6643832830166754e24
1.6394367023457202e24
1.6139211240004314e24
1.5878475365470908e24
1.5612273204415722e24
1.5340722437014898e24
1.5063944573134932e24
1.4782064903768132e24
1.449521244984359e24
1.4203519908428512e24
1.3907123596335553e24
1.3606163391155135e24
1.3300782669731738e24
1.2991128244106104e24
1.2677350294946167e24
1.235960230249185e24
1.203804097504003e24
1.1712826174998462e24
1.138412084253755e24
1.1052090916872798e24
1.0716905255210371e24
1.0378735549391064e24
1.0037756240269041e24
9.69414442986375e23
9.348079791324622e23
8.999744476750157e23
8.649323022904454e23
8.297002254875158e23
7.942971187719905e23
7.58742092614821e23
7.230544562288164e23
6.872537071588631e23
6.513595206909025e23
6.153917390850204e23
5.793703606381773e23
5.433155285821332e23
5.072475198224538e23
4.711867335244278e23
4.3515367955195854e23
3.991689667656002e23
3.632532911860248e23
3.274274240293384e23
2.9171219962080427e23
2.561285031935396e23
2.2069725857906412e23
1.8543941579648028e23
1.5037593854729551e23
1.1552779162295207e23
8.091592823224346e22
4.65612772558782e22
1.248473043554239e22
-2.1292870495062748e22
-5.475074672977321e22
-8.786819535238855e22
-1.2062460233438573e23
-1.5299945556014556e23
-1.8497235787189152e23
-2.1652304012647267e23
-2.4763137425607954e23
-2.7827738632488454e23
-3.084412695736722e23
-3.3810339744429336e23
-3.672443365759212e23
-3.958448597649599e23
-4.238859588804444e23
-4.513488577267636e23
-4.782150248455125e23
-5.044661862482332e23
-5.3008433807191516e23
-5.550517591489316e23
-5.793510234832701e23
-6.029650126248309e23
-6.258769279336001e23
-6.480703027255203e23
-6.695290142919155e23
-6.902372957843392e23
-7.101797479567502e23
-7.293413507570094e23
-7.477074747596214e23
-7.652638924318153e23
-7.819967892250572e23
-7.978927744841272e23
-8.129388921660132e23
-8.271226313608905e23
-8.404319366075618e23
-8.528552179958322e23
-8.643813610483001e23
-8.74999736374227e23
-8.847002090882094e23
-8.93473147986447e23
-9.013094344735544e23
-9.082004712329471e23
-9.14138190633951e23
-9.191150628689345e23
-9.231241038138164e23
-9.261588826055126e23
-9.282135289300002e23
-9.292827400147549e23
-9.293617873195487e23
-9.284465229197105e23
-9.265333855760638e23
-9.236194064859843e23
-9.197022147101347e23
-9.147800422696296e23
-9.088517289085074e23
-9.019167265166312e23
-8.939751032082426e23
-8.850275470516622e23
-8.750753694457193e23
-8.641205081387609e23
-8.521655298862425e23
-8.392136327431515e23
-8.252686479876179e23
-8.103350416723872e23
-7.944179158009417e23
-7.775230091253639e23
-7.596566975631162e23
-7.408259942302934e23
-7.210385490889707e23
-7.003026482065891e23
-6.786272126255159e23
-6.560217968411347e23
-6.324965868870677e23
-6.080623980263582e23
-5.827306720476286e23
-5.565134741656333e23
-5.294234895255648e23
-5.014740193110334e23
-4.726789764556552e23
-4.430528809585312e23
-4.126108548041179e23
-3.8136861648722845e23
-3.4934247514411025e23
-3.165493242909638e23
-2.830066351712141e23
-2.4873244971337788e23
-2.1374537310147668e23
-1.780645659602058e23
-1.4170973615736007e23
-1.0470113022616193e23
-6.705952441061917e22
-2.880621533691755e22
1.0036989685517127e22
4.944778272968249e22
8.940336567937841e22
1.2988046101614217e23
1.7085532296027337e23
2.1230374896133193e23
2.5420109153304962e23
2.965222704276782e23
3.392417851442507e23
3.823337277651713e23
4.2577179611528466e23
4.6952930723730334e23
5.1357921117730166e23
5.5789410507376105e23
6.0244624754328055e23
6.472075733561459e23
6.921497083944287e23
7.372439848852355e23
7.824614569015196e23
8.277729161225679e23
8.731489078461785e23
9.185597472443253e23
9.639755358537479e23
1.0093661782930467e24
1.0547013991973512e24
1.0999507603616021e24
1.1450836780833199e24
1.1900694406954915e24
1.2348772262800822e24
1.2794761205525648e24
1.323835134907489e24
1.367923224615317e24
1.4117093071602496e24
1.4551622807088467e24
1.4982510426989974e24
1.540944508538756e24
1.5832116304043176e24
1.6250214161264491e24
1.6663429481543145e24
1.707145402585901e24
1.747398068253782e24
1.787070365855083e24
1.8261318671143464e24
1.864552313967916e24
1.9023016377584508e24
1.939349978427899e24
1.9756677036975534e24
2.0112254282233918e24
2.045994032715083e24
2.0799446830069156e24
2.1130488490688754e24
2.1452783239460824e24
2.1766052426148013e24
2.2070021007430854e24
2.23644177334437e24
2.2648975333120522e24
2.2923430698232819e24
2.3187525066001156e24
2.3441004200162655e24
2.3683618570376363e24
2.3915123529849815e24
2.4135279491068676e24
2.4343852099514585e24
2.454061240525432e24
2.4725337032285434e24
2.4897808345524006e24
2.5057814615320726e24
2.5205150179392797e24
2.5339615602059616e24
2.5461017830671305e24
2.556917034912092e24
2.5663893328331436e24
2.574501377361018e24
2.581236566876496e24
2.5865790116877084e24
2.590513547762846e24
2.593025750108072e24
2.5941019457806517e24
2.5937292265275016e24
2.591895461039439e24
2.5885893068116804e24
2.5838002216012977e24
2.5775184744724976e24
2.569735156420887e24
2.5604421905679523e24
2.5496323419173034e24
2.537299226664459e24
2.5234373210520634e24
2.508041969762785e24
2.4911093938422926e24
2.4726366981450036e24
2.452621878295527e24
2.4310638271589726e24
2.4079623408135398e24
2.3833181240191558e24
2.3571327951760755e24
2.3294088907677125e24
2.3001498692822474e24
2.269360114607802e24
2.237044938896307e24
2.203210584891487e24
2.1678642277165582e24
2.131013976117806e24
2.0926688731602105e24
2.0528388963718188e24
2.011534957333771e24
1.968768900713247e24
1.9245535027368956e24
1.878902469102665e24
1.831830432328284e24
1.7833529485348444e24
1.7334864936645437e24
1.6822484591316848e24
1.629657146906547e24
1.5757317640320444e24
1.520492416573378e24
1.4639601030013117e24
1.406156707010024e24
1.3471049897706936e24
1.2868285816226265e24
1.225351973203763e24
1.1627005060229452e24
1.0989003624765963e24
1.0339785553128375e24
9.679629165464238e23
9.008820858282274e23
8.327654982732301e23
7.636433717516128e23
6.935466936475632e23
6.22507207090963e23
5.5055739666737324e23
4.777304736121593e23
4.040603604948396e23
3.295816754001214e23
2.5432971561253856e23
1.783404408116154e23
1.0165045578528958e23
2.429699266921181e22
-5.368210727990009e22
-1.3224841236834467e23
-2.11362919598291e23
-2.9098607424024756e23
-3.710777898357162e23
-4.515974686204951e23
-5.325040223584018e23
-6.137558935752577e23
-6.953110771825216e23
-7.771271424796114e23
-8.59161255523839e23
-9.413702018564453e23
-1.0237104095729909e24
-1.1061379727262614e24
-1.1886086750492111e24
-1.27107801398562e24
-1.3535012250156508e24
-1.4358333062632705e24
-1.5180290433723718e24
-1.6000430346380986e24
-1.6818297163796853e24
-1.7633433885408986e24
-1.8445382405040736e24
-1.9253683771032862e24
-2.0057878448222986e24
-2.085750658162484e24
-2.1652108261659853e24
-2.2441223790789977e24
-2.3224393951400162e24
-2.4001160274776735e24
-2.4771065311027983e24
-2.55336528997894e24
-2.6288468441556515e24
-2.70350591694875e24
-2.7772974421515065e24
-2.850176591260704e24
-2.9220988007014624e24
-2.9930197990344934e24
-3.062895634129622e24
-3.13168270028907e24
-3.199337765304115e24
-3.265817997428735e24
-3.3310809922536434e24
-3.395084799464257e24
-3.4577879494660556e24
-3.5191494798607465e24
-3.5791289617568215e24
-3.637686525897884e24
-3.6947828885922844e24
-3.7503793774276887e24
-3.8044379567540915e24
-3.856921252919004e24
-3.907792579238487e24
-3.9570159606878687e24
-4.004556158296026e24
-4.0503786932272496e24
-4.0944498705347295e24
-4.1367368025699153e24
-4.177207432032143e24
-4.215830554642901e24
-4.2525758414294814e24
-4.2874138606027323e24
-4.320316099013907e24
-4.3512549831757445e24
-4.3802038998330836e24
-4.407137216068573e24
-4.432030298929175e24
-4.4548595345594315e24
-4.475602346827679e24
-4.494237215431581e24
-4.51074369346969e24
-4.525102424465926e24
-4.537295158834129e24
-4.5473047697701915e24
-4.555115268559436e24
-4.5607118192873137e24
-4.564080752941714e24
-4.5652095808955524e24
-4.5640870077584907e24
-4.5607029435872246e24
-4.555048515443746e24
-4.547116078291683e24
-4.536899225220903e24
-4.524392796991106e24
-4.5095928908853346e24
-4.492496868864839e24
-4.4731033650170413e24
-4.4514122922887364e24
-4.4274248484970076e24
-4.401143521610888e24
-4.3725720942970044e24
-4.341715647722973e24
-4.3085805646127066e24
-4.273174531548198e24
-4.235506540512755e24
-4.1955868896711897e24
-4.1534271833826835e24
-4.109040331442784e24
-4.0624405475511846e24
-4.013643347002499e24
-3.9626655435976976e24
-3.9095252457742785e24
-3.854241851953719e24
-3.7968360451053643e24
-3.737329786525919e24
-3.6757463088349753e24
-3.612110108186421e24
-3.546446935697245e24
-3.478783788094546e24
-3.409148897582849e24
-3.3375717209342204e24
-3.2640829278034746e24
-3.1887143882723504e24
-3.1114991596257696e24
-3.0324714723650556e24
-2.951666715462137e24
-2.8691214208605706e24
-2.784873247228496e24
-2.6989609629698823e24
-2.6114244285008444e24
-2.522304577797577e24
-2.4316433992241497e24
-2.3394839156473476e24
-2.2458701638479364e24
-2.150847173236332e24
-2.05446094388294e24
-1.9567584238723744e24
-1.8577874859920047e24
-1.7575969037659744e24
-1.6562363268450547e24
-1.5537562557649254e24
-1.4502080160839437e24
-1.34564373191383e24
-1.24011629885535e24
-1.1336793563527552e24
-1.026387259480817e24
-9.182950501779707e23
-8.094584279409692e23
-6.999337199949873e23
-5.897778509554716e23
-4.790483119964161e23
-3.678031295420107e23
-2.561008334974139e23
-1.4400042503553375e23
-3.1561343957373754e22
8.115656435751081e22
1.9409308239164605e23
3.071876543043875e23
4.2037942010129564e23
5.3360725014059866e23
6.468097799566598e23
7.599254453821517e23
8.728925179490075e23
9.856491405481318e23
1.0981333633286298e24
1.210283179815342e24
1.3220365632252444e24
1.4333315029610404e24
1.5441060412618597e24
1.6542983099896832e24
1.7638465675299545e24
1.8726892357857255e24
1.980764937242801e24
2.088012532085213e24
2.1943711553381546e24
2.2997802540174264e24
2.4041796242624004e24
2.507509448431117e24
2.6097103321349723e24
2.710723341190422e24
2.8104900384661113e24
2.9089525206021166e24
3.0060534545798626e24
3.1017361141193304e24
3.195944415882102e24
3.2886229554569207e24
3.3797170431061384e24
3.469172739250407e24
3.556936889669068e24
3.642957160394742e24
3.727182072279125e24
3.8095610352088395e24
3.8900443819485876e24
3.968583401590485e24
4.0451303725876456e24
4.1196385953502475e24
4.1920624243834056e24
4.2623572999448547e24
4.330479779202317e24
4.396387566868987e24
4.460039545297322e24
4.5213958040101335e24
4.5804176686494644e24
4.6370677293232043e24
4.6913098683296804e24
4.7431092872415215e24
4.7924325333291156e24
4.839247525305795e24
4.883523578375593e24
4.925231428566358e24
4.964343256329893e24
5.000832709392319e24
5.034674924837572e24
5.06584655040724e24
5.0943257650012e24
5.120092298362556e24
5.143127449932272e24
5.163414106858006e24
5.180936761143133e24
5.195681525921735e24
5.207636150845934e24
5.216790036572754e24
5.223134248337635e24
5.226661528602702e24
5.227366308767983e24
5.225244719934693e24
5.220294602709751e24
5.212515516041693e24
5.201908745078356e24
5.188477308037194e24
5.17222596208021e24
5.153161208185079e24
5.131291295005618e24
5.106626221714538e24
5.079177739822513e24
5.048959353967894e24
5.015986321672028e24
4.980275652055881e24
4.94184610351416e24
4.900718180343655e24
4.856914128323261e24
4.810457929243771e24
4.7613752943859834e24
4.7096936569464854e24
4.6554421634109777e24
4.598651663875537e24
4.539354701317307e24
4.477585499815972e24
4.4133799517287267e24
4.346775603821696e24
4.277811642361498e24
4.206528877171293e24
4.132969724656156e24
4.057178189803673e24
3.9791998471656105e24
3.899081820827775e24
3.816872763375501e24
3.7326228338628457e24
3.6463836747943556e24
3.558208388128699e24
3.468151510314081e24
3.3762689863664804e24
3.282618143001358e24
3.1872576608312067e24
3.090247545641087e24
2.991649098755439e24
2.891524886509643e24
2.78993870884081e24
2.686955567012316e24
2.5826416304879995e24
2.477064202971535e24
2.3702916876277726e24
2.2623935515032602e24
2.153440289163379e24
2.0435033855645773e24
1.932655278180215e24
1.8209693183994046e24
1.70851973221881e24
1.5953815802472886e24
1.4816307170445974e24
1.3673437498151535e24
1.2525979964787934e24
1.1374714431405829e24
1.0220427009825544e24
9.063909626001475e23
7.905959578073938e23
6.747379089343182e23
5.5889748564113765e23
4.431557592740844e23
3.275941567877878e23
2.12294414259904e23
9.733853002368326e22
-1.7191282555302514e22
-1.3121264263156359e23
-2.446430497348365e23
-3.57399931900418e23
-4.694006940476318e23
-5.8056276657854756e23
-6.908036541692197e23
-8.000409847253085e23
-9.081925584734911e23
-1.0151763971605271e24
-1.1209107933309237e24
-1.2253143596544835e24
-1.3283060782745454e24
-1.4298053501478997e24
-1.5297320443469067e24
-1.6280065472947085e24
-1.724549811903531e24
-1.819283406587168e24
-1.9121295641176108e24
-2.0030112302963257e24
-2.091852112410582e24
-2.1785767274451455e24
-2.2631104500197365e24
-2.3453795600227838e24
-2.425311289911664e24
-2.502833871650408e24
-2.5778765832552147e24
-2.6503697949186496e24
-2.7202450146834556e24
-2.7874349336369476e24
-2.8518734705972714e24
-2.913495816262956e24
-2.9722384767971313e24
-3.028039316818553e24
-3.0808376017712926e24
-3.130574039645404e24
-3.1771908220211747e24
-3.220631664409916e24
-3.2608418458642557e24
-3.297768247831814e24
-3.331359392225512e24
-3.361565478685417e24
-3.388338421006177e24
-3.4116318827051693e24
-3.4314013117069454e24
-3.4476039741193467e24
-3.4601989870781505e24
-3.46914735063614e24
-3.474411978674706e24
-3.4759577288147916e24
-3.4737514313060483e24
-3.467761916872397e24
-3.4579600434933857e24
-3.4443187221013917e24
-3.42681294117445e24
-3.405419790206222e24
-3.3801184820340473e24
-3.3508903740078236e24
-3.3177189879816907e24
-3.280590029112709e24
-3.2394914034498085e24
-3.194413234298014e24
-3.145347877343534e24
-3.092289934524921e24
-3.035236266638067e24
-2.9741860046613354e24
-2.9091405597899713e24
-2.84010363216778e24
-2.7670812183059835e24
-2.6900816171799005e24
-2.609115434993638e24
-2.524195588605642e24
-2.435337307606603e24
-2.3425581350442052e24
-2.2458779267876083e24
-2.145318849527824e24
-2.0409053774086629e24
-1.9326642872851474e24
-1.8206246526071842e24
-1.7048178359254231e24
-1.585277480019712e24
-1.462039497648362e24
-1.3351420599203008e24
-1.2046255832899894e24
-1.0705327151787844e24
-9.32908318224592e23
-7.917994531641581e23
-6.472553603531914e23
-4.993274399286065e23
-3.480692306208034e23
-1.935363872215401e23
-3.578665671703718e22
1.2512014690617998e23
2.8912216917246717e23
4.561555429342522e23
6.26154417485283e23
7.990509889560792e23
9.747755319804281e23
1.1532564326173753e24
1.334420222515963e24
1.5181916143055716e24
1.7044935381972115e24
1.8932471797781668e24
2.0843720189817723e24
2.2777858702152827e24
2.4734049236247375e24
2.671143787478764e24
2.870915531648621e24
3.0726317321649547e24
3.2762025168272054e24
3.4815366118441547e24
3.688541389481559e24
3.897122916691752e24
4.1071860047018814e24
4.318634259533124e24
4.531370133426572e24
4.7452949771468617e24
4.960309093137557e24
5.176311789499349e24
5.393201434761744e24
5.610875513420318e24
5.829230682207645e24
6.048162827069393e24
6.267567120812467e24
6.487338081395659e24
6.707369630828743e24
6.927555154648937e24
7.147787561941176e24
7.36795934586791e24
7.587962644676156e24
7.807689303145398e24
8.027030934443677e24
8.245878982354665e24
8.464124783842183e24
8.681659631914497e24
8.898374838753697e24
9.114161799073132e24
9.328912053665488e24
9.542517353106128e24
9.754869721572501e24
9.965861520744185e24
1.0175385513743985e25
1.038333492908381e25
1.0589603524576805e25
1.0794085651177003e25
1.0996676316709815e25
1.1197271249453256e25
1.1395766961533436e25
1.1592060812094107e25
1.1786051070203683e25
1.1977636977459653e25
1.2166718810253372e25
1.2353197941656443e25
1.25369769028899e25
1.2717959444339438e25
1.2896050596077043e25
1.3071156727852854e25
1.3243185608517948e25
1.3412046464842182e25
1.3577650039688288e25
1.3739908649506416e25
1.3898736241111884e25
1.40540484477092e25
1.4205762644127342e25
1.435379800122902e25
1.4498075539459968e25
1.4638518181501661e25
1.4775050803993955e25
1.490760028829286e25
1.5036095570229247e25
1.5160467688836109e25
1.5280649834010267e25
1.5396577393077318e25
1.5508187996226963e25
1.5615421560788322e25
1.5718220334313654e25
1.5816528936441021e25
1.5910294399506236e25
1.5999466207874704e25
1.6083996335965822e25
1.616383928494144e25
1.6238952118032354e25
1.63092944944759e25
1.637482870204001e25
1.6435519688108242e25
1.649133508930251e25
1.6542245259620181e25
1.6588223297062789e25
1.6629245068735734e25
1.6665289234397199e25
1.6696337268437437e25
1.6722373480268638e25
1.6743385033107794e25
1.675936196113516e25
1.6770297185011867e25
1.6776186525741498e25
1.6777028716861096e25
1.6772825414948005e25
1.6763581208429953e25
1.6749303624686977e25
1.6730003135434248e25
1.6705693160376405e25
1.667639006912464e25
1.6642113181368735e25
1.6602884765297856e25
1.6558730034263902e25
1.6509677141683275e25
1.645575717417331e25
1.6397004142920861e25
1.6333454973281671e25
1.6265149492609999e25
1.6192130416319033e25
1.6114443332174313e25
1.603213668282207e25
1.5945261746557104e25
1.5853872616334533e25
1.5758026177031718e25
1.5657782080967185e25
1.5553202721684521e25
1.5444353206010959e25
1.53313013244e25
1.5214117519570167e25
1.509287485345164e25
1.4967648972454626e25
1.483851807107342e25
1.4705562853842282e25
1.4568866495658908e25
1.4428514600493815e25
1.4284595158503795e25
1.4137198501569034e25
1.3986417257274963e25
1.383234630135991e25
1.3675082708651826e25
1.351472570251709e25
1.3351376602846481e25
1.318513877260384e25
1.3016117562963538e25
1.2844420257064873e25
1.2670156012411158e25
1.2493435801943442e25
1.2314372353818434e25
1.2133080089922446e25
1.1949675063152595e25
1.1764274893498765e25
1.1576998702959718e25
1.1387967049327526e25
1.1197301858876503e25
1.100512635799159e25
1.0811565003774284e25
1.0616743413662487e25
1.0420788294103653e25
1.0223827368319802e25
1.002598930320388e25
9.827403635388675e24
9.628200696528332e24
9.428511537835196e24
9.228467853913164e24
9.028201905931609e24
8.827846444181841e24
8.627534630061794e24
8.427399957531688e24
8.22757617408657e24
8.028197201291193e24
7.829397054922257e24
7.631309764765311e24
7.434069294111651e24
7.23780945900371e24
7.042663847274772e24
6.84876573743104e24
6.65624801742501e24
6.465243103366378e24
6.275882858219992e24
6.088298510539445e24
5.902620573284062e24
5.718978762769232e24
5.537501917797673e24
5.358317919022176e24
5.181553608587134e24
5.00733471009939e24
4.835785748976406e24
4.6670299732211155e24
4.50118927467265e24
4.3383841107809847e24
4.1787334269550035e24
4.0223545795319004e24
3.8693632594166165e24
3.719873416439099e24
3.573997184477386e24
3.431844807394316e24
3.293524565834535e24
3.1591427049295033e24
3.0288033629561395e24
2.902608500996364e24
2.7806578336420984e24
2.6630487607920177e24
2.549876300584175e24
2.441233023509035e24
2.3372089877468546e24
2.23789167577202e24
2.143365932267724e24
2.0537139033920807e24
1.969014977437704e24
1.889345726924831e24
1.81477985216836e24
1.7453881263576108e24
1.6812383421874663e24
1.6223952600784852e24
1.5689205580228004e24
1.5208727830918366e24
1.4783073046409062e24
1.4412762692450915e24
1.409828557399633e24
1.3840097420172857e24
1.3638620487541688e24
1.3494243181944815e24
1.3407319699237504e24
1.337816968518894e24
1.3407077914826994e24
1.3494293991490076e24
1.3640032065839294e24
1.3844470575072736e24
1.4107752002573497e24
1.442998265820924e24
1.4811232479493625e24
1.52515348538032e24
1.5750886461836984e24
1.6309247142488174e24
1.6926539779291553e24
1.7602650208590874e24
1.8337427149564972e24
1.91306821562348e24
1.9982189591558724e24
2.0891686623719405e24
2.1858873244680305e24
2.288341231108986e24
2.3964929607585645e24
2.510301393254913e24
2.6297217206341015e24
2.754705460203419e24
2.88520046986541e24
3.021150965691321e24
3.162497541742453e24
3.3091771921351667e24
3.461123335345543e24
3.618265840746597e24
3.7805310573713436e24
3.947841844892219e24
4.120117606806633e24
4.297274325817537e24
4.479224601395167e24
4.6658776895066086e24
4.85713954449647e24
5.052912863102707e24
5.253097130588263e24
5.457588668969414e24
5.66628068731986e24
5.879063334127537e24
6.095823751681577e24
6.316446132463238e24
6.540811777515847e24
6.768799156764947e24
7.000283971261098e24
7.235139217314404e24
7.473235252489663e24
7.714439863430296e24
7.958618335476105e24
8.205633524041407e24
8.455345927715958e24
8.707613763052843e24
8.962293041003727e24
9.219237644962606e24
9.478299410377553e24
9.73932820588787e24
1.0002172015945165e25
1.0266677024873065e25
1.0532687702322174e25
1.0800046890072987e25
1.1068595890141487e25
1.1338174554137844e25
1.1608621373831264e25
1.1879773572870423e25
1.2151467199608789e25
1.242353722098459e25
1.2695817617401849e25
1.2968141478561214e25
1.3240341100184964e25
1.3512248081583582e25
1.3783693424007765e25
1.405450762972994e25
1.4324520801799722e25
1.459356274441506e25
1.4861463063852728e25
1.5128051269898796e25
1.539315687772122e25
1.565660951012479e25
1.5918239000129356e25
1.617787549381093e25
1.6435349553345047e25
1.6690492260192399e25
1.694313531836453e25
1.719311115770967e25
1.7440253037155347e25
1.7684395147847904e25
1.7925372716125311e25
1.816302210626228e25
1.8397180922925068e25
1.8627688113273468e25
1.8854384068648474e25
1.907711072578257e25
1.9295711667470964e25
1.9510032222641426e25
1.971991956576097e25
1.992522281551736e25
2.0125793132713863e25
2.0321483817316125e25
2.0512150404589656e25
2.0697650760267805e25
2.087784517468885e25
2.105259645584329e25
2.1221770021270865e25
2.138523398874863e25
2.154285926571129e25
2.1694519637345676e25
2.1840091853302124e25
2.1979455712965275e25
2.2112494149228676e25
2.223909331071726e25
2.2359142642402825e25
2.2472534964558595e25
2.257916654999935e25
2.267893719955481e25
2.2771750315724585e25
2.2857512974463754e25
2.293613599504966e25
2.3007534007980665e25
2.307162552085931e25
2.31283329822128e25
2.3177582843205057e25
2.321930561719599e25
2.3253435937103766e25
2.327991261052833e25
2.3298678672594164e25
2.3309681436473146e25
2.3312872541547685e25
2.3308207999177482e25
2.329564823603293e25
2.327515813496047e25
2.324670707334668e25
2.321026895894777e25
2.3165822263155127e25
2.311335005166573e25
2.305284001253115e25
2.2984284481556933e25
2.2907680465028757e25
2.2823029659740626e25
2.273033847030345e25
2.2629618023713984e25
2.2520884181163954e25
2.2404157547073444e25
2.2279463475331078e25
2.2146832072728486e25
2.200629819957504e25
2.185790146748234e25
2.1701686234309955e25
2.153770159626288e25
2.136600137713703e25
2.1186644114705966e25
2.09996930442486e25
2.080521607921462e25
2.06032857890305e25
2.0393979374046853e25
2.0177378637631783e25
1.995356995541709e25
1.9722644241702764e25
1.9484696913031656e25
1.9239827848942482e25
1.8988141349916918e25
1.8729746092532034e25
1.8464755081837243e25
1.8193285600971319e25
1.7915459158039717e25
1.7631401430274728e25
1.7341242205498753e25
1.70451153209185e25
1.6743158599273104e25
1.6435513782367447e25
1.61223264620175e25
1.5803746008440266e25
1.5479925496122058e25
1.5151021627197115e25
1.4817194652375965e25
1.4478608289457717e25
1.4135429639469244e25
1.378782910046839e25
1.3435980279057072e25
1.3080059899645476e25
1.2720247711513724e25
1.2356726393719047e25
1.1989681457893968e25
1.16193011489888e25
1.1245776344005775e25
1.0869300448781285e25
1.0490069292866048e25
1.0108281022562434e25
9.724135992172118e24
9.33783665351322e24
8.949587443767129e24
8.559594671712114e24
8.168066402408987e24
7.775212340397256e24
7.381243711469554e24
6.986373143085552e24
6.590814543492676e24
6.194782979621576e24
5.798494553820832e24
5.402166279503678e24
5.0060159557721e24
4.610262041092877e24
4.2151235260928407e24
3.8208198055491593e24
3.427570549644354e24
3.0355955745608526e24
2.64511471249038e24
2.256347681129839e24
1.8695139527429696e24
1.484832622859541e24
1.1025222786926187e24
7.22800867346513e23
3.4588556389666095e23
-2.800736058417024e22
-3.986626709741692e23
-7.658662999459279e23
-1.12940547962967e24
-1.4890688730139264e24
-1.844646705008859e24
-2.1959308930896248e24
-2.542715177444096e24
-2.884795250544753e24
-3.22196888606489e24
-3.5540360670633945e24
-3.880799113355901e24
-4.202062807997729e24
-4.5176345227968704e24
-4.8273243427827414e24
-5.130945189549863e24
-5.428312943402073e24
-5.719246564219534e24
-6.003568210971262e24
-6.281103359800197e24
-6.551680920602323e24
-6.81513335202895e24
-7.071296774834686e24
-7.320011083501551e24
-7.561120056063524e24
-7.794471462062568e24
-8.019917168564389e24
-8.237313244163009e24
-8.446520060907935e24
-8.647402394082667e24
-8.839829519770962e24
-9.023675310141911e24
-9.198818326391559e24
-9.365141909276366e24
-9.522534267175443e24
-9.67088856162228e24
-9.81010299024383e24
-9.940080867050565e24
-1.0060730700017982e25
-1.0171966265906087e25
-1.0273706682260106e25
-1.0365876476541317e25
-1.0448405652335826e25
-1.052122975259046e25
-1.0584289919829639e25
-1.063753295330375e25
-1.068091136302651e25
-1.0714383420655507e25
-1.0737913207176438e25
-1.0751470657348886e25
-1.0755031600877143e25
-1.0748577800268629e25
-1.0732096985345407e25
-1.0705582884376517e25
-1.066903525179924e25
-1.062245989250153e25
-1.0565868682637151e25
-1.0499279586949554e25
-1.0422716672580667e25
-1.0336210119342954e25
-1.0239796226437154e25
-1.0133517415596276e25
-1.001742223064272e25
-9.89156533344399e24
-9.756007496257035e24
-9.610815590451463e24
-9.456062571605145e24
-9.291827460967923e24
-9.118195323289779e24
-8.935257241013926e24
-8.743110284835943e24
-8.541857480633062e24
-8.331607772769267e24
-8.112475983784601e24
-7.884582770478341e24
-7.648054576399612e24
-7.40302358075849e24
-7.1496276437755e24
-6.888010248487696e24
-6.618320439032742e24
-6.340712755433837e24
-6.055347164911059e24
-5.76238898974599e24
-5.462008831730266e24
-5.154382493228371e24
-4.83969089488933e24
-4.51811999004284e24
-4.1898606758177616e24
-3.8551087010229464e24
-3.514064570832515e24
-3.166933448319125e24
-2.813925052882461e24
-2.455253555619303e24
-2.0911374716866047e24
-1.7217995497085818e24
-1.3474666582823463e24
-9.683696696371071e23
-5.847433405053473e23
-1.9682619026431567e23
1.9513962358940282e23
5.9090843257065146e23
9.902311868764066e23
1.392855587529621e24
1.7985262209288258e24
2.206984695732696e24
2.617969782009083e24
3.0312175525750713e24
3.4464615264528743e24
3.863432814367039e24
4.2818602662038137e24
4.701470620354997e24
5.121988654864917e24
5.543137340299828e24
5.964637994256273e24
6.386210437423795e24
6.807573151117658e24
7.228443436194161e24
7.648537573261297e24
8.067570984095523e24
8.485258394175751e24
8.9013139962427e24
9.315451614793523e24
9.727384871417009e24
1.013682735087848e25
1.0543492767858708e25
1.0947095134252363e25
1.1347348926931113e25
1.1743969255874473e25
1.2136672032572677e25
1.2525174138604088e25
1.2909193594289141e25
1.3288449727323952e25
1.366266334129461e25
1.403155688397395e25
1.4394854615301865e25
1.475228277495065e25
1.5103569749375901e25
1.5448446238254989e25
1.5786645420212287e25
1.6117903117734456e25
1.6441957961175334e25
1.6758551551752662e25
1.7067428623438019e25
1.736833720364206e25
1.7661028772597315e25
1.7945258421341752e25
1.8220785008205162e25
1.8487371313703881e25
1.8744784193746894e25
1.8992794731058958e25
1.9231178384726443e25
1.945971513777226e25
1.9678189642668003e25
1.9886391364689925e25
2.0084114723030187e25
2.0271159229571666e25
2.0447329625238883e25
2.0612436013836684e25
2.076629399329046e25
2.0908724784203056e25
2.1039555355643878e25
2.1158618548087835e25
2.12657531934228e25
2.1360804231946294e25
2.1443622826272065e25
2.151406647207101e25
2.1571999105570283e25
2.1617291207737277e25
2.1649819905077616e25
2.1669469066974807e25
2.167612939950605e25
2.166969853566497e25
2.1650081121928867e25
2.1617188901106117e25
2.157094079140356e25
2.151126296165575e25
2.14380889026578e25
2.13513594945489e25
2.125102307019218e25
2.1137035474502617e25
2.1009360119672295e25
2.086796803624967e25
2.0712837920027066e25
2.0543956174695583e25
2.0361316950229774e25
2.016492217696226e25
1.995478159531777e25
1.9730912781170898e25
1.9493341166801563e25
1.924210005741789e25
1.897723064322509e25
1.8698782007015854e25
1.8406811127263567e25
1.8101382876702872e25
1.7782570016380033e25
1.74504531851653e25
1.7105120884713822e25
1.6746669459872846e25
1.637520307452775e25
1.5990833682887029e25
1.5593680996209037e25
1.5183872444970873e25
1.476154313649063e25
1.43268358080076e25
1.3879900775237259e25
1.3420895876410824e25
1.294998641182157e25
1.2467345078893907e25
1.1973151902799702e25
1.1467594162648548e25
1.0950866313276103e25
1.042316990266619e25
9.884713485034644e24
9.335712529616195e24
8.776389325187495e24
8.206972880372632e24
7.627698819770866e24
7.038809275954119e24
6.4405527773852e24
5.833184132303521e24
5.216964308637784e24
4.592160309996143e24
3.959045047798386e24
3.3178972096065595e24
2.669001123720013e24
2.0126466201020746e24
1.3491288877025246e24
6.78748328252213e23
1.8104065966286066e21
-6.813745023502283e23
-1.3704912699603822e24
-2.0652201734696182e24
-2.7652370587009265e24
-3.470213505848791e24
-4.179816998235981e24
-4.893711093960173e24
-5.611555600334559e24
-6.333006751037044e24
-7.057717385868441e24
-7.785337133030074e24
-8.515512593818429e24
-9.247887529642299e24
-9.982103051260437e24
-1.0717797810135415e25
-1.145460819180527e25
-1.219216851116148e25
-1.2930111209533575e25
-1.3668067053465375e25
-1.4405665335079794e25
-1.5142534073918917e25
-1.587830022014594e25
-1.6612589859001158e25
-1.734502841639193e25
-1.807524086550798e25
-1.8802851934340203e25
-1.9527486313991787e25
-2.0248768867659005e25
-2.0966324840167585e25
-2.1679780067943734e25
-2.2388761189298816e25
-2.309289585491156e25
-2.3791812938382037e25
-2.4485142746741797e25
-2.5172517230793e25
-2.5853570195160908e25
-2.6527937507932125e25
-2.7195257309760954e25
-2.785517022232028e25
-2.8507319555972877e25
-2.915135151654572e25
-2.9786915411080365e25
-3.0413663852442287e25
-3.1031252962664116e25
-3.1639342574904648e25
-3.223759643390223e25
-3.2825682394801002e25
-3.3403272620233555e25
-3.3970043775538025e25
-3.4525677221994977e25
-3.5069859207962807e25
-3.560228105780007e25
-3.612263935845428e25
-3.6630636143606937e25
-3.7125979075259444e25
-3.7608381622646747e25
-3.8077563238371033e25
-3.8533249531641355e25
-3.897517243851523e25
-3.940307038903151e25
-3.981668847113214e25
-4.021577859126621e25
-4.060009963157626e25
-4.096941760356497e25
-4.132350579814331e25
-4.1662144931964135e25
-4.1985123289944456e25
-4.229223686388503e25
-4.2583289487094035e25
-4.285809296492708e25
-4.311646720115609e25
-4.335824032008112e25
-4.3583248784304295e25
-4.379133750808317e25
-4.3982359966187555e25
-4.415617829818221e25
-4.431266340806357e25
-4.4451695059178515e25
-4.457316196435773e25
-4.467696187119751e25
-4.476300164242692e25
-4.483119733130011e25
-4.488147425195588e25
-4.491376704468954e25
-4.492801973608511e25
-4.492418579395816e25
-4.49022281770632e25
-4.48621193795219e25
-4.480384146993125e25
-4.472738612511489e25
-4.463275465848154e25
-4.451995804296046e25
-4.43890169284841e25
-4.423996165399354e25
-4.40728322539435e25
-4.388767845928767e25
-4.368455969292984e25
-4.346354505962502e25
-4.322471333032416e25
-4.296815292095276e25
-4.269396186562302e25
-4.240224778427643e25
-4.209312784476318e25
-4.1766728719361534e25
-4.142318653574921e25
-4.106264682243896e25
-4.0685264448693256e25
-4.029120355893999e25
-3.988063750170875e25
-3.945374875311676e25
-3.901072883493052e25
-3.8551778227238075e25
-3.807710627576612e25
-3.758693109388033e25
-3.7081479459312977e25
-3.656098670565997e25
-3.602569660869918e25
-3.5475861267577686e25
-3.491174098092646e25
-3.433360411795702e25
-3.3741726984602184e25
-3.3136393684766243e25
-3.251789597674724e25
-3.1886533124907087e25
-3.1242611746655955e25
-3.0586445654832926e25
-2.99183556955557e25
-2.923866958162604e25
-2.8547721721571725e25
-2.784585304441267e25
-2.713341082024382e25
-2.6410748476722077e25
-2.567822541155879e25
-2.493620680110882e25
-2.4185063405163106e25
-2.342517136804092e25
-2.265691201609341e25
-2.188067165172089e25
-2.109684134401514e25
-2.0305816716142794e25
-1.9507997729576664e25
-1.870378846529948e25
-1.7893596902091715e25
-1.7077834692030334e25
-1.625691693331609e25
-1.54312619405556e25
-1.4601291012627192e25
-1.3767428198252615e25
-1.2930100059411607e25
-1.2089735432723225e25
-1.1246765188934247e25
-1.04016219906418e25
-9.554740048392838e24
-8.706554875292131e24
-7.857503040258734e24
-7.008021920074255e24
-6.158549450355755e24
-5.309523875603391e24
-4.4613834984575777e24
-3.61456642831643e24
-2.7695103294501094e24
-1.9266521687642514e24
-1.0864279633520608e24
-2.4927252798327007e23
5.843807773212466e23
1.414100299488368e24
2.239456344210778e24
3.060021427244662e24
3.875370525032338e24
4.6850813245083997e24
5.488734471940376e24
6.285913820653093e24
7.076206677497637e24
7.859204047909953e24
8.634500879420881e24
9.401696303464733e24
1.0160393875348663e25
1.0910201812231859e25
1.1650733228976299e25
1.238160637172445e25
1.3102444849060058e25
1.381287786061664e25
1.4512540422987592e25
1.520107359280634e25
1.5878124686852583e25
1.6543347499056022e25
1.7196402514256047e25
1.7836957118590788e25
1.8464685806381644e25
1.9079270383382152e25
1.968040016626833e25
2.026777217823877e25
2.0841091340606697e25
2.1400070660256128e25
2.19444314128472e25
2.247390332165102e25
2.2988224731896982e25
2.3487142780523656e25
2.3970413561217527e25
2.4437802284636315e25
2.4889083433706277e25
2.5324040913895083e25
2.5742468198355248e25
2.614416846784408e25
2.6528954745323515e25
2.6896650025146464e25
2.724708739674399e25
2.7580110162722634e25
2.7895571951293175e25
2.8193336822946417e25
2.8473279371303155e25
2.8735284818060654e25
2.8979249101968245e25
2.920507896176344e25
2.9412692013003812e25
2.960201681873671e25
2.9772992953946672e25
2.992557106372969e25
3.005971291514249e25
3.0175391442681224e25
3.027259078734674e25
3.0351306329256027e25
3.0411544713766446e25
3.045332387107825e25
3.047667302928984e25
3.0481632720878897e25
3.0468254782591094e25
3.043660234871744e25
3.038674983774893e25
3.0318782932398454e25
3.0232798552984623e25
3.012890482417691e25
3.000722103510255e25
2.9867877592825065e25
2.9711015969200313e25
2.953678864112754e25
2.934535902421166e25
2.9136901399859455e25
2.891160083583523e25
2.8669653100305438e25
2.8411264569406313e25
2.813665212837157e25
2.784604306626166e25
2.7539674964339805e25
2.7217795578143707e25
2.6880662713305813e25
2.6528544095178832e25
2.6161717232326965e25
2.578046927394586e25
2.5385096861282267e25
2.4975905973120736e25
2.4553211765415726e25
2.411733840514678e25
2.3668618898479325e25
2.3207394913316867e25
2.2734016596334843e25
2.2248842384587864e25
2.175223881178795e25
2.124458030935252e25
2.072624900232604e25
2.019763450028079e25
1.965913368330725e25
1.9111150483206311e25
1.855409565999778e25
1.7988386573868599e25
1.7414446952676083e25
1.6832706655136516e25
1.624360142982342e25
1.564757267010799e25
1.5045067165173211e25
1.4436536847238263e25
1.3822438535132007e25
1.3203233674354962e25
1.2579388073774946e25
1.1951371639100054e25
1.1319658103278916e25
1.0684724753976134e25
1.0047052158277352e25
9.407123884776638e24
8.765426223201349e24
8.122447901737352e24
7.478679802207312e24
6.834614673269301e24
6.19074684179549e24
5.547571922597431e24
4.905586526661975e24
4.2652879680670415e24
3.627173969743908e24
2.991742368256565e24
2.3594908177689238e24
1.7309164933701909e24
1.1065157939323216e24
4.867840446710378e23
-1.2778480041452233e23
-7.366984560500237e23
-1.3394666029688625e24
-1.935601184789933e24
-2.524616704322007e24
-3.106030519113704e24
-3.679363136076839e24
-4.244138505006403e24
-4.799884310823218e24
-5.346132264363575e24
-5.882418391542208e24
-6.408283320714459e24
-6.923272568064225e24
-7.42693682084554e24
-7.918832218305607e24
-8.398520630118859e24
-8.865569932161634e24
-9.319554279460549e24
-9.760054376143079e24
-1.0186657742229363e25
-1.059895897709672e25
-1.099656001945498e25
-1.1379070403671094e25
-1.1746107512282752e25
-1.2097296824543202e25
-1.243227216084115e25
-1.2750675922841347e25
-1.3052159329193939e25
-1.3336382646663122e25
-1.3603015416526616e25
-1.3851736676102147e25
-1.4082235175256863e25
-1.4294209587760656e25
-1.4487368717345876e25
-1.4661431698337242e25
-1.481612819072261e25
-1.4951198569533435e25
-1.506639410841057e25
-1.51614771572309e25
-1.523622131367728e25
-1.5290411588632744e25
-1.5323844565288567e25
-1.5336328551853793e25
-1.5327683727762463e25
-1.5297742283273718e25
-1.524634855236663e25
-1.5173359138834963e25
-1.5078643035488062e25
-1.4962081736372895e25
-1.4823569341930285e25
-1.466301265700722e25
-1.4480331281648478e25
-1.4275457694594668e25
-1.404833732942122e25
-1.3798928643250281e25
-1.3527203177980979e25
-1.3233145613977298e25
-1.2916753816167642e25
-1.2578038872504136e25
-1.2217025124744258e25
-1.1833750191512455e25
-1.1428264983609929e25
-1.1000633711545248e25
-1.0550933885256215e25
-1.0079256306009349e25
-9.585705050454014e24
-9.070397446827872e24
-8.533464043299538e24
-7.975048568453595e24
-7.395307883915183e24
-6.794411929123745e24
-6.172543658269973e24
-5.529898969407075e24
-4.866686625764753e24
-4.1831281692839714e24
-3.4794578264108387e24
-2.755922406178348e24
-2.0127811906182174e24
-1.25030581754993e24
-4.6878015578921196e23
3.314998271622255e23
1.1502262048962286e24
1.9870792392756727e24
2.8417275349516313e24
3.713828201140004e24
4.6030270205884307e24
5.508958625650509e24
6.431246681379154e24
7.369504075557664e24
8.323333115565423e24
9.292325731990349e24
1.027606368887625e25
1.1274118800508935e25
1.2286053154621044e25
1.3311419341909208e25
1.4349760691742164e25
1.5400611513934349e25
1.6463497346466526e25
1.7537935209014158e25
1.8623433862159672e25
1.971949407214133e25
2.0825608881005894e25
2.1941263882017205e25
2.3065937500169533e25
2.419910127766246e25
2.5340220164172328e25
2.6488752811773122e25
2.7644151874334894e25
2.8805864311246665e25
2.997333169528574e25
3.1145990524472677e25
3.2323272537735623e25
3.3504605034204198e25
3.4689411195965432e25
3.587711041408889e25
3.706711861774999e25
3.825884860625529e25
3.945171038379296e25
4.0645111496708945e25
4.183845737312555e25
4.303115166470599e25
4.422259659036618e25
4.541219328174591e25
4.659934213023038e25
4.7783443135333435e25
4.8963896254230794e25
5.014010175224974e25
5.131146055410892e25
5.2477374595699495e25
5.363724717621257e25
5.479048331039535e25
5.593649008074097e25
5.707467698939421e25
5.8204456309576415e25
5.932524343631154e25
6.043645723625466e25
6.153752039641072e25
6.262785977153399e25
6.370690673000781e25
6.477409749798852e25
6.582887350161662e25
6.687068170707946e25
6.789897495833044e25
6.891321231224989e25
6.991285937105313e25
7.089738861173934e25
7.18662797123777e25
7.28190198750382e25
7.375510414516e25
7.46740357271694e25
7.557532629614394e25
7.645849630533638e25
7.732307528936424e25
7.816860216287315e25
7.899462551449337e25
7.98007038958971e25
8.058640610578148e25
8.135131146859009e25
8.209501010780306e25
8.281710321361435e25
8.351720330482941e25
8.41949344848131e25
8.484993269131936e25
8.548184594004541e25
8.609033456174545e25
8.667507143275325e25
8.72357421987558e25
8.777204549167488e25
8.828369313950548e25
8.877041036897416e25
8.923193600087811e25
8.96680226379691e25
9.00784368452574e25
9.046295932260435e25
9.082138506948767e25
9.115352354181823e25
9.145919880069795e25
9.173824965301008e25
9.19905297837367e25
9.221590787990699e25
9.241426774607829e25
9.258550841126386e25
9.272954422721871e25
9.284630495800645e25
9.293573586076934e25
9.2997797757633e25
9.303246709868001e25
9.303973601593144e25
9.301961236828276e25
9.297211977734174e25
9.289729765412732e25
9.279520121658605e25
9.266590149789456e25
9.25094853455181e25
9.232605541100183e25
9.211573013047715e25
9.187864369586942e25
9.161494601680062e25
9.132480267318475e25
9.100839485851939e25
9.066591931388277e25
9.029758825265065e25
8.990362927595294e25
8.948428527889625e25
8.903981434758219e25
8.857048964695816e25
8.807659929954457e25
8.755844625508232e25
8.701634815115593e25
8.645063716485017e25
8.586165985550318e25
8.524977699862551e25
8.46153634110602e25
8.39588077674617e25
8.328051240818171e25
8.258089313864857e25
8.186037902033936e25
8.111941215344233e25
8.035844745131818e25
7.957795240686875e25
7.877840685093058e25
7.796030270281331e25
7.712414371311085e25
7.627044519891285e25
7.5399733771553635e25
7.451254705704011e25
7.360943340930092e25
7.269095161640757e25
7.1757670599922994e25
7.0810169107532074e25
6.984903539912193e25
6.88748669264735e25
6.78882700067411e25
6.688985948988986e25
6.58802584202754e25
6.486009769254506e25
6.38300157020471e25
6.279065798994605e25
6.174267688322595e25
6.068673112979148e25
5.962348552885877e25
5.855361055684722e25
5.747778198897515e25
5.639668051677115e25
5.531099136171756e25
5.422140388523656e25
5.312861119524509e25
5.203330974949263e25
5.093619895591359e25
4.9837980770213455e25
4.873935929092368e25
4.764104035215166e25
4.654373111425778e25
4.5448139652701925e25
4.43549745452826e25
4.326494445801887e25
4.217875772990456e25
4.10971219567828e25
4.0020743574575136e25
3.8950327442114395e25
3.788657642381935e25
3.6830190972457344e25
3.578186871224122e25
3.474230402250091e25
3.371218762218085e25
3.2692206155402523e25
3.168304177834359e25
3.0685371747674297e25
2.969986801079642e25
2.8727196798135594e25
2.776801821772039e25
2.6822985852301693e25
2.589274635924707e25
2.497793907345766e25
2.4079195613542073e25
2.319713949149174e25
2.2332385726090883e25
2.1485540460298637e25
2.0657200582839377e25
1.984795335422921e25
1.9058376037474106e25
1.8289035533662752e25
1.7540488022685081e25
1.6813278609293813e25
1.610794097473775e25
1.5424997034176927e25
1.4764956600099791e25
1.4128317051954654e25
1.3515563012201666e25
1.292716602899524e25
1.2363584265695803e25
1.1825262197413485e25
1.1312630314776555e25
1.0826104835117632e25
1.0366087421266486e25
9.93296490813096e24
9.527109037248868e24
9.148876199483652e24
8.798607186037866e24
8.476626947948291e24
8.183244364228854e24
7.918752018815106e24
7.683425986465669e24
7.47752562776834e24
7.301293393392956e24
7.154954637730426e24
7.038717442049496e24
6.952772447300074e24
6.89729269668444e24
6.87243348811399e24
6.878332236662448e24
6.915108347121546e24
6.982863096759335e24
7.081679528375583e24
7.21162235374289e24
7.372737867516174e24
7.565053871687615e24
7.788579610657791e24
8.043305716988016e24
8.329204167892001e24
8.646228252520599e24
8.994312550084465e24
9.373372918856596e24
9.783306496086583e24
1.0223991708856494e25
1.069528829589714e25
1.1197037340381615e25
1.1729061313703886e25
1.2291164130243417e25
1.2883131213113663e25
1.3504729570881596e25
1.415570788524184e25
1.4835796609621285e25
1.5544708078685461e25
1.6282136628706986e25
1.7047758728756008e25
1.7841233122661958e25
1.8662200981688843e25
1.9510286067865493e25
2.0385094907897216e25
2.1286216977588557e25
2.221322489669073e25
2.316567463408985e25
2.4143105723240177e25
2.5145041487740315e25
2.6170989276949765e25
2.722044071152924e25
2.8292871938787676e25
2.938774389771046e25
3.050450259354008e25
3.164257938176804e25
3.280139126139985e25
3.3980341177342936e25
3.5178818331761044e25
3.639619850424054e25
3.763184438059681e25
3.888510589015664e25
4.015532055133346e25
4.144181382532092e25
4.274389947771111e25
4.406087994785104e25
4.539204672573976e25
4.673668073625776e25
4.8094052730533685e25
4.946342368422558e25
5.084404520250982e25
5.223515993154988e25
5.363600197622636e25
5.504579732389643e25
5.6463764273948225e25
5.788911387291782e25
5.932105035492318e25
6.07587715871713e25
6.220146952029603e25
6.364833064326552e25
6.509853644261252e25
6.655126386572274e25
6.800568578793061e25
6.946097148314293e25
7.0916287097736915e25
7.237079612746034e25
7.382365989705651e25
7.527403804234669e25
7.67210889944884e25
7.816397046613885e25
7.96018399392349e25
8.103385515411211e25
8.245917459968414e25
8.387695800438897e25
8.528636682762442e25
8.668656475138056e25
8.807671817178884e25
8.945599669029115e25
9.082357360414723e25
9.21786263959883e25
9.352033722212886e25
9.48478933993481e25
9.616048788984933e25
9.745731978411535e25
9.87375947813635e25
1.0000052566731999e26
1.0124533278902197e26
1.0247124452636795e26
1.0367749776012605e26
1.0486333833611985e26
1.0602802152531389e26
1.0717081247951319e26
1.082909866824031e26
1.0938783039565394e26
1.1046064109981383e26
1.1150872792972281e26
1.1253141210417567e26
1.1352802734957202e26
1.1449792031728607e26
1.1544045099449963e26
1.163549931082392e26
1.1724093452236686e26
1.1809767762727101e26
1.1892463972201345e26
1.197212533886905e26
1.2048696685876767e26
1.2122124437115566e26
1.2192356652179555e26
1.2259343060452971e26
1.2323035094303622e26
1.2383385921360805e26
1.2440350475857028e26
1.2493885489012462e26
1.254394951844206e26
1.2590502976565859e26
1.263350815800313e26
1.2672929265931999e26
1.2708732437396479e26
1.2740885767543583e26
1.2769359332773395e26
1.2794125212786271e26
1.2815157511511303e26
1.28324323769009e26
1.2845928019577398e26
1.285562473031781e26
1.2861504896363507e26
1.2863553016542408e26
1.286175571519214e26
1.2856101754872819e26
1.2846582047858873e26
1.2833189666400601e26
1.2815919851746047e26
1.2794770021915165e26
1.2769739778218118e26
1.2740830910511495e26
1.270804740118569e26
1.2671395427878483e26
1.2630883364909296e26
1.2586521783431086e26
1.2538323450296222e26
1.2486303325633332e26
1.2430478559134267e26
1.2370868485049582e26
1.2307494615892682e26
1.2240380634852331e26
1.216955238691595e26
1.2095037868705102e26
1.2016867217025458e26
1.193507269613591e26
1.1849688683740195e26
1.1760751655706846e26
1.1668300169522163e26
1.1572374846484142e26
1.1473018352644072e26
1.1370275378503204e26
1.1264192617474698e26
1.1154818743119276e26
1.1042204385165853e26
1.09264021043268e26
1.0807466365921417e26
1.0685453512318683e26
1.0560421734213625e26
1.043243104074987e26
1.0301543228504634e26
1.0167821849350849e26
1.00313321772116e26
9.892141173725364e25
9.750317452838063e25
9.605931244341135e25
9.45905435637284e25
9.309760136904137e25
9.158123434228207e25
9.004220556473624e25
8.848129230164171e25
8.68992855784579e25
8.52969897480438e25
8.367522204895907e25
8.203481215514499e25
8.037660171721959e25
7.870144389562358e25
7.701020288589322e25
7.530375343630037e25
7.358298035813703e25
7.184877802889597e25
7.010204988864331e25
6.834370792984312e25
6.657467218093173e25
6.4795870183909e25
6.300823646626238e25
6.121271200750648e25
5.941024370062871e25
5.760178380876612e25
5.5788289417401145e25
5.397072188240076e25
5.21500462741937e25
5.032723081842414e25
4.850324633339077e25
4.6679065664582985e25
4.485566311665995e25
4.303401388318175e25
4.121509347443453e25
3.939987714366248e25
3.758933931206122e25
3.5784452992855283e25
3.3986189214787325e25
3.2195516445374454e25
3.041340001425326e25
2.864080153696505e25
2.6878678339501607e25
2.512798288397471e25
2.3389662195729955e25
2.166465729225838e25
1.9953902614227738e25
1.8258325458993183e25
1.6578845416916013e25
1.4916373810818322e25
1.3271813138930757e25
1.1646056521651819e25
1.0039987152465053e25
8.454477753330574e24
6.890390034900391e24
5.348574161877944e24
3.8298682238381987e24
2.3350977118523775e24
8.650750012225205e23
-5.794011593434758e23
-1.9975461518165126e24
-3.388589985858764e24
-4.751777788464203e24
-6.086370285929752e24
-7.391644277836712e24
-8.666893102759878e24
-9.911427095399004e24
-1.1124574034857692e25
-1.2305679583765698e25
-1.3454107717979468e25
-1.4569241146573596e25
-1.5650481721866545e25
-1.6697250839198725e25
-1.7708989826210266e25
-1.8685160321370966e25
-1.9625244641497557e25
-2.052874613802809e25
-2.139518954180647e25
-2.2224121296157744e25
-2.3015109878015368e25
-2.3767746106888253e25
-2.4481643441461788e25
-2.5156438263614614e25
-2.5791790149663147e25
-2.6387382128634027e25
-2.694292092739254e25
-2.745813720243419e25
-2.793278575817835e25
-2.836664575160529e25
-2.875952088307127e25
-2.911123957316332e25
-2.9421655125448257e25
-2.969064587499262e25
-2.991811532251966e25
-3.0103992254096377e25
-3.0248230846237664e25
-3.0350810756335465e25
-3.041173719831435e25
-3.043104100343551e25
-3.0408778666176815e25
-3.0345032375121323e25
-3.0239910028797246e25
-3.009354523642195e25
-2.9906097303514122e25
-2.9677751202337623e25
-2.940871752715865e25
-2.909923243430518e25
-2.8749557567019765e25
-2.835997996511471e25
-2.7930811959440267e25
-2.7462391051192057e25
-2.695507977608504e25
-2.640926555343682e25
-2.5825360520210525e25
-2.5203801350073168e25
-2.4545049057536107e25
-2.3849588787259554e25
-2.3117929588597606e25
-2.235060417548302e25
-2.154816867175277e25
-2.0711202342025563e25
-1.984030730825121e25
-1.8936108252060513e25
-1.7999252103053264e25
-1.703040771316952e25
-1.6030265517298862e25
-1.4999537180290297e25
-1.393895523053391e25
-1.2849272680292898e25
-1.1731262632975034e25
-1.0585717877535536e25
-9.413450470222101e24
-8.215291303864464e24
-6.992089664934205e24
-5.74471277860023e24
-4.474045342012596e24
-3.180989046059057e24
-1.8664620858431342e24
-5.3139866013803456e23
8.232515399166072e23
2.1965238526073295e24
3.587439177649303e24
4.995004518117784e24
6.418213532014517e24
7.856047093173599e24
9.307473861205595e24
1.0771450860170615e25
1.224692406565855e25
1.3732828999967213e25
1.5228091335045424e25
1.6731627502869126e25
1.8242345312917052e25
1.975914457640129e25
2.128091773691046e25
2.2806550507109755e25
2.4334922511144524e25
2.5864907932390206e25
2.7395376166180405e25
2.8925192477148852e25
3.045321866081221e25
3.1978313709022716e25
3.349933447890748e25
3.5015136364920556e25
3.652457397361593e25
3.8026501800764904e25
3.951977491042269e25
4.100324961555571e25
4.247578415983985e25
4.393623940023172e25
4.538347948991916e25
4.681637256125698e25
4.823379140828577e25
4.963461416843883e25
5.101772500303627e25
5.238201477617017e25
5.372638173157726e25
5.504973216710338e25
5.635098110636149e25
5.762905296718005e25
5.88828822264524e25
6.011141408098449e25
6.131360510395067e25
6.2488423896561105e25
6.363485173455174e25
6.475188320910649e25
6.583852686182534e25
6.689380581335272e25
6.79167583852853e25
6.890643871498018e25
6.986191736288707e25
7.078228191203323e25
7.166663755929192e25
7.251410769806874e25
7.332383449204895e25
7.4094979439641505e25
7.482672392877725e25
7.5518269781707715e25
7.616883978946426e25
7.677767823564114e25
7.734405140916864e25
7.786724810575286e25
7.83465801176595e25
7.878138271152897e25
7.917101509391213e25
7.951486086422748e25
7.98123284548438e25
8.006285155799676e25
8.02658895392624e25
8.042092783730876e25
8.052747834966374e25
8.058507980422903e25
8.059329811630086e25
8.055172673084529e25
8.045998694978995e25
8.031772824411084e25
8.012462855048731e25
7.988039455231947e25
7.95847619448964e25
7.923749568453025e25
7.883839022146625e25
7.838726971638688e25
7.788398824035237e25
7.7328429958011035e25
7.67205092939362e25
7.606017108194165e25
7.534739069725499e25
7.458217417142164e25
7.376455828983385e25
7.289461067177351e25
7.197242983289041e25
7.099814523002892e25
6.9971917288324305e25
6.889393741052188e25
6.776442796845603e25
6.658364227665769e25
6.535186454804584e25
6.40694098316991e25
6.273662393269028e25
6.1353883313975056e25
5.992159498036336e25
5.844019634457964e25
5.691015507545569e25
5.533196892828065e25
5.370616555738108e25
5.203330231098414e25
5.031396600842781e25
4.85487726998213e25
4.67383674082333e25
4.488342385452488e25
4.298464416492354e25
4.1042758561486525e25
3.905852503556915e25
3.703272900445863e25
3.496618295130781e25
3.2859726048558648e25
3.071422376501898e25
2.853056745676534e25
2.630967394209396e25
2.4052485060699603e25
2.1759967217315293e25
1.9433110910014817e25
1.707293024343484e25
1.468046242714915e25
1.2256767259432733e25
9.80292659670263e24
7.320043808882956e24
4.809243220989249e24
2.27166954119614e24
-2.9151272428930535e23
-2.879119869257806e24
-5.48994959813202e24
-8.122781648860347e24
-1.0776378427759298e25
-1.3449485655960121e25
-1.6140833027133578e25
-1.884913487611642e25
-2.157309085810494e25
-2.431138663803387e25
-2.706269458979307e25
-2.982567450487633e25
-3.259897431009238e25
-3.538123079395986e25
-3.8171070341364162e25
-4.096710967609644e25
-4.376795661085093e25
-4.657221080429122e25
-4.937846452473972e25
-5.218530342008439e25
-5.499130729348115e25
-5.7795050884403835e25
-6.059510465462092e25
-6.339003557864691e25
-6.617840793824686e25
-6.895878412052158e25
-7.172972541913698e25
-7.448979283825768e25
-7.72375478987035e25
-7.997155344589507e25
-8.269037445911172e25
-8.539257886162298e25
-8.807673833120335e25
-9.07414291105896e25
-9.338523281739916e25
-9.600673725306208e25
-9.860453721028038e25
-1.011772352785575e26
-1.037234426473426e26
-1.0624177990630001e26
-1.0873087784225957e26
-1.1118937823236634e26
-1.1361593463298737e26
-1.1600921316388956e26
-1.1836789328723911e26
-1.2069066858097436e26
-1.2297624750607451e26
-1.2522335416728673e26
-1.2743072906684935e26
-1.2959712985077833e26
-1.3172133204725475e26
-1.3380212979667563e26
-1.3583833657294739e26
-1.3782878589556315e26
-1.3977233203205357e26
-1.4166785069037344e26
-1.4351423970082109e26
-1.4531041968705515e26
-1.4705533472581503e26
-1.4874795299493178e26
-1.503872674092425e26
-1.5197229624400195e26
-1.5350208374541415e26
-1.549757007279096e26
-1.5639224515778283e26
-1.5775084272283663e26
-1.590506473876672e26
-1.602908419342475e26
-1.6147063848745747e26
-1.6258927902522944e26
-1.6364603587298737e26
-1.6464021218205075e26
-1.6557114239170188e26
-1.664381926746101e26
-1.672407613653244e26
-1.6797827937154805e26
-1.6865021056792002e26
-1.6925605217204538e26
-1.697953351025103e26
-1.7026762431864378e26
-1.7067251914178726e26
-1.710096535578487e26
-1.7127869650092437e26
-1.7147935211778602e26
-1.7161136001303883e26
-1.716744954747655e26
-1.7166856968048677e26
-1.7159342988327506e26
-1.7144895957787088e26
-1.7123507864666452e26
-1.7095174348541257e26
-1.7059894710857647e26
-1.7017671923417254e26
-1.6968512634804556e26
-1.691242717474827e26
-1.684942955640921e26
-1.6779537476589786e26
-1.670277231385948e26
-1.661915912459374e26
-1.6528726636923002e26
-1.6431507242591743e26
-1.6327536986727364e26
-1.621685555551953e26
-1.6099506261813812e26
-1.5975536028622094e26
-1.5844995370555923e26
-1.570793837318731e26
-1.5564422670346167e26
-1.5414509419361597e26
-1.5258263274257725e26
-1.509575235691372e26
-1.4927048226201752e26
-1.4752225845115562e26
-1.4571363545903012e26
-1.4384542993220604e26
-1.4191849145324733e26
-1.3993370213319422e26
-1.3789197618477582e26
-1.3579425947658573e26
-1.3364152906842376e26
-1.3143479272801892e26
-1.2917508842939462e26
-1.2686348383310347e26
-1.2450107574860783e26
-1.2208898957905402e26
-1.1962837874874575e26
-1.171204241135978e26
-1.1456633335485777e26
-1.1196734035643221e26
-1.0932470456612397e26
-1.0663971034111995e26
-1.0391366627805493e26
-1.011479045280294e26
-9.83437800969183e25
-9.550267013135913e25
-9.262597319077375e25
-8.971510850584039e25
-8.677151522379857e25
-8.37966516409775e25
-8.079199442299047e25
-7.775903781299072e25
-7.469929282843683e25
-7.16142864467771e25
-6.850556078052823e25
-6.537467224218115e25
-6.222319069938191e25
-5.905269862087538e25
-5.586479021366011e25
-5.266107055184888e25
-4.944315469768915e25
-4.621266681526271e25
-4.297123927734299e25
-3.972051176588893e25
-3.6462130366713063e25
-3.3197746658800636e25
-2.992901679881148e25
-2.665760060125068e25
-2.3385160614861136e25
-2.0113361195731027e25
-1.6843867577658756e25
-1.357834494027944e25
-1.0318457475508119e25
-7.065867452819678e24
-3.822234283880181e24
-5.892135870979626e23
2.631543747399106e24
5.838392491802419e24
9.029694013170437e24
1.2203817203913703e25
1.5359139409697233e25
1.8494047354240336e25
2.160693806044389e25
2.469621976733986e25
2.7760312842308036e25
3.0797650688057296e25
3.3806680643809717e25
3.6785864880171877e25
3.9733681287190916e25
4.264862435503547e25
4.552920604681298e25
4.837395666298754e25
5.118142569691446e25
5.395018268095035e25
5.667881802266341e25
5.936594383062606e25
6.201019472932365e25
6.461022866265997e25
6.716472768559299e25
6.967239874343937e25
7.21319744383467e25
7.454221378249636e25
7.690190293756168e25
7.920985593999515e25
8.146491541167528e25
8.366595325549077e25
8.581187133544885e25
8.790160214086093e25
8.99341094342187e25
9.190838888234126e25
9.38234686704236e25
9.567841009857477e25
9.747230816048547e25
9.92042921038708e25
1.0087352597230818e26
1.0247920912814655e26
1.0402057675613686e26
1.0549690034747817e26
1.0690748816394337e26
1.082516856817986e26
1.095288760152123e26
1.107384803188909e26
1.1187995816965067e26
1.1295280792667906e26
1.1395656707024904e26
1.1489081251863218e26
1.1575516092300693e26
1.1654926894013974e26
1.1727283348265797e26
1.1792559194671209e26
1.1850732241686492e26
1.190178438480561e26
1.1945701622447975e26
1.198247406952548e26
1.201209596867636e26
1.2034565699155728e26
1.2049885783372568e26
1.2058062891065763e26
1.2059107841113146e26
1.2053035600966913e26
1.2039865283712726e26
1.2019620142749077e26
1.1992327564086755e26
1.195801905626739e26
1.1916730237903613e26
1.186850082284314e26
1.1813374602961805e26
1.175139942859043e26
1.1682627186583138e26
1.1607113776035324e26
1.1524919081661624e26
1.1436106944844102e26
1.1340745132364021e26
1.1238905302831028e26
1.113066297082462e26
1.1016097468764891e26
1.0895291906530475e26
1.0768333128842834e26
1.063531167043767e26
1.0496321709045301e26
1.035146101620345e26
1.0200830905926685e26
1.0044536181258645e26
9.882685078734079e25
9.715389210778496e25
9.542763506076602e25
9.364926147938273e25
9.181998510695617e25
8.994105094163853e25
8.801373456200432e25
8.603934143398137e25
8.401920619948616e25
8.195469194714555e25
7.984718946549261e25
7.769811647903616e25
7.550891686761752e25
7.328105986947399e25
7.101603926844321e25
6.871537256574516e25
6.63806001368008e25
6.401328437353785e25
6.161500881266906e25
5.918737725040433e25
5.673201284409693e25
5.4250557201317725e25
5.17446694568566e25
4.921602533817027e25
4.666631621979415e25
4.4097248167241065e25
4.151054097092903e25
3.8907927170672814e25
3.629115107129163e25
3.3661967749879816e25
3.102214205530903e25
2.837344760051906e25
2.5717665748175013e25
2.305658459025089e25
2.0391997922146166e25
1.7725704211890487e25
1.5059505565039129e25
1.2395206685850804e25
9.734613835337493e24
7.079533786787785e24
4.4317727793575066e24
1.7931354703382887e24
-8.345761132976385e23
-3.4495636234719504e24
-6.050033439081882e24
-8.634197712987016e24
-1.1200275417288768e25
-1.3746493386299494e25
-1.6271087356593402e25
-1.8772303003517897e25
-2.1248396973585816e25
-2.3697637912119357e25
-2.611830748555524e25
-2.850870139780439e25
-3.086713040007291e25
-3.3191921293541605e25
-3.5481417924315677e25
-3.773398217005307e25
-3.994799491768739e25
-4.2121857031660936e25
-4.4253990312092725e25
-4.634283844230913e25
-4.838686792516844e25
-5.038456900761775e25
-5.233445659293178e25
-5.423507114006928e25
-5.608497954962256e25
-5.7882776035810624e25
-5.962708298399044e25
-6.1316551793165245e25
-6.294986370297441e25
-6.452573060466037e25
-6.6042895835513276e25
-6.750013495630594e25
-6.889625651123937e25
-7.0230102769926065e25
-7.150055045095304e25
-7.270651142657183e25
-7.384693340807514e25
-7.4920800611431365e25
-7.592713440274861e25
-7.686499392317437e25
-7.773347669282221e25
-7.853171919333913e25
-7.925889742874612e25
-7.991422746418636e25
-8.049696594222553e25
-8.100641057637607e25
-8.144190062151296e25
-8.180281732087444e25
-8.20885843293391e25
-8.229866811270506e25
-8.243257832269446e25
-8.248986814741548e25
-8.247013463705254e25
-8.237301900454364e25
-8.219820690102892e25
-8.194542866586653e25
-8.16144595510349e25
-8.120511991974362e25
-8.071727541908482e25
-8.015083712659892e25
-7.950576167061009e25
-7.878205132423014e25
-7.797975407291383e25
-7.709896365550349e25
-7.613981957867822e25
-7.510250710476639e25
-7.398725721286635e25
-7.2794346533273885e25
-7.1524097255202e25
-7.01768770077877e25
-6.875309871443368e25
-6.725322042050771e25
-6.567774509446888e25
-6.402722040246879e25
-6.230223845654321e25
-6.050343553648244e25
-5.863149178548536e25
-5.668713087975768e25
-5.467111967217992e25
-5.258426781022782e25
-5.042742732829756e25
-4.820149221466229e25
-4.59073979532552e25
-4.3546121040486995e25
-4.111867847737197e25
-3.8626127237186793e25
-3.6069563708956023e25
-3.3450123117015214e25
-3.0768978916989587e25
-2.8027342168468844e25
-2.5226460884729693e25
-2.236761935981317e25
-1.9452137473350388e25
-1.6481369973486433e25
-1.345670573826477e25
-1.0379567015906918e25
-7.251408644360741e24
-4.0737172505646165e24
-8.48010429824469e23
2.4241640942078336e24
5.741229328518854e24
9.101579888228433e24
1.2503582892074886e25
1.594557887543156e25
1.9425882720324486e25
2.294278460197456e25
2.6494550951293674e25
3.007942543282236e25
3.369562993758316e25
3.7341365590251517e25
4.10148137701172e25
4.471413714523436e25
4.843748071921694e25
5.218297289004086e25
5.594872652029303e25
5.97328400182318e25
6.353339842908509e25
6.734847453591653e25
7.117612996945844e25
7.501441632629609e25
7.88613762947185e25
8.271504478763045e25
8.65734500818438e25
9.043461496313301e25
9.42965578763479e25
