3.0588099609374985e-13
3.057484031286311e11
4.885542616818158e12
2.4678875929622336e13
7.775786201658772e13
1.8908709117138234e14
3.901882514273489e14
7.18710335298612e14
1.2179064850461438e15
1.9360187598111735e15
2.925572336278384e15
4.242580880355762e15
5.945665050311769e15
8.09508631152262e15
1.0751698459086272e16
1.3975819456693138e16
1.782602640795021e16
2.235787667948438e16
2.7622558393257836e16
3.3665473698275664e16
4.052475841892309e16
4.8229741858214e16
5.679935070894882e16
6.624046119386265e16
7.654620371699648e16
8.769422446245686e16
9.96449085231666e16
1.1233956928087952e17
1.256986088893836e17
1.396196548351982e17
1.539756776639486e17
1.686130950657549e17
1.8334986760918534e17
1.9797359150040125e17
2.1223959382187046e17
2.2586903577328787e17
2.3854702949592832e17
2.4992077411045702e17
2.5959771663706534e17
2.6714374349559584e17
2.7208140830194506e17
2.7388820168539792e17
2.7199486884958566e17
2.6578378058739152e17
2.5458736343732304e17
2.3768659463557955e17
2.143095674742529e17
1.8363013262183328e17
1.4476662089738566e17
9.678065291455654e16
3.86760409258916e16
-3.0602211898071584e16
-1.1216880962677579e17
-2.071989541530615e17
-3.1692902331699923e17
-4.426571318217483e17
-5.857435703394808e17
-7.476111183616044e17
-9.297452265131973e17
-1.1336940642266907e18
-1.3610684288540378e18
-1.6135415124899174e18
-1.892848522980414e18
-2.2007861558022328e18
-2.5392119137161784e18
-2.910043271325588e18
-3.315256681904773e18
-3.756886424104698e18
-4.2370232863922483e18
-4.757813087335377e18
-5.321455030109142e18
-5.930199889866273e18
-6.586348032890565e18
-7.292247266731516e18
-8.050290520803802e18
-8.862913357225274e18
-9.732591311961518e18
-1.0661837066643216e19
-1.1653197451724673e19
-1.2709250281956911e19
-1.3832601025456398e19
-1.5025879307960955e19
-1.6291735254175943e19
-1.7632835668427926e19
-1.905186005715695e19
-2.0551496496093856e19
-2.2134437345284297e19
-2.3803374815435465e19
-2.556099638937617e19
-2.7409980102732947e19
-2.9352989688235803e19
-3.1392669588376535e19
-3.3531639841447817e19
-3.5772490846294094e19
-3.811777801140506e19
-4.057001629427693e19
-4.313167463725733e19
-4.580517030637513e19
-4.859286313993651e19
-5.149704971394175e19
-5.451995743164578e19
-5.766373854484496e19
-6.0930464114726306e19
-6.4322117920360735e19
-6.784059032315847e19
-7.148767209583407e19
-7.526504822464684e19
-7.917429169389291e19
-8.321685726182464e19
-8.739407523736278e19
-9.170714526714536e19
-9.61571301426249e19
-1.007449496370817e20
-1.05471374382565e20
-1.1033701979690621e20
-1.1534234007106748e20
-1.2048762222719554e20
-1.2577298025784399e20
-1.3119834935690763e20
-1.367634802528776e20
-1.4246793365507891e20
-1.4831107482358897e20
-1.5429206827355976e20
-1.6040987262467274e20
-1.6666323560645214e20
-1.730506892301367e20
-1.7957054513777495e20
-1.8622089013915694e20
-1.9299958194712415e20
-1.9990424512171773e20
-2.069322672335244e20
-2.140807952564618e20
-2.2134673220011504e20
-2.2872673399158653e20
-2.3621720661665726e20
-2.4381430352987596e20
-2.515139233429997e20
-2.5931170780098983e20
-2.6720304005454607e20
-2.7518304323791156e20
-2.832465793604213e20
-2.913882485199933e20
-2.996023884464656e20
-3.078830743823774e20
-3.16224119308468e20
-3.246190745208303e20
-3.3306123056630025e20
-3.415436185423024e20
-3.500590117669783e20
-3.585999278250399e20
-3.671586309943744e20
-3.757271350580014e20
-3.8429720650555104e20
-3.928603681279808e20
-4.014079030087834e20
-4.0993085891446846e20
-4.184200530866109e20
-4.268660774372674e20
-4.352593041490458e20
-4.435898916806037e20
-4.518477911778192e20
-4.600227532903376e20
-4.681043353926602e20
-4.7608190920837785e20
-4.839446688355944e20
-4.916816391710184e20
-4.9928168472962027e20
-5.0673351885617725e20
-5.1402571332443374e20
-5.211467083190228e20
-5.280848227946931e20
-5.348282652067847e20
-5.413651446063029e20
-5.47683482092332e20
-5.5377122261392386e20
-5.596162471129958e20
-5.652063849991615e20
-5.7052942694681936e20
-5.7557313800421704e20
-5.803252710036115e20
-5.847735802610435e20
-5.8890583555365405e20
-5.927098363618849e20
-5.961734263633113e20
-5.992845081642853e20
-6.02031058254995e20
-6.044011421729809e20
-6.063829298595934e20
-6.079647111933337e20
-6.091349116834797e20
-6.098821083068774e20
-6.101950454702589e20
-6.100626510799484e20
-6.094740527003358e20
-6.08418593782006e20
-6.068858499399684e20
-6.04865645261971e20
-6.023480686264687e20
-5.99323490009383e20
-5.957825767584171e20
-5.91716309813293e20
-5.871159998499275e20
-5.8197330332623084e20
-5.7628023840687e20
-5.700292007440759e20
-5.6321297909125415e20
-5.558247707259473e20
-5.4785819665842294e20
-5.39307316601991e20
-5.301666436809358e20
-5.2043115885181475e20
-5.100963250137222e20
-4.991581007830068e20
-4.87612953907867e20
-4.7545787429816225e20
-4.626903866457723e20
-4.493085626108142e20
-4.353110325490711e20
-4.2069699675601574e20
-4.054662362029209e20
-3.8961912274062855e20
-3.7315662874672195e20
-3.5608033619198004e20
-3.383924451022284e20
-3.200957813918906e20
-3.01193804045845e20
-2.816906116264385e20
-2.6159094808287353e20
-2.409002078404866e20
-2.1962444014787464e20
-1.9777035266017185e20
-1.753453142372967e20
-1.5235735693638677e20
-1.2881517717821732e20
-1.0472813606786309e20
-8.010625885050366e19
-5.4960233483794645e19
-2.9301408308915864e19
-3.141788803030909e18
2.3505966603424104e19
5.062855166045146e19
7.82120183983417e19
1.062417842079647e20
1.3470263991506436e20
1.635787588612258e20
1.928537070033822e20
2.22510454042791e20
2.525313855935436e20
2.8289831639968858e20
3.135925046091219e20
3.445946671113783e20
3.758849959454719e20
4.0744317578285816e20
4.3924840248957875e20
4.712794027705146e20
5.035144548976152e20
5.3593141052280426e20
5.685077175751661e20
6.012204442407885e20
6.340463040225356e20
6.66961681875737e20
6.999426614146575e20
7.329650531832859e20
7.660044239828239e20
7.99036127246937e20
8.32035334454586e20
8.6497706756898e20
8.978362324898835e20
9.305876535052328e20
9.632061087266861e20
9.956663664924502e20
1.0279432227193666e21
1.0600115391849654e21
1.0918462827188254e21
1.1234225652812912e21
1.1547156849062389e21
1.1857011674832886e21
1.216354809353506e21
1.246652720691352e21
1.2765713696442915e21
1.3060876272001973e21
1.3351788127513566e21
1.3638227403226292e21
1.39199776542999e21
1.4196828325344675e21
1.44685752305519e21
1.4735021039040486e21
1.4995975765032483e21
1.525125726245809e21
1.550069172357915e21
1.5744114181208227e21
1.5981369014089063e21
1.6212310454993059e21
1.6436803101075387e21
1.6654722426023738e21
1.686595529352224e21
1.7070400471543122e21
1.7267969146968605e21
1.7458585440036444e21
1.7642186918092863e21
1.7818725108128369e21
1.7988166007562958e21
1.815049059273966e21
1.8305695324577082e21
1.8453792650824998e21
1.8594811504359503e21
1.8728797796948267e21
1.8855814907909993e21
1.8975944167087098e21
1.9089285331544897e21
1.9195957055406452e21
1.92960973522278e21
1.9389864049314643e21
1.9477435233378307e21
1.9559009686926414e21
1.9634807314781176e21
1.9705069560116785e21
1.9770059809406436e21
1.983006378566861e21
1.9885389929402763e21
1.9936369766604648e21
1.998335826325316e21
2.002673416566177e21
2.006690032609076e21
2.0104284013018245e21
2.0139337205472837e21
2.0172536870833677e21
2.0204385225509162e21
2.0235409977910582e21
2.026616455314318e21
2.0297228298843183e21
2.0329206671597282e21
2.0362731403388227e21
2.0398460647519043e21
2.0437079103477132e21
2.0479298120209725e21
2.0525855777291772e21
2.0577516943479131e21
2.06350733121506e21
2.0699343413155505e21
2.07711726005956e21
2.0851433016083795e21
2.0941023527036476e21
2.1040869639570446e21
2.1151923385591275e21
2.1275163183675075e21
2.1411593673363158e21
2.1562245522504942e21
2.1728175207303346e21
2.1910464764733895e21
2.2110221517028825e21
2.2328577767935564e21
2.256669047048013e21
2.2825740865985186e21
2.310693409411473e21
2.3411498773737416e21
2.3740686554424305e21
2.4095771638417305e21
2.4478050272929545e21
2.488884021266049e21
2.5329480152434113e21
2.5801329129891457e21
2.63057658981948e21
2.684418826872456e21
2.741801242377708e21
2.802867219929578e21
2.8677618337695956e21
2.9366317710868763e21
3.0096252513478047e21
3.086891942668981e21
3.1685828752502885e21
3.2548503518875474e21
3.3458478555872494e21
3.441729954308433e21
3.5426522028598383e21
3.64877104198319e21
3.760243694656386e21
3.8772280596532964e21
3.9998826023996935e21
4.1283662431678387e21
4.2628382426550984e21
4.4034580849949467e21
4.550385358251533e21
4.70377963245209e21
4.863800335214157e21
5.03060662502771e21
5.204357262255046e21
5.385210477914276e21
5.573323840315049e21
5.768854119618144e21
5.971957150393189e21
6.18278769225192e21
6.40149928863676e21
6.628244123847785e21
6.863172878393324e21
7.106434582752761e21
7.358176469642159e21
7.618543824876559e21
7.88767983692488e21
8.165725445256413e21
8.452819187579866e21
8.749097046078968e21
9.054692292750534e21
9.369735333953567e21
9.694353554280244e21
1.0028671159861737e22
1.0372809021224114e22
1.0726884515811735e22
1.1091011370297493e22
1.146529950280134e22
1.1849854865140255e22
1.2244779285235072e22
1.2650170309800884e22
1.306612104744969e22
1.3492720012335407e22
1.3930050968473263e22
1.4378192774866315e22
1.4837219231574006e22
1.5307198926858341e22
1.5788195085544606e22
1.6280265418734781e22
1.678346197501254e22
1.7297830993279809e22
1.7823412757365321e22
1.836024145254682e22
1.890834502412853e22
1.9467745038216427e22
2.00384565448339e22
2.0620487943520898e22
2.12138408515596e22
2.181850997496982e22
2.2434482982417036e22
2.306174038217604e22
2.3700255402292763e22
2.434999387408621e22
2.501091411913216e22
2.568296683986946e22
2.6366095013969027e22
2.706023379260477e22
2.7765310402764156e22
2.8481244053736163e22
2.920794584791141e22
2.9945318696029526e22
3.0693257237005804e22
3.1451647762468985e22
3.2220368146138522e22
3.299928777816996e22
3.3788267504592585e22
3.458715957196352e22
3.5395807577358463e22
3.6214046423818565e22
3.7041702281368325e22
3.787859255371896e22
3.8724525850767e22
3.957930196699674e22
4.044271186589026e22
4.131453767044748e22
4.219455265991396e22
4.308252127281193e22
4.397819911636571e22
4.488133298240921e22
4.579166086986044e22
4.670891201384256e22
4.763280692152844e22
4.8563057414780685e22
4.949936667965573e22
5.044142932283583e22
5.138893143504847e22
5.23415506615283e22
5.329895627957258e22
5.426080928323535e22
5.522676247520263e22
5.6196460565883655e22
5.716954027975084e22
5.814563046895377e22
5.912435223422984e22
6.0105319053126265e22
6.108813691554559e22
6.20724044666195e22
6.3057713156911664e22
6.404364739994395e22
6.502978473703546e22
6.6015696009437934e22
6.700094553774581e22
6.798509130855267e22
6.896768516832124e22
6.994827302442747e22
7.092639505333373e22
7.190158591584015e22
7.287337497935758e22
7.3841286547139165e22
7.480484009440213e22
7.576355051126515e22
7.671692835242048e22
7.766448009345472e22
7.860570839372527e22
7.954011236569391e22
8.046718785061348e22
8.13864277004561e22
8.229732206596751e22
8.319935869072407e22
8.409202321106479e22
8.497479946176317e22
8.58471697872995e22
8.670861535858678e22
8.755861649499872e22
8.839665299154202e22
8.922220445100949e22
9.003475062094515e22
9.083377173524632e22
9.161874886022259e22
9.238916424492627e22
9.314450167556266e22
9.38842468337843e22
9.460788765866715e22
9.531491471216232e22
9.600482154781081e22
9.667710508250542e22
9.733126597107725e22
9.796680898348115e22
9.858324338434831e22
9.91800833146713e22
9.975684817538102e22
1.0031306301257138e23
1.0084825890412382e23
1.013619733474787e23
1.0185375064829778e23
1.0232314230975789e23
1.0276970742221202e23
1.0319301305295084e23
1.0359263463579508e23
1.0396815636024495e23
1.0431917155991046e23
1.0464528309994385e23
1.0494610376319256e23
1.0522125663478861e23
1.0547037548488845e23
1.0569310514927443e23
1.0588910190752894e23
1.0605803385848768e23
1.0619958129268106e23
1.0631343706146656e23
1.0639930694255885e23
1.0645691000165954e23
1.0648597894988993e23
1.0648626049672946e23
1.0645751569816111e23
1.0639952029972665e23
1.0631206507419347e23
1.0619495615353583e23
1.0604801535493357e23
1.0587108050049259e23
1.0566400573039223e23
1.054266618091655e23
1.0515893642482095e23
1.0486073448051468e23
1.0453197837848529e23
1.0417260829596478e23
1.0378258245278184e23
1.0336187737037667e23
1.0291048812194842e23
1.024284285734614e23
1.019157316152365e23
1.0137244938386142e23
1.0079865347415384e23
1.0019443514091889e23
9.955990549024242e22
9.889519566007087e22
9.820045698982977e22
9.747586117883865e22
9.672160043328714e22
9.593788760153802e22
9.512495629753554e22
9.428306101209547e22
9.341247721186579e22
9.25135014257481e22
9.158645131858129e22
9.063166575189104e22
8.964950483151963e22
8.86403499419531e22
8.760460376717669e22
8.654269029788894e22
8.545505482492083e22
8.434216391870584e22
8.320450539466385e22
8.204258826436133e22
8.08569426723263e22
7.964811981839854e22
7.841669186551069e22
7.716325183279935e22
7.588841347395823e22
7.459281114075223e22
7.327709963162279e22
7.194195402532287e22
7.058806949953031e22
6.921616113439894e22
6.782696370101388e22
6.642123143473281e22
6.49997377933992e22
6.356327520042955e22
6.2112654772780914e22
6.0648706033822925e22
5.917227661114218e22
5.768423191932275e22
5.618545482775311e22
5.4676845313525365e22
5.315932009949893e22
5.163381227761598e22
5.010127091756214e22
4.8562660660883365e22
4.701896130067462e22
4.547116734697259e22
4.392028757799013e22
4.236734457734825e22
4.081337425746576e22
3.9259425369283585e22
3.7706558998506365e22
3.615584804856131e22
3.4608376710479718e22
3.306523991992208e22
3.152754280157407e22
2.9996400101157564e22
2.8472935605306265e22
2.6958281549569535e22
2.5453578014818195e22
2.395997231233508e22
2.247861835788719e22
2.1010676035082888e22
1.9557310548331196e22
1.8119691765727036e22
1.66989935522009e22
1.5296393093276896e22
1.3913070209796435e22
1.255020666397104e22
1.120898545714175e22
9.890590119627399e21
8.596203993056832e21
7.327009505585464e21
6.084187440409829e21
4.868916197998263e21
3.6823710524668736e21
2.525723402535753e21
1.4001400175115433e21
3.0678227874689424e20
-7.531945829628914e20
-1.778642253580918e21
-2.7684201051520143e21
-3.721395967769411e21
-4.636446903698339e21
-5.51245998316248e21
-6.348333061297167e21
-7.142975555762676e21
-7.895309224510143e21
-8.60426894318465e21
-9.268803481648539e21
-9.887876279098977e21
-1.046046621725569e22
-1.0985568391084913e22
-1.146219487652942e22
-1.188937549470316e22
-1.2266158572014622e22
-1.2591611695673865e22
-1.2864822464042492e22
-1.3084899231277718e22
-1.3250971845726952e22
-1.3362192381522559e22
-1.3417735862832234e22
-1.3416800980212994e22
-1.3358610798524741e22
-1.324241345585368e22
-1.3067482852900871e22
-1.2833119332291895e22
-1.2538650347263186e22
-1.21834311191856e22
-1.1766845283388363e22
-1.1288305522746814e22
-1.074725418850353e22
-1.0143163907794555e22
-9.47553817735931e21
-8.743911942912916e21
-7.947852163669092e21
-7.086958361503517e21
-6.160863154258609e21
-5.169232772689253e21
-4.1117675605630827e21
-2.9882024574303947e21
-1.7983074635915492e21
-5.418880867910738e20
7.81214229818222e20
2.1711216988938327e21
3.627919799742886e21
5.15165690921866e21
6.742343953093902e21
8.399954078325262e21
1.0124422346607369e22
1.1915645449612269e22
1.377348144628975e22
1.5697749522600415e22
1.7688229774032875e22
1.9744663011254314e22
2.186675058922231e22
2.405415426007803e22
2.6306496050122363e22
2.862335816117161e22
3.100428289656573e22
3.344877261209498e22
3.5956289692089815e22
3.852625655091257e22
4.115805566006515e22
4.385102960111965e22
4.660448114465294e22
4.9417673355364196e22
5.228982972352458e22
5.5220134322901225e22
5.820773199527274e22
6.125172856164656e22
6.4351191060263505e22
6.75051480114562e22
7.07125897094204e22
7.397246854092908e22
7.728369933100995e22
8.064515971557965e22
8.405569054102223e22
8.751409629066818e22
9.101914553812208e22
9.456957142735767e22
9.816407217949395e22
1.0180131162613318e23
1.0547991976913411e23
1.091984933666633e23
1.1295559654536182e23
1.1674976143843331e23
1.2057948884944815e23
1.2444324894163226e23
1.283394819523994e23
1.3226659893285723e23
1.3622298251200488e23
1.402069876853136e23
1.442169426273727e23
1.482511495282559e23
1.5230788545324655e23
1.5638540322554193e23
1.6048193233153847e23
1.6459567984828083e23
1.6872483139263842e23
1.7286755209175206e23
1.7702198757428395e23
1.8118626498197605e23
1.8535849400101038e23
1.8953676791264125e23
1.9371916466256307e23
1.9790374794844494e23
2.0208856832506123e23
2.0627166432641563e23
2.1045106360425577e23
2.1462478408234584e23
2.187908351258566e23
2.229472187252105e23
2.2709193069371266e23
2.3122296187827776e23
2.3533829938254266e23
2.394359278016578e23
2.435138304680173e23
2.475699907071871e23
2.5160239310326882e23
2.556090247729339e23
2.5958787664734013e23
2.635369447611397e23
2.6745423154776682e23
2.7133774714019543e23
2.7518551067633164e23
2.789955516082112e23
2.827659110141451e23
2.8649464291296825e23
2.9017981557951812e23
2.938195128604769e23
2.974118354896917e23
3.0095490240209173e23
3.044468520453059e23
3.078858436880843e23
3.112700587246161e23
3.145977019738406e23
3.1786700297283356e23
3.2107621726335866e23
3.242236276706563e23
3.2730754557355956e23
3.30326312165006e23
3.332782997020266e23
3.3616191274428315e23
3.389755893802342e23
3.4171780244000665e23
3.443870606940471e23
3.469819100366364e23
3.495009346533521e23
3.519427581715628e23
3.543060447930476e23
3.5658950040783246e23
3.587918736883498e23
3.6091195716302434e23
3.629485882684002e23
3.649006503789302e23
3.6676707381355616e23
3.685468368182194e23
3.7023896652344606e23
3.718425398761661e23
3.733566845449341e23
3.7478057979772965e23
3.761134573515274e23
3.773546021928432e23
3.7850335336847176e23
3.795591047456452e23
3.805213057408585e23
3.8138946201662425e23
3.821631361454296e23
3.828419482401901e23
3.8342557655050856e23
3.83913758024066e23
3.843062888324941e23
3.846030248610842e23
3.8480388216172594e23
3.84908837368475e23
3.849179280751708e23
3.8483125317455643e23
3.846489731583593e23
3.84371310377828e23
3.839985492642331e23
3.835310365088704e23
3.829691812021161e23
3.8231345493113066e23
3.815643918358051e23
3.807225886225916e23
3.797887045358699e23
3.7876346128653846e23
3.776476429375365e23
3.7644209574604194e23
3.751477279620953e23
3.737655095834597e23
3.722964720665238e23
3.7074170799310234e23
3.6910237069300886e23
3.673796738223091e23
3.6557489089718735e23
3.636893547833979e23
3.6172445714128186e23
3.596816478263931e23
3.575624342457731e23
3.5536838066996876e23
3.5310110750090465e23
3.507622904957613e23
3.483536599470331e23
3.458769998189779e23
3.433341468407003e23
3.407269895561319e23
3.380574673312238e23
3.3532756931867615e23
3.3253933338057535e23
3.2969484496933393e23
3.267962359673628e23
3.2384568348593685e23
3.208454086237449e23
3.177976751856425e23
3.147047883621683e23
3.115690933704056e23
3.083929740568017e23
3.051788514625968e23
3.0192918235253432e23
2.986464577075627e23
2.953332011822681e23
2.9199196752779367e23
2.8862534098105766e23
2.852359336210844e23
2.8182638369330672e23
2.783993539027217e23
2.7495752967681198e23
2.7150361739916968e23
2.680403426147937e23
2.6457044820804364e23
2.610966925542819e23
2.5762184764624197e23
2.5414869719619577e23
2.5068003471501635e23
2.4721866156925604e23
2.437673850173847e23
2.403290162263544e23
2.3690636826968632e23
2.3350225410827873e23
2.3011948455518823e23
2.267608662256238e23
2.2342919947343538e23
2.2012727631538955e23
2.1685787834454386e23
2.136237746340515e23
2.104277196327464e23
2.0727245105386454e23
2.0416068775829338e23
2.0109512763373437e23
1.980784454711911e23
1.9511329084020566e23
1.9220228596427465e23
1.8934802359789237e23
1.8655306490667902e23
1.8381993735205317e23
1.811511325819324e23
1.7854910432893783e23
1.76016266317594e23
1.735549901820209e23
1.711676033956165e23
1.6885638721423573e23
1.666235746343728e23
1.6447134836785943e23
1.6240183883458303e23
1.604171221747449e23
1.5851921828216178e23
1.567100888601224e23
1.549916355013027e23
1.533656977932421e23
1.5183405145087665e23
1.503984064776213e23
1.4906040535647966e23
1.4782162127266326e23
1.4668355636918102e23
1.456476400368574e23
1.4471522724022295e23
1.4388759688070954e23
1.4316595019856937e23
1.4255140921492342e23
1.4204501521532512e23
1.4164772727621573e23
1.413604208356242e23
1.4118388630944849e23
1.4111882775463469e23
1.4116586158055104e23
1.4132551530983093e23
1.415982263899362e23
1.4198434105666978e23
1.424841132508402e23
1.4309770358925659e23
1.4382517839120459e23
1.4466650876152674e23
1.4562156973140269e23
1.4669013945789342e23
1.4787189848328558e23
1.491664290552382e23
1.5057321450870364e23
1.5209163871056016e23
1.5372098556785976e23
1.5546043860056064e23
1.5730908057957638e23
1.592658932309393e23
1.6132975700683596e23
1.634994509242344e23
1.6577365247178914e23
1.6815093758565952e23
1.7062978069484753e23
1.7320855483661314e23
1.7588553184248582e23
1.7865888259534803e23
1.815266773580229e23
1.844868861737547e23
1.8753737933892504e23
1.9067592794830834e23
1.939002045131139e23
1.972077836520261e23
2.0059614285540367e23
2.040626633227498e23
2.076046308735216e23
2.1121923693129716e23
2.1490357958126728e23
2.186546647009812e23
2.224694071642098e23
2.263446321177567e23
2.302770763309874e23
2.342633896178037e23
2.383001363307349e23
2.423837969267729e23
2.4651076960452065e23
2.5067737201218603e23
2.5487984302588398e23
2.5911434459767756e23
2.6337696367272667e23
2.676637141748673e23
2.7197053905989254e23
2.7629331243575675e23
2.8062784174887444e23
2.8496987003563035e23
2.893150782381827e23
2.9365908758356716e23
2.9799746202508425e23
3.02325710744889e23
3.066392907166574e23
3.1093360932715716e23
3.152040270555002e23
3.1944586020880425e23
3.236543837129566e23
3.278248339571031e23
3.319524116904658e23
3.360322849700275e23
3.4005959215758625e23
3.4402944496463574e23
3.479369315434861e23
3.517771196229893e23
3.555450596872085e23
3.5923578819530307e23
3.6284433084088836e23
3.663657058490683e23
3.697949273093117e23
3.731270085423011e23
3.7635696549884726e23
3.79479820188925e23
3.8249060413884904e23
3.853843618745847e23
3.881561544291405e23
3.908010628719664e23
3.933141918582518e23
3.956906731959848e23
3.97925669428603e23
4.0001437743104584e23
4.0195203201698235e23
4.0373390955498225e23
4.0535533159134366e23
4.068116684773026e23
4.080983429983005e23
4.092108340029907e23
4.1014468002962045e23
4.108954829274323e23
4.114589114706951e23
4.1183070496297765e23
4.120066768292456e23
4.119827181933633e23
4.117548014385841e23
4.113189837485693e23
4.106714106265089e23
4.098083193898817e23
4.087260426384151e23
4.07421011692773e23
4.058897600015275e23
4.041289265139517e23
4.021352590161902e23
3.999056174283482e23
3.97436977060065e23
3.947264318221306e23
3.917711973917299e23
3.885686143288865e23
3.851161511417126e23
3.814114072980701e23
3.774521161812805e23
3.732361479875124e23
3.687615125625233e23
3.640263621754263e23
3.590289942272082e23
3.5376785389170144e23
3.482415366867888e23
3.424487909736049e23
3.363885203815648e23
3.3005978615703964e23
3.234618094335681e23
3.1659397342150026e23
3.0945582551502816e23
3.0204707931456667e23
2.9436761656250593e23
2.864174889904045e23
2.7819692007569907e23
2.6970630670608992e23
2.6094622074977102e23
2.519174105297567e23
2.4262080220055864e23
2.3305750102555738e23
2.2322879255343223e23
2.1313614369209725e23
2.027812036785981e23
1.9216580494353048e23
1.8129196386854586e23
1.701618814356258e23
1.587779437667949e23
1.4714272255306443e23
1.3525897537141406e23
1.2312964588872318e23
1.107578639515735e23
9.814694556096486e22
8.530039273099732e22
7.22218932307013e22
5.891532020819316e22
4.538473169646156e22
3.163437000012093e22
1.7668660962575063e22
3.4922131130527127e21
-1.0890183306895516e22
-2.547355743781883e22
-4.0252759017982475e22
-5.522245972040909e22
-7.037715461147598e22
-8.571116373114604e22
-1.0121863379480091e23
-1.1689354001662001e23
-1.3272968805431731e23
-1.4872071607501283e23
-1.648600969419047e23
-1.8114114052136105e23
-1.975569961099468e23
-2.141006549808438e23
-2.3076495304900663e23
-2.475425736543772e23
-2.64426050462351e23
-2.8140777048060693e23
-2.984799771913958e23
-3.1563477379821685e23
-3.328641265858075e23
-3.501598683922293e23
-3.675137021918193e23
-3.849172047876393e23
-4.023618306120154e23
-4.198389156336562e23
-4.373396813697834e23
-4.5485523900162464e23
-4.7237659359153146e23
-4.8989464839990485e23
-5.074002093000797e23
-5.248839892891784e23
-5.4233661309293394e23
-5.597486218623448e23
-5.771104779600209e23
-5.9441256983395606e23
-6.116452169764167e23
-6.287986749655405e23
-6.458631405872234e23
-6.628287570347413e23
-6.796856191835437e23
-6.96423778938527e23
-7.130332506511123e23
-7.295040166033177e23
-7.45826032555997e23
-7.6198923335832e23
-7.779835386155625e23
-7.937988584121663e23
-8.09425099087007e23
-8.248521690577188e23
-8.400699846909287e23
-8.550684762151357e23
-8.698375936729815e23
-8.843673129095496e23
-8.986476415933534e23
-9.126686252665682e23
-9.264203534210674e23
-9.398929655967291e23
-9.53076657498511e23
-9.659616871286992e23
-9.78538380930703e23
-9.907971399407899e23
-1.0027284459440553e24
-1.0143228676309443e24
-1.025571066750577e24
-1.0364638042571521e24
-1.046991946445632e24
-1.0571464710729332e24
-1.0669184734607843e24
-1.0762991725764654e24
-1.0852799170875499e24
-1.0938521913868328e24
-1.1020076215835547e24
-1.1097379814570864e24
-1.1170351983691941e24
-1.1238913591310168e24
-1.1302987158208888e24
-1.1362496915491437e24
-1.1417368861660492e24
-1.1467530819090192e24
-1.1512912489852554e24
-1.1553445510860123e24
-1.1589063508286662e24
-1.1619702151228027e24
-1.1645299204565454e24
-1.1665794580993862e24
-1.1681130392178008e24
-1.1691250998999547e24
-1.1696103060858241e24
-1.1695635583991337e24
-1.1689799968774876e24
-1.167855005597167e24
-1.1661842171890595e24
-1.163963517242256e24
-1.1611890485918989e24
-1.1578572154879025e24
-1.1539646876412004e24
-1.1495084041442697e24
-1.1444855772627052e24
-1.1388936960946733e24
-1.1327305300951526e24
-1.1259941324619259e24
-1.1186828433803303e24
-1.1107952931238705e24
-1.1023304050078583e24
-1.0932873981932974e24
-1.0836657903383214e24
-1.0734654000945671e24
-1.0626863494459331e24
-1.0513290658872822e24
-1.0393942844406547e24
-1.0268830495067524e24
-1.0137967165494449e24
-1.0001369536111762e24
-9.859057426572414e23
-9.711053807469806e23
-9.557384810300392e23
-9.39807973565949e23
-9.233171059653244e23
-9.06269443851167e23
-8.886688711387725e23
-8.705195901328844e23
-8.518261214408423e23
-8.32593303700551e23
-8.128262931222246e23
-7.925305628429798e23
-7.717119020933749e23
-7.503764151752517e23
-7.285305202501919e23
-7.061809479381112e23
-6.833347397255834e23
-6.599992461836142e23
-6.361821249946963e23
-6.118913387890781e23
-5.8713515279034424e23
-5.6192213227040965e23
-5.3626113981431023e23
-5.101613323951404e23
-4.83632158259678e23
-4.5668335362535874e23
-4.293249391893463e23
-4.015672164505882e23
-3.734207638458822e23
-3.448964327010119e23
-3.1600534299827516e23
-2.8675887896170476e23
-2.57168684461483e23
-2.2724665823914317e23
-1.970049489552756e23
-1.6645595006156347e23
-1.3561229449913638e23
-1.0448684922522958e23
-7.309270957043778e22
-4.1443193428787375e22
-9.551835283078714e21
2.2567619931979253e22
5.490122312619578e22
8.743482750712855e22
1.2015409518725093e23
1.5304450394204724e23
1.860913541160254e23
2.192797756733422e23
2.525947353898139e23
2.860210441828756e23
3.195433645759743e23
3.531462182937856e23
3.868139939845324e23
4.2053095506556704e23
4.542812476883752e23
4.8804890881888994e23
5.2181787442908644e23
5.555719877956367e23
5.8929500790133976e23
6.229706179349577e23
6.565824338850002e23
6.901140132228905e23
7.235488636709643e23
7.568704520504997e23
7.900622132050745e23
8.23107558994375e23
8.559898873535348e23
8.886925914130165e23
9.211990686739756e23
9.534927302339991e23
9.855570100580014e23
1.0173753742891214e24
1.0489313305942258e24
1.0802084375387486e24
1.1111903139854482e24
1.1418606485116456e24
1.1722032088394641e24
1.2022018512735536e24
1.2318405301407156e24
1.2611033072259105e24
1.289974361198928e24
1.3184379970261493e24
1.3464786553617027e24
1.3740809219123193e24
1.4012295367701952e24
1.4279094037081329e24
1.4541055994312028e24
1.4798033827792735e24
1.504988203874559e24
1.5296457132085251e24
1.5537617706623876e24
1.5773224544554832e24
1.600314070015794e24
1.6227231587669229e24
1.6445365068258427e24
1.665741153605737e24
1.6863244003183505e24
1.7062738183701643e24
1.7255772576468803e24
1.7442228546806644e24
1.7621990406946351e24
1.779494549519156e24
1.7960984253745217e24
1.8120000305146758e24
1.8271890527266787e24
1.8416555126806382e24
1.855389771124963e24
1.868382535921793e24
1.8806248689175688e24
1.8921081926437532e24
1.9028242968427983e24
1.9127653448145476e24
1.9219238795783215e24
1.9302928298460177e24
1.9378655158016646e24
1.944635654682968e24
1.9505973661604397e24
1.9557451775098303e24
1.960074028573714e24
1.9635792765081077e24
1.9662567003101653e24
1.9681025051231145e24
1.9691133263146575e24
1.9692862333252253e24
1.9686187332825643e24
1.9671087743792808e24
1.9647547490100835e24
1.9615554966655747e24
1.9575103065795968e24
1.9526189201272585e24
1.9468815329709296e24
1.940298796951562e24
1.9328718217229232e24
1.9246021761263914e24
1.9154918893041933e24
1.905543451548984e24
1.894759814887983e24
1.883144393399876e24
1.8707010632629363e24
1.857434162532951e24
1.8433484906496928e24
1.8284493076708234e24
1.812742333232303e24
1.7962337452344758e24
1.7789301782533207e24
1.7608387216762584e24
1.7419669175623486e24
1.7223227582266787e24
1.7019146835490166e24
1.6807515780069235e24
1.6588427674336985e24
1.6361980155016752e24
1.6128275199316787e24
1.5887419084293808e24
1.563952234349721e24
1.5384699720905654e24
1.5123070122170173e24
1.4854756563179348e24
1.457988611596359e24
1.4298589851958716e24
1.401100278264797e24
1.3717263797606157e24
1.3417515599969595e24
1.3111904639357783e24
1.2800581042274336e24
1.2483698540016407e24
1.2161414394123035e24
1.1833889319396158e24
1.150128740452678e24
1.1163776030363316e24
1.0821525785859108e24
1.0474710381738038e24
1.0123506561919132e24
9.76809401274207e23
9.408655270037036e23
9.045375624085508e23
8.678443022516812e23
8.308047971190208e23
7.934383433111729e23
7.557644725436913e23
7.178029414612225e23
6.7957372097092e23
6.410969854006149e23
6.023931014875709e23
5.634826172034235e23
5.24386250421401e23
4.851248774318205e23
4.457195213120693e23
4.0619134015736094e23
3.665616151787264e23
3.268517386746802e23
2.8708320188340668e23
2.4727758272197798e23
2.0745653341964168e23
1.676417680520569e23
1.2785504998356264e23
8.811817922459314e22
4.845297971151801e22
8.881286516140012e21
-3.0575067007590276e22
-6.9894262132374055e22
-1.0905450771418088e23
-1.4803405318913565e23
-1.8681120160297674e23
-2.25364322665353e23
-2.6367186582123573e23
-3.0171237333142804e23
-3.394644933545328e23
-3.769069930222534e23
-4.140187715001793e23
-4.5077887302600596e23
-4.871664999171981e23
-5.231610255400492e23
-5.587420072321148e23
-5.938891991698254e23
-6.285825651733847e23
-6.628022914407341e23
-6.965287992025575e23
-7.297427572902571e23
-7.624250946088323e23
-7.945570125066167e23
-8.261199970339235e23
-8.570958310824413e23
-8.87466606397647e23
-9.172147354561457e23
-9.463229632001263e23
-9.747743786211082e23
-1.0025524261851818e24
-1.0296409170920279e24
-1.0560240403601045e24
-1.081686373730297e24
-1.1066128943806728e24
-1.1307889894447884e24
-1.1542004663262298e24
-1.1768335628021289e24
-1.1986749569084665e24
-1.2197117766000903e24
-1.2399316091785132e24
-1.2593225104804917e24
-1.2778730138208275e24
-1.2955721386825943e24
-1.3124093991483315e24
-1.3283748120658228e24
-1.343458904942158e24
-1.3576527235600312e24
-1.3709478393101546e24
-1.3833363562340823e24
-1.3948109177716784e24
-1.4053647132076895e24
-1.414991483812048e24
-1.423685528668674e24
-1.4314417101877065e24
-1.4382554592963148e24
-1.4441227803032848e24
-1.4490402554329072e24
-1.4530050490237962e24
-1.4560149113884215e24
-1.4580681823293858e24
-1.459163794308635e24
-1.45930127526599e24
-1.4584807510836137e24
-1.45670294769313e24
-1.4539691928224564e24
-1.4502814173795168e24
-1.4456421564702297e24
-1.4400545500483948e24
-1.4335223431953066e24
-1.4260498860271237e24
-1.4176421332283072e24
-1.4083046432095106e24
-1.3980435768887577e24
-1.3868656960947083e24
-1.3747783615912726e24
-1.361789530722898e24
-1.347907754680156e24
-1.3331421753854816e24
-1.3175025219991479e24
-1.300999107045734e24
-1.283642822161738e24
-1.2654451334649717e24
-1.2464180765468834e24
-1.2265742510889808e24
-1.2059268151048655e24
-1.1844894788096077e24
-1.1622764981184259e24
-1.1393026677768387e24
-1.1155833141248003e24
-1.0911342874973766e24
-1.0659719542649998e24
-1.0401131885163544e24
-1.0135753633873089e24
-9.863763420395197e23
-9.585344682925093e23
-9.300685569133596e23
-9.009978835682701e23
-8.7134217444059e23
-8.411215955199785e23
-8.103567415678166e23
-7.790686247639954e23
-7.472786630405529e23
-7.150086681077906e23
-6.822808331787853e23
-6.49117720398332e23
-6.155422479826844e23
-5.815776770764979e23
-5.472475983338111e23
-5.1257591822989575e23
-4.7758684511113694e23
-4.423048749902234e23
-4.067547770941943e23
-3.709615791730025e23
-3.349505525765247e23
-2.9874719710798538e23
-2.623772256621688e23
-2.2586654865672584e23
-1.892412582652098e23
-1.525276124605763e23
-1.1575201887805728e23
-7.894101850647735e22
-4.212126921721466e22
-5.319529140213219e21
3.143736010355478e22
6.81224903034038e22
1.0470890368435905e23
1.4116961004675446e23
1.7747760401000244e23
2.136058823503981e23
2.4952746142274065e23
2.8521539465538163e23
3.206427901083664e23
3.557828280840109e23
3.906087787793968e23
4.250940199700552e23
4.592120547140752e23
4.92936529065813e23
5.262412497883079e23
5.591002020534257e23
5.914875671188211e23
6.233777399705718e23
6.547453469204912e23
6.855652631469968e23
7.158126301684125e23
7.454628732375717e23
7.744917186465876e23
8.028752109306094e23
8.305897299595034e23
8.5761200790624e23
8.839191460809385e23
9.094886316194791e23
9.342983540156201e23
9.583266214856268e23
9.815521771544455e23
1.0039542150525141e24
1.0255123959123559e24
1.0462068627542142e24
1.0660182562499649e24
1.0849277298547332e24
1.1029169646956601e24
1.119968184207384e24
1.136064168503899e24
1.1511882684765645e24
1.165324419608148e24
1.1784571554929319e24
1.1905716210529928e24
1.2016535854409554e24
1.2116894546196278e24
1.220666283609086e24
1.2285717883919374e24
1.2353943574676386e24
1.241123063046925e24
1.2457476718775874e24
1.2492586556929902e24
1.251647201274941e24
1.2529052201226884e24
1.2530253577200512e24
1.2520010023928536e24
1.2498262937490861e24
1.2464961306944026e24
1.242006179015804e24
1.2363528785265656e24
1.2295334497657224e24
1.2215459002456495e24
1.2123890302415185e24
1.2020624381166584e24
1.1905665251781217e24
1.1779025000569684e24
1.1640723826081198e24
1.1490790073247871e24
1.1329260262628871e24
1.1156179114710164e24
1.0971599569219001e24
1.0775582799414899e24
1.0568198221321841e24
1.0349523497869184e24
1.0119644537912078e24
9.87865549010426e23
9.626658731600573e23
9.36376485156801e23
9.090092629488304e23
8.805769008237526e23
8.51092906193157e23
8.205715958529317e23
7.890280917189055e23
7.564783160374978e23
7.229389860717716e23
6.884276082630202e23
6.529624718690252e23
6.165626420797995e23
5.792479526123627e23
5.410389977864295e23
5.0195712408277596e23
4.620244211870882e23
4.2126371252159236e23
3.796985452679684e23
3.373531798844727e23
2.94252579121419e23
2.5042239653868288e23
2.0588896452972408e23
1.606792818569639e23
1.1482100070311193e23
6.834241324425072e22
2.1272437749801248e22
-2.6359395784177213e22
-7.452296046260346e22
-1.23187547772827e23
-1.7232188331345996e23
-2.2189414296322145e23
-2.7187196948213605e23
-3.2222248953773405e23
-3.729123311476071e23
-4.23907641530524e23
-4.751741053568598e23
-5.266769633898342e23
-5.7838103150815924e23
-6.302507201003541e23
-6.822500538214319e23
-7.343426917012912e23
-7.864919475951153e23
-8.386608109645549e23
-8.908119679794994e23
-9.429078229287136e23
-9.94910519928537e23
-1.0467819649178428e24
-1.0984838479272665e24
-1.1499776656111902e24
-1.2012247440296e24
-1.2521862616679865e24
-1.3028232726820208e24
-1.3530967303547112e24
-1.4029675107524465e24
-1.4523964365670833e24
-1.5013443011305276e24
-1.5497718925879665e24
-1.5976400182165016e24
-1.64490952887464e24
-1.6915413435692115e24
-1.7374964741248718e24
-1.782736049942366e24
-1.827221342830853e24
-1.8709137918995084e24
-1.913775028494216e24
-1.9557669011639135e24
-1.9968515006423524e24
-2.036991184829598e24
-2.0761486037589787e24
-2.1142867245335838e24
-2.1513688562177563e24
-2.187358674668076e24
-2.222220247288416e24
-2.255918057694221e24
-2.288417030270115e24
-2.319682554606058e24
-2.3496805097962324e24
-2.378377288585746e24
-2.4057398213493949e24
-2.431735599887594e24
-2.4563327010240133e24
-2.479499809989579e24
-2.501206243578033e24
-2.521421973057435e24
-2.54011764682319e24
-2.5572646127769663e24
-2.572834940417186e24
-2.5868014426260807e24
-2.5991376971385315e24
-2.6098180676784895e24
-2.6188177247481515e24
-2.626112666055975e24
-2.631679736569114e24
-2.6354966481765274e24
-2.63754199894866e24
-2.6377952919803334e24
-2.6362369538032574e24
-2.632848352354757e24
-2.62761181448996e24
-2.620510643024113e24
-2.6115291332929845e24
-2.6006525892182457e24
-2.5878673388662447e24
-2.573160749487759e24
-2.556521242027345e24
-2.537938305090734e24
-2.517402508358904e24
-2.494905515438429e24
-2.4704400961368657e24
-2.444000138153394e24
-2.4155806581742727e24
-2.3851778123637013e24
-2.3527889062405074e24
-2.318412403931561e24
-2.2820479367932295e24
-2.2436963113924715e24
-2.2033595168393436e24
-2.161040731463271e24
-2.1167443288257255e24
-2.0704758830621729e24
-2.02224217354672e24
-1.9720511888731528e24
-1.9199121301462782e24
-1.8658354135784417e24
-1.8098326723855148e24
-1.7519167579780718e24
-1.6921017404430887e24
-1.63040290831237e24
-1.5668367676140503e24
-1.501421040204055e24
-1.4341746613747073e24
-1.3651177767383896e24
-1.2942717383840178e24
-1.2216591003050857e24
-1.1473036130981614e24
-1.0712302179311674e24
-9.934650397813085e23
-9.140353799428396e23
-8.32969707805246e23
-7.502976519032641e23
-6.66049990239834e23
-5.802586398842758e23
-4.9295664584802524e23
-4.041781692407249e23
-3.139584747100759e23
-2.2233391716898537e23
-1.2934192781454455e23
-3.50209994430102e22
6.058932893384432e22
1.574484881656233e23
2.555148957275512e23
3.5474597316564075e23
4.550981642160038e23
5.565269535912802e23
6.589868864260126e23
7.624315883736001e23
8.66813786345738e23
9.720853298857742e23
1.0781972131664402e24
1.1850995976023842e24
1.292741835067155e24
1.4010724917043834e24
1.51003937232171e24
1.6195895453566392e24
1.7296693684022585e24
1.8402245142807194e24
1.9511999976520808e24
2.062540202145522e24
2.1741889079997077e24
2.2860893201988435e24
2.3981840970900215e24
2.510415379468133e24
2.622724820113212e24
2.73505361376547e24
2.847342527522567e24
2.959531931643617e24
3.071561830743793e24
3.1833718953635854e24
3.2949014938957003e24
3.406089724853247e24
3.51687544946184e24
3.6271973245582416e24
3.7369938357780025e24
3.846203331014144e24
3.954764054128736e24
4.0626141788991955e24
4.169691843180284e24
4.275935183263599e24
4.3812823684150883e24
4.485671635571651e24
4.5890413241773646e24
4.6913299111398176e24
4.792476045887e24
4.892418585504522e24
4.991096629933709e24
5.088449557210083e24
5.184417058722174e24
5.27893917447032e24
5.371956328305038e24
5.463409363124485e24
5.553239576010565e24
5.641388753282753e24
5.727799205449437e24
5.812413802035738e24
5.895176006267293e24
5.976029909589201e24
6.054920265999506e24
6.131792526176436e24
6.206592871378959e24
6.279268247099626e24
6.349766396449679e24
6.418035893255516e24
6.48402617484629e24
6.547687574512324e24
6.608971353614008e24
6.66782973332128e24
6.724215925963579e24
6.778084165970392e24
6.829389740382926e24
6.878089018917267e24
6.924139483559699e24
6.967499757675028e24
7.008129634609154e24
7.045990105766845e24
7.081043388146707e24
7.113252951314417e24
7.142583543796997e24
7.169001218879799e24
7.192473359788908e24
7.212968704242024e24
7.230457368350442e24
7.24491086985623e24
7.256302150687476e24
7.26460559881668e24
7.26979706940577e24
7.271853905223252e24
7.270754956318123e24
7.266480598936186e24
7.25901275366494e24
7.248334902792754e24
7.234432106869606e24
7.217291020455892e24
7.19689990704746e24
7.173248653164058e24
7.146328781590365e24
7.11613346375776e24
7.08265753125639e24
7.045897486467579e24
7.005851512305996e24
6.962519481063319e24
6.915902962343505e24
6.866005230082362e24
6.812831268642769e24
6.756387777978605e24
6.696683177860844e24
6.633727611158811e24
6.567532946171751e24
6.498112778004529e24
6.425482428983835e24
6.349658948109581e24
6.270661109539096e24
6.188509410100082e24
6.10322606583025e24
6.014835007542101e24
5.923361875410459e24
5.828834012583236e24
5.73128045781388e24
5.630731937117141e24
5.52722085444773e24
5.420781281404696e24
5.311448945962446e24
5.199261220231527e24
5.08425710725278e24
4.966477226827567e24
4.845963800389807e24
4.72276063492333e24
4.596913105931461e24
4.468468139463804e24
4.337474193207316e24
4.203981236649424e24
4.0680407303197875e24
3.929705604120566e24
3.789030234752589e24
3.646070422248526e24
3.500883365621484e24
3.3535276376412624e24
3.2040631587481235e24
3.0525511701163504e24
2.899054205880325e24
2.743636064534649e24
2.5863617795232556e24
2.4272975890296663e24
2.2665109049844767e24
2.1040702813032313e24
1.9400453813717424e24
1.7745069447934273e24
1.607526753415527e24
1.4391775966516555e24
1.2695332361166407e24
1.0986683695931674e24
9.266585943467022e23
7.53580369809168e23
5.795109796490683e23
4.045284932482889e23
2.2871172660604226e23
5.214020268903662e22
-1.251058887496114e23
-3.0294573186331796e23
-4.81297925893427e23
-6.600805268189514e23
-8.392110894506046e23
-1.0186067099478463e24
-1.1981840687354948e24
-1.3778594737959692e24
-1.557548904315035e24
-1.7371680546553727e24
-1.9166323786356347e24
-2.0958571340887598e24
-2.2747574276766037e24
-2.453248259934301e24
-2.631244570520534e24
-2.80866128364783e24
-2.985413353666747e24
-3.161415810779596e24
-3.33658380685608e24
-3.510832661326549e24
-3.6840779071249316e24
-3.8562353366564387e24
-4.0272210477630063e24
-4.19695148965943e24
-4.365343508814935e24
-4.532314394751814e24
-4.69778192573618e24
-4.86166441433233e24
-5.023880752795675e24
-5.18435045827583e24
-5.342993717804445e24
-5.499731433040506e24
-5.654485264745949e24
-5.807177676966253e24
-5.957731980887922e24
-6.106072378347998e24
-6.25212400496778e24
-6.395812972886035e24
-6.537066413064219e24
-6.67581251713901e24
-6.811980578795937e24
-6.945501034638181e24
-7.076305504526319e24
-7.20432683136259e24
-7.329499120296217e24
-7.451757777323848e24
-7.571039547261881e24
-7.687282551066199e24
-7.800426322475163e24
-7.910411843953503e24
-8.017181581912708e24
-8.120679521186491e24
-8.220851198737724e24
-8.317643736575963e24
-8.411005873862899e24
-8.500887998185366e24
-8.587242175974793e24
-8.670022182052383e24
-8.749183528280904e24
-8.824683491302729e24
-8.896481139346027e24
-8.964537358079734e24
-9.028814875500153e24
-9.089278285830889e24
-9.145894072419824e24
-9.198630629616396e24
-9.247458283613005e24
-9.292349312236051e24
-9.333277963670758e24
-9.370220474106679e24
-9.403155084289346e24
-9.432062054965789e24
-9.456923681211228e24
-9.477724305625044e24
-9.494450330385284e24
-9.507090228150824e24
-9.515634551801687e24
-9.520075943007894e24
-9.520409139618869e24
-9.516630981864967e24
-9.508740417364371e24
-9.496738504928747e24
-9.480628417161497e24
-9.460415441844265e24
-9.436106982106373e24
-9.407712555374181e24
-9.375243791096976e24
-9.338714427247359e24
-9.298140305594318e24
-9.253539365748379e24
-9.204931637978511e24
-9.152339234801668e24
-9.095786341345992e24
-9.035299204489944e24
-8.970906120780171e24
-8.902637423131582e24
-8.830525466313977e24
-8.754604611230062e24
-8.674911207991027e24
-8.591483577795576e24
-8.50436199362011e24
-8.413588659727731e24
-8.319207690004869e24
-8.221265085134872e24
-8.119808708618723e24
-8.014888261653534e24
-7.906555256880812e24
-7.794862991016216e24
-7.679866516374127e24
-7.56162261130063e24
-7.440189749529176e24
-7.315628068474149e24
-7.187999336477897e24
-7.057366919027626e24
-6.923795743959629e24
-6.787352265667916e24
-6.648104428336235e24
-6.506121628212143e24
-6.361474674943057e24
-6.214235751994275e24
-6.064478376170261e24
-5.912277356260154e24
-5.757708750830285e24
-5.600849825185802e24
-5.441779007524823e24
-5.280575844309194e24
-5.117320954875705e24
-4.952095985313223e24
-4.784983561630596e24
-4.616067242241592e24
-4.445431469793378e24
-4.2731615223648685e24
-4.0993434640630306e24
-3.9240640950442433e24
-3.747410900989604e24
-3.569472002062185e24
-3.3903361013759723e24
-3.2100924330050654e24
-3.028830709564147e24
-2.846641069389136e24
-2.66361402334927e24
-2.4798404013214534e24
-2.2954112983575183e24
-2.1104180205764746e24
-1.9249520308125613e24
-1.7391048940522302e24
-1.5529682226910017e24
-1.3666336216430274e24
-1.180192633336703e24
-9.937366826276407e23
-8.073570216629132e23
-6.211446747294872e23
-4.351903831195403e23
-2.4958455004658308e23
-6.441718564483878e22
1.2022214791350596e23
3.042443911511519e23
4.8756104183404573e23
6.700842093024386e23
8.517266685510785e23
1.0324019140249078e24
1.2120242130973756e24
1.3905086591978319e24
1.5677712245548066e24
1.7437288125224272e24
1.9182993094569452e24
2.091401636110709e24
2.2629557985108856e24
2.4328829382909845e24
2.601105382442581e24
2.7675466924560974e24
2.932131712818001e24
3.094786618834334e24
3.2554389637485994e24
3.414017725123836e24
3.570453350458428e24
3.724677802005481e24
3.8766246007667187e24
4.02622886963078e24
4.1734273756282483e24
4.318158571274178e24
4.4603626349707944e24
4.5999815104426414e24
4.7369589451774735e24
4.871240527846401e24
5.002773724677543e24
5.131507914757521e24
5.25739442423657e24
5.380386559412692e24
5.500439638671386e24
5.617511023258054e24
5.731560146860684e24
5.842548543981096e24
5.950439877073961e24
6.055199962432723e24
6.156796794803397e24
6.255200570706874e24
6.350383710451577e24
6.442320878819062e24
6.530989004405701e24
6.616367297604459e24
6.69843726721173e24
6.777182735644288e24
6.852589852753386e24
6.924647108222539e24
6.993345342537381e24
7.058677756516073e24
7.120639919390176e24
7.179229775426194e24
7.234447649079378e24
7.286296248671677e24
7.334780668587146e24
7.379908389978715e24
7.421689279980871e24
7.460135589424388e24
7.495261949049307e24
7.52708536421384e24
7.555625208097794e24
7.580903213399283e24
7.602943462525685e24
7.621772376279296e24
7.637418701040324e24
7.649913494449698e24
7.659290109596059e24
7.665584177711472e24
7.668833589381528e24
7.669078474277024e24
7.666361179414089e24
7.66072624595204e24
7.652220384537636e24
7.640892449206902e24
7.626793409854959e24
7.609976323286885e24
7.590496302861945e24
7.568410486745594e24
7.543778004784277e24
7.516659944018234e24
7.487119312849727e24
7.45522100388344e24
7.421031755458242e24
7.384620111889e24
7.346056382438704e24
7.305412599042309e24
7.262762472803314e24
7.218181349286605e24
7.171746162630119e24
7.123535388500485e24
7.073628995916767e24
7.02210839796905e24
6.969056401457675e24
6.914557155480852e24
6.858696098998937e24
6.801559907403504e24
6.74323643812162e24
6.683814675284603e24
6.623384673493088e24
6.56203750070905e24
6.499865180307827e24
6.436960632322342e24
6.373417613913172e24
6.309330659098853e24
6.244795017780282e24
6.179906594095284e24
6.114761884138164e24
6.049457913081306e24
5.984092171734888e24
5.918762552582157e24
5.853567285328234e24
5.788604871999841e24
5.723974021635293e24
5.659773584602838e24
5.596102486587427e24
5.533059662284712e24
5.470743988843058e24
5.409254219093112e24
5.34868891460579e24
5.289146378619658e24
5.230724588878149e24
5.173521130418589e24
5.117633128353674e24
5.063157180687728e24
5.010189291208727e24
4.958824802498589e24
4.909158329103094e24
4.861283690903632e24
4.8152938467329764e24
4.7712808282766044e24
4.72933567430214e24
4.689548365258349e24
4.6520077582860664e24
4.616801522682468e24
4.5840160758605536e24
4.553736519845518e24
4.526046578349025e24
4.501028534463031e24
4.478763169013672e24
4.459329699616358e24
4.442805720472153e24
4.429267142945927e24
4.4187881369658805e24
4.411441073284041e24
4.4072964666368956e24
4.406422919844753e24
4.4088870688883063e24
4.4147535290001046e24
4.424084841808458e24
4.436941423570568e24
4.453381514531354e24
4.4734611294437294e24
4.497234009285697e24
4.5247515742088306e24
4.556062877752355e24
4.5912145623560973e24
4.630250816205286e24
4.6732133314390773e24
4.720141263754398e24
4.7710711934357125e24
4.826037087840528e24
4.885070265370091e24
4.948199360953248e24
5.015450293071525e24
5.086846232351661e24
5.162407571752023e24
5.242151898367429e24
5.326093966876955e24
5.414245674657839e24
5.506616038587594e24
5.603211173556261e24
5.704034272708588e24
5.809085589436382e24
5.918362421138716e24
6.031859094768381e24
6.14956695418021e24
6.271474349297433e24
6.397566627110341e24
6.527826124520094e24
6.662232163041083e24
6.800761045371816e24
6.943386053845785e24
7.090077450770141e24
7.240802480661144e24
7.395525374382844e24
7.554207355194311e24
7.716806646711009e24
7.883278482782527e24
8.053575119290356e24
8.227645847865379e24
8.405437011526673e24
8.586892022238914e24
8.771951380387355e24
8.960552696166327e24
9.152630712876214e24
9.348117332124295e24
9.546941640920859e24
9.74902994066419e24
9.95430577800327e24
1.0162689977569545e25
1.0374100676564337e25
1.0588453361190423e25
1.0805660904913304e25
1.102563360853636e25
1.1248279242075116e25
1.1473503088411192e25
1.1701207988709471e25
1.1931294389576622e25
1.2163660391941845e25
1.2398201801637126e25
1.2634812181653272e25
1.287338290604922e25
1.3113803215487174e25
1.3355960274369432e25
1.3599739229547232e25
1.384502327057533e25
1.4091693691480657e25
1.433962995401609e25
1.4588709752367255e25
1.4838809079278873e25
1.5089802293568886e25
1.534156218899371e25
1.5593960064431266e25
1.5846865795343076e25
1.6100147906480502e25
1.6353673645794405e25
1.660730905951111e25
1.6860919068333867e25
1.7114367544728214e25
1.7367517391251477e25
1.7620230619881692e25
1.7872368432304976e25
1.8123791301115274e25
1.8374359051883412e25
1.8623930946049503e25
1.8872365764591747e25
1.9119521892426807e25
1.9365257403492075e25
1.9609430146464214e25
1.985189783106309e25
2.009251811489427e25
2.0331148690778333e25
2.056764737451851e25
2.0801872193055527e25
2.103368147295767e25
2.1262933929196683e25
2.1489488754155234e25
2.171320570681616e25
2.1933945202078686e25
2.215156840015116e25
2.236593729596477e25
2.257691480855721e25
2.2784364870371546e25
2.2988152516416266e25
2.3188143973234395e25
2.338420674762542e25
2.3576209715068504e25
2.37640232077906e25
2.394751910242717e25
2.4126570907220937e25
2.430105384870372e25
2.4470844957809414e25
2.4635823155362073e25
2.479586933688755e25
2.495086645669341e25
2.510069961116545e25
2.524525612122636e25
2.5384425613904885e25
2.5518100102962853e25
2.5646174068527052e25
2.576854453567603e25
2.5885111151928224e25
2.599577626358318e25
2.610044499086271e25
2.6199025301804587e25
2.6291428084857304e25
2.637756722012875e25
2.645735964923967e25
2.6530725443734077e25
2.6597587872001084e25
2.6657873464659844e25
2.671151207836417e25
2.6758436957980238e25
2.6798584797094635e25
2.6831895796809083e25
2.6858313722779026e25
2.687778596045538e25
2.689026356848819e25
2.689570133025282e25
2.6894057803459493e25
2.6885295367809004e25
2.6869380270656987e25
2.684628267065172e25
2.6815976679310314e25
2.677844040049915e25
2.673365596778744e25
2.6681609579640373e25
2.6622291532423462e25
2.6555696251187464e25
2.648182231820688e25
2.6400672499244445e25
2.631225376751683e25
2.621657732533639e25
2.6113658623406803e25
2.6003517377749993e25
2.5886177584244255e25
2.576166753075462e25
2.5630019806837077e25
2.5491271311000584e25
2.534546325551184e25
2.5192641168728195e25
2.503285489494799e25
2.486615859176545e25
2.4692610724921993e25
2.45122740606452e25
2.4325215655468908e25
2.4131506843529284e25
2.393122322133257e25
2.3724444629993283e25
2.3511255134940646e25
2.32917430030947e25
2.3066000677514152e25
2.283412474951908e25
2.259621592829402e25
2.235237900797771e25
2.210272283224728e25
2.184736025640742e25
2.1586408106994032e25
2.1319987138906097e25
2.104822199007903e25
2.0771241133715558e25
2.0489176828090423e25
2.020216506394798e25
1.9910345509511777e25
1.9613861453128804e25
1.9312859743569647e25
1.9007490728009917e25
1.8697908187718352e25
1.838426927147857e25
1.806673442677336e25
1.7745467328761212e25
1.7420634807076311e25
1.709240677048573e25
1.6760956129436295e25
1.6426458716528232e25
1.6089093204951182e25
1.5749041024921721e25
1.5406486278160901e25
1.5061615650453471e25
1.4714618322329621e25
1.4365685877914095e25
1.401501221198552e25
1.366279343529252e25
1.3309227778173512e25
1.2954515492527694e25
1.2598858752187052e25
1.2242461551738949e25
1.1885529603851032e25
1.1528270235151387e25
1.1170892280716043e25
1.0813605977219747e25
1.0456622854804356e25
1.0100155627722058e25
9.744418083810083e24
9.389624972855225e24
9.035991893907971e24
8.683735181604905e24
8.333071791560939e24
7.984219184892427e24
7.637395211933754e24
7.292817995209552e24
6.950705811727025e24
6.611276974651201e24
6.274749714429888e24
5.941342059431321e24
5.611271716161995e24
5.284755949130458e24
4.962011460423622e24
4.64325426906325e24
4.328699590209736e24
4.018561714281026e24
3.713053886055704e24
3.4123881838274076e24
3.1167753986801996e24
2.8264249139532724e24
2.5415445849642896e24
2.2623406190600744e24
1.9890174560642557e24
1.7217776491902438e24
1.4608217464901367e24
1.2063481729068092e24
9.585531129996717e23
7.176303944121684e23
4.8377137215002706e23
2.571648137385496e23
3.799678532732075e22
-1.73549461190333e23
-3.772935999742103e23
-5.730583418851575e23
-7.606695439157413e23
-9.399563173380345e23
-1.1107511345027803e24
-1.2728899342242536e24
-1.426212225686967e24
-1.5705611908087824e24
-1.7057837849987954e24
-1.831730836245757e24
-1.9482571424761595e24
-2.0552215671201032e24
-2.1524871328248374e24
-2.239921113256782e24
-2.3173951229328326e24
-2.3847852050235507e24
-2.441971917071472e24
-2.488840414569087e24
-2.525280532340976e24
-2.5511868636775267e24
-2.5664588371668995e24
-2.57100079117385e24
-2.5647220459163354e24
-2.547536973088713e24
-2.5193650629863665e24
-2.480130989082767e24
-2.429764670015866e24
-2.3682013289383276e24
-2.2953815501897305e24
-2.211251333250217e24
-2.1157621439343624e24
-2.008870962788681e24
-1.890540330654282e24
-1.7607383913612952e24
-1.6194389315189805e24
-1.4666214173716904e24
-1.302271028688099e24
-1.126378689655198e24
-9.389410967508621e23
-7.399607435664134e23
-5.2944594255840125e23
-3.0741084370368406e23
-7.387545004032432e22
1.7113436992807604e23
4.275868729787336e23
6.954444350849893e23
9.74663548513321e23
1.2651948221131707e24
1.5669829848124715e24
1.879966892324051e24
2.2040795370731827e24
2.5392480613476007e24
2.8853937736759703e24
3.2424321684348356e24
3.610272948682268e24
3.9888200522187407e24
4.377971680867136e24
4.777620332969752e24
5.187652839090172e24
5.607950400914307e24
6.038388633334808e24
6.478837609708617e24
6.929161910270821e24
7.38922067368623e24
7.858867651723003e24
8.337951267022978e24
8.826314673950501e24
9.323795822490466e24
9.830227525173891e24
1.0345437526998182e25
1.0869248578315572e25
1.1401478510656827e25
1.1941940315454671e25
1.24904422256357e25
1.3046787800038727e25
1.3610776010625843e25
1.4182201332440656e25
1.4760853836275679e25
1.5346519284003037e25
1.5938979226521644e25
1.6538011104277624e25
1.7143388350304051e25
1.7754880495735056e25
1.8372253277736907e25
1.8995268749808103e25
1.962368539438828e25
2.025725823772343e25
2.089573896692835e25
2.153887604918484e25
2.218641485301941e25
2.2838097771593057e25
2.3493664347945165e25
2.415285140212161e25
2.4815393160125848e25
2.5481021384621444e25
2.614946550732118e25
2.6820452762991895e25
2.7493708325002286e25
2.8168955442346747e25
2.8845915578066384e25
2.952430854899984e25
3.020385266678259e25
3.0884264880024616e25
3.156526091758712e25
3.2246555432879725e25
3.2927862149103896e25
3.3608894005358444e25
3.428936330353274e25
3.496898185590206e25
3.564746113334905e25
3.6324512414124835e25
3.6999846933071923e25
3.7673176031224096e25
3.8344211305699297e25
3.90126647598054e25
3.967824895327073e25
4.034067715251995e25
4.099966348090576e25
4.165492306881737e25
4.2306172203575665e25
4.2953128479034565e25
4.3595510944801675e25
4.423304025499209e25
4.486543881643436e25
4.549243093623893e25
4.611374296864926e25
4.6729103461086565e25
4.733824329930788e25
4.794089585159165e25
4.8536797111866e25
4.912568584170021e25
4.970730371107183e25
5.0281395437832e25
5.084770892578242e25
5.140599540128763e25
5.195600954833713e25
5.249750964198166e25
5.303025768006244e25
5.3554019513153984e25
5.406856497264621e25
5.457366799688504e25
5.506910675529969e25
5.555466377043818e25
5.603012603784078e25
5.6495285143675e25
5.694993738006374e25
5.739388385803422e25
5.782693061801823e25
5.824888873783703e25
5.865957443810236e25
5.905880918496965e25
5.944641979017767e25
5.982223850831319e25
6.0186103131239e25
6.053785707962441e25
6.087734949152179e25
6.120443530793027e25
6.151897535529355e25
6.182083642487602e25
6.210989134896769e25
6.2386019073865285e25
6.264910472958314e25
6.289903969624608e25
6.313572166711923e25
6.335905470823282e25
6.35689493145589e25
6.376532246270308e25
6.394809766007134e25
6.411720499047838e25
6.427258115616281e25
6.441416951617837e25
6.454192012113122e25
6.4655789744236074e25
6.475574190866568e25
6.484174691117035e25
6.491378184194627e25
6.497183060073342e25
6.501588390912641e25
6.504593931908284e25
6.506200121761722e25
6.506408082766931e25
6.505219620513896e25
6.502637223208113e25
6.498664060605744e25
6.4933039825642106e25
6.486561517208352e25
6.4784418687123164e25
6.468950914697816e25
6.45809520324936e25
6.445881949547444e25
6.432319032120923e25
6.417414988719852e25
6.401179011810509e25
6.3836209436944086e25
6.3647512712533154e25
6.344581120322672e25
6.323122249695755e25
6.300387044761517e25
6.276388510778815e25
6.251140265790411e25
6.224656533179943e25
6.19695213387561e25
6.168042478204252e25
6.1379435573999275e25
6.106671934771243e25
6.074244736531706e25
6.04067964229804e25
6.005994875260961e25
5.970209192033821e25
5.933341872184031e25
5.895412707453016e25
5.856441990670143e25
5.81645050436649e25
5.775459509094594e25
5.733490731460198e25
5.690566351872593e25
5.646708992019909e25
5.60194170207633e25
5.5562879476479084e25
5.509771596464292e25
5.462416904823476e25
5.414248503796894e25
5.365291385202841e25
5.315570887355325e25
5.265112680596791e25
5.213942752622319e25
5.1620873936037544e25
5.109573181121849e25
5.056426964914893e25
5.002675851452507e25
4.948347188343035e25
4.893468548583617e25
4.838067714661485e25
4.7821726625159075e25
4.7258115453694545e25
4.6690126774382245e25
4.6118045175299975e25
4.554215652539746e25
4.496274780852348e25
4.43801069566141e25
4.379452268214434e25
4.320628430993533e25
4.261568160841846e25
4.202300462045041e25
4.142854349378151e25
4.08325883112734e25
4.023542892096587e25
3.963735476609454e25
3.903865471515542e25
3.8439616892120768e25
3.7840528506902108e25
3.724167568616471e25
3.664334330459087e25
3.604581481669252e25
3.544937208927707e25
3.485429523466003e25
3.426086244473075e25
3.3669349825965634e25
3.308003123549234e25
3.249317811829983e25
3.1909059345696486e25
3.132794105511093e25
3.075008649133441e25
3.0175755849302502e25
2.9605206118508893e25
2.9038690929150764e25
2.847646040009595e25
2.791876098876968e25
2.7365835343048846e25
2.6817922155261587e25
2.627525601837668e25
2.5738067284476097e25
2.5206581925599246e25
2.4681021397043656e25
2.416160250321143e25
2.3648537266082986e25
2.314203279640455e25
2.2642291167668787e25
2.2149509292970417e25
2.166387880481639e25
2.1185585937965944e25
2.0714811415379306e25
2.0251730337346032e25
1.9796512073868855e25
1.934932016036975e25
1.8910312196792121e25
1.8479639750161227e25
1.8057448260670886e25
1.764387695135979e25
1.7239058741436736e25
1.6843120163316597e25
1.6456181283421533e25
1.607835562680528e25
1.5709750105650825e25
1.5350464951694632e25
1.5000593652624253e25
1.4660222892496281e25
1.4329432496219522e25
1.4008295378143306e25
1.3696877494792645e25
1.3395237801784554e25
1.31034282149637e25
1.2821493575786016e25
1.2549471620982317e25
1.2287392956529008e25
1.203528103594963e25
1.179315214297104e25
1.1561015378552606e25
1.133887265230687e25
1.112671867832525e25
1.09245409754219e25
1.0732319871804288e25
1.0550028514177888e25
1.0377632881289303e25
1.0215091801908992e25
1.0062356977252807e25
9.919373007839092e24
9.786077424774252e24
9.662400725458256e24
9.548266413698589e24
9.443591044218057e24
9.348284271539636e24
9.262248903228903e24
9.185380957471615e24
9.117569724961765e24
9.058697835072461e24
9.008641326279636e24
8.967269720805777e24
8.934446103448407e24
8.910027204555351e24
8.893863487106449e24
8.88579923785826e24
8.885672662507069e24
8.893315984820995e24
8.908555549691606e24
8.931211930051377e24
8.96110003760186e24
8.998029237294658e24
9.04180346550458e24
9.09222135183296e24
9.149076344475419e24
9.212156839087649e24
9.281246311078827e24
9.356123451261826e24
9.43656230478535e24
9.522332413272698e24
9.613198960088633e24
9.708922918653835e24
9.809261203725298e24
9.91396682555753e24
1.0022789046859303e25
1.0135473542456826e25
1.02517625615742e25
1.0371395092639096e25
1.0494107030519686e25
1.0619631346098664e25
1.0747698258086136e25
1.087803540697437e25
1.1010368031032982e25
1.1144419144244434e25
1.1279909716075638e25
1.1416558852982457e25
1.1554083981541035e25
1.1692201033098686e25
1.1830624629837443e25
1.1969068272139612e25
1.2107244527146588e25
1.2244865218398248e25
1.2381641616442027e25
1.2517284630297373e25
1.265150499966266e25
1.278401348774948e25
1.2914521074628561e25
1.3042739150972447e25
1.3168379712076992e25
1.3291155552046146e25
1.3410780458021234e25
1.352696940433803e25
1.3639438746493112e25
1.3747906414800968e25
1.3852092107624273e25
1.3951717484057823e25
1.4046506355948719e25
1.41361848791334e25
1.4220481743774194e25
1.4299128363676485e25
1.4371859064469391e25
1.4438411270532287e25
1.4498525690549903e25
1.4551946501580126e25
1.4598421531517858e25
1.4637702439840268e25
1.4669544896518297e25
1.4693708758980995e25
1.4709958247019462e25
1.4718062115518432e25
1.4717793824904416e25
1.4708931709200229e25
1.4691259141577204e25
1.4664564697297164e25
1.462864231393777e25
1.458329144879606e25
1.4528317233366418e25
1.446353062479059e25
1.4388748554179051e25
1.4303794071704348e25
1.4208496488369049e25
1.410269151435206e25
1.398622139383979e25
1.385893503624895e25
1.3720688143751863e25
1.357134333501462e25
1.341077026506213e25
1.3238845741186188e25
1.3055453834813123e25
1.2860485989252312e25
1.2653841123246314e25
1.24354257302484e25
1.2205153973352788e25
1.19629477758082e25
1.1708736907045006e25
1.144245906415046e25
1.1164059948729215e25
1.0873493339086707e25
1.0570721157679084e25
1.0255713533771615e25
9.928448861255728e24
9.588913851571348e24
9.237103581688831e24
8.873021537106233e24
8.496679649818157e24
8.108098331219874e24
7.70730649990787e24
7.294341604346605e24
6.869249640368391e24
6.432085163482183e24
5.982911295964741e24
5.521799728713912e24
5.048830717847228e24
4.564093076028074e24
4.0676841585105107e24
3.5597098438916655e24
3.040284509567948e24
2.5095310018900794e24
1.9675806010208386e24
1.41457298049623e24
8.506561614983021e23
2.7598646185090566e23
-3.0927156025145805e23
-9.049451677613257e23
-1.5108535115270964e24
-2.126807702246099e24
-2.752610887599278e24
-3.38805833453728e24
-4.0329375166840277e24
-4.6870282068260785e24
-5.350102574445414e24
-6.02192528825708e24
-6.70225362370439e24
-7.39083757536734e24
-8.08741997422891e24
-8.79173660974959e24
-9.503516356691497e24
-1.022248130663048e25
-1.0948346904097765e25
-1.168082208727996e25
-1.241960943321438e25
-1.3164405307402502e25
-1.3914900017772826e25
-1.4670777972910567e25
-1.5431717844478533e25
-1.6197392733744844e25
-1.6967470342130831e25
-1.7741613145693956e25
-1.8519478573452114e25
-1.9300719189459902e25
-2.0084982878536416e25
-2.087191303555111e25
-2.1661148758165173e25
-2.2452325042923695e25
-2.3245072984598457e25
-2.403901997866775e25
-2.4833789926829983e25
-2.562900344543318e25
-2.6424278076712832e25
-2.721922850271604e25
-2.8013466761799682e25
-2.8806602467580775e25
-2.959824303021488e25
-3.0387993879885947e25
-3.117545869237531e25
-3.196023961659022e25
-3.2741937503917487e25
-3.3520152139279182e25
-3.4294482473753485e25
-3.5064526858633023e25
-3.5829883280785805e25
-3.659014959918196e25
-3.7344923782455184e25
-3.8093804147356533e25
-3.883638959796897e25
-3.957227986553773e25
-4.030107574878246e25
-4.102237935454914e25
-4.173579433865844e25
-4.244092614681492e25
-4.313738225542919e25
-4.382477241221658e25
-4.4502708876424545e25
-4.517080665855143e25
-4.582868375940876e25
-4.6475961408388355e25
-4.711226430078981e25
-4.773722083406403e25
-4.835046334283431e25
-4.895162833254779e25
-4.954035671162067e25
-5.011629402193063e25
-5.067909066752071e25
-5.122840214136908e25
-5.17638892500899e25
-5.228521833642441e25
-5.279206149938263e25
-5.3284096811903266e25
-5.376100853589041e25
-5.422248733449778e25
-5.4668230481521775e25
-5.5097942067774975e25
-5.551133320430779e25
-5.590812222234686e25
-5.628803486982654e25
-5.665080450438206e25
-5.6996172282684414e25
-5.7323887345989845e25
-5.763370700178651e25
-5.792539690141623e25
-5.81987312135561e25
-5.845349279344405e25
-5.86894733477348e25
-5.890647359487716e25
-5.910430342090189e25
-5.928278203051639e25
-5.944173809340001e25
-5.958100988560123e25
-5.970044542593573e25
-5.9799902607291e25
-5.987924932274331e25
-5.993836358639612e25
-5.9977133648853024e25
-5.999545810723919e25
-5.999324600968981e25
-5.997041695422679e25
-5.992690118194674e25
-5.986263966444791e25
-5.977758418542598e25
-5.967169741637251e25
-5.9544952986311805e25
-5.9397335545516826e25
-5.9228840823147045e25
-5.903947567875465e25
-5.882925814760911e25
-5.859821747979407e25
-5.834639417303232e25
-5.80738399992004e25
-5.778061802449633e25
-5.746680262322718e25
-5.713247948518979e25
-5.677774561661719e25
-5.640270933466982e25
-5.6007490255454765e25
-5.559221927555736e25
-5.515703854707544e25
-5.4702101446150055e25
-5.422757253498811e25
-5.3733627517380025e25
-5.322045318771471e25
-5.2688247373502015e25
-5.213721887141409e25
-5.156758737686113e25
-5.0979583407123e25
-5.037344821805817e25
-4.9749433714418305e25
-4.910780235380093e25
-4.844882704427292e25
-4.7772791035703985e25
-4.707998780485446e25
-4.6370720934261294e25
-4.564530398497295e25
-4.490406036318824e25
-4.414732318085338e25
-4.337543511028198e25
-4.2588748232858795e25
-4.17876238818992e25
-4.097243247973226e25
-4.014355336908705e25
-3.9301374638857235e25
-3.8446292944328276e25
-3.757871332195267e25
-3.6699048998763176e25
-3.580772119651505e25
-3.490515893065316e25
-3.3991798804205747e25
-3.306808479670372e25
-3.2134468048232377e25
-3.119140663872603e25
-3.0239365362613028e25
-2.927881549893083e25
-2.8310234577023555e25
-2.7334106137947857e25
-2.6350919491704913e25
-2.5361169470430117e25
-2.4365356177664877e25
-2.3363984733842074e25
-2.2357565018125545e25
-2.1346611406729015e25
-2.033164250786385e25
-1.9313180893449053e25
-1.8291752827732756e25
-1.7267887992966392e25
-1.6242119212280935e25
-1.5214982169916884e25
-1.418701512895495e25
-1.31587586467068e25
-1.2130755287915129e25
-1.1103549335926003e25
-1.0077686501986136e25
-9.05371363283104e24
-8.032178416720923e24
-7.013629088087746e24
-5.998614130963379e24
-4.987681981343862e24
-3.98138072866601e24
-2.9802578165563383e24
-1.9848597430261292e24
-9.957317602761849e23
-1.3417574286144997e22
9.615409556457529e23
1.9286041172399614e24
2.8872346452774467e24
3.8368980211786923e24
4.777062771943231e24
5.707200768283437e24
6.626787521775817e24
7.535302480862065e24
8.43222932552863e24
9.317056260488124e24
1.0189276306701372e25
1.104838759106098e25
1.1893893634073794e25
1.2725303635367976e25
1.3542132756861856e25
1.4343902403422694e25
1.5130140500853136e25
1.5900381771038773e25
1.6654168004091851e25
1.7391048327332041e25
1.8110579470939e25
1.8812326030121574e25
1.949586072364118e25
2.016076464853832e25
2.0806627530901228e25
2.1433047972530664e25
2.203963369334625e25
2.262600176938585e25
2.3191778866254066e25
2.373660146787235e25
2.426011610039236e25
2.476197955112978e25
2.5241859082384383e25
2.5699432640010875e25
2.6134389056608085e25
2.6546428249199813e25
2.6935261411278685e25
2.7300611199092417e25
2.764221191205002e25
2.7959809667133512e25
2.8253162567198138e25
2.8522040863053523e25
2.876622710921675e25
2.8985516313233204e25
2.9179716078465883e25
2.9348646740254827e25
2.949214149535438e25
2.9610046524557456e25
2.9702221108421574e25
2.976853773601362e25
2.980888220659523e25
2.982315372417396e25
2.981126498484941e25
2.9773142256887675e25
2.970872545346122e25
2.961796819799558e25
2.950083788206829e25
2.9357315715809507e25
2.918739677075803e25
2.899109001513113e25
2.8768418341469653e25
2.851941858662591e25
2.824414154406405e25
2.7942651968449525e25
2.7615028572505662e25
2.726136401612292e25
2.6881764887707965e25
2.6476351677765816e25
2.604525874471323e25
2.5588634272923256e25
2.510664022300885e25
2.4599452274355727e25
2.406725975991959e25
2.351026559330657e25
2.292868618816332e25
2.232275136990284e25
2.169270427980044e25
2.1038801271498335e25
2.036131179995818e25
1.9660518302911783e25
1.8936716074856828e25
1.819021313365698e25
1.742133007980293e25
1.6630399948399503e25
1.5817768053948996e25
1.4983791827999868e25
1.4128840649741045e25
1.325329566962181e25
1.2357549626082833e25
1.144200665548652e25
1.0507082095343976e25
9.553202280932457e24
8.580804335406831e24
7.590335953512596e24
6.582255179005752e24
5.55703017589873e24
4.515138993643917e24
3.457069326381831e24
2.3833182663729058e24
1.2943920517472193e24
1.9080580869965724e23
-9.269167117338005e23
-2.058243402173024e24
-3.2026340725328494e24
-4.35954072864785e24
-5.528407855742363e24
-6.708672706587042e24
-7.899765594192398e24
-9.101110188879075e24
-1.0312123819562193e25
-1.1532217779091067e25
-1.2760797633473275e25
-1.3997263534815108e25
-1.5241010537812044e25
-1.6491428919607036e25
-1.774790450284765e25
-1.9009818981757787e25
-2.0276550251053005e25
-2.1547472737502855e25
-2.282195773396738e25
-2.409937373571965e25
-2.537908677886059e25
-2.666046078064276e25
-2.7942857881507177e25
-2.922563878864733e25
-3.050816312089863e25
-3.1789789754761846e25
-3.3069877171369113e25
-3.4347783804186343e25
-3.562286838726211e25
-3.689449030381864e25
-3.816200993499274e25
-3.942478900851869e25
-4.068219094715897e25
-4.193358121668066e25
-4.317832767317633e25
-4.441580090953083e25
-4.564537460082951e25
-4.686642584851478e25
-4.8078335523082555e25
-4.928048860512567e25
-5.047227452452046e25
-5.165308749756418e25
-5.282232686185918e25
-5.3979397408749575e25
-5.5123709713119335e25
-5.625468046034917e25
-5.737173277024526e25
-5.847429651774569e25
-5.956180865021389e25
-6.063371350113153e25
-6.168946310000129e25
-6.272851747827913e25
-6.375034497114629e25
-6.475442251494495e25
-6.5740235940094665e25
-6.67072802593173e25
-6.7655059950990176e25
-6.858308923745896e25
-6.949089235814197e25
-7.037800383725488e25
-7.1243968745995915e25
-7.208834295902718e25
-7.291069340509778e25
-7.3710598311650595e25
-7.448764744326035e25
-7.524144233375806e25
-7.597159651189431e25
-7.667773572039924e25
-7.735949812830174e25
-7.801653453637476e25
-7.864850857557355e25
-7.925509689834158e25
-7.983598936266062e25
-8.03908892087263e25
-8.091951322813365e25
-8.142159192546186e25
-8.189686967215265e25
-8.234510485257802e25
-8.276607000220249e25
-8.315955193774175e25
-8.352535187923336e25
-8.386328556393227e25
-8.417318335195207e25
-8.445489032357601e25
-8.47082663681687e25
-8.493318626462133e25
-8.512953975327076e25
-8.529723159923469e25
-8.543618164711376e25
-8.554632486701285e25
-8.562761139184208e25
-8.568000654585824e25
-8.570349086441909e25
-8.569806010492329e25
-8.566372524891279e25
-8.560051249532494e25
-8.55084632448824e25
-8.538763407561656e25
-8.52380967095199e25
-8.505993797033856e25
-8.485325973251178e25
-8.461817886127153e25
-8.435482714392765e25
-8.406335121236051e25
-8.374391245675542e25
-8.339668693060973e25
-8.302186524705997e25
-8.261965246657385e25
-8.219026797605396e25
-8.173394535941828e25
-8.125093225971272e25
-8.074149023282804e25
-8.020589459288642e25
-7.964443424938345e25
-7.90574115361608e25
-7.844514203230211e25
-7.780795437503744e25
-7.714619006476093e25
-7.646020326226052e25
-7.575036057826144e25
-7.501704085540393e25
-7.426063494276422e25
-7.348154546304421e25
-7.26801865725481e25
-7.185698371408501e25
-7.10123733629269e25
-7.014680276595632e25
-6.926072967415613e25
-6.8354622068580185e25
-6.742895787996263e25
-6.648422470211224e25
-6.552091949926146e25
-6.453954830752905e25
-6.354062593065652e25
-6.252467563020216e25
-6.1492228810355865e25
-6.044382469756057e25
-5.938001001511173e25
-5.83013386529317e25
-5.720837133269702e25
-5.6101675268517325e25
-5.498182382334853e25
-5.384939616135209e25
-5.270497689639079e25
-5.154915573686064e25
-5.038252712707441e25
-4.9205689885394895e25
-4.801924683933501e25
-4.682380445782689e25
-4.561997248088582e25
-4.4408363546880355e25
-4.318959281761987e25
-4.196427760149241e25
-4.07330369748634e25
-3.949649140196642e25
-3.825526235349944e25
-3.7009971924164945e25
-3.576124244937364e25
-3.4509696121335965e25
-3.3255954604778982e25
-3.200063865250972e25
-3.074436772106195e25
-2.948775958664572e25
-2.8231429961644006e25
-2.6975992111875755e25
-2.5722056474864876e25
-2.4470230279334544e25
-2.3221117166170205e25
-2.197531681107492e25
-2.0733424549141147e25
-1.949603100158001e25
-1.8263721704825808e25
-1.7037076742249679e25
-1.5816670378701429e25
-1.4603070698112173e25
-1.3396839244378974e25
-1.219853066574677e25
-1.100869236292009e25
-9.827864141113612e24
-8.656577866265858e24
-7.49535712562112e24
-6.344716892904313e24
-5.205163198293529e24
-4.0771928033935054e24
-2.961292881426819e24
-1.8579407028364153e24
-7.67603326506797e23
3.092627032075499e23
1.3722116534421394e24
2.420808893585496e24
3.454631179654667e24
4.473266932104006e24
5.476316506877293e24
6.463392459530531e24
7.434119802255429e24
8.388136253624724e24
9.325092480900831e24
1.0244652334740243e25
1.1146493076143022e25
1.203030559548537e25
1.2895794623490051e25
1.3742678933993569e25
1.4570691538361964e25
1.5379579871426105e25
1.6169105968801743e25
1.6939046635472088e25
1.768919360550765e25
1.8419353692808558e25
1.9129348932761955e25
1.9819016714702097e25
2.0488209905077803e25
2.1136796961228078e25
2.176466203568062e25
2.2371705070882794e25
2.2957841884290576e25
2.3523004243738677e25
2.4067139933028034e25
2.459021280766352e25
2.509220284068771e25
2.557310615856237e25
2.6032935067046907e25
2.6471718067040246e25
2.6889499860349004e25
2.728634134535802e25
2.766231960257843e25
2.801752787005967e25
2.8352075508657123e25
2.8666087957149243e25
2.8959706677209105e25
2.923308908823773e25
2.948640849207539e25
2.9719853987609853e25
2.993363037530973e25
3.012795805171596e25
3.0303072893929443e25
3.045922613414111e25
3.0596684224254156e25
3.0715728690657217e25
3.0816655979210188e25
3.089977729051259e25
3.096541840552933e25
3.1013919501654965e25
3.104563495930319e25
3.106093315911476e25
3.1060196269881624e25
3.104382002729264e25
3.101221350361006e25
3.096579886839343e25
3.090501114039106e25
3.083029793072736e25
3.074211917751805e25
3.064094687204999e25
3.052726477667101e25
3.0401568134536363e25
3.02643633713673e25
3.0116167789378456e25
2.9957509253540465e25
2.9788925870345915e25
2.961096565925092e25
2.942418621697386e25
2.9229154374832353e25
2.9026445849308274e25
2.881664488603081e25
2.860034389737751e25
2.8378143093893286e25
2.8150650109731015e25
2.7918479622326796e25
2.7682252966520496e25
2.7442597743341008e25
2.7200147423674652e25
2.6955540947044898e25
2.670942231572889e25
2.6462440184444502e25
2.621524744583984e25
2.596850081202678e25
2.5722860392397704e25
2.5478989267967656e25
2.5237553062491953e25
2.499921951060534e25
2.4764658023236577e25
2.453453925054908e25
2.4309534642667347e25
2.409031600844538e25
2.387755507253518e25
2.367192303102054e25
2.3474090105876147e25
2.3284725098518787e25
2.3104494942713397e25
2.293406425710444e25
2.27740948976386e25
2.26252455101459e25
2.2488171083351936e25
2.236352250258795e25
2.225194610447094e25
2.215408323282149e25
2.2070569796092578e25
2.2002035826577003e25
2.194910504166517e25
2.191239440741957e25
2.189251370473837e25
2.189006509837359e25
2.1905642709070526e25
2.1939832189096008e25
2.199321030141858e25
2.2066344502804523e25
2.215979253109024e25
2.2274101996892257e25
2.2409809980011715e25
2.256744263078916e25
2.274751477666388e25
2.295052953418869e25
2.317697792674882e25
2.3427338508231066e25
2.370207699288712e25
2.4001645891629482e25
2.4326484154999696e25
2.4677016823040763e25
2.505365468230524e25
2.545679393022522e25
2.588681584706848e25
2.6344086475699077e25
2.682895630935837e25
2.73417599876774e25
2.788281600112863e25
2.8452426404118274e25
2.9050876536917815e25
2.967843475662964e25
3.03353521773732e25
3.1021862419876998e25
3.173818137065518e25
3.2484506950941786e25
3.3261018895552047e25
3.4067878541831897e25
3.490522862885729e25
3.577319310703045e25
3.6671876958223173e25
3.760136602660513e25
3.856172686029584e25
3.955300656396428e25
4.057523266250072e25
4.162841297588102e25
4.271253550532703e25
4.382756833087267e25
4.497345952042899e25
4.6150137050446805e25
4.735750873824975e25
4.8595462186128066e25
4.986386473725474e25
5.11625634434979e25
5.249138504517843e25
5.385013596282783e25
5.523860230099492e25
5.66565498641297e25
5.810372418458243e25
5.957985056273498e25
6.108463411928934e25
6.26177598597129e25
6.417889275084659e25
6.5767677809676525e25
6.738374020424637e25
6.902668536670226e25
7.069609911843089e25
7.239154780727565e25
7.4112578456772195e25
7.5858718927363644e25
7.762947808954625e25
7.94243460088712e25
8.124279414274412e25
8.308427554893815e25
8.494822510574827e25
8.683405974368337e25
8.874117868860974e25
9.066896371623348e25
9.261677941782251e25
9.458397347703678e25
9.656987695774791e25
9.857380460272647e25
1.0059505514303777e26
1.026329116180229e26
1.0468664170569803e26
1.0675549806342822e26
1.0883871867869823e26
1.1093552722981514e26
1.130451334563748e26
1.1516673353929281e26
1.172995104902248e26
1.1944263455017117e26
1.2159526359707871e26
1.2375654356221602e26
1.2592560885511971e26
1.2810158279689871e26
1.3028357806166224e26
1.3247069712584656e26
1.3466203272520948e26
1.3685666831925705e26
1.3905367856284602e26
1.4125212978472655e26
1.4345108047276026e26
1.4564958176557069e26
1.478466779503463e26
1.5004140696653791e26
1.5223280091518652e26
1.5441988657359069e26
1.566016859150483e26
1.5877721663338038e26
1.6094549267196307e26
1.631055247569637e26
1.6525632093449754e26
1.673968871114091e26
1.69526227599375e26
1.7164334566203074e26
1.7374724406481318e26
1.7583692562722036e26
1.7791139377717002e26
1.7996965310714905e26
1.8201070993184984e26
1.8403357284696463e26
1.8603725328883358e26
1.880207660946207e26
1.8998313006270987e26
1.9192336851298867e26
1.9384050984670904e26
1.9573358810559917e26
1.9760164352990866e26
1.9944372311506203e26
2.0125888116659772e26
2.030461798530791e26
2.0480468975664456e26
2.0653349042088457e26
2.0823167089571873e26
2.0989833027896302e26
2.11532578254257e26
2.1313353562504e26
2.1470033484426482e26
2.162321205395243e26
2.1772805003328718e26
2.1918729385792672e26
2.20609036265241e26
2.2199247573015147e26
2.2333682544827703e26
2.2464131382709045e26
2.2590518497034992e26
2.27127699155516e26
2.283081333038592e26
2.2944578144297563e26
2.3053995516141743e26
2.31589984055165e26
2.3259521616565777e26
2.335550184091173e26
2.3446877699688574e26
2.3533589784652232e26
2.3615580698339564e26
2.369279509325151e26
2.3765179710035434e26
2.3832683414642023e26
2.389525723443266e26
2.39528543932141e26
2.400543034517727e26
2.405294280771804e26
2.4095351793118127e26
2.4132619639065063e26
2.416471103799062e26
2.4191593065207672e26
2.4213235205826402e26
2.422960938043112e26
2.424068996949954e26
2.424645383654742e26
2.424688034998181e26
2.4241951403647113e26
2.4231651436048276e26
2.4215967448237177e26
2.419488902034798e26
2.4168408326768626e26
2.413652014993583e26
2.4099221892742238e26
2.405651358954524e26
2.4008397915766324e26
2.3954880196073116e26
2.3895968411134375e26
2.38316732029412e26
2.376200787868662e26
2.368698841319827e26
2.360663344991869e26
2.352096430042796e26
2.3430004942506332e26
2.3333782016732812e26
2.323232482161879e26
2.3125665307273927e26
2.301383806760577e26
2.2896880331052588e26
2.277483194985015e26
2.2647735387836025e26
2.2515635706793155e26
2.2378580551337416e26
2.223662013235245e26
2.2089807208979043e26
2.193819706916384e26
2.1781847508775746e26
2.1620818809296342e26
2.1455173714095006e26
2.1284977403297557e26
2.1110297467257638e26
2.09312038786446e26
2.074776896315757e26
2.0560067368880556e26
2.0368176034289886e26
2.017217415493107e26
1.9972143148778985e26
1.9768166620296547e26
1.956033032321079e26
1.934872212202214e26
1.9133431952266618e26
1.891455177954801e26
1.8692175557362297e26
1.8466399183733732e26
1.8237320456682666e26
1.8005039028549423e26
1.776965635919524e26
1.7531275668104622e26
1.7290001885411487e26
1.7045941601876247e26
1.6799203017837106e26
1.6549895891163186e26
1.6298131484233843e26
1.6044022509974058e26
1.57876830769725e26
1.552922863370926e26
1.5268775911925136e26
1.5006442869159388e26
1.4742348630488043e26
1.4476613429490776e26
1.4209358548480336e26
1.3940706258024514e26
1.3670779755791864e26
1.3399703104755796e26
1.3127601170788029e26
1.2854599559676413e26
1.2580824553598288e26
1.2306403047086526e26
1.203146248252132e26
1.175613078518098e26
1.148053629788999e26
1.1204807715297152e26
1.0929074017821438e26
1.0653464405298943e26
1.0378108230370418e26
1.0103134931643231e26
9.828673966666136e25
9.554854744751596e25
9.281806559685075e25
9.0096585223574e25
8.738539493355874e25
8.468578015554496e25
8.199902246738181e25
7.9326398923004e25
7.666918138049141e25
7.4028635831617745e25
7.14060217332495e25
6.8802591340955156e25
6.621958904522963e25
6.3658250710682e25
6.111980301857868e25
5.860546281308807e25
5.611643645162599e25
5.365391915965932e25
5.12190943903165e25
4.881313318920262e25
4.643719356475563e25
4.409241986452218e25
4.177994215768691e25
3.950087562423978e25
3.72563199511091e25
3.5047358735626464e25
3.2875058896645144e25
3.0740470093680866e25
2.864462415439904e25
2.6588534510769215e25
2.4573195644242625e25
2.25995825402548e25
2.066865015238962e25
1.8781332876498365e25
1.6938544035109187e25
1.5141175372419464e25
1.339009656015873e25
1.1686154714640827e25
1.003017392527231e25
8.422954794814113e24
6.865273991652902e24
5.357883814374713e24
3.9015117688929307e24
2.496860158376404e24
1.1446056862499779e24
-1.5460092750885522e23
-1.4001353165277263e24
-2.5913998244403094e24
-3.727823847289511e24
-4.808864161734022e24
-5.834005238841649e24
-6.802759543287632e24
-7.714667817747748e24
-8.569299352314362e24
-9.366252238769366e24
-1.0105153609530576e25
-1.0785659861129562e25
-1.1407456862061015e25
-1.197026014487804e25
-1.2473815082384642e25
-1.2917897047811965e25
-1.330231155887046e25
-1.3626894405558858e25
-1.3891511761644421e25
-1.409606027972487e25
-1.4240467169797822e25
-1.4324690261261513e25
-1.4348718048293154e25
-1.4312569718559856e25
-1.4216295165210884e25
-1.4059974982129527e25
-1.3843720442416704e25
-1.3567673460102966e25
-1.323200653507562e25
-1.2836922681236473e25
-1.2382655337901394e25
-1.1869468264474488e25
-1.1297655418424611e25
-1.066754081661438e25
-9.979478380035046e24
-9.233851762015281e24
-8.431074159969891e24
-7.571588110777405e24
-6.655865269880734e24
-5.684406174207428e24
-4.657739989024603e24
-3.5764242388506e24
-2.441044522549582e24
-1.2522142127514855e24
-1.0574139743778877e22
1.2832077400046755e24
2.628436690525272e24
4.0243915580578394e24
5.470325147601772e24
6.965464614122576e24
8.50901186819818e24
1.0100143995913504e25
1.1738013692770145e25
1.3421749711391123e25
1.5150457322783308e25
1.692321879091467e25
1.8739093860356258e25
2.0597120256728263e25
2.2496314199683842e25
2.443567092815816e25
2.6414165237598324e25
2.8430752028887532e25
3.048436686866501e25
3.2573926560742706e25
3.469832972830323e25
3.6856457406571634e25
3.904717364562335e25
4.126932612301731e25
4.352174676590589e25
4.5803252382284424e25
4.811264530103654e25
5.0448714020417974e25
5.281023386462348e25
5.519596764807654e25
5.7604666347069025e25
6.003506977838229e25
6.248590728451002e25
6.495589842510539e25
6.744375367426193e25
6.994817512324269e25
7.246785718826049e25
7.50014873229249e25
7.754774673493222e25
8.01053111066222e25
8.267285131898167e25
8.524903417868763e25
8.783252314778359e25
9.042197907557293e25
9.30160609323203e25
9.561342654433853e25
9.821273333004756e25
1.0081263903658915e26
1.0341180247657255e26
1.0600888426453636e26
1.0860254755270115e26
1.1119145876559909e26
1.1377428833315776e26
1.1634971142180573e26
1.1891640866320636e26
1.2147306688017566e26
1.2401837980938169e26
1.2655104882040126e26
1.2906978363072598e26
1.31573303016297e26
1.3406033551716386e26
1.3652962013785381e26
1.389799070420499e26
1.4140995824117008e26
1.4381854827644811e26
1.4620446489412157e26
1.4856650971332863e26
1.5090349888632543e26
1.532142637506426e26
1.554976514727846e26
1.5775252568311276e26
1.5997776710152457e26
1.621722741535681e26
1.643349635766244e26
1.664647710158026e26
1.685606516091929e26
1.7062158056213315e26
1.7264655371014534e26
1.746345880702083e26
1.7658472238003925e26
1.7849601762506013e26
1.8036755755273407e26
1.8219844917396396e26
1.8398782325125566e26
1.85734834773338e26
1.8743866341597354e26
1.8909851398866487e26
1.9071361686699195e26
1.922832284103165e26
1.9380663136459966e26
1.9528313525008215e26
1.9671207673359474e26
1.9809281998526413e26
1.9942475701939797e26
2.0070730801933237e26
2.0193992164604286e26
2.0312207533032567e26
2.042532755483597e26
2.0533305808048006e26
2.0636098825299847e26
2.0733666116290574e26
2.082597018853207e26
2.091297656635461e26
2.0994653808160483e26
2.10709735219137e26
2.1141910378856026e26
2.120744212543892e26
2.126754959346359e26
2.1322216708420823e26
2.137143049602493e26
2.1415181086935865e26
2.145346171966568e26
2.1486268741664973e26
2.1513601608588322e26
2.1535462881736984e26
2.1551858223678312e26
2.1562796392043306e26
2.1568289231504444e26
2.1568351663936742e26
2.1563001676765408e26
2.1552260309506623e26
2.1536151638507155e26
2.1514702759889277e26
2.1487943770711015e26
2.1455907748349787e26
2.1418630728121163e26
2.1376151679142603e26
2.1328512478456695e26
2.1275757883426652e26
2.1217935502417893e26
2.1155095763783315e26
2.108729188316709e26
2.101457982914641e26
2.09370182872279e26
2.0854668622220607e26
2.0767594839004598e26
2.0675863541718127e26
2.0579543891384155e26
2.0478707562002144e26
2.0373428695128296e26
2.0263783852968965e26
2.014985197001557e26
2.0031714303246485e26
1.990945438092542e26
1.9783157950023334e26
1.965291292229608e26
1.9518809319047388e26
1.9380939214607327e26
1.9239396678561244e26
1.9094277716760015e26
1.8945680211147042e26
1.8793703858434475e26
1.863845010766652e26
1.848002209670463e26
1.831852458767003e26
1.815406390138357e26
1.798674785083875e26
1.781668567374816e26
1.7643987964200397e26
1.746876660347005e26
1.729113469001894e26
1.711120646873112e26
1.692909725942095e26
1.6744923384658724e26
1.6558802096955043e26
1.6370851505345446e26
1.6181190501421226e26
1.598993868484784e26
1.5797216288416538e26
1.560314410267142e26
1.5407843400159069e26
