2.3681109375000053e-14
2.3757840278710903e10
3.8380210832648157e11
1.974006552549621e12
6.375918461749033e12
1.5995991870878643e13
3.4256907074464117e13
6.584217139351432e13
1.1699296883510944e14
1.958560010034929e14
3.128808388118477e14
4.8126508464592825e14
7.174454280811308e14
1.041632465485425e15
1.4783869452785555e15
2.0572348966836198e15
2.813318900914741e15
3.7880825703008915e15
5.029985113250165e15
6.595242681601638e15
8.548593022175458e15
1.0964079786588148e16
1.3925852693011496e16
1.7528979580872538e16
2.188026625485828e16
2.7099079878332476e16
3.3318171548709564e16
4.0684493568766376e16
4.936000681859899e16
5.952247353322649e16
7.136623070096833e16
8.510293921793213e16
1.0096230386447267e17
1.1919275911054622e17
1.400621157086851e17
1.6385816299605514e17
1.9088922180089002e17
2.2148464283369773e17
2.5599524544011683e17
2.9479369160032486e17
3.382747900795314e17
3.8685572566544045e17
4.4097620847170714e17
5.010985383413721e17
5.677075794511077e17
6.413106402958228e17
7.224372543237812e17
8.11638856594869e17
9.094883519489102e17
1.0165795702970162e18
1.1335266047866802e18
1.2609630287406692e18
1.3995409874305935e18
1.5499301609182067e18
1.7128165943808425e18
1.888901392531821e18
2.0788992749518894e18
2.2835369893636552e18
2.503551580107288e18
2.7396885093122284e18
2.992699628506097e18
3.263340998658001e18
3.5523705569188864e18
3.8605456285960463e18
4.1886202831820355e18
4.537342533549875e18
4.907451377725965e18
5.299673682959396e18
5.714720912120876e18
6.15328569278582e18
6.616038229684045e18
7.103622561532332e18
7.616652663605497e18
8.155708397746259e18
8.72133131186336e18
9.314020291320682e18
9.934227064977381e18
1.0582351568999074e19
1.1258737171923184e19
1.1963665764826638e19
1.2697352720810678e19
1.3459941728385354e19
1.4251499503704855e19
1.5072010386972576e19
1.5921370828703128e19
1.6799383771894743e19
1.7705752936530342e19
1.864007701318848e19
1.9601843772904673e19
2.059042410078018e19
2.1605065961187516e19
2.2644888302769365e19
2.3708874911770456e19
2.4795868222578156e19
2.590456309467805e19
2.7033500565554205e19
2.818106158937926e19
2.934546077164753e19
3.0524740110203154e19
3.171676275340497e19
3.291920678644983e19
3.412955905714569e19
3.5345109052683903e19
3.6562942839208243e19
3.777993707621197e19
3.89927531180181e19
4.019783121480648e19
4.139138482584804e19
4.256939505778752e19
4.372760524098441e19
4.486151565707306e19
4.596637843104011e19
4.703719260123874e19
4.806869938086269e19
4.90553776244918e19
4.999143951339053e19
5.0870826473294905e19
5.168720533845675e19
5.243396477573331e19
5.310421198250595e19
5.369076967219332e19
5.418617336108238e19
5.4582668970143285e19
5.487221075541359e19
5.504645958043894e19
5.509678154413805e19
5.501424697732112e19
5.478962982092868e19
5.441340739888016e19
5.3875760598218514e19
5.3166574469014135e19
5.227543925625091e19
5.119165187565082e19
4.990421784510953e19
4.840185368310955e19
4.667298978515038e19
4.470577378888783e19
4.248807443830534e19
4.000748595685208e19
3.725133293907222e19
3.420667576982016e19
3.0860316579705795e19
2.7198805744944087e19
2.3208448939294204e19
1.8875314745261674e19
1.4185242831212452e19
9.123852700496085e18
3.676553018113397e18
-2.1714484801220495e18
-8.435134491580359e18
-1.5129667060240153e19
-2.2270375896446923e19
-2.9872746100563657e19
-3.795240528873934e19
-4.652511011970273e19
-5.5606732222189674e19
-6.521324352332053e19
-7.536070097897298e19
-8.606523070793114e19
-9.734301153234487e19
-1.0921025792779469e20
-1.2168320238702918e20
-1.3477807720222866e20
-1.4851109567143952e20
-1.6289843273562345e20
-1.7795620505358107e20
-1.9370045052281897e20
-2.1014710725525704e20
-2.2731199201750024e20
-2.452107781462302e20
-2.638589729501108e20
-2.8327189461044098e20
-3.034646485936302e20
-3.244521035894093e20
-3.462488669895438e20
-3.6886925992264584e20
-3.92327291861529e20
-4.166366348203847e20
-4.418105971598933e20
-4.6786209701921233e20
-4.9480363539460745e20
-5.226472688853052e20
-5.51404582127963e20
-5.8108665994194393e20
-6.117040592083781e20
-6.432667805067737e20
-6.757842395337063e20
-7.092652383288712e20
-7.437179363345232e20
-7.791498213150601e20
-8.15567680164211e20
-8.529775696279892e20
-8.913847869722412e20
-9.307938406242866e20
-9.712084208187758e20
-1.0126313702785099e21
-1.0550646549615675e21
-1.0985093349066496e21
-1.1429655352091004e21
-1.188432417160594e21
-1.2349081495859657e21
-1.28238988041115e21
-1.33087370849661e21
-1.3803546557710936e21
-1.4308266397008928e21
-1.4822824461301947e21
-1.534713702528366e21
-1.5881108516804032e21
-1.6424631258569287e21
-1.697758521500456e21
-1.7539837744647389e21
-1.8111243358442595e21
-1.8691643484309883e21
-1.9280866238356434e21
-1.9878726203107574e21
-2.0485024213128241e21
-2.1099547148408282e21
-2.1722067735883468e21
-2.2352344359463742e21
-2.2990120878937895e21
-2.363512645812326e21
-2.4287075402625597e21
-2.494566700757268e21
-2.5610585415681363e21
-2.6281499486015387e21
-2.6958062673785887e21
-2.7639912921544057e21
-2.8326672562109337e21
-2.901794823357206e21
-2.971333080670384e21
-3.0412395325102993e21
-3.1114700958395945e21
-3.1819790968808963e21
-3.2527192691416556e21
-3.3236417528366875e21
-3.3946960957374244e21
-3.465830255476248e21
-3.536990603333231e21
-3.608121929531791e21
-3.6791674500687085e21
-3.7500688151030095e21
-3.8207661189271294e21
-3.891197911542685e21
-3.9613012118620744e21
-4.031011522555901e21
-4.1002628465651126e21
-4.168987705295347e21
-4.2371171585098567e21
-4.304580825935967e21
-4.3713069105986834e21
-4.4372222238936866e21
-4.50225221241056e21
-4.566320986515579e21
-4.6293513507019654e21
-4.6912648357139474e21
-4.751981732449443e21
-4.811421127644602e21
-4.869500941341869e21
-4.926137966141507e21
-4.981247908235004e21
-5.03474543021696e21
-5.086544195670512e21
-5.13655691551942e21
-5.184695396138416e21
-5.230870589211525e21
-5.274992643326249e21
-5.316970957289886e21
-5.356714235152233e21
-5.39413054291724e21
-5.429127366924296e21
-5.461611673878007e21
-5.491489972503401e21
-5.518668376801767e21
-5.543052670880302e21
-5.564548375327032e21
-5.58306081510049e21
-5.598495188901812e21
-5.610756639995007e21
-5.619750328439386e21
-5.625381504696117e21
-5.627555584569168e21
-5.626178225438974e21
-5.62115540374536e21
-5.612393493674411e21
-5.599799347002184e21
-5.583280374046407e21
-5.562744625675412e21
-5.538100876321985e21
-5.509258707947916e21
-5.476128594903385e21
-5.438621989623723e21
-5.396651409104237e21
-5.35013052209243e21
-5.298974236935049e21
-5.243098790016116e21
-5.182421834720401e21
-5.116862530855333e21
-5.046341634462977e21
-4.970781587952169e21
-4.890106610479653e21
-4.804242788507694e21
-4.713118166464292e21
-4.6166628374310803e21
-4.514809033782561e21
-4.4074912176994643e21
-4.2946461714776997e21
-4.176213087553558e21
-4.0521336581646786e21
-3.922352164565551e21
-3.7868155657152637e21
-3.6454735863547544e21
-3.498278804389656e21
-3.3451867374946117e21
-3.186155928853925e21
-3.021148031953315e21
-2.850127894336627e21
-2.6730636402413294e21
-2.489926752026083e21
-2.300692150303567e21
-2.105338272691359e21
-1.90384715109385e21
-1.696204487427847e21
-1.4823997277048068e21
-1.262426134382611e21
-1.0362808569000034e21
-8.039650003072545e20
-5.654836919066818e20
-3.208461458174019e20
-7.006572537896554e19
1.868399966907796e20
4.498491804674063e20
7.189356634047258e20
9.940689074147958e20
1.2752139485246844e21
1.5623313491904333e21
1.8553771533475132e21
2.154302844276059e21
2.45905530535752e21
2.7695767837987203e21
3.085804857397015e21
3.4076724044196295e21
3.7351075766677684e21
4.068033775795375e21
4.406369632949675e21
4.750028991799788e21
5.098920895016785e21
5.452949574267636e21
5.812014443782268e21
6.176010097551992e21
6.544826310214224e21
6.918348041677091e21
7.296455445534188e21
7.679023881318356e21
8.065923930639638e21
8.457021417251276e21
8.852177431083472e21
9.251248356283512e21
9.654085903296452e21
1.0060537145019142e22
1.047044455705612e22
1.0883646062104116e22
1.1299975078487714e22
1.1719260572866803e22
1.2141327117131805e22
1.2565994949501214e22
1.299308003983083e22
1.3422394159142424e22
1.3853744953374865e22
1.428693602135824e22
1.4721766997007366e22
1.5158033635728287e22
1.559552790502679e22
1.6034038079305648e22
1.6473348838832512e22
1.691324137285743e22
1.7353493486855178e22
1.7793879713863537e22
1.8234171429885533e22
1.867413697331908e22
1.9113541768374825e22
1.9552148452437773e22
1.998971700732621e22
2.042600489439567e22
2.0860767193434016e22
2.129375674528782e22
2.1724724298158298e22
2.215341865749963e22
2.257958683945014e22
2.300297422772173e22
2.342332473387051e22
2.3840380960866306e22
2.4253884369876803e22
2.4663575450176513e22
2.5069193892088615e22
2.547047876286314e22
2.586716868539186e22
2.6259002019656266e22
2.6645717046802004e22
2.7027052155729114e22
2.7402746032084507e22
2.777253784953914e22
2.8136167463229782e22
2.849337560524111e22
2.8843904082001734e22
2.9187495973463146e22
2.9523895833929458e22
2.985284989440071e22
3.0174106266291526e22
3.048741514638216e22
3.0792529022858364e22
3.108920288229143e22
3.1377194417409726e22
3.1656264235507786e22
3.1926176067339566e22
3.218669697633721e22
3.243759756799732e22
3.267865219927206e22
3.290963918780221e22
3.3130341020826803e22
3.3340544563601807e22
3.35400412671597e22
3.372862737523859e22
3.3906104130210328e22
3.407227797783338e22
3.4226960770657396e22
3.4369969969902802e22
3.4501128845640663e22
3.4620266675094793e22
3.4727218938889225e22
3.482182751506193e22
3.4903940870667665e22
3.497341425078972e22
3.503010986478327e22
3.507389706956971e22
3.510465254980546e22
3.512226049474511e22
3.5126612771622766e22
3.5117609095372906e22
3.5095157194515995e22
3.505917297303224e22
3.500958066805017e22
3.4946313003175894e22
3.4869311337292785e22
3.477852580866023e22
3.467391547414402e22
3.4555448443411397e22
3.4423102007926197e22
3.4276862764582277e22
3.4116726733814817e22
3.3942699472032423e22
3.375479617821446e22
3.355304179452255e22
3.3337471100776467e22
3.310812880264881e22
3.286506961343529e22
3.260835832926187e22
3.2338069897592674e22
3.2054289478906903e22
3.1757112501415874e22
3.144664470869708e22
3.1123002200124274e22
3.0786311463978733e22
3.0436709403129194e22
3.00743433531752e22
2.9699371092950615e22
2.9311960847291242e22
2.8912291281972876e22
2.850055149073448e22
2.8076940974303423e22
2.7641669611346563e22
2.719495762127681e22
2.6737035518848587e22
2.6268144060483817e22
2.5788534182273744e22
2.529846692960935e22
2.4798213378397484e22
2.428805454782844e22
2.3768281304664314e22
2.3239194259026036e22
2.2701103651661187e22
2.215432923268384e22
2.1599200131781832e22
2.1036054719895356e22
2.0465240462375724e22
1.98871137636423e22
1.9302039803360084e22
1.8710392364169414e22
1.8112553651004005e22
1.7508914102043465e22
1.6899872191350718e22
1.6285834223253973e22
1.566721411853811e22
1.5044433192519991e22
1.4417919925087025e22
1.3788109722786881e22
1.3155444673063581e22
1.2520373290741065e22
1.188335025686487e22
1.1244836150017408e22
1.0605297170231664e22
9.965204855633096e21
9.325035791949481e21
8.685271315033007e21
8.046397206548042e21
7.408903382983223e21
6.773283578155809e21
6.140035019381192e21
5.509658097488845e21
4.882656030871458e21
4.2595345237627623e21
3.6408014189442703e21
3.026966345089475e21
2.41854035895893e21
1.8160355826680432e21
1.2199648362542955e21
6.308412657775201e20
4.917796719255827e19
-5.245123937594088e20
-1.08971796538965e21
-1.6459280973734326e21
-2.1926337312707922e21
-2.7293277939888596e21
-3.2555055939107946e21
-3.7706652194128517e21
-4.274307939484985e21
-4.765938606166688e21
-5.245066058502915e21
-5.711203527723168e21
-6.163869043339865e21
-6.602585839860223e21
-7.026882763799698e21
-7.436294680683146e21
-7.830362881714771e21
-8.208635489796156e21
-8.570667864566545e21
-8.916023006138196e21
-9.244271957196189e21
-9.554994203129857e21
-9.847778069860145e21
-1.0122221119025852e22
-1.0377930540189483e22
-1.0614523539722147e22
-1.0831627726025174e22
-1.1028881490745445e22
-1.1205934385640579e22
-1.1362447494749092e22
-1.1498093801521254e22
-1.1612558550564847e22
-1.1705539603662237e22
-1.1776747789713223e22
-1.182590724826167e22
-1.1852755766261794e22
-1.1857045107744547e22
-1.1838541336043095e22
-1.1797025128240594e22
-1.1732292081503953e22
-1.1644153010970788e22
-1.1532434238858475e22
-1.1396977874468214e22
-1.123764208475924e22
-1.105430135517261e22
-1.0846846740387278e22
-1.0615186104695722e22
-1.0359244351690351e22
-1.0078963642956677e22
-9.774303605474541e21
-9.44524152743322e21
-9.091772542172336e21
-8.713909799966189e21
-8.311684627374501e21
-7.885146673890248e21
-7.434364045620117e21
-6.959423425741656e21
-6.460430181487415e21
-5.937508457413727e21
-5.390801254719787e21
-4.820470496390854e21
-4.2266970779467404e21
-3.609680903586284e21
-2.9696409075260525e21
-2.3068150603415437e21
-1.6214603601275362e21
-9.138528083043806e20
-1.8428736990543977e20
5.6692208180731996e20
1.339442836544447e21
2.1329234341398451e21
2.946993767774987e21
3.7812652033885067e21
4.635330715372598e21
5.508765038646602e21
6.401124837186794e21
7.311948889079834e21
8.240758288155052e21
9.187056662240645e21
1.015033040807413e22
1.1130048942888515e22
1.2125664972679888e22
1.3136614777152738e22
1.4162318511324111e22
1.5202180523757832e22
1.6255589691383928e22
1.7321919770848364e22
1.8400529766323067e22
1.949076431369535e22
2.0591954081039337e22
2.1703416185262617e22
2.2824454624804396e22
2.3954360728251514e22
2.509241361872154e22
2.6237880693852283e22
2.739001812122051e22
2.854807134900221e22
2.97112756316697e22
3.0878856570510883e22
3.205003066873944e22
3.3224005900954434e22
3.4399982296690594e22
3.5577152537790897e22
3.675470256931669e22
3.793181222370019e22
3.910765585782783e22
4.028140300273274e22
4.145221902555982e22
4.261926580345456e22
4.378170240901438e22
4.493868580692771e22
4.608937156141413e22
4.723291455406647e22
4.8368469711683876e22
4.949519274367166e22
5.0612240888573395e22
5.1718773669287694e22
5.281395365651251e22
5.389694723994576e22
5.496692540676286e22
5.602306452687925e22
5.706454714449633e22
5.809056277541807e22
5.910030870961645e22
6.009299081851331e22
6.106782436643795e22
6.202403482570858e22
6.296085869477916e22
6.387754431888282e22
6.477335271259623e22
6.564755838373958e22
6.649945015802149e22
6.732833200382906e22
6.813352385655718e22
6.891436244186502e22
6.967020209724077e22
7.040041559125044e22
7.110439493984091e22
7.178155221906286e22
7.243132037357417e22
7.305315402028022e22
7.364653024646425e22
7.421094940175779e22
7.474593588329677e22
7.5251038913408776e22
7.572583330917299e22
7.616992024319405e22
7.658292799492913e22
7.69645126919077e22
7.73143590401824e22
7.763218104335076e22
7.791772270948732e22
7.81707587453279e22
7.83910952370484e22
7.857857031698391e22
7.873305481563637e22
7.8854452898321e22
7.894270268580727e22
7.899777685831351e22
7.901968324221842e22
7.900846537885916e22
7.896420307479027e22
7.888701293288494e22
7.877704886366575e22
7.86345025762603e22
7.845960404838339e22
7.825262197475857e22
7.801386419339602e22
7.774367808915773e22
7.744245097404691e22
7.711061044367192e22
7.674862470934246e22
7.635700290526993e22
7.593629537035316e22
7.548709390404558e22
7.501003199580892e22
7.450578502767527e22
7.397507044945009e22
7.341864792610594e22
7.283731945692642e22
7.223192946598075e22
7.160336486351913e22
7.0952555077899634e22
7.028047205767035e22
6.958813024344839e22
6.887658650925472e22
6.814694007298226e22
6.740033237568962e22
6.663794692943388e22
6.586100913337433e22
6.507078605789727e22
6.426858619653129e22
6.3455759185443205e22
6.263369549032444e22
6.180382606049893e22
6.0967621950102496e22
6.012659390620695e22
5.928229192378236e22
5.843630476741395e22
5.759025945970952e22
5.6745820736357885e22
5.5904690467821956e22
5.506860704766889e22
5.42393447475678e22
5.341871303900374e22
5.260855588178562e22
5.181075097944267e22
5.102720900163374e22
5.025987277371387e22
4.951071643362825e22
4.8781744556327005e22
4.807499124591892e22
4.7392519195806e22
4.673641871706653e22
4.610880673537605e22
4.551182575678318e22
4.494764280267947e22
4.441844831432853e22
4.392645502734237e22
4.347389681651938e22
4.306302751148114e22
4.2696119683570815e22
4.23754634044991e22
4.210336497724871e22
4.188214563977155e22
4.171414024203825e22
4.160169589702145e22
4.154717060621901e22
4.155293186034701e22
4.162135521585497e22
4.175482284793863e22
4.195572208074903e22
4.222644389551857e22
4.256938141734742e22
4.298692838141503e22
4.348147757940362e22
4.405541928694142e22
4.471113967289489e22
4.545101919135918e22
4.627743095721669e22
4.719273910615296e22
4.8199297140039405e22
4.92994462586104e22
5.049551367838114e22
5.178981093977096e22
5.318463220341358e22
5.4682252536654904e22
5.628492619125222e22
5.7994884873307824e22
5.981433600648345e22
6.174546098955904e22
6.379041344941091e22
6.595131749050004e22
6.823026594197431e22
7.062931860350141e22
7.3150500490958275e22
7.579580008311816e22
7.856716757048405e22
8.146651310742981e22
8.44957050688158e22
8.76565683122578e22
9.095088244723536e22
9.438038011222961e22
9.794674526109429e22
1.0165161145985797e23
1.0549656019517295e23
1.0948311919562029e23
1.1361276076709267e23
1.1788690014346795e23
1.2230689385380171e23
1.2687403810725569e23
1.3158956719699075e23
1.3645465192423842e23
1.4147039804377917e23
1.4663784473204027e23
1.519579630790337e23
1.5743165460533892e23
1.630597498053425e23
1.6884300671793234e23
1.747821095258448e23
1.808776671848455e23
1.8713021208392933e23
1.935401987377048e23
2.0010800251212883e23
2.0683391838473302e23
2.137181597404853e23
2.2076085720441442e23
2.2796205751210036e23
2.3532172241913863e23
2.4283972765065494e23
2.5051586189194183e23
2.5834982582126207e23
2.663412311858603e23
2.7448959992218585e23
2.827943633213398e23
2.91254861240699e23
2.9987034136269245e23
3.0863995850165013e23
3.1756277395964204e23
3.266377549321893e23
3.358637739647159e23
3.4523960846057204e23
3.547639402414581e23
3.644353551610124e23
3.7425234277234294e23
3.8421329605022475e23
3.9431651116866944e23
4.0456018733453956e23
4.149424266778523e23
4.254612341993897e23
4.361145177761892e23
4.469000882254783e23
4.578156594275573e23
4.688588485081245e23
4.800271760804918e23
4.91318066548106e23
5.0272884846776194e23
5.142567549738506e23
5.2589892426394964e23
5.376524001460429e23
5.495141326475886e23
5.6148097868665074e23
5.735497028052458e23
5.8571697796503404e23
5.979793864054383e23
6.103334205642357e23
6.227754840606259e23
6.353018927407539e23
6.479088757855958e23
6.605925768811118e23
6.73349055450497e23
6.861742879483463e23
6.990641692164901e23
7.120145139012275e23
7.250210579316351e23
7.38079460058585e23
7.511853034540926e23
7.643340973705196e23
7.775212788591661e23
7.907422145477211e23
8.03992202475999e23
8.172664739893535e23
8.305601956891146e23
8.438684714393491e23
8.571863444292293e23
8.70508799290203e23
8.83830764267164e23
8.971471134427653e23
9.10452669013966e23
9.237422036198729e23
9.370104427199007e23
9.502520670212194e23
9.63461714954446e23
9.766339851964582e23
9.897634392392063e23
1.0028446040033408e24
1.0158719744954424e24
1.028840016507599e24
1.0417431693580435e24
1.0545758486715154e24
1.0673324491980073e24
1.0800073476684721e24
1.0925949056860717e24
1.105089472651505e24
1.1174853887209088e24
1.1297769877947986e24
1.1419586005364935e24
1.1540245574184206e24
1.1659691917946743e24
1.1777868429981922e24
1.1894718594608337e24
1.2010186018546778e24
1.2124214462527823e24
1.2236747873076563e24
1.2347730414456347e24
1.2457106500753684e24
1.25648208280856e24
1.267081840691123e24
1.2775044594428468e24
1.2877445127036963e24
1.297796615284805e24
1.307655426422242e24
1.3173156530315814e24
1.3267720529613189e24
1.336019438243131e24
1.3450526783370087e24
1.3538667033692213e24
1.3624565073611115e24
1.370817151446679e24
1.3789437670769196e24
1.3868315592088654e24
1.3944758094772782e24
1.4018718793469307e24
1.409015213243421e24
1.4159013416604502e24
1.4225258842415006e24
1.4288845528338455e24
1.4349731545128314e24
1.4407875945743705e24
1.446323879493588e24
1.4515781198475684e24
1.456546533200166e24
1.4612254469468396e24
1.4656113011174848e24
1.4697006511352492e24
1.4734901705293382e24
1.4769766535998097e24
1.4801570180323922e24
1.483028307461373e24
1.4855876939786087e24
1.4878324805867567e24
1.4897601035948034e24
1.4913681349540425e24
1.4926542845326268e24
1.4936164023268832e24
1.4942524806075714e24
1.494560655999337e24
1.494539211491587e24
1.4941865783790913e24
1.4935013381306153e24
1.492482224183946e24
1.4911281236656765e24
1.4894380790341829e24
1.4874112896442396e24
1.4850471132317707e24
1.4823450673172687e24
1.479304830526448e24
1.4759262438267475e24
1.472209311678355e24
1.468154203098421e24
1.4637612526372403e24
1.4590309612651666e24
1.4539639971691233e24
1.448561196457565e24
1.442823563772861e24
1.436752272810053e24
1.4303486667410583e24
1.423614258543377e24
1.416550731232464e24
1.4091599379969575e24
1.401443902236024e24
1.3934048174981097e24
1.385045047320485e24
1.3763671249689835e24
1.3673737530774378e24
1.358067803186329e24
1.3484523151802724e24
1.3385304966239686e24
1.3283057219963876e24
1.3177815318229114e24
1.3069616317053324e24
1.2958498912495699e24
1.2844503428911194e24
1.2727671806182298e24
1.2608047585929247e24
1.2485675896700467e24
1.236060343814513e24
1.2232878464171152e24
1.210255076509187e24
1.1969671648766056e24
1.1834293920735661e24
1.1696471863367259e24
1.1556261214003112e24
1.1413719142129062e24
1.1268904225566396e24
1.1121876425696186e24
1.0972697061724703e24
1.0821428783999797e24
1.0668135546388003e24
1.0512882577723367e24
1.0355736352339484e24
1.0196764559697011e24
1.0036036073119071e24
9.873620917648291e23
9.709590237039296e23
9.54401625990162e23
9.376972265008037e23
9.208532545784404e23
9.038772373997484e23
8.867767962658207e23
8.695596428157607e23
8.522335751654263e23
8.348064739731869e23
8.17286298434677e23
7.996810822085255e23
7.819989292751439e23
7.642480097306816e23
7.464365555183548e23
7.285728560993309e23
7.106652540654882e23
6.927221406963537e23
6.747519514626373e23
6.567631614787447e23
6.38764280906796e23
6.207638503146201e23
6.027704359903617e23
5.847926252162475e23
5.668390215041961e23
5.489182397959859e23
5.3103890163067096e23
5.132096302820551e23
4.9543904586900955e23
4.7773576044149966e23
4.6010837304517106e23
4.425654647674273e23
4.2511559376791174e23
4.077672902963964e23
3.905290517010283e23
3.734093374299773e23
3.5641656402952155e23
3.395591001416225e23
3.228452615040838e23
3.062833059563733e23
2.898814284542511e23
2.7364775609629624e23
2.5759034316550034e23
2.4171716618905153e23
2.2603611901950302e23
2.1055500794044385e23
1.9528154679987454e23
1.8022335217443148e23
1.6538793856766293e23
1.5078271364547862e23
1.3641497351197525e23
1.2229189802876567e23
1.0842054618099361e23
9.480785149313273e22
8.14606174977286e22
6.838551326017074e22
5.558906896262157e22
4.307767155013988e22
3.0857560442086374e22
1.8934823311821505e22
7.315391937734099e21
-3.9949618714558737e21
-1.4990630274135627e22
-2.5666173313081407e22
-3.60163227496675e22
-4.6035985812180385e22
-5.572024885539924e22
-6.5064380928682445e22
-7.406383724979938e22
-8.271426258184765e22
-9.101149451059121e22
-9.89515666196076e22
-1.0653071156072376e23
-1.1374536401721648e23
-1.2059216355734389e23
-1.2706795737580413e23
-1.3316980292080559e23
-1.3889497040445532e23
-1.4424094519426594e23
-1.492054300836071e23
-1.5378634743903757e23
-1.579818412224808e23
-1.6179027888628984e23
-1.6521025313931375e23
-1.6824058358216123e23
-1.708803182099052e23
-1.7312873478057438e23
-1.7498534204781547e23
-1.7644988085623913e23
-1.7752232509799396e23
-1.7820288252921194e23
-1.784919954450527e23
-1.7839034121215662e23
-1.7789883265739007e23
-1.77018618311865e23
-1.7575108250928354e23
-1.7409784533777255e23
-1.720607624444315e23
-1.6964192469194035e23
-1.6684365766660806e23
-1.636685210374209e23
-1.6011930776565353e23
-1.561990431647589e23
-1.5191098381031064e23
-1.4725861629989946e23
-1.4224565586294565e23
-1.3687604482052503e23
-1.3115395089534156e23
-1.2508376537216424e23
-1.1867010110905721e23
-1.1191779039988586e23
-1.048318826886493e23
-9.741764213631128e22
-8.9680545040881e22
-8.162627711160949e22
-7.326073059823621e22
-6.459000127637639e22
-5.562038529017442e22
-4.635837585348437e22
-3.6810659810932714e22
-2.698411406030635e22
-1.688580183781607e22
-6.522968867873766e21
4.0969606208592386e21
1.4966388011349548e22
2.6077544544019333e22
3.742249569052731e22
4.89931456533695e22
6.078124198908166e22
7.277838035273866e22
8.497600936135201e22
9.736543557365644e22
1.0993782858374224e23
1.226842262258144e23
1.3559553988735726e23
1.4866255992784533e23
1.6187596120007366e23
1.7522630867109316e23
1.887040631396616e23
2.0229958704701672e23
2.160031503777522e23
2.2980493664741822e23
2.436950489734695e23
2.5766351622606764e23
2.7170029925518305e23
2.857952971903675e23
2.99938353809506e23
3.141192639727874e23
3.283277801180536e23
3.4255361881367035e23
3.567864673649288e23
3.710159904699993e23
3.852318369213626e23
3.9942364634860125e23
4.135810559983798e23
4.2769370754740166e23
4.417512539440579e23
4.557433662744938e23
4.696597406486985e23
4.834901051022551e23
4.9722422650931435e23
5.1085191750232805e23
5.243630433940526e23
5.377475290972955e23
5.509953660378575e23
5.640966190561103e23
5.7704143329259214e23
5.898200410530408e23
6.024227686482156e23
6.148400432038905e23
6.270623994363581e23
6.390804863888058e23
6.508850741239022e23
6.624670603679349e23
6.738174771018709e23
6.8492749709466e23
6.957884403741738e23
7.06391780631142e23
7.167291515514767e23
7.267923530724003e23
7.36573357557803e23
7.460643158882732e23
7.55257563461312e23
7.641456260972063e23
7.727212258461372e23
7.80977286692085e23
7.88906940149166e23
7.96503530746056e23
8.037606213942227e23
8.106719986357054e23
8.172316777662838e23
8.234339078298688e23
8.292731764800637e23
8.34744214704868e23
8.398420014105814e23
8.445617678610063e23
8.488990019681629e23
8.52849452430741e23
8.564091327166512e23
8.59574324886066e23
8.623415832514564e23
8.647077378711939e23
8.666698978733839e23
8.682254546066824e23
8.693720846149415e23
8.701077524326186e23
8.704307131979922e23
8.703395150813134e23
8.698330015251367e23
8.689103132941664e23
8.675708903320767e23
8.658144734228526e23
8.636411056543324e23
8.6105113368173e23
8.580452087890386e23
8.546242877463267e23
8.507896334610775e23
8.465428154218164e23
8.418857099324198e23
8.368205001356058e23
8.313496758242537e23
8.254760330393014e23
8.192026734531363e23
8.125330035374826e23
8.054707335149736e23
7.980198760936849e23
7.901847449840702e23
7.819699531978662e23
7.733804111286835e23
7.644213244141175e23
7.55098191579384e23
7.454168014626074e23
7.353832304220202e23
7.250038393255137e23
7.142852703230879e23
7.03234443402898e23
6.918585527317739e23
6.801650627811752e23
6.681617042397426e23
6.558564697137388e23
6.432576092167806e23
6.303736254504777e23
6.17213268877676e23
6.037855325901877e23
5.90099646973019e23
5.761650741672533e23
5.619915023338977e23
5.475888397211528e23
5.3296720853766004e23
5.181369386345128e23
5.031085609988659e23
4.878928010621834e23
4.7250057182627116e23
4.5694296681039543e23
4.412312528229117e23
4.253768625609896e23
4.093913870421264e23
3.932865678712745e23
3.770742893475801e23
3.607665704148144e23
3.443755564597236e23
3.279135109626566e23
3.113928070049468e23
2.948259186376465e23
2.782254121163479e23
2.6160393700689188e23
2.449742171669684e23
2.2834904160864116e23
2.117412552469841e23
1.9516374954011872e23
1.7862945302603748e23
1.6215132176171564e23
1.4574232967010648e23
1.2941545880068668e23
1.131836895093774e23
9.705999056368758e22
8.105730917905183e22
6.518856099241121e22
4.946661997916734e22
3.39043083197192e22
1.8514386221855842e22
3.3095417053793726e21
-1.1697619644661973e22
-2.649458494959452e22
-4.106894432708971e22
-5.540840119286801e22
-6.950078256748177e22
-8.333404938148295e22
-9.689630677222463e22
-1.1017581436550045e23
-1.231609965352281e23
-1.3584045263427955e23
-1.4820296718960517e23
-1.6023752005472854e23
-1.7193329651268458e23
-1.8327969732246002e23
-1.9426634870197538e23
-2.0488311224064077e23
-2.1512009473453507e23
-2.2496765793722367e23
-2.344164282192631e23
-2.4345730612944957e23
-2.5208147585086657e23
-2.6028041454482377e23
-2.6804590157579327e23
-2.753700276104781e23
-2.822452035841817e23
-2.8866416952769635e23
-2.946200032479388e23
-3.001061288556428e23
-3.051163251334486e23
-3.0964473373779084e23
-3.1368586722804276e23
-3.172346169164413e23
-3.2028626053238906e23
-3.2283646969479814e23
-3.248813171862166e23
-3.264172840225609e23
-3.2744126631238223e23
-3.2795058189964784e23
-3.279429767841485e23
-3.274166313137299e23
-3.263701661426414e23
-3.248026479504205e23
-3.227135949158284e23
-3.201029819404705e23
-3.169712456168742e23
-3.133192889358897e23
-3.0914848572843154e23
-3.0446068483671224e23
-2.9925821401022844e23
-2.9354388352194015e23
-2.8732098950018476e23
-2.805933169720618e23
-2.7336514261412213e23
-2.6564123720640632e23
-2.574268677859758e23
-2.4872779949630992e23
-2.395502971290317e23
-2.299011263546661e23
-2.1978755463923534e23
-2.092173518437451e23
-1.9819879050372283e23
-1.867406457861895e23
-1.7485219512162554e23
-1.6254321750866635e23
-1.4982399248945208e23
-1.3670529879376548e23
-1.2319841265024493e23
-1.093151057632063e23
-9.506764295376603e22
-8.046877946416804e22
-6.5531757924427185e22
-5.027030498059716e22
-3.4698627584163567e22
-1.8831408942316878e22
-2.6838041289976573e21
1.3728564643134781e22
3.0389613089448717e22
4.728280025825377e22
6.4391134273105065e22
8.169717841150716e22
9.918305751882714e22
1.1683046475597393e23
1.346206686792364e23
1.5253452065043514e23
1.7055246257529288e23
1.8865453496777107e23
2.0682038533786388e23
2.25029276900148e23
2.4326009760013265e23
2.6149136945530713e23
2.797012582074842e23
2.9786758328291098e23
3.1596782805632307e23
3.3397915041496696e23
3.5187839361838e23
3.696420974495105e23
3.872465096525408e23
4.046675976525972e23
4.218810605523065e23
4.388623413999371e23
4.555866397237266e23
4.7202892432670396e23
4.881639463362046e23
5.039662525020368e23
5.194101987370602e23
5.344699638937872e23
5.491195637703897e23
5.6333286533932144e23
5.7708360119161966e23
5.903453841897031e23
6.030917223213797e23
6.152960337475638e23
6.269316620360413e23
6.379718915734794e23
6.483899631476831e23
6.581590896919693e23
6.672524721833825e23
6.756433156862875e23
6.833048455327902e23
6.902103236312396e23
6.963330648939793e23
7.016464537753451e23
7.061239609108079e23
7.097391598480266e23
7.124657438604601e23
7.142775428340889e23
7.151485402176652e23
7.150528900268358e23
7.139649338923773e23
7.118592181426845e23
7.087105109105738e23
7.044938192543921e23
6.991844062833379e23
6.927578082768334e23
6.851898517877181e23
6.764566707190218e23
6.665347233639359e23
6.554008093986532e23
6.430320868176466e23
6.294060888009399e23
6.145007405029168e23
5.982943757521534e23
5.807657536517796e23
5.6189407506988056e23
5.416589990093767e23
5.2004065884690825e23
4.9701967843021455e23
4.725771880235281e23
4.466948400905261e23
4.19354824904425e23
3.905398859747757e23
3.602333352807257e23
3.28419068300316e23
2.9508157882567738e23
2.6020597355389556e23
2.2377798644346087e23
1.8578399282625524e23
1.462110232651653e23
1.0504677714736459e23
6.227963600366539e22
1.7898676544102805e22
-2.810631659969585e22
-7.574483843482428e22
-1.2502565147942422e23
-1.7595677395620796e23
-2.2854546831620426e23
-2.8279823010176857e23
-3.387207771574114e23
-3.963180391973003e23
-4.555941477377489e23
-5.165524264030458e23
-5.791953816127465e23
-6.435246936583693e23
-7.095412081773315e23
-7.772449280315431e23
-8.466350055983066e23
-9.177097354804856e23
-9.904665476430465e23
-1.0649020009827439e24
-1.1410117773374901e24
-1.2187906759417726e24
-1.2982326083342937e24
-1.379330593723535e24
-1.4620767548172205e24
-1.5464623141208007e24
-1.632477590710306e24
-1.7201119974844307e24
-1.8093540389005536e24
-1.9001913091990907e24
-1.992610491120412e24
-2.086597355118006e24
-2.182136759071871e24
-2.2792126485051329e24
-2.3778080573071922e24
-2.4779051089661106e24
-2.57948501831277e24
-2.682528093779041e24
-2.787013740171953e24
-2.892920461965372e24
-3.000225867110698e24
-3.108906671367658e24
-3.2189387031557874e24
-3.3302969089272304e24
-3.442955359060968e24
-3.5568872542783166e24
-3.67206493257932e24
-3.7884598766991203e24
-3.906042722083453e24
-4.0247832653818116e24
-4.1446504734565225e24
-4.2656124929058604e24
-4.3876366600988203e24
-4.5106895117190035e24
-4.6347367958146546e24
-4.75974348335156e24
-4.885673780265342e24
-5.012491140009338e24
-5.140158276593715e24
-5.268637178111522e24
-5.397889120746753e24
-5.527874683259538e24
-5.65855376194272e24
-5.789885586044476e24
-5.921828733650787e24
-6.054341148021394e24
-6.187380154372877e24
-6.320902477101662e24
-6.454864257439966e24
-6.589221071537173e24
-6.723927948958719e24
-6.858939391594633e24
-6.994209392969283e24
-7.129691457943691e24
-7.265338622801619e24
-7.401103475710176e24
-7.536938177545534e24
-7.672794483074167e24
-7.808623762479442e24
-7.944377023223622e24
-8.080004932234665e24
-8.215457838407112e24
-8.350685795406317e24
-8.485638584764607e24
-8.620265739258122e24
-8.754516566552772e24
-8.888340173107261e24
-9.021685488321401e24
-9.154501288917274e24
-9.286736223540905e24
-9.418338837571678e24
-9.549257598126921e24
-9.679440919248297e24
-9.808837187257193e24
-9.937394786265472e24
-1.0065062123828284e25
-1.0191787656725204e25
-1.0317519916855878e25
-1.0442207537236302e25
-1.05657992780817e25
-1.0688244052961724e25
-1.0809490955013719e25
-1.0929489283199694e25
-1.1048188568592526e25
-1.116553860067667e25
-1.1281489453648875e25
-1.1395991512704023e25
-1.150899550029143e25
-1.1620452502326646e25
-1.1730313994343796e25
-1.183853186757369e25
-1.19450584549326e25
-1.204984655690662e25
-1.215284946731692e25
-1.2254020998950348e25
-1.2353315509041008e25
-1.245068792458722e25
-1.254609376748924e25
-1.2639489179492735e25
-1.2730830946922997e25
-1.2820076525195136e25
-1.2907184063085454e25
-1.2992112426749183e25
-1.3074821223470027e25
-1.3155270825126905e25
-1.323342239136338e25
-1.3309237892445429e25
-1.3382680131793348e25
-1.3453712768173527e25
-1.3522300337536232e25
-1.3588408274485378e25
-1.3652002933366648e25
-1.3713051608960495e25
-1.3771522556766302e25
-1.3827385012864887e25
-1.388060921334594e25
-1.393116641328785e25
-1.3979028905276964e25
-1.4024170037454098e25
-1.4066564231075915e25
-1.4106186997579151e25
-1.4143014955136045e25
-1.4177025844689315e25
-1.4208198545455462e25
-1.423651308988531e25
-1.4261950678071087e25
-1.428449369158953e25
-1.4304125706770778e25
-1.4320831507383118e25
-1.4334597096724e25
-1.4345409709107966e25
-1.4353257820742359e25
-1.4358131159982355e25
-1.436002071695659e25
-1.435891875255561e25
-1.4354818806775202e25
-1.4347715706407395e25
-1.4337605572071844e25
-1.4324485824581184e25
-1.4308355190633756e25
-1.4289213707827885e25
-1.4267062728992015e25
-1.4241904925825532e25
-1.4213744291845263e25
-1.4182586144633433e25
-1.4148437127382615e25
-1.4111305209734318e25
-1.4071199687907626e25
-1.4028131184115169e25
-1.398211164526374e25
-1.3933154340937587e25
-1.3881273860662463e25
-1.3826486110449528e25
-1.3768808308617611e25
-1.370825898089407e25
-1.364485795479344e25
-1.3578626353275035e25
-1.3509586587679486e25
-1.3437762349945994e25
-1.336317860411173e25
-1.328586157709531e25
-1.320583874876708e25
-1.312313884130874e25
-1.303779180786611e25
-1.294982882049821e25
-1.285928225742742e25
-1.2766185689594777e25
-1.2670573866525716e25
-1.2572482701511785e25
-1.2471949256113686e25
-1.236901172399272e25
-1.2263709414076282e25
-1.21560827330657e25
-1.204617316729274e25
-1.193402326393366e25
-1.1819676611588587e25
-1.1703177820234998e25
-1.1584572500564788e25
-1.1463907242713882e25
-1.1341229594394903e25
-1.1216588038442587e25
-1.1090031969783288e25
-1.0961611671838964e25
-1.0831378292377508e25
-1.0699383818821275e25
-1.0565681053025417e25
-1.043032358553941e25
-1.0293365769363574e25
-1.015486269321502e25
-1.0014870154315262e25
-9.873444630714596e24
-9.730643253166624e24
-9.586523776567587e24
-9.441144550975845e24
-9.294564492225766e24
-9.146843052152453e24
-8.998040188441965e24
-8.848216334124112e24
-8.697432366722913e24
-8.545749577082541e24
-8.393229637884343e24
-8.239934571872529e24
-8.085926719806038e24
-7.931268708153234e24
-7.776023416548164e24
-7.620253945025221e24
-7.464023581051211e24
-7.307395766372619e24
-7.150434063696394e24
-6.99320212322361e24
-6.835763649053689e24
-6.678182365479317e24
-6.520521983189967e24
-6.362846165404142e24
-6.205218493949001e24
-6.047702435307205e24
-5.890361306650092e24
-5.73325824187688e24
-5.576456157679915e24
-5.420017719654792e24
-5.264005308476171e24
-5.108480986157843e24
-4.953506462418199e24
-4.7991430611694607e24
-4.645451687151764e24
-4.492492792730947e24
-4.3403263448801504e24
-4.189011792365286e24
-4.0386080331532016e24
-3.889173382063091e24
-3.740765538679936e24
-3.5934415555499806e24
-3.447257806677146e24
-3.302269956339799e24
-3.1585329282473656e24
-3.0161008750548827e24
-2.875027148255486e24
-2.735364268468272e24
-2.597163896141372e24
-2.460476802687254e24
-2.325352842069539e24
-2.1918409228584776e24
-2.0599889807731188e24
-1.9298439517279246e24
-1.8014517454004182e24
-1.6748572193376528e24
-1.5501041536176258e24
-1.4272352260826015e24
-1.306291988160025e24
-1.1873148412875558e24
-1.0703430139572367e24
-9.554145393943961e23
-8.425662338862803e23
-7.318336757748066e23
-6.232511851280376e23
-5.1685180410387064e23
-4.1266727802003933e23
-3.1072803714315135e23
-2.1106317920974248e23
-1.1370045269196821e23
-1.866624081940172e22
7.401445363069734e22
1.6431802276432155e23
2.5222226721130177e23
3.377064089659049e23
4.2075110341700064e23
5.013384505588004e23
5.794520053730073e23
6.550767873738297e23
7.281992893079909e23
7.988074850020127e23
8.668908363499319e23
9.324402994345784e23
9.95448329776622e23
1.055908886705695e24
1.1138174368484169e24
1.16917095672908e24
1.2219679344785298e24
1.2722083706481854e24
1.319893778125838e24
1.3650271811510462e24
1.407613113427998e24
1.447657615334612e24
1.4851682302269577e24
1.5201539998387008e24
1.5526254587758101e24
1.582594628107337e24
1.610075008053616e24
1.6350815697737006e24
1.6576307462545688e24
1.6777404223049916e24
1.6954299236576953e24
1.7107200051837958e24
1.7236328382242655e24
1.7341919970435277e24
1.7424224444109678e24
1.748350516316622e24
1.7520039058278987e24
1.753411646094686e24
1.7526040925107667e24
1.7496129040400205e24
1.7444710237163505e24
1.7372126583269434e24
1.7278732572887983e24
1.716489490729236e24
1.7030992267813349e24
1.6877415081060624e24
1.6704565276530886e24
1.6512856036729522e24
1.6302711539937892e24
1.60745666957605e24
1.5828866873595488e24
1.556606762417173e24
1.5286634394305694e24
1.4991042235030645e24
1.4679775503260483e24
1.4353327557150666e24
1.4012200445325345e24
1.3656904590145e24
1.3287958465189366e24
1.2905888267140076e24
1.2511227582245374e24
1.2104517047559356e24
1.1686304007146483e24
1.125714216344966e24
1.0817591224023294e24
1.0368216543833014e24
9.909588763333264e23
9.442283442529876e23
8.96688069124576e23
8.483964795802952e23
7.994123842344976e23
7.497949337020041e23
6.996035823251215e23
6.488980496323809e23
5.97738281551759e23
5.4618441140206216e23
4.9429672068562974e23
4.421355997064617e23
3.897615080373827e23
3.372349348606299e23
2.8461635920590737e23
2.3196621011043702e23
1.7934482672567068e23
1.2681241839506988e23
7.442902472809441e22
2.22544756948819e22
-2.965164823297255e22
-8.12300558709322e22
-1.3242178501405356e23
-1.831682420083663e23
-2.3341124117623975e23
-2.8309304407031243e23
-3.321563985311639e23
-3.8054457752341804e23
-4.2820141772541554e23
-4.7507135784735986e23
-5.210994766531429e23
-5.662315306610241e23
-6.10413991498326e23
-6.535940828858424e23
-6.957198172272104e23
-7.367400317792644e23
-7.766044243789337e23
-8.152635887030875e23
-8.526690490372917e23
-8.887732945301612e23
-9.235298129099521e23
-9.568931236402704e23
-9.888188104922772e23
-1.0192635535107189e24
-1.0481851603516547e24
-1.0755425969699287e24
-1.101296017634817e24
-1.125406794252564e24
-1.1478375449748716e24
-1.1685521620728518e24
-1.1875158390562071e24
-1.2046950970178591e24
-1.2200578101846808e24
-1.2335732306553134e24
-1.245212012306568e24
-1.2549462338503217e24
-1.2627494210232105e24
-1.268596567892058e24
-1.2724641572582508e24
-1.2743301801449305e24
-1.2741741543512682e24
-1.2719771420587387e24
-1.2677217664746015e24
-1.2613922274986697e24
-1.2529743163996538e24
-1.2424554294881613e24
-1.2298245807739845e24
-1.2150724135956821e24
-1.1981912112114028e24
-1.1791749063400939e24
-1.1580190896432713e24
-1.1347210171377332e24
-1.1092796165304973e24
-1.0816954924679045e24
-1.0519709306911012e24
-1.0201099010913801e24
-9.861180596587512e23
-9.50002749318631e23
-9.117729996513027e23
-8.714395254903584e23
-8.290147243962544e23
-7.845126730022565e23
-7.379491222307373e23
-6.89341491378017e23
-6.387088610674175e23
-5.86071965069937e23
-5.3145318099373696e23
-4.7487651984318025e23
-4.1636761445002385e23
-3.5595370677906535e23
-2.9366363411185362e23
-2.2952781411286793e23
-1.6357822878251015e23
-9.584840730312845e22
-2.63734077837373e22
4.481020208893544e22
1.1766436548587634e23
1.9214955794906696e23
2.6822480997323613e23
3.458477306468543e23
4.249745323411175e23
5.0556005643643217e23
5.87557800073758e23
6.709199439189503e23
7.555973809260816e23
8.415397460864179e23
9.286954471481028e23
1.0170116962911071e24
1.1064345427420479e24
1.1969089063115158e24
1.2883786118374788e24
1.380786424516062e24
1.4740740861020143e24
1.5681823519589647e24
1.663051028940294e24
1.7586190140801422e24
1.8548243340732805e24
1.951604185523018e24
2.048894975934265e24
2.1466323654299395e24
2.2447513091667424e24
2.3431861004272455e24
2.441870414363733e24
2.540737352368879e24
2.639719487048616e24
2.738748907770644e24
2.837757266763261e24
2.936675825736993e24
3.0354355030027525e24
3.1339669210582806e24
3.232200454615423e24
3.330066279039832e24
3.4274944191740077e24
3.5244147985152794e24
3.620757288718507e24
3.7164517593945503e24
3.8114281281736717e24
3.905616411004179e24
3.9989467726550454e24
4.0913495773920865e24
4.18275543979632e24
4.273095275692903e24
4.362300353159586e24
4.4503023435822044e24
4.537033372725989e24
4.622426071789792e24
4.7064136284116426e24
4.7889298375929386e24
4.869909152508653e24
4.949286735171516e24
5.026998506916897e24
5.102981198676435e24
5.177172401007115e24
5.24951061384366e24
5.319935295941169e24
5.388386913975709e24
5.454806991270225e24
5.519138156113104e24
5.581324189637469e24
5.64131007322844e24
5.699042035426787e24
5.754467598296558e24
5.807535623225345e24
5.858196356125291e24
5.906401472003752e24
5.952104118872439e24
5.99525896096409e24
6.035822221226415e24
6.073751723062701e24
6.109006931289521e24
6.141548992281633e24
6.171340773275091e24
6.198346900799621e24
6.222533798211729e24
6.243869722300739e24
6.262324798939908e24
6.27787105775567e24
6.290482465788254e24
6.300134960117503e24
6.306806479428274e24
6.310476994490243e24
6.311128537527514e24
6.308745230454047e24
6.3033133119514e24
6.294821163365978e24
6.283259333403476e24
6.268620561599012e24
6.250899800541829e24
6.230094236834415e24
6.206203310766284e24
6.179228734683459e24
6.149174510035612e24
6.116046943083008e24
6.079854659246835e24
6.040608616086464e24
5.99832211488879e24
5.953010810854767e24
5.904692721869529e24
5.853388235843355e24
5.799120116610892e24
5.741913508377908e24
5.68179593870443e24
5.618797320015298e24
5.552949949628632e24
5.48428850829496e24
5.412850057239333e24
5.338674033700466e24
5.261802244961792e24
5.182278860869408e24
5.10015040483408e24
5.015465743313887e24
4.928276073776575e24
4.838634911139898e24
4.746598072690941e24
4.652223661484659e24
4.5555720482238276e24
4.456705851623639e24
4.355689917263833e24
4.2525912949341266e24
4.1474792144774617e24
4.040425060138751e24
3.931502343425689e24
3.820786674490404e24
3.7083557320417445e24
3.594289231797426e24
3.478668893488554e24
3.361578406427322e24
3.243103393652238e24
3.1233313746635536e24
3.0023517267650344e24
2.8802556450268455e24
2.7571361008866263e24
2.6330877994067967e24
2.508207135205463e24
2.382592147081641e24
2.2563424713536319e24
2.12955929393304e24
2.0023453011549482e24
1.874804629388492e24
1.7470428134502758e24
1.619166733845592e24
1.4912845628631532e24
1.3635057095482994e24
1.2359407635829527e24
1.1087014380985318e24
9.81900511451641e23
8.556517679906033e23
7.30069937843153e23
6.052706357564547e23
4.8137029901957416e23
3.5848612450193364e23
2.367360048389358e23
1.1623846379967395e23
-2.887409130809137e21
-1.2052202491851648e23
-2.3654536186279972e23
-3.508370331575147e23
-4.6327635509422604e23
-5.737424158716407e23
-6.82114144972338e23
-7.88270383070222e23
-8.920899524287925e23
-9.934517277526087e23
-1.0922347074512766e24
-1.1883180852770647e24
-1.2815813222955382e24
-1.371904219148098e24
-1.4591669885665244e24
-1.5432503280968288e24
-1.624035492992077e24
-1.7014043692310602e24
-1.7752395466214263e24
-1.845424391944688e24
-1.91184312209957e24
-1.9743808772021392e24
-2.032923793598859e24
-2.0873590767491198e24
-2.1375750739349345e24
-2.1834613467531079e24
-2.2249087433475858e24
-2.2618094703374546e24
-2.2940571643978949e24
-2.32154696344963e24
-2.344175577414202e24
-2.3618413584912008e24
-2.3744443709137713e24
-2.381886460140001e24
-2.3840713214357986e24
-2.380904567807813e24
-2.3722937972420307e24
-2.3581486592066437e24
-2.3383809203764538e24
-2.312904529536358e24
-2.2816356816230071e24
-2.2444928808621884e24
-2.201397002961587e24
-2.1522713563177987e24
-2.097041742197375e24
-2.0356365138517092e24
-1.9679866345266995e24
-1.8940257343279041e24
-1.8136901659025532e24
-1.7269190589006556e24
-1.6336543731777453e24
-1.5338409507021555e24
-1.4274265661305842e24
-1.3143619760165377e24
-1.1946009666161853e24
-1.0681004002576109e24
-9.348202602396738e23
-7.947236942270907e23
-6.4777705611051e23
-4.939499462987971e23
-3.3321525041379955e23
-1.6554917635719077e23
9.068710279550518e21
1.906554524903163e23
3.792246698420997e23
5.747865282020772e23
7.773477112288871e23
9.869113936539076e23
1.2034772163755024e24
1.427041263389403e24
1.6575960405769961e24
1.895130456372436e24
2.1396298043284212e24
2.3910757475997318e24
2.6494463053616337e24
2.914715841180925e24
3.1868550533546744e24
3.4658309672313666e24
3.751606929528287e24
4.044142604657228e24
4.3433939730701103e24
4.649313331635036e24
4.961849296050619e24
5.280946805308398e24
5.606547128208447e24
5.938587871934927e24
6.277002992695268e24
6.621722808426825e24
6.972674013572849e24
7.3297796959288e24
7.692959355558328e24
8.062128925778026e24
8.437200796208134e24
8.818083837884718e24
9.204683430429201e24
9.596901491267878e24
9.994636506895133e24
1.0397783566170146e25
1.0806234395638417e25
1.1219877396866571e25
1.163859768577756e25
1.2062277133973681e25
1.2490794412031508e25
1.2924025034753937e25
1.336184140836144e25
1.3804112879603918e25
1.4250705786774956e25
1.4701483512606042e25
1.5156306539020508e25
1.5615032503722714e25
1.6077516258599633e25
1.654360992990826e25
1.701316298022381e25
1.7486022272119545e25
1.796203213355073e25
1.8441034424912956e25
1.8922868607742865e25
1.9407371815030975e25
1.9894378923111954e25
2.0383722625099914e25
2.08752335058327e25
2.136874011828895e25
2.1864069061442343e25
2.23610450595131e25
2.285949104257967e25
2.3359228228509007e25
2.3860076206166303e25
2.4361853019860905e25
2.4864375254987846e25
2.5367458124818818e25
2.5870915558401327e25
2.6374560289519374e25
2.687820394666956e25
2.7381657144007557e25
2.7884729573215692e25
2.8387230096246177e25
2.888896683888797e25
2.9389747285111315e25
2.9889378372137903e25
3.0387666586186414e25
3.0884418058843122e25
3.137943866400451e25
3.187253411534116e25
3.2363510064229233e25
3.285217219809634e25
3.3338326339128823e25
3.382177854328606e25
3.4302335199567566e25
3.4779803129477717e25
3.5253989686633777e25
3.5724702856461182e25
3.6191751355921617e25
3.6654944733216134e25
3.711409346740977e25
3.756900906791963e25
3.80195041738111e25
3.846539265284579e25
3.890648970022424e25
3.934261193696775e25
3.977357750788261e25
4.019920617904978e25
4.061931943478461e25
4.1033740574010146e25
4.144229480598747e25
4.18448093453478e25
4.2241113506370305e25
4.263103879645036e25
4.301441900870319e25
4.339109031364745e25
4.3760891349915055e25
4.412366331393257e25
4.447925004852051e25
4.482749813035727e25
4.516825695625478e25
4.550137882819395e25
4.582671903706711e25
4.614413594507741e25
4.645349106674387e25
4.675464914846186e25
4.70474782465704e25
4.733184980387697e25
4.760763872459198e25
4.7874723447626335e25
4.813298601820453e25
4.838231215774901e25
4.862259133198995e25
4.885371681725738e25
4.907558576491218e25
4.928809926387389e25
4.949116240120483e25
4.968468432070969e25
4.9868578279511925e25
5.0042761702568575e25
5.020715623508716e25
5.0361687792807744e25
5.050628661011649e25
5.064088728595582e25
5.076542882749962e25
5.08798546915623e25
5.0984112823709915e25
5.107815569504708e25
5.116194033664941e25
5.123542837161724e25
5.12985860447237e25
5.135138424963505e25
5.139379855367927e25
5.142580922014284e25
5.144740122807564e25
5.1458564289585e25
5.1459292864603115e25
5.1449586173110625e25
5.1429448204803874e25
5.139888772619155e25
5.13579182851101e25
5.130655821264876e25
5.1244830622473725e25
5.117276340754728e25
5.109038923423354e25
5.099774553378974e25
5.089487449123774e25
5.078182303161742e25
5.06586428036205e25
5.0525390160607665e25
5.038212613901334e25
5.022891643414103e25
5.0065831373358795e25
4.989294588669992e25
4.97103394748814e25
4.951809617474842e25
4.9316304522160695e25
4.910505751233216e25
4.888445255764092e25
4.8654591442927735e25
4.841558027829903e25
4.816752944945828e25
4.791055356558364e25
4.764477140477884e25
4.737030585711897e25
4.708728386531859e25
4.679583636305105e25
4.649609821094467e25
4.618820813029074e25
4.587230863449052e25
4.554854595827918e25
4.521706998475701e25
4.487803417026778e25
4.453159546715907e25
4.417791424446377e25
4.381715420654485e25
4.344948230974106e25
4.307506867706054e25
4.2694086510961865e25
4.230671200427187e25
4.191312424928263e25
4.151350514507902e25
4.110803930314218e25
4.069691395128033e25
4.0280318835939094e25
3.985844612293983e25
3.94314902967038e25
3.899964805801113e25
3.856311822035514e25
3.8122101604943463e25
3.767680093440511e25
3.7227420725263003e25
3.6774167179226735e25
3.631724807337019e25
3.5856872649249742e25
3.5393251501028878e25
3.4926596462667074e25
3.445712049423974e25
3.398503756744939e25
3.351056255039343e25
3.3033911091655e25
3.2555299503778128e25
3.2074944646198146e25
3.1593063807688218e25
3.110987458839458e25
3.0625594781521957e25
3.0140442254741934e25
2.9654634831388585e25
2.91683901715109e25
2.86819256528521e25
2.819545825182112e25
2.7709204424529437e25
2.7223379987958336e25
2.673820000132957e25
2.625387864774571e25
2.577062911617078e25
2.5288663483821852e25
2.4808192599037573e25
2.4329425964696946e25
2.3852571622252943e25
2.3377836036454815e25
2.2905423980822417e25
2.2435538423946056e25
2.196838041667616e25
2.150414898027199e25
2.1043040995578093e25
2.0585251093292374e25
2.013097154539575e25
1.9680392157806407e25
1.9233700164326792e25
1.879108012194534e25
1.8352713807560454e25
1.7918780116187507e25
1.7489454960712867e25
1.706491117325824e25
1.6645318408214158e25
1.623084304700607e25
1.5821648104649708e25
1.5417893138157693e25
1.5019734156852537e25
1.4627323534644082e25
1.4240809924328315e25
1.3860338173959573e25
1.3486049245353662e25
1.3118080134770526e25
1.2756563795831826e25
1.2401629064720216e25
1.2053400587712595e25
1.1711998751092798e25
1.1377539613491167e25
1.1050134840697184e25
1.0729891642987088e25
1.0416912715011336e25
1.0111296178280625e25
9.81313552629282e24
9.522519572336289e24
9.239532400009136e24
8.964253316487397e24
8.69675680857679e24
8.437112501581128e24
8.185385121015751e24
7.941634457197474e24
7.705915332736053e24
7.478277572954998e24
7.258765979264001e24
7.047420305506142e24
6.844275237300844e24
6.649360374400294e24
6.462700216077964e24
6.284314149562989e24
6.114216441535793e24
5.952416232694961e24
5.798917535407148e24
5.653719234446823e24
5.516815090832939e24
5.388193748767381e24
5.267838745676889e24
5.1557285253607e24
5.051836454241582e24
4.956130840718732e24
4.868574957616661e24
4.789127067724601e24
4.7177404524172235e24
4.6543634433467193e24
4.598939457194362e24
4.5514070334669143e24
4.5116998753227887e24
4.4797468934095e24
4.45547225269353e24
4.4387954222606686e24
4.429631228063817e24
4.427889908593271e24
4.433477173442304e24
4.4462942647396523e24
4.466238021418125e24
4.4932009462872703e24
4.5270712758758604e24
4.5677330530085636e24
4.615066202078983e24
4.6689466069800577e24
4.729246191650663e24
4.7958330031957824e24
4.868571297535916e24
4.947321627539756e24
5.031940933592444e24
5.122282636550394e24
5.218196733031602e24
5.319529892989401e24
5.426125559515736e24
5.537824050818415e24
5.654462664315908e24
5.775875782791017e24
5.901894982544162e24
6.032349143484993e24
6.167064561099956e24
6.305865060232468e24
6.448572110610166e24
6.595004944053741e24
6.74498067329921e24
6.898314412365794e24
7.054819398399091e24
7.214307114919135e24
7.376587416401305e24
7.541468654117363e24
7.708757803162777e24
7.878260590595275e24
8.049781624609559e24
8.223124524670942e24
8.398092052531491e24
8.574486244049506e24
8.752108541734637e24
8.93075992793858e24
9.11024105861119e24
9.290352397541882e24
9.470894351004402e24
9.651667402724065e24
9.832472249084628e24
1.0013109934492779e25
1.019338198681702e25
1.0373090552818145e25
1.0552038533487712e25
1.0730029719210686e25
1.0906868924669126e25
1.108236212340224e25
1.125631658193991e25
1.1428540993424586e25
1.1598845610638996e25
1.176704237835483e25
1.193294506491955e25
1.2096369392997632e25
1.2257133169383e25
1.2415056413800204e25
1.2569961486611515e25
1.2721673215347991e25
1.287001901998295e25
1.3014829036866726e25
1.3155936241242238e25
1.3293176568261043e25
1.342638903242127e25
1.3555415845348223e25
1.3680102531840121e25
1.3800298044101939e25
1.3915854874091196e25
1.4026629163900296e25
1.4132480814101259e25
1.4233273589979437e25
1.43288752255839e25
1.4419157525523536e25
1.4503996464438348e25
1.4583272284077655e25
1.4656869587917084e25
1.4724677433248302e25
1.4786589420676198e25
1.4842503780959994e25
1.4892323459135853e25
1.4935956195860355e25
1.4973314605915057e25
1.5004316253814865e25
1.5028883726463376e25
1.5046944702800958e25
1.5058432020392273e25
1.5063283738901903e25
1.5061443200408654e25
1.5052859086510344e25
1.5037485472173252e25
1.501528187628157e25
1.4986213308845031e25
1.4950250314823317e25
1.4907369014529458e25
1.4857551140574918e25
1.480078407132168e25
1.473706086080923e25
1.4666380265124567e25
1.4588746765187938e25
1.4504170585926346e25
1.4412667711811612e25
1.4314259898739378e25
1.420897468222999e25
1.4096845381932244e25
1.3977911102414303e25
1.3852216730228803e25
1.371981292723917e25
1.3580756120199572e25
1.3435108486579688e25
1.328293793663119e25
1.3124318091691986e25
1.295932825872844e25
1.2788053401118234e25
1.2610584105676513e25
1.2427016545933846e25
1.223745244167275e25
1.204199901473601e25
1.1840768941118048e25
1.1633880299357162e25
1.1421456515244845e25
1.1203626302873325e25
1.0980523602044316e25
1.0752287512062288e25
1.0519062221941436e25
1.0280996937053463e25
1.003824580225007e25
9.790967821491748e24
9.539326774021061e24
9.283491127117158e24
9.023633945472419e24
8.759932797234854e24
8.492569656759196e24
8.22173080411591e24
7.94760672140494e24
7.670391985927585e24
7.390285160267972e24
7.107488679340312e24
6.822208734459837e24
6.534655154495034e24
6.245041284164837e24
5.953583859541566e24
5.660502880827298e24
5.366021482468233e24
5.070365800678232e24
4.773764838440691e24
4.4764503280614693e24
4.1786565913482895e24
3.8806203974903877e24
3.582580818718492e24
3.284779083821772e24
2.987458429604968e24
2.6908639503658493e24
2.395242445478669e24
2.1008422651673648e24
1.807913154555772e24
1.5167060960835413e24
1.2274731503753195e24
9.40467295655932e23
6.55942265800983e23
3.7415238711834794e23
9.535241395222708e22
-1.8020263679384534e23
-4.522576521186913e23
-7.205575902742816e23
-9.848476489058113e23
-1.2448734338841637e24
-1.5003811287295895e24
-1.7511176645276008e24
-1.9968308902350879e24
-2.237269743275999e24
-2.4721844203240526e24
-2.7013265481694236e24
-2.924449354567569e24
-3.1413078389652547e24
-3.35165894300165e24
-3.555261720678806e24
-3.7518775080990596e24
-3.941270092663523e24
-4.1232058816283126e24
-4.2974540699137336e24
-4.4637868070618077e24
-4.6219793632384906e24
-4.7718102941759793e24
-4.91306160495159e24
-5.045518912499537e24
-5.168971606752511e24
-5.283213010310368e24
-5.38804053653345e24
-5.483255845959079e24
-5.568665000939985e24
-5.644078618404297e24
-5.709312020637333e24
-5.764185383986351e24
-5.808523885390278e24
-5.842157846637103e24
-5.864922876252958e24
-5.876660008927774e24
-5.877215842383318e24
-5.866442671591026e24
-5.844198620247675e24
-5.81034776941899e24
-5.76476028326144e24
-5.707312531735526e24
-5.637887210223447e24
-5.556373455966835e24
-5.462666961241896e24
-5.356670083189236e24
-5.238291950219968e24
-5.107448564918529e24
-4.964062903367145e24
-4.808065010816317e24
-4.639392093629021e24
-4.45798860742852e24
-4.2638063413794443e24
-4.056804498537334e24
-3.836949772199762e24
-3.604216418198751e24
-3.35858632307148e24
-3.100049068053727e24
-2.8286019888375886e24
-2.5442502310408506e24
-2.24700680133745e24
-1.9368926141974297e24
-1.613936534192898e24
-1.2781754138224126e24
-9.29654126815297e23
-5.6842559687316165e23
-1.945508218153962e23
1.9190110690868854e23
5.908529893713536e23
1.0022195070093495e24
1.4259072171880092e24
1.8618145525059238e24
2.3098318248657324e24
2.7698412343250044e24
3.241716882746376e24
3.72532479225838e24
4.2205229285354365e24
4.727161228908332e24
5.24508163530466e24
5.774118132026232e24
6.314096788356946e24
6.864835806002702e24
7.42614557135119e24
7.997828712546343e24
8.5796801613633e24
9.171487219866616e24
9.773029631838442e24
1.038407965894959e25
1.1004402161656093e25
1.163375468478799e25
1.2271887547807676e25
1.2918543939698734e25
1.3573460018455561e25
1.4236365015133845e25
1.4906981342418677e25
1.5585024707672536e25
1.6270204230409848e25
1.6962222564156499e25
1.7660776022635193e25
1.8365554710228278e25
1.907624265665842e25
1.979251795582504e25
2.051405290874001e25
2.1240514170490234e25
2.197156290116718e25
2.2706854920685484e25
2.3446040867425754e25
2.4188766360618917e25
2.4934672166400636e25
2.5683394367453456e25
2.6434564536151537e25
2.718780991113012e25
2.7942753577184267e25
2.869901464841647e25
2.9456208454532984e25
3.0213946730204073e25
3.097183780738391e25
3.1729486810499597e25
3.248649585440627e25
3.3242464245004624e25
3.399698868242342e25
3.47496634666534e25
3.550008070553419e25
3.62478305249765e25
3.6992501281316003e25
3.773367977568391e25
3.847095147027737e25
3.920390070642168e25
3.993211092429858e25
4.065516488423151e25
4.137264488939949e25
4.2084133009867784e25
4.278921130780478e25
4.348746206376911e25
4.417846800393976e25
4.486181252816248e25
4.55370799386919e25
4.620385566949513e25
4.6861726515997666e25
4.75102808651347e25
4.814910892558753e25
4.877780295806723e25
4.939595750552259e25
5.000316962313911e25
5.059903910799566e25
5.118316872825475e25
5.175516445174692e25
5.231463567382658e25
5.286119544435966e25
5.3394460693718815e25
5.391405245765151e25
5.441959610088967e25
5.491072153937367e25
5.538706346095495e25
5.58482615444542e25
5.629396067693817e25
5.67238111690942e25
5.713746896856677e25
5.75345958711343e25
5.791485972959805e25
5.827793466025397e25
5.8623501246829555e25
5.89512467417539e25
5.926086526464651e25
5.955205799789557e25
5.982453337921169e25
6.007800729103487e25
6.031220324667779e25
6.052685257309081e25
6.072169459013065e25
6.0896476786225546e25
6.1050954990318825e25
6.118489353998861e25
6.129806544562908e25
6.139025255059306e25
6.1461245687190135e25
6.151084482843609e25
6.153885923545931e25
6.154510760046063e25
6.152941818513707e25
6.149162895447103e25
6.143158770579781e25
6.1349152193062975e25
6.124419024618101e25
6.111657988541524e25
6.09662094306946e25
6.079297760579359e25
6.0596793637294585e25
6.037757734826504e25
6.013525924657425e25
5.986978060778792e25
5.958109355257059e25
5.926916111853902e25
5.8933957326506164e25
5.857546724105896e25
5.819368702542053e25
5.778862399054472e25
5.736029663839645e25
5.690873469937963e25
5.643397916386512e25
5.593608230778837e25
5.541510771227917e25
5.4871130277296835e25
5.430423622924007e25
5.371452312251174e25
5.310209983501494e25
5.246708655756658e25
5.1809614777212235e25
5.1129827254434335e25
5.042787799424622e25
4.970393221116841e25
4.8958166288089176e25
4.819076772900816e25
4.74019351056806e25
4.659187799815929e25
4.576081692925929e25
4.49089832929575e25
4.403661927675018e25
4.314397777799252e25
4.223132231424792e25
4.1298926927679395e25
4.034707608351708e25
3.9376064562641135e25
3.8386197348321206e25
3.7377789507158186e25
3.6351166064276834e25
3.530666187282108e25
3.424462147780853e25
3.316539897439862e25
3.2069357860646452e25
3.095687088479509e25
2.982831988718346e25
2.8684095636839727e25
2.7524597662834065e25
2.6350234080470036e25
2.516142141239616e25
2.395858440472094e25
2.2742155838220616e25
2.15125763347283e25
2.027029415879975e25
1.9015765014750594e25
1.7749451839165745e25
1.6471824588982685e25
1.5183360025249726e25
1.3884541492677862e25
1.2575858695081454e25
1.1257807466832057e25
9.930889540435908e24
8.595612310354467e24
7.252488593187549e24
5.902036384342301e24
4.544778611313138e24
3.181242883699116e24
1.8119612400896414e24
4.374698919480606e23
-9.416910353709438e23
-2.324977764337046e24
-3.711843129553438e24
-5.101736844520899e24
-6.49410577072e24
-7.888394188856979e24
-9.284044072144629e24
-1.0680495361461023e25
-1.2077186242243504e25
-1.3473553422968134e25
-1.4869032415065955e25
-1.626305781412365e25
-1.7655063582217651e25
-1.9044483331228466e25
-2.0430750606980137e25
-2.181329917405181e25
-2.319156330110402e25
-2.4564978046564644e25
-2.593297954451694e25
-2.7295005290631942e25
-2.8650494427991786e25
-2.9998888032634795e25
-3.1339629398678687e25
-3.2672164322852555e25
-3.399594138828377e25
-3.5310412247379873e25
-3.66150319036483e25
-3.790925899229455e25
-3.919255605944267e25
-4.046438983981889e25
-4.172423153274321e25
-4.297155707627174e25
-4.420584741933458e25
-4.542658879171437e25
-4.663327297171134e25
-4.782539755134509e25
-4.900246619893223e25
-5.016398891890167e25
-5.130948230868833e25
-5.243846981256133e25
-5.355048197223882e25
-5.4645056674144095e25
-5.572173939315973e25
-5.678008343273736e25
-5.781965016122276e25
-5.884000924425789e25
-5.984073887312354e25
-6.082142598888737e25
-6.178166650222616e25
-6.272106550879009e25
-6.363923749998276e25
-6.45358065690325e25
-6.541040661222469e25
-6.626268152518483e25
-6.709228539408555e25
-6.789888268166623e25
-6.868214840795032e25
-6.944176832555175e25
-7.017743908946155e25
-7.088886842121201e25
-7.15757752673149e25
-7.2237889951877845e25
-7.2874954323301365e25
-7.34867218949653e25
-7.407295797981705e25
-7.4633439818773135e25
-7.516795670285521e25
-7.567631008898027e25
-7.615831370932668e25
-7.661379367421117e25
-7.704258856840061e25
-7.744454954080116e25
-7.78195403874566e25
-7.816743762780545e25
-7.848813057413682e25
-7.87815213942013e25
-7.90475251669246e25
-7.928606993118812e25
-7.949709672763247e25
-7.968055963345262e25
-7.983642579015515e25
-7.996467542424625e25
-8.00653018608365e25
-8.01383115301315e25
-8.018372396680823e25
-8.0201571802254e25
-8.01919007496713e25
-8.01547695820391e25
-8.009025010293609e25
-7.999842711023304e25
-7.987939835265836e25
-7.973327447925956e25
-7.9560178981769e25
-7.936024812990603e25
-7.913363089963378e25
-7.888048889440487e25
-7.860099625943253e25
-7.829533958901923e25
-7.796371782699481e25
-7.760634216029916e25
-7.722343590577321e25
-7.68152343902005e25
-7.6381984823669065e25
-7.592394616630731e25
-7.544138898846461e25
-7.493459532441039e25
-7.440385851961637e25
-7.38494830717127e25
-7.327178446518694e25
-7.267108899992416e25
-7.204773361366556e25
-7.1402065698489515e25
-7.073444291140407e25
-7.004523297915246e25
-6.933481349734197e25
-6.860357172399091e25
-6.78519043676188e25
-6.708021736998007e25
-6.628892568357062e25
-6.547845304401835e25
-6.464923173748532e25
-6.380170236321172e25
-6.293631359132202e25
-6.2053521916038615e25
-6.115379140442497e25
-6.023759344081078e25
-5.930540646702636e25
-5.835771571860346e25
-5.739501295707872e25
-5.641779619855275e25
-5.542656943865982e25
-5.442184237409318e25
-5.340413012085293e25
-5.23739529293632e25
-5.133183589663067e25
-5.0278308675594625e25
-4.921390518184511e25
-4.813916329786458e25
-4.705462457496555e25
-4.596083393309746e25
-4.485833935868299e25
-4.374769160066947e25
-4.262944386495582e25
-4.150415150738216e25
-4.037237172544852e25
-3.9234663248943196e25
-3.8091586029663728e25
-3.6943700930398058e25
-3.57915694133589e25
-3.4635753228238123e25
-3.3476814100075075e25
-3.231531341710674e25
-3.1151811918793998e25
-2.99868693841954e25
-2.882104432087414e25
-2.765489365452437e25
-2.6488972419487904e25
-2.532383345035568e25
-2.4160027074821754e25
-2.299810080798384e25
-2.183859904825687e25
-2.0682062775092634e25
-1.95290292486728e25
-1.8380031711758372e25
-1.7235599093875456e25
-1.6096255718004061e25
-1.496252100995602e25
-1.3834909210603443e25
-1.2713929091141096e25
-1.1600083671544025e25
-1.0493869942392912e25
-9.395778590237711e24
-8.306293726656326e24
-7.225892621182328e24
-6.155045438252242e24
-5.094214978342755e24
-4.043856423443571e24
-3.004417087032267e24
-1.9763361686939995e24
-9.600445135399828e23
4.403562342452857e22
1.0354908078467068e24
2.0139166513346087e24
2.978918031399333e24
3.9301093058840595e24
4.867114521757517e24
5.789567618131744e24
6.697112623385509e24
7.589403846266517e24
8.466106060849517e24
9.326894685240902e24
1.0171455953907557e25
1.099948708352982e25
1.1810696432263299e25
1.260480365231512e25
1.3381539835732657e25
1.414064765330817e25
1.488188148651487e25
1.5605007552380232e25
1.6309804021221642e25
1.6996061127158448e25
1.7663581271333515e25
1.8312179117767148e25
1.894168168178323e25
1.9551928410943867e25
2.0142771258433155e25
2.07140747488429e25
2.126571603630529e25
2.17975849549354e25
2.230958406153798e25
2.2801628670549664e25
2.3273646881181053e25
2.372557959673732e25
2.415738053609497e25
2.4569016237316587e25
2.4960466053396186e25
2.5331722140123443e25
2.568278943606944e25
2.6013685634691865e25
2.6324441148570686e25
2.6615099065784567e25
2.6885715098443977e25
2.713635752340509e25
2.7367107115187054e25
2.7578057071127876e25
2.7769312928810013e25
2.7940992475800136e25
2.809322565174476e25
2.822615444287405e25
2.8339932768966784e25
2.8434726362835346e25
2.8510712642395803e25
2.856808057538928e25
2.860703053682952e25
2.8627774159251886e25
2.8630534175847383e25
2.8615544256566477e25
2.85830488372842e25
2.853330294212147e25
2.84665719990208e25
2.8383131648682206e25
2.828326754696443e25
2.81672751608653e25
2.8035459558196326e25
2.7888135191071896e25
2.7725625673336965e25
2.7548263552061174e25
2.7356390073231114e25
2.7150354941776416e25
2.693051607606864e25
2.669723935703608e25
2.6450898372040556e25
2.6191874153666526e25
2.5920554913575317e25
2.5637335771580547e25
2.534261848010673e25
2.5036811144190383e25
2.472032793719299e25
2.4393588812392113e25
2.4057019210624242e25
2.371104976415254e25
2.3356115996936976e25
2.299265802148723e25
2.262112023247899e25
2.2241950997319926e25
2.185560234385011e25
2.146252964536778e25
2.1063191303169196e25
2.065804842679751e25
2.024756451219363e25
1.9832205117945314e25
1.9412437539835097e25
1.8988730483881859e25
1.8561553738081171e25
1.8131377843042937e25
1.7698673761732272e25
1.7263912548514789e25
1.6827565017714143e25
1.6390101411885073e25
1.5951991070009385e25
1.5513702095822382e25
1.5075701026475018e25
1.463845250174168e25
1.4202418933978768e25
1.3768060179044148e25
1.3335833208383195e25
1.2906191782488747e25
1.2479586125944722e25
1.2056462604255204e25
1.1637263402669394e25
1.1222426207204255e25
1.0812383888071713e25
1.0407564185711296e25
1.0008389399632827e25
9.615276080268212e24
9.228634724032706e24
8.848869471794636e24
8.476377810948149e24
8.111550281286226e24
7.754770184864614e24
7.406413300050042e24
7.06684759993884e24
6.736432975336455e24
6.41552096247847e24
6.104454475677377e24
5.803567545074633e24
5.513185059673199e24
5.233622515826583e24
4.965185771353618e24
4.7081708054487843e24
4.462863484551806e24
4.2295393343389016e24
4.0084633179945045e24
3.799889620917553e24
3.604061442015135e24
3.4212107917300846e24
3.2515582969481493e24
3.0953130129234415e24
2.952672242360647e24
2.823821361784465e24
2.7089336553259097e24
2.608170156049405e24
2.521679494940214e24
2.449597757668324e24
2.3920483492393258e24
2.3491418666394998e24
2.3209759795766747e24
2.3076353194144898e24
2.309191376392677e24
2.3257024052210777e24
2.3572133391305871e24
2.4037557124588787e24
2.465347591844176e24
2.541993516094903e24
2.633684444798256e24
2.740397715725526e24
2.8620970110866767e24
2.9987323326813714e24
3.150239985988978e24
3.316542573233551e24
3.497548995456011e24
3.6931544636185773e24
3.9032405187629993e24
4.127675061236592e24
4.3663123889966475e24
4.6189932449969213e24
4.885544873654452e24
5.165781086390693e24
5.459502336233588e24
5.766495801463045e24
6.086535478275958e24
6.419382282442492e24
6.764784159917401e24
7.122476206367709e24
7.492180795570494e24
7.873607716628538e24
8.266454319949056e24
8.670405671920907e24
9.085134718224824e24
9.510302455701277e24
9.945558112699154e24
1.0390539337820589e25
1.0844872396971744e25
1.1308172378626852e25
1.1780043407203602e25
1.2260078864445954e25
1.2747861618703336e25
1.3242964261992043e25
1.3744949354716235e25
1.4253369677925064e25
1.4767768492974596e25
1.5287679808458393e25
1.5812628654268579e25
1.6342131362639907e25
1.6875695856029928e25
1.7412821941678296e25
1.795300161268932e25
1.8495719355471745e25
1.9040452463370433e25
1.958667135631804e25
2.013383990632771e25
2.068141576865179e25
2.1228850718417744e25
2.1775590992556725e25
2.232107763683057e25
2.2864746857763707e25
2.3406030379280263e25
2.3944355803842903e25
2.447914697788988e25
2.5009824361358884e25
2.5535805401086125e25
2.6056504907867307e25
2.6571335436959137e25
2.7079707671802988e25
2.7581030810745283e25
2.807471295653182e25
2.8560161508342164e25
2.9036783556138163e25
2.950398627709235e25
2.996117733385963e25
3.0407765274457563e25
3.0843159933515317e25
3.1266772834652687e25
3.1678017593745667e25
3.2076310322836912e25
3.2461070034447228e25
3.2831719046041698e25
3.3187683384405693e25
3.3528393189682807e25
3.3853283118828656e25
3.4161792748231096e25
3.445336697525037e25
3.4727456418428583e25
3.4983517816122645e25
3.522101442331034e25
3.5439416406322693e25
3.5638201235254247e25
3.5816854073804817e25
3.5974868166305877e25
3.6111745221686733e25
3.6226995794134803e25
3.63201396602081e25
3.6390706192157415e25
3.6438234727216456e25
3.6462274932622966e25
3.6462387166131657e25
3.643814283178629e25
3.638912473071265e25
3.631492740670721e25
3.6215157486389313e25
3.608943401368939e25
3.5937388778453083e25
3.5758666638936894e25
3.555292583798012e25
3.5319838312633936e25
3.5059089997040123e25
3.477038111834921e25
3.4453426485469496e25
3.4107955770451e25
3.3733713782301637e25
3.3330460733045173e25
3.289797249582508e25
3.24360408548755e25
3.1944473747170787e25
3.142309549558149e25
3.0871747033356255e25
3.0290286119768766e25
2.9678587546762623e25
2.9036543336429635e25
2.836406292917659e25
2.7661073362423e25
2.6927519439691746e25
2.6163363889944594e25
2.536858751703896e25
2.4543189339172537e25
2.3687186718187395e25
2.2800615478626858e25
2.1883530016423896e25
2.0936003397122196e25
1.995812744351915e25
1.8950012812648493e25
1.7911789062008286e25
1.6843604704945362e25
1.5745627255132803e25
1.4618043260058866e25
1.3461058323472191e25
1.227489711671296e25
1.1059803378893915e25
9.816039905873756e24
8.543888527993482e24
7.243650076530454e24
5.915644338859797e24
4.5602100022968054e24
3.1777045865990623e24
1.768504365139856e24
3.3300427473764103e23
-1.128382185839052e24
-2.615223068693152e24
-4.127068100908976e24
-5.663448819931083e24
-7.223878720188282e24
-8.807853410902772e24
-1.0414850785054104e25
-1.2044331199431065e25
-1.3695737665728843e25
-1.5368496052603708e25
-1.70620152986215e25
-1.8775687636029168e25
-2.050888882524238e25
-2.226097839997331e25
-2.4031299922884763e25
-2.5819181251683558e25
-2.762393481551725e25
-2.9444857901573234e25
-3.128123295174127e25
-3.3132327869226557e25
-3.4997396334953155e25
-3.6875678133624035e25
-3.876639948929912e25
-4.06687734103119e25
-4.258200004338233e25
-4.450526703674293e25
-4.643774991212496e25
-4.837861244540123e25
-5.032700705571192e25
-5.228207520289396e25
-5.424294779299499e25
-5.620874559168984e25
-5.817857964537848e25
-6.015155170977431e25
-6.212675468574144e25
-6.4103273062171385e25
-6.608018336568448e25
-6.80565546169002e25
-7.003144879306222e25
-7.200392129676187e25
-7.397302143053723e25
-7.593779287707331e25
-7.789727418477118e25
-7.985049925841498e25
-8.179649785469664e25
-8.373429608231033e25
-8.566291690636077e25
-8.7581380656827e25
-8.948870554078271e25
-9.13839081581168e25
-9.326600402045982e25
-9.513400807305374e25
-9.698693521925538e25
-9.882380084739814e25
-1.0064362135973374e26
-1.024454147031371e26
-1.0422820090130178e26
-1.0599100258811429e26
-1.0773284554193166e26
-1.0945275922043787e26
-1.111497772957909e26
-1.1282293818977312e26
-1.1447128560861467e26
-1.1609386907721098e26
-1.1768974447241401e26
-1.1925797455511416e26
-1.2079762950078343e26
-1.2230778742819582e26
-1.2378753492600581e26
-1.2523596757690141e26
-1.2665219047900443e26
-1.2803531876422636e26
-1.2938447811328997e26
-1.3069880526709076e26
-1.3197744853412e26
-1.332195682936331e26
-1.3442433749429185e26
-1.3559094214795435e26
-1.3671858181833643e26
-1.3780647010426064e26
-1.3885383511718273e26
-1.3985991995272603e26
-1.4082398315592763e26
-1.4174529917993094e26
-1.4262315883782588e26
-1.4345686974737083e26
-1.4424575676833389e26
-1.449891624321633e26
-1.456864473637396e26
-1.4633699069493416e26
-1.4694019046973486e26
-1.4749546404065887e26
-1.4800224845622986e26
-1.4846000083925007e26
-1.4886819875565045e26
-1.4922634057366071e26
-1.4953394581307852e26
-1.4979055548441818e26
-1.499957324177e26
-1.5014906158068052e26
-1.5025015038630001e26
-1.5029862898915713e26
-1.5029415057079455e26
-1.502363916136088e26
-1.5012505216320477e26
-1.4995985607899708e26
-1.49740551272894e26
-1.4946690993588451e26
-1.4913872875238505e26
-1.4875582910216106e26
-1.4831805724969213e26
-1.4782528452083737e26
-1.4727740746665264e26
-1.4667434801424121e26
-1.4601605360450537e26
-1.4530249731669523e26
-1.4453367797963216e26
-1.4370962026951555e26
-1.4283037479421241e26
-1.4189601816395025e26
-1.4090665304832551e26
-1.3986240821956012e26
-1.3876343858194038e26
-1.3760992518738821e26
-1.3640207523710263e26
-1.3514012206923934e26
-1.3382432513259689e26
-1.3245496994627534e26
-1.3103236804529535e26
-1.2955685691216826e26
-1.2802879989441043e26
-1.264485861080126e26
-1.2481663032687315e26
-1.2313337285822301e26
-1.2139927940406568e26
-1.1961484090867306e26
-1.1778057339218385e26
-1.1589701777035567e26
-1.139647396605277e26
-1.1198432917388097e26
-1.0995640069404877e26
-1.078815926421807e26
-1.0576056722854524e26
-1.0359401019077548e26
-1.0138263051886287e26
-9.912716016701836e25
-9.6828353752523e25
-9.448698824170107e25
-9.210386262315327e25
-8.967979756839849e25
-8.721563508007702e25
-8.471223812787696e25
-8.217049027235478e25
-7.959129527681652e25
-7.697557670746576e25
-7.432427752197767e25
-7.163835964672062e25
-6.891880354281907e25
-6.616660776127033e25
-6.338278848733272e25
-6.0568379074410865e25
-5.772442956766513e25
-5.485200621758577e25
-5.195219098377302e25
-4.902608102917269e25
-4.607478820502126e25
-4.309943852676383e25
-4.010117164121028e25
-3.708114028520174e25
-3.4040509736058636e25
-3.098045725411483e25
-2.790217151759545e25
-2.48068520501524e25
-2.1695708641350074e25
-1.8569960760401498e25
-1.5430836963464274e25
-1.2279574294804968e25
-9.117417682150083e24
-5.945619326541864e24
-2.765438087020148e24
4.21861139539613e23
3.6150080431041417e24
6.812727529341326e24
1.0013740352326224e25
1.3216763750748756e25
1.642051208729414e25
1.9623697490825897e25
2.282503050105669e25
2.6023220715333e25
2.921697743719247e25
3.240501032634086e25
3.558603004969176e25
3.875874893311353e25
4.192188161352938e25
4.507414569100832e25
4.821426238049176e25
5.134095716279357e25
5.445296043451779e25
5.754900815652981e25
6.062784250062308e25
6.368821249402963e25
6.672887466139276e25
6.9748593663874445e25
7.274614293501653e25
7.572030531300979e25
7.866987366901257e25
8.159365153116708e25
8.44904537039604e25
8.735910688258135e25
9.019845026192442e25
9.300733613989633e25
9.578463051468095e25
9.852921367562372e25
1.0123998078739759e26
1.0391584246711695e26
1.0655572535406518e26
1.0915857267172064e26
1.117233447817326e26
1.142490197295578e26
1.1673459378142017e26
1.1917908195229082e26
1.2158151852458103e26
1.239409575572426e26
1.262564733849836e26
1.2852716110730128e26
1.3075213706705101e26
1.3293053931826278e26
1.3506152808293431e26
1.371442861965293e26
1.3917801954191169e26
1.4116195747146423e26
1.430953532171315e26
1.449774842881545e26
1.4680765285623049e26
1.4858518612789831e26
1.5030943670390255e26
1.5197978292531721e26
1.5359562920622782e26
1.5515640635275632e26
1.566615718682405e26
1.581106102443662e26
1.5950303323808254e26
1.6083838013411943e26
1.621162179929358e26
1.6333614188394988e26
1.6449777510389193e26
1.6560076938014338e26
1.66644805058923e26
1.676295912781908e26
1.6855486612516524e26
1.694203967783339e26
1.702259796338534e26
1.7097144041625947e26
1.7165663427339785e26
1.7228144585549322e26
1.7284578937830727e26
1.7334960867031567e26
1.737928772038676e26
1.7417559811027253e26
1.744978041788059e26
1.7475955783960173e26
1.749609511304138e26
1.751021056472605e26
1.751831724789508e26
1.752043321255049e26
1.751657944004969e26
1.7506779831736095e26
1.749106119597014e26
1.7469453233564583e26
1.7441988521632836e26
1.740870249585532e26
1.736963343117357e26
1.7324822420918755e26
1.7274313354387285e26
1.7218152892871975e26
1.7156390444162255e26
1.7089078135523505e26
1.7016270785171774e26
1.6938025872256848e26
1.6854403505367897e26
1.676546638957956e26
1.6671279792054308e26
1.657191150621974e26
1.6467431814537285e26
1.6357913449884637e26
1.624343155557085e26
1.612406364400361e26
1.599988955403376e26
1.5870991406996973e26
1.5737453561478175e26
1.5599362566820214e26
1.5456807115404781e26
1.5309877993730029e26
1.5158668032309583e26
1.500327205442365e26
1.4843786823746707e26
1.4680310990883196e26
1.4512945038837114e26
1.434179122744896e26
1.4166953536827831e26
1.3988537609811812e26
1.3806650693485678e26
1.3621401579791423e26
1.3432900545263064e26
1.3241259289917475e26
1.304659087533867e26
1.2849009661987059e26
1.2648631245770945e26
1.2445572393912797e26
1.2239950980149539e26
1.2031885919301882e26
1.182149710124732e26
1.1608905324338062e26
1.1394232228297979e26
1.1177600226638965e26
1.0959132438631902e26
1.0738952620874292e26
1.0517185098491697e26
1.0293954696010506e26
1.0069386667944773e26
9.843606629133839e25
9.616740484872665e25
9.3889143608719e25
9.160254533091456e25
8.93088735748489e25
8.700939199697138e25
8.470536364753095e25
8.239805026781009e25
8.008871158809573e25
7.777860462677657e25
7.546898299100604e25
7.316109617930755e25
7.0856188886547765e25
6.8555500311653516e25
6.626026346850835e25
6.397170450041429e25
6.169104199850339e25
5.9419486324529965e25
5.715823893841234e25
5.490849173093837e25
5.267142636199985e25
5.044821360477626e25
4.82400126962387e25
4.604797069434278e25
4.3873221842320655e25
4.1716886940422445e25
3.958007272549798e25
3.7463871258762956e25
3.5369359322143165e25
3.329759782353304e25
3.124963121133994e25
2.922648689864157e25
2.7229174697328777e25
2.5258686262559375e25
2.3315994547845218e25
2.1402053271126766e25
1.9517796392135045e25
1.7664137601374049e25
1.5841969821011073e25
1.405216471800444e25
1.229557222975215e25
1.0573020102540391e25
8.885313443098464e24
7.233234283515039e24
5.617541159798414e24
4.038968704322309e24
2.498227252431653e24
9.960024634422808e23
-4.6704504373821375e23
-1.8902800401201756e24
-3.273093021068751e24
-4.6149005254445855e24
-5.915145439262035e24
-7.173297283649737e24
-8.388852486945926e24
-9.561334640740655e24
-1.0690294739711989e25
-1.177531140508249e25
-1.2815991091556285e25
-1.3811968277604338e25
-1.4762905638954664e25
-1.5668494205179863e25
-1.652845349926449e25
-1.734253166006301e25
-1.8110505547545876e25
-1.8832180830760657e25
-1.9507392058442938e25
-2.0136002712206955e25
-2.071790524227526e25
-2.125302108570272e25
-2.1741300667072804e25
-2.218272338163901e25
-2.257729756090766e25
-2.292506042066792e25
-2.3226077991472944e25
-2.3480445031602486e25
-2.3688284922535166e25
-2.384974954697947e25
-2.3965019149511234e25
-2.4034302179886647e25
-2.405783511910318e25
-2.4035882288295646e25
-2.3968735640560206e25
-2.3856714535813338e25
-2.370016549880186e25
-2.349946196038976e25
-2.3255003982257117e25
-2.296721796515835e25
-2.263655634089578e25
-2.226349724817352e25
-2.184854419250943e25
-2.1392225690388465e25
-2.089509489785488e25
-2.0357729223746237e25
-1.978072992778555e25
-1.9164721703752124e25
-1.851035224796712e25
-1.7818291813334799e25
-1.7089232749188249e25
-1.6323889027201569e25
-1.5522995753638165e25
-1.4687308668209416e25
-1.3817603629828672e25
-1.291467608955863e25
-1.197934055104946e25
-1.1012430018781666e25
-1.001479543442474e25
-8.987305101644925e24
-7.930844099690769e24
-6.846313686092377e24
-5.734630688830178e24
-4.5967268883191715e24
-3.4335483895753876e24
-2.2460549849234444e24
-1.0352195076281235e24
1.9797282317620702e23
1.4525250658748942e24
2.7274292276843854e24
4.021666943494745e24
5.334210161836365e24
6.66402183757377e24
8.010056630903915e24
9.37126161224846e24
1.074657697262624e25
1.21349367390697e25
1.3535269494667415e25
1.4946499102794243e25
1.6367545435104507e25
1.7797325102837693e25
1.9234752191006378e25
2.067873899501671e25
2.2128196759283962e25
2.3582036417387073e25
2.503916933331602e25
2.649850804336925e25
2.795896699823566e25
2.941946330481974e25
3.0878917467347855e25
3.2336254127313283e25
3.37904028017922e25
3.5240298619683063e25
3.66848830554225e25
3.8123104659710576e25
3.955391978680538e25
4.09762933179269e25
4.238919938033239e25
4.379162206160271e25
4.51825561186973e25
4.6561007681345085e25
4.792599494931297e25
4.927654888312683e25
5.061171388780067e25
5.193054848915368e25
5.323212600227218e25
5.451553519170358e25
5.577988092295344e25
5.702428480488029e25
5.824788582256385e25
5.944984096024618e25
6.062932581394985e25
6.1785535193364625e25
6.291768371262206e25
6.4025006369566504e25
6.510675911315173e25
6.616221939858158e25
6.719068672983229e25
6.819148318920358e25
6.9163953953534935e25
7.010746779675161e25
7.102141757839573e25
7.190522071782235e25
7.2758319653727025e25
7.358018228869689e25
7.43703024184838e25
7.5128200145692746e25
7.585342227760528e25
7.6545542707852584e25
7.720416278167474e25
7.782891164449615e25
7.841944657357221e25
7.897545329245975e25
7.94966462680849e25
7.998276899017857e25
8.043359423286973e25
8.084892429823827e25
8.122859124162692e25
8.157245707853745e25
8.188041397293575e25
8.215238440680973e25
8.238832133082522e25
8.25882082959444e25
8.275205956588057e25
8.287992021026862e25
8.297186617844936e25
8.30280043537729e25
8.304847258833937e25
8.303343971810392e25
8.298310555828878e25
8.289770087905475e25
8.277748736139397e25
8.262275753322164e25
8.243383468565283e25
8.22110727694651e25
8.195485627175559e25
8.166560007281805e25
8.134374928327219e25
8.098977906149394e25
8.060419441140332e25
8.018752996068193e25
7.974034971949942e25
7.926324681984712e25
7.875684323558022e25
7.822178948328874e25
7.765876430412485e25
7.70684743267284e25
7.645165371140362e25
7.580906377570799e25
7.5141492601632845e25
7.444975462455927e25
7.373469020418951e25
7.299716517766089e25
7.2238070395065385e25
7.145832123760544e25
7.065885711862612e25
6.984064096777948e25
6.900465869858563e25
6.8151918659661925e25
6.7283451069905205e25
6.640030743792555e25
6.55035599660326e25
6.459430093909323e25
6.3673642098579985e25
6.274271400215073e25
6.180266536910066e25
6.085466241203716e25
5.989988815514488e25
5.893954173940784e25
5.7974837715171685e25
5.7007005322429155e25
5.603728775923188e25
5.506694143862783e25
5.409723523453932e25
5.312944971700027e25
5.216487637718078e25
5.120481684263471e25
5.0250582083207186e25
4.930349160805615e25
4.836487265423941e25
4.743605936732527e25
4.651839197449913e25
4.561321595063342e25
4.472188117780192e25
4.384574109871659e25
4.298615186458062e25
4.214447147784466e25
4.1322058930366965e25
4.052027333747135e25
3.974047306841707e25
3.898401487377955e25
3.8252253010255474e25
3.754653836340825e25
3.6868217568867395e25
3.621863213250196e25
3.5599117550086048e25
3.5011002426982383e25
3.445560759836487e25
3.393424525050433e25
3.344821804364513e25
3.2998818236996755e25
3.2587326816367134e25
3.2215012624962654e25
3.188313149788096e25
3.1592925400822664e25
3.1345621573541654e25
3.114243167855989e25
3.0984550955665445e25
3.0873157382712223e25
3.0809410843238293e25
3.0794452301415484e25
3.0829402984841534e25
3.091536357568138e25
3.10534134106629e25
3.124460969042536e25
3.14899866987169e25
3.179055503193432e25
3.2147300839488917e25
3.2561185075482294e25
3.303314276216636e25
3.356408226566232e25
3.415488458439836e25
3.4806402650726556e25
3.5519460646175115e25
3.6294853330774363e25
3.713334538690079e25
3.8035670778065115e25
3.900253212307572e25
4.003460008598385e25
4.113251278222242e25
4.229687520134269e25
4.3528258646729544e25
4.482720019268547e25
4.619420215924884e25
4.762973160512207e25
4.913421983904632e25
5.070806194998241e25
5.235161635641946e25
5.4065204375149945e25
5.584910980980828e25
5.770357855948285e25
5.962881824770181e25
6.1624997872056555e25
6.369224747474664e25
6.583065783429321e25
6.8040280178683376e25
7.032112592016119e25
7.267316641189675e25
7.509633272675513e25
7.759051545834126e25
8.0155564544528e25
8.27912891136208e25
8.549745735334718e25
8.82737964027907e25
9.11199922674165e25
9.403568975732435e25
9.702049244881181e25
1.0007396266936585e26
1.0319562150614766e26
1.0638494883806574e26
1.0964138339146095e26
1.1296432281947175e26
1.1635312380508917e26
1.1980710218794284e26
1.2332553311478867e26
1.2690765121370043e26
1.3055265079195753e26
1.342596860575503e26
1.3802787136428677e26
1.4185628148040485e26
1.457439518806428e26
1.4968987906163703e26
1.536930208805557e26
1.577522969168648e26
1.6186658885705446e26
1.66034740902207e26
1.7025556019822155e26
1.7452781728855163e26
1.788502465892272e26
1.8322154688597777e26
1.8764038185325868e26
1.9210538059491613e26
1.9661513820627288e26
2.0116821635736645e26
2.0576314389709963e26
2.103984174779803e26
2.1507250220119453e26
2.197838322816804e26
2.2453081173292068e26
2.2931181507108265e26
2.341251880381844e26
2.3896924834395312e26
2.4384228642597e26
2.4874256622775973e26
2.536683259944105e26
2.5861777908536454e26
2.6358911480392328e26
2.685804992430722e26
2.7359007614720902e26
2.7861596778930045e26
2.836562758630472e26
2.8870908238957074e26
2.9377245063819345e26
2.9884442606078432e26
3.0392303723920603e26
3.090062968453903e26
3.140922026134883e26
3.1917873832362485e26
3.242638747967033e26
3.2934557089977675e26
3.344217745613977e26
3.3949042379644196e26
3.445494477398325e26
3.495967676886453e26
3.54630298151984e26
3.596479479080854e26
3.646476210681026e26
3.696272181459377e26
3.745846371335842e26
3.7951777458136064e26
3.84424526682485e26
3.893027903613438e26
