8.633737792968746e-14
8.625966018102838e10
1.3764050582716304e12
6.936437424916745e12
2.17827328484026e13
5.274170534383421e13
1.0825353490937431e14
1.981201601634799e14
3.3319779197978056e14
5.250342612059981e14
7.854515700362408e14
1.1260740728684212e15
1.5578027684866808e15
2.0902362411291455e15
2.731038843400568e15
3.485256769034257e15
4.3545827181649495e15
5.336569912011315e15
6.423796267650343e15
7.602979596864088e15
8.854044745819453e15
1.0149143644571686e16
1.1451629287031036e16
1.2714984713066654e16
1.388170811481354e16
1.4882155238961778e16
1.563334030581891e16
1.6037696714206586e16
1.5981798848761382e16
1.533504635291947e16
1.3948312276750004e16
1.165255655383438e16
8.257406305538996e15
3.549704514266524e15
-2.70797135042896e15
-1.0778819127636848e16
-2.0953348517231024e16
-3.355094268346164e16
-4.892144316682319e16
-6.744675632380885e16
-8.954247947804387e16
-1.1565954493128509e17
-1.4628587994892163e17
-1.819480808019063e17
-2.232130989155526e17
-2.7068993714532256e17
-3.250313541706782e17
-3.869355749702364e17
-4.571480053149516e17
-5.3646294819077203e17
-6.257253200383043e17
-7.258323646743889e17
-8.377353627392525e17
-9.624413344929894e17
-1.1010147337666066e18
-1.2545791308557786e18
-1.424318882129724e18
-1.611480784113341e18
-1.8173757097879306e18
-2.043380224844428e18
-2.2909381816131274e18
-2.561562288385543e18
-2.8568356518369464e18
-3.178413290252849e18
-3.5280236152585974e18
-3.907469879748953e18
-4.318631589713611e18
-4.763465877655097e18
-5.244008835298038e18
-5.762376803291984e18
-6.320767615615855e18
-6.921461796398321e18
-7.566823706877368e18
-8.259302640231819e18
-9.001433862029324e18
-9.79583959404846e18
-1.064522993924707e19
-1.155240374566531e19
-1.2520249407069653e19
-1.3551745598163323e19
-1.464996194220986e19
-1.5818059608938453e19
-1.705929184062434e19
-1.8377004404262533e19
-1.9774635967780745e19
-2.1255718398265614e19
-2.282387698020696e19
-2.448283055179577e19
-2.6236391557345985e19
-2.8088466013943525e19
-3.0043053390463115e19
-3.2104246397130908e19
-3.427623068385e19
-3.6563284445546463e19
-3.896977793283561e19
-4.150017286635203e19
-4.415902175313125e19
-4.6950967103477375e19
-4.988074054679898e19
-5.295316184494432e19
-5.617313780161714e19
-5.954566106650635e19
-6.307580883281584e19
-6.676874142693466e19
-7.062970078904373e19
-7.46640088435118e19
-7.887706575799163e19
-8.327434809018568e19
-8.786140682131356e19
-9.264386527537047e19
-9.762741692333395e19
-1.0281782307153556e20
-1.0822091043348126e20
-1.1384256858447004e20
-1.1968874729842555e20
-1.2576545376642672e20
-1.3207874969648756e20
-1.3863474829421022e20
-1.4543961112400518e20
-1.52499544850641e20
-1.5982079786096276e20
-1.674096567656889e20
-1.7527244278127077e20
-1.834155079918735e20
-1.91845231491613e20
-2.0056801540726037e20
-2.0959028080169855e20
-2.1891846345849962e20
-2.2855900954806072e20
-2.3851837117582393e20
-2.4880300181317635e20
-2.5941935161171214e20
-2.703738626016146e20
-2.816729637749963e20
-2.9332306605512144e20
-3.053305571525047e20
-3.177017963089742e20
-3.3044310893085865e20
-3.4356078111254446e20
-3.570610540517287e20
-3.709501183577774e20
-3.8523410825467724e20
-3.999190956801551e20
-4.150110842826179e20
-4.3051600331764964e20
-4.4643970144588235e20
-4.6278794043413955e20
-4.795663887618373e20
-4.967806151346983e20
-5.144360819079263e20
-5.325381384210655e20
-5.51092014246844e20
-5.7010281235639226e20
-5.8957550220329065e20
-6.095149127290019e20
-6.299257252922951e20
-6.508124665253714e20
-6.721795011194627e20
-6.94031024542759e20
-7.16371055693591e20
-7.392034294918781e20
-7.625317894119145e20
-7.863595799596507e20
-8.106900390976991e20
-8.35526190621353e20
-8.60870836489001e20
-8.86726549110362e20
-9.13095663596063e20
-9.399802699721279e20
-9.673822053630212e20
-9.953030461469637e20
-1.0237441000872817e21
-1.0527063984436412e21
-1.0821906880670571e21
-1.1121974234826387e21
-1.1427267589640997e21
-1.1737785406041036e21
-1.2053522983845757e21
-1.2374472382511865e21
-1.270062234196237e21
-1.3031958203542473e21
-1.3368461831145967e21
-1.3710111532556102e21
-1.4056881981045355e21
-1.4408744137278981e21
-1.4765665171567676e21
-1.5127608386515213e21
-1.5494533140107008e21
-1.5866394769286391e21
-1.6243144514065287e21
-1.662472944221683e21
-1.7011092374597193e21
-1.740217181114489e21
-1.77979018576054e21
-1.8198212153029912e21
-1.8603027798096712e21
-1.9012269284304172e21
-1.9425852424084683e21
-1.984368828188863e21
-2.0265683106288134e21
-2.0691738263150194e21
-2.1121750169928854e21
-2.155561023112658e21
-2.1993204774974521e21
-2.2434414991381884e21
-2.287911687120437e21
-2.3327181146881885e21
-2.377847323449533e21
-2.4232853177292816e21
-2.469017559073498e21
-2.515028960910943e21
-2.561303883376418e21
-2.6078261283009363e21
-2.654578934373721e21
-2.701544972480909e21
-2.748706341225915e21
-2.796044562636306e21
-2.843540578062079e21
-2.891174744270147e21
-2.9389268297398564e21
-2.9867760111643095e21
-3.0347008701621894e21
-3.082679390204843e21
-3.1306889537632275e21
-3.1787063396793587e21
-3.226707720766821e21
-3.274668661644866e21
-3.3225641168105573e21
-3.370368428953387e21
-3.418055327516724e21
-3.4655979275103817e21
-3.5129687285785695e21
-3.560139614327392e21
-3.607081851916e21
-3.6537660919154606e21
-3.700162368439295e21
-3.7462400995496066e21
-3.7919680879425953e21
-3.8373145219172406e21
-3.8822469766307806e21
-3.9267324156445915e21
-3.9707371927639666e21
-4.014227054175181e21
-4.057167140883186e21
-4.099521991453133e21
-4.14125554505889e21
-4.182331144841535e21
-4.222711541580801e21
-4.2623588976823013e21
-4.3012347914832094e21
-4.3393002218790925e21
-4.3765156132743267e21
-4.4128408208585607e21
-4.448235136211472e21
-4.4826572932379973e21
-4.5160654744360866e21
-4.5484173174989254e21
-4.579669922253419e21
-4.6097798579366296e21
-4.6387031708117416e21
-4.666395392124959e21
-4.6928115464046736e21
-4.717906160104045e21
-4.741633270588044e21
-4.763946435465861e21
-4.784798742269449e21
-4.804142818478817e21
-4.821930841894561e21
-4.838114551358007e21
-4.852645257819093e21
-4.86547385575215e21
-4.876550834919377e21
-4.885826292481861e21
-4.893249945457699e21
-4.898771143526695e21
-4.902338882180942e21
-4.903901816220441e21
-4.90340827359274e21
-4.900806269575452e21
-4.89604352130031e21
-4.889067462617338e21
-4.879825259297423e21
-4.868263824571562e21
-4.854329835004796e21
-4.8379697467027e21
-4.81912981184821e21
-4.797756095566239e21
-4.773794493113578e21
-4.747190747391238e21
-4.717890466776307e21
-4.685839143270244e21
-4.650982170960295e21
-4.613264864790636e21
-4.572632479639569e21
-4.5290302296990973e21
-4.4824033081528287e21
-4.4326969071481704e21
-4.3798562380585223e21
-4.3238265520309923e21
-4.264553160815051e21
-4.2019814578673576e21
-4.136056939727759e21
-4.066725227661384e21
-3.993932089561539e21
-3.9176234621079687e21
-3.8377454731748426e21
-3.7542444644826916e21
-3.6670670144883817e21
-3.5761599615069706e21
-3.4814704270591986e21
-3.3829458394381806e21
-3.280533957488688e21
-3.1741828945922616e21
-3.06384114285128e21
-2.9494575974648203e21
-2.830981581289186e21
-2.7083628695756084e21
-2.5815517148776654e21
-2.450498872120638e21
-2.315155623825045e21
-2.175473805476248e21
-2.0314058310320736e21
-1.882904718560099e21
-1.7299241159961912e21
-1.572418327015658e21
-1.4103423370083718e21
-1.243651839148897e21
-1.072303260552702e21
-8.962537885092545e20
-7.154613967827354e20
-5.2988487197102126e20
-3.394838399132715e20
-1.4421879213660937e20
5.594888766801366e19
2.610568971506082e20
4.711419887976448e20
6.862399434284776e20
9.063855437027182e20
1.1316125476493239e21
1.3619536622274247e21
1.597440516929922e21
1.838103637440121e21
2.0839724193525992e21
2.3350751019687939e21
2.591438742178704e21
2.8530891884392937e21
3.1200510548613404e21
3.392347695415257e21
3.670001178268015e21
3.953032260261769e21
4.241460361546316e21
4.535303540376412e21
4.834578468086017e21
5.139300404250662e21
5.449483172050144e21
5.765139133842841e21
6.086279166964049e21
6.41291263975953e21
6.745047387866986e21
7.082689690756616e21
7.425844248543509e21
7.774514159083212e21
8.128700895363242e21
8.488404283201793e21
8.85362247926669e21
9.224351949425761e21
9.60058744744156e21
9.982321994021913e21
1.0369546856239003e22
1.0762251527328557e22
1.1160423706881851e22
1.1564049281442002e22
1.197311230551727e22
1.2387594983022975e22
1.2807477649164292e22
1.3232738752771993e22
1.3663354839102841e22
1.4099300533117011e22
1.4540548523243954e22
1.4987069545649088e22
1.5438832369012478e22
1.5895803779832017e22
1.6357948568261875e22
1.6825229514498883e22
1.729760737572725e22
1.777504087363419e22
1.8257486682506782e22
1.8744899417922358e22
1.9237231626042703e22
1.9734433773523973e22
2.0236454238052522e22
2.0743239299518503e22
2.125473313183693e22
2.177087779542786e22
2.22916132303655e22
2.281687725020721e22
2.33466055365122e22
2.3880731634060537e22
2.4419186946781984e22
2.4961900734405207e22
2.5508800109836086e22
2.6059810037275872e22
2.661485333108745e22
2.717385065541989e22
2.7736720524599567e22
2.830337930429744e22
2.887374121348047e22
2.944771832715662e22
3.002522057992052e22
3.0606155770309525e22
3.1190429565976383e22
3.17779455096879e22
3.236860502615563e22
3.296230742970743e22
3.355894993280528e22
3.415842765541803e22
3.4760633635254336e22
3.5365458838862837e22
3.5972792173605792e22
3.6582520500511924e22
3.7194528648014393e22
3.7808699426578866e22
3.84249136442279e22
3.904305012296529e22
3.966298571610636e22
4.028459532651746e22
4.0907751925769914e22
4.15323265742114e22
4.2158188441959085e22
4.27852048308172e22
4.3413241197122925e22
4.404216117552236e22
4.4671826603680075e22
4.530209754792347e22
4.5932832329824735e22
4.6563887553721185e22
4.719511813517594e22
4.7826377330379155e22
4.845751676649156e22
4.908838647292933e22
4.971883491359164e22
5.03487090200292e22
5.097785422555483e22
5.160611450029347e22
5.223333238717171e22
5.285934903884414e22
5.348400425555574e22
5.410713652393669e22
5.47285830567285e22
5.534817983343713e22
5.596576164191086e22
5.658116212083856e22
5.719421380316497e22
5.780474816041815e22
5.841259564794477e22
5.9017585751048036e22
5.961954703202311e22
6.0218307178083945e22
6.081369305017564e22
6.140553073266598e22
6.199364558390905e22
6.257786228767429e22
6.315800490543252e22
6.373389692949235e22
6.4305361336977345e22
6.48722206446368e22
6.543429696447942e22
6.599141206022238e22
6.654338740454482e22
6.7090044237136e22
6.763120362352807e22
6.816668651470223e22
6.869631380745724e22
6.921990640552901e22
6.973728528144911e22
7.024827153912986e22
7.075268647716397e22
7.125035165282495e22
7.174108894675598e22
7.222472062833246e22
7.270106942168508e22
7.31699585723684e22
7.363121191466118e22
7.408465393948171e22
7.453010986290443e22
7.4967405695260875e22
7.5396368310809706e22
7.581682551795807e22
7.622860613001905e22
7.663154003648678e22
7.70254582748126e22
7.741019310266316e22
7.778557807064436e22
7.815144809547038e22
7.85076395335605e22
7.885399025504422e22
7.919033971815446e22
7.95165290439904e22
7.983240109162858e22
8.01378005335629e22
8.043257393145177e22
8.071656981215243e22
8.09896387440204e22
8.1251633413453e22
8.150240870165424e22
8.174182176160001e22
8.19697320951803e22
8.218600163049597e22
8.239049479928703e22
8.258307861446927e22
8.276362274775566e22
8.293199960733893e22
8.308808441561049e22
8.323175528689283e22
8.336289330515955e22
8.348138260171906e22
8.358711043283661e22
8.367996725726958e22
8.375984681369096e22
8.382664619797441e22
8.38802659403166e22
8.392061008216896e22
8.394758625295443e22
8.396110574654172e22
8.396108359745078e22
8.39474386567625e22
8.39200936677066e22
8.387897534089943e22
8.382401442920565e22
8.375514580219518e22
8.367230852016934e22
8.357544590772739e22
8.346450562684642e22
8.333943974944625e22
8.320020482941219e22
8.30467619740464e22
8.28790769149211e22
8.269712007810409e22
8.250086665372947e22
8.229029666488399e22
8.206539503578221e22
8.182615165920003e22
8.157256146314008e22
8.13046244766987e22
8.102234589510741e22
8.072573614391944e22
8.04148109423127e22
8.008959136548111e22
7.975010390608552e22
7.939638053473592e22
7.902845875947554e22
7.864638168423942e22
7.825019806625863e22
7.783996237238207e22
7.741573483428645e22
7.697758150254775e22
7.65255742995449e22
7.605979107116883e22
7.558031563730676e22
7.508723784107685e22
7.458065359678282e22
7.4060664936563084e22
7.352738005570524e22
7.298091335659974e22
7.242138549130534e22
7.184892340269967e22
7.126366036418692e22
7.066573601793779e22
7.005529641163433e22
6.943249403369356e22
6.879748784694433e22
6.815044332073069e22
6.749153246141819e22
6.6820933841275285e22
6.6138832625708e22
6.544542059881944e22
6.4740896187273236e22
6.4025464482434575e22
6.3299337260765945e22
6.256273300245292e22
6.181587690823872e22
6.105900091444237e22
6.0292343706140094e22
5.9516150728485195e22
5.873067419614743e22
5.793617310084768e22
5.713291321696905e22
5.632116710522137e22
5.550121411434125e22
5.467334038080507e22
5.383783882653813e22
5.2995009154597974e22
5.214515784281552e22
5.128859813537443e22
5.042565003231127e22
4.9556640276919475e22
4.868190234103893e22
4.7801776408216476e22
4.691660935472011e22
4.602675472839227e22
4.513257272532595e22
4.423443016435118e22
4.33327004593157e22
4.242776358914893e22
4.152000606569325e22
4.060982089929341e22
3.9697607562130105e22
3.878377194928781e22
3.786872633754461e22
3.695288934187611e22
3.6036685869661903e22
3.512054707258733e22
3.420491029623034e22
3.3290219027327707e22
3.2376922838712065e22
3.1465477331914353e22
3.055634407742411e22
2.9649990552604614e22
2.8746890077256345e22
2.7847521746826417e22
2.6952370363258494e22
2.6061926363483265e22
2.517668574554523e22
2.429714999236558e22
2.3423825993140588e22
2.2557225962374382e22
2.1697867356548545e22
2.084627278842845e22
2.000296993900968e22
1.9168491467105716e22
1.8343374916582256e22
1.7528162621240992e22
1.6723401607358813e22
1.5929643493886614e22
1.514744439031599e22
1.4377364792219282e22
1.361996947447213e22
1.2875827382165487e22
1.2145511519218108e22
1.142959883469857e22
1.0728670106867995e22
1.0043309824954203e22
9.37410606867098e21
8.721650385494304e21
8.086537665710124e21
7.469366015247183e21
6.870736626311438e21
6.291253645837482e21
5.731524041773555e21
5.192157467218688e21
4.6737661224285414e21
4.176964614711502e21
3.7023698162323743e21
3.2506007197468957e21
2.822278292285348e21
2.418025326810883e21
2.0384662918724688e21
1.6842271792787284e21
1.3559353498143482e21
1.0542193770273324e21
7.797088891103315e20
5.3303440890504675e20
3.148271920549986e20
1.2571906333727523e20
-3.3657748800153846e19
-1.626707794632345e20
-2.606874962710558e20
-3.270754700156375e20
-3.6120254699218036e20
-3.624370229657605e20
-3.3014781874193354e20
-2.6370465730674662e20
-1.6247824250105653e20
-2.584043919308646e19
1.4683554508568737e20
3.561749770796846e20
6.028014133610786e20
8.873365145326778e20
1.210399858120322e21
1.5726087501957594e21
1.974578035770119e21
2.416919907999521e21
2.900243716243733e21
3.4251557730216093e21
3.9922591599062763e21
4.602153532404179e21
5.25543492386116e21
5.952695548442726e21
6.694523603233096e21
7.481503069500573e21
8.314213513173991e21
9.193229884580784e21
1.0119122317493053e22
1.1092455927531941e22
1.2113790609977015e22
1.3183680837034518e22
1.430267545461154e22
1.5471317478650564e22
1.669014389107159e22
1.7959685435378983e22
1.928046641198222e22
2.065300447328609e22
2.207781041860077e22
2.35553879889305e22
2.5086233661691572e22
2.6670836445417776e22
2.830967767450537e22
3.0003230804057786e22
3.1751961204883095e22
3.355632595870399e22
3.541677365363337e22
3.7333744179978573e22
3.930766852642778e22
4.133896857668038e22
4.342805690657613e22
4.557533658178612e22
4.77812009561242e22
5.004603347053475e22
5.237020745282236e22
5.475408591817992e22
5.719802137057809e22
5.970235560507324e22
6.2267419511099725e22
6.489353287680435e22
6.7581004194486354e22
7.0330130467201795e22
7.3141197016598246e22
7.601447729203823e22
7.895023268107659e22
8.194871232134934e22
8.501015291394248e22
8.813477853829807e22
9.132280046872438e22
9.457441699256685e22
9.788981323010946e22
1.0126916095626406e23
1.0471261842411369e23
1.0822033019036776e23
1.1179242694279822e23
1.154290253297141e23
1.1913022779154039e23
1.2289612239455915e23
1.2672678266688154e23
1.3062226743670724e23
1.3458262067293855e23
1.3860787132820443e23
1.4269803318436362e23
1.4685310470054314e23
1.5107306886377813e23
1.5535789304230677e23
1.5970752884159096e23
1.6412191196311593e23
1.6860096206603315e23
1.7314458263170333e23
1.7775266083120314e23
1.824250673958529e23
1.8716165649082538e23
1.9196226559189118e23
1.9682671536536415e23
2.0175480955130436e23
2.0674633485002786e23
2.1180106081199255e23
2.1691873973110848e23
2.2209910654153232e23
2.2734187871799792e23
2.326467561797432e23
2.380134211980844e23
2.434415383076944e23
2.4893075422163254e23
2.5448069775018783e23
2.600909797235813e23
2.6576119291858196e23
2.7149091198908273e23
2.7727969340069554e23
2.8312707536940598e23
2.8903257780434445e23
2.94995702254712e23
3.0101593186092017e23
3.070927313099819e23
3.13225546795207e23
3.194138059802381e23
3.256569179674817e23
3.319542732709699e23
3.383052437937028e23
3.447091828095015e23
3.511654249494273e23
3.576732861927965e23
3.642320638628356e23
3.7084103662700794e23
3.7749946450205944e23
3.842065888638108e23
3.9096163246173656e23
3.9776379943836066e23
4.046122753535063e23
4.115062272134296e23
4.1844480350487204e23
4.2542713423405224e23
4.3245233097063854e23
4.395194868967212e23
4.4662767686081646e23
4.537759574369235e23
4.6096336698865945e23
4.681889257385049e23
4.754516358421655e23
4.827504814680856e23
4.900844288821257e23
4.974524265374277e23
5.048534051694766e23
5.122862778963861e23
5.197499403244122e23
5.272432706587212e23
5.347651298194069e23
5.423143615627856e23
5.4988979260796796e23
5.574902327687207e23
5.65114475090621e23
5.727612959935163e23
5.8042945541928434e23
5.881176969849116e23
5.958247481408696e23
6.0354932033481256e23
6.1129010918058e23
6.190457946325093e23
6.268150411650484e23
6.345964979576702e23
6.423887990850778e23
6.501905637126932e23
6.580003962974188e23
6.658168867936652e23
6.736386108646247e23
6.81464130098788e23
6.89291992231675e23
6.971207313727776e23
7.049488682376807e23
7.127749103853584e23
7.20597352460608e23
7.284146764416104e23
7.362253518925854e23
7.440278362215265e23
7.518205749429695e23
7.596020019457868e23
7.673705397659645e23
7.751245998643312e23
7.828625829092134e23
7.905828790639702e23
7.982838682793817e23
8.0596392059085e23
8.136213964203675e23
8.212546468832228e23
8.288620140993921e23
8.36441831509574e23
8.439924241958279e23
8.51512109206764e23
8.589991958872337e23
8.664519862124799e23
8.738687751266835e23
8.812478508858648e23
8.885874954050773e23
8.958859846098396e23
9.0314158879175e23
9.103525729682246e23
9.175171972462954e23
9.246337171904072e23
9.317003841941551e23
9.387154458558891e23
9.456771463581275e23
9.525837268507044e23
9.594334258375871e23
9.662244795672918e23
9.729551224268223e23
9.796235873390622e23
9.862281061635422e23
9.927669101005092e23
9.992382300982177e23
1.0056402972633666e24
1.0119713432745922e24
1.0182296007989521e24
1.0244133039113017e24
1.0305206885164823e24
1.0365499927742426e24
1.0424994575267967e24
1.0483673267289352e24
1.0541518478806006e24
1.0598512724618308e24
1.0654638563699854e24
1.0709878603591556e24
1.0764215504816664e24
1.0817631985315767e24
1.0870110824900713e24
1.0921634869726598e24
1.0972187036780735e24
1.1021750318387639e24
1.1070307786728987e24
1.1117842598377546e24
1.1164337998844037e24
1.1209777327135883e24
1.1254144020326727e24
1.1297421618135775e24
1.1339593767515756e24
1.1380644227248518e24
1.1420556872547017e24
1.1459315699662826e24
1.1496904830497782e24
1.1533308517218878e24
1.1568511146875063e24
1.1602497246014997e24
1.1635251485304479e24
1.1666758684142451e24
1.1697003815274352e24
1.17259720094018e24
1.1753648559787183e24
1.1780018926852216e24
1.1805068742769105e24
1.1828783816043184e24
1.185115013608583e24
1.187215387777642e24
1.1891781406012065e24
1.1910019280244056e24
1.1926854258999592e24
1.1942273304387726e24
1.1956263586588157e24
1.1968812488321791e24
1.1979907609301634e24
1.198953677066291e24
1.1997688019371097e24
1.2004349632606657e24
1.2009510122125181e24
1.201315823859163e24
1.2015282975887582e24
1.2015873575390043e24
1.2014919530220616e24
1.2012410589463804e24
1.2008336762353177e24
1.2002688322424045e24
1.1995455811631498e24
1.1986630044432382e24
1.197620211183021e24
1.1964163385381411e24
1.1950505521161914e24
1.1935220463692656e24
1.1918300449822851e24
1.1899738012569683e24
1.1879525984913211e24
1.1857657503545154e24
1.183412601257049e24
1.1808925267160412e24
1.178204933715547e24
1.1753492610617696e24
1.1723249797330521e24
1.1691315932245061e24
1.165768637887176e24
1.1622356832616013e24
1.1585323324056714e24
1.1546582222166352e24
1.1506130237471522e24
1.1463964425152705e24
1.1420082188082093e24
1.1374481279798235e24
1.1327159807416403e24
1.1278116234473416e24
1.1227349383705945e24
1.1174858439760942e24
1.112064295183719e24
1.1064702836256754e24
1.10070383789654e24
1.0947650237960595e24
1.088653944564624e24
1.0823707411112839e24
1.0759155922342322e24
1.0692887148336099e24
1.0624903641165503e24
1.0555208337943684e24
1.0483804562717628e24
1.041069602827956e24
1.0335886837896529e24
1.0259381486957454e24
1.0181184864536303e24
1.0101302254870776e24
1.0019739338755278e24
9.936502194847566e23
9.851597300887792e23
9.765031534829358e23
9.676812175880454e23
9.5869469054557e23
9.495443808036734e23
9.402311371941106e23
9.307558489998593e23
9.211194460134245e23
9.11322898585723e23
9.013672176654786e23
8.912534548290525e23
8.809827023006499e23
8.705560929628067e23
8.599748003571109e23
8.49240038675071e23
8.383530627391019e23
8.273151679735199e23
8.16127690365522e23
8.047920064160697e23
7.933095330806458e23
7.816817276997966e23
7.699100879194386e23
7.579961516008518e23
7.459414967203493e23
7.337477412585335e23
7.214165430791334e23
7.089495997973504e23
6.963486486377141e23
6.836154662813668e23
6.707518687027781e23
6.577597109958303e23
6.446408871892838e23
6.313973300515518e23
6.1803101088478e23
6.045439393082338e23
5.909381630309241e23
5.77215767613499e23
5.6337887621935326e23
5.494296493549865e23
5.3537028459955034e23
5.212030163236193e23
5.0693011539714974e23
4.9255388888666736e23
4.780766797416334e23
4.6350086647003327e23
4.488288628031768e23
4.340631173497249e23
4.192061132389558e23
4.042603677532698e23
3.8922843194999e23
3.7411289027242804e23
3.589163601502787e23
3.4364149158933806e23
3.282909667506155e23
3.128674995188194e23
2.9737383506029215e23
2.818127493704012e23
2.6618704881046514e23
2.504995696342077e23
2.3475317750382693e23
2.1895076699569567e23
2.0309526109578493e23
1.8718961068481487e23
1.7123679401323023e23
1.5523981616602857e23
1.3920170851754533e23
1.2312552817621036e23
1.070143574193839e23
9.087130311831394e22
7.469949615332759e22
5.8502090819283876e22
4.228226422140888e22
2.60432156615627e22
9.788166015065543e21
-6.47964290187821e21
-2.275694897402967e22
-3.904047043817202e22
-5.532690654324069e22
-7.16129382194714e22
-8.789522875644505e22
-1.041704244898993e23
-1.2043515549724757e23
-1.366860363016558e23
-1.5291966658459053e23
-1.6913263190668685e23
-1.853215044368621e23
-2.014828436895185e23
-2.176131972697364e23
-2.3370910162629465e23
-2.4976708281243508e23
-2.657836572542019e23
-2.8175533252624646e23
-2.9767860813492586e23
-3.135499763085994e23
-3.2936592279494194e23
-3.451229276651616e23
-3.6081746612492677e23
-3.7644600933190906e23
-3.920050252197454e23
-4.074909793282921e23
-4.22900335639977e23
-4.3822955742213505e23
-4.534751080751271e23
-4.686334519861031e23
-4.837010553882069e23
-4.9867438722509755e23
-5.135499200205754e23
-5.283241307531729e23
-5.429935017354841e23
-5.5755452149811345e23
-5.7200368567801416e23
-5.863374979110673e23
-6.005524707286737e23
-6.146451264582213e23
-6.286119981271952e23
-6.424496303707767e23
-6.561545803426815e23
-6.697234186291096e23
-6.831527301655538e23
-6.964391151563045e23
-7.095791899964073e23
-7.225695881959165e23
-7.354069613062134e23
-7.480879798481723e23
-7.606093342419895e23
-7.729677357384527e23
-7.851599173514409e23
-7.971826347914272e23
-8.090326673997947e23
-8.207068190837302e23
-8.322019192514825e23
-8.435148237477585e23
-8.546424157890542e23
-8.655816068986719e23
-8.763293378412314e23
-8.868825795564119e23
-8.972383340917362e23
-9.0739363553414e23
-9.173455509401279e23
-9.27091181264241e23
-9.366276622856637e23
-9.459521655326808e23
-9.550618992048075e23
-9.639541090923011e23
-9.72626079492873e23
-9.810751341253327e23
-9.892986370399484e23
-9.972939935252596e23
-1.0050586510111501e24
-1.0125900999678907e24
-1.0198858748009695e24
-1.0269435547414134e24
-1.0337607647314188e24
-1.0403351763050051e24
-1.046664508463493e24
-1.0527465285455226e24
-1.0585790530914194e24
-1.0641599487016366e24
-1.0694871328890458e24
-1.0745585749248272e24
-1.0793722966777382e24
-1.0839263734465032e24
-1.088218934785095e24
-1.0922481653206578e24
-1.0960123055638494e24
-1.0995096527113641e24
-1.1027385614403599e24
-1.1056974446946166e24
-1.1083847744621358e24
-1.110799082543974e24
-1.1129389613140526e24
-1.1148030644697363e24
-1.1163901077729174e24
-1.117698869781406e24
-1.1187281925703466e24
-1.1194769824434812e24
-1.1199442106339958e24
-1.1201289139947355e24
-1.1200301956775416e24
-1.1196472258015146e24
-1.1189792421099478e24
-1.1180255506157269e24
-1.1167855262349638e24
-1.1152586134086349e24
-1.1134443267120291e24
-1.1113422514517668e24
-1.1089520442501725e24
-1.1062734336167978e24
-1.1033062205068733e24
-1.100050278866483e24
-1.0965055561642503e24
-1.092672073909314e24
-1.0885499281554185e24
-1.084139289990892e24
-1.0794404060143085e24
-1.0744535987956539e24
-1.0691792673227812e24
-1.063617887432971e24
-1.0577700122294028e24
-1.051636272482333e24
-1.0452173770148134e24
-1.0385141130727674e24
-1.0315273466792069e24
-1.0242580229724484e24
-1.0167071665281374e24
-1.0088758816648973e24
-1.0007653527334477e24
-9.923768443890195e23
-9.837117018468803e23
-9.747713511208431e23
-9.655572992445725e23
-9.560711344755429e23
-9.463145264814895e23
-9.362892265092064e23
-9.259970675355377e23
-9.15439964400447e23
-9.046199139219588e23
-8.935389949929204e23
-8.821993686593869e23
-8.706032781805243e23
-8.587530490699046e23
-8.466510891180634e23
-8.342998883962063e23
-8.217020192409545e23
-8.088601362199913e23
-7.957769760785402e23
-7.824553576665458e23
-7.688981818464608e23
-7.551084313815508e23
-7.410891708046158e23
-7.26843546267042e23
-7.123747853681233e23
-6.976861969645121e23
-6.827811709598043e23
-6.676631780741258e23
-6.523357695936745e23
-6.368025771001637e23
-6.210673121800886e23
-6.051337661137789e23
-5.890058095441758e23
-5.726873921253094e23
-5.561825421503855e23
-5.394953661595132e23
-5.226300485269901e23
-5.055908510281392e23
-4.883821123856686e23
-4.7100824779553896e23
-4.534737484323203e23
-4.357831809340488e23
-4.179411868665312e23
-3.999524821671625e23
-3.81821856568214e23
-3.635541729996178e23
-3.4515436697126707e23
-3.266274459348419e23
-3.079784886251927e23
-2.8921264438131987e23
-2.703351324469446e23
-2.5135124125076814e23
-2.322663276664186e23
-2.130858162521542e23
-1.938151984703721e23
-1.7446003188698238e23
-1.5502593935071247e23
-1.3551860815240547e23
-1.1594378916441224e23
-9.630729596009512e22
-7.661500391360804e22
-5.687284927998174e22
-3.708682825563285e22
-1.7262996019391622e22
2.592534245845395e21
2.247359235073618e22
4.237395211624619e22
6.228733240947253e22
8.220739819833935e22
1.0212776162509118e23
1.2204198309842647e23
1.4194357240413691e23
1.618259898341034e23
1.8168264733351006e23
2.0150690966609228e23
2.2129209559731714e23
2.4103147909525746e23
2.607182905490464e23
2.8034571800471253e23
2.9990690841822045e23
3.193949689255347e23
3.388029681295136e23
3.581239374034431e23
3.773508722109932e23
3.9647673344243636e23
4.154944487668643e23
4.3439691400022095e23
4.531769944889308e23
4.7182752650889094e23
4.9034131867960185e23
5.0871115339320736e23
5.269297882581835e23
5.449899575574899e23
5.628843737208629e23
5.806057288110497e23
5.981466960237096e23
6.154999312007292e23
6.326580743566701e23
6.496137512181061e23
6.663595747755283e23
6.828881468476175e23
6.991920596575122e23
7.152638974208455e23
7.31096237945234e23
7.466816542409368e23
7.62012716142368e23
7.770819919401721e23
7.918820500235508e23
8.064054605325154e23
8.206447970197875e23
8.34592638121974e23
8.482415692397294e23
8.615841842265744e23
8.746130870860239e23
8.873208936767008e23
8.997002334250989e23
9.11743751045632e23
9.234441082676653e23
9.347939855691276e23
9.457860839163872e23
9.564131265100286e23
9.666678605361611e23
9.765430589229059e23
9.860315221016889e23
9.951260797729738e23
1.0038195926760784e24
1.0121049543626647e24
1.0199750929735501e24
1.0274229730184663e24
1.0344415971583616e24
1.0410240079898624e24
1.0471632898315353e24
1.0528525705115193e24
1.058085023156148e24
1.062853867979193e24
1.0671523740712924e24
1.07097386118918e24
1.0743117015443223e24
1.0771593215905375e24
1.0795102038102197e24
1.0813578884987372e24
1.0826959755465881e24
1.0835181262189412e24
1.08381806493211e24
1.0835895810265566e24
1.082826530536022e24
1.081522837952343e24
1.0796724979855718e24
1.0772695773189298e24
1.0743082163582219e24
1.0707826309752738e24
1.0666871142449457e24
1.0620160381753376e24
1.0567638554307376e24
1.0509251010468956e24
1.0444943941382042e24
1.0374664395963248e24
1.0298360297799223e24
1.0215980461949543e24
1.0127474611652099e24
1.0032793394925835e24
9.931888401067148e23
9.824712177035377e23
9.711218243723295e23
9.591361112108007e23
9.465096299278826e23
9.332380344336713e23
9.193170824162112e23
9.04742636904626e23
8.895106678182077e23
8.736172535010436e23
8.570585822417114e23
8.3983095377774e23
8.219307807842707e23
8.033545903466024e23
7.840990254161883e23
7.641608462496418e23
7.43536931830374e23
7.222242812724402e23
7.002200152061405e23
6.775213771451057e23
6.541257348342876e23
6.30030581578575e23
6.052335375515909e23
5.79732351084289e23
5.5352489993293995e23
5.266091925261361e23
4.989833691903644e23
4.7064570335390897e23
4.415946027284986e23
4.118286104684754e23
3.813464063070391e23
3.501468076692095e23
3.1822877076112866e23
2.8559139163535795e23
2.5223390723172834e23
2.181556963935544e23
1.8335628085863502e23
1.4783532622485674e23
1.1159264288997077e23
7.462818696523424e22
3.6942061162544853e22
-1.465484345224865e21
-4.059405109112467e22
-8.044309150838805e22
-1.2101190815261718e23
-1.62299652952048e23
-2.043053264862693e23
-2.4702777729368284e23
-2.9046570120804094e23
-3.346176407243131e23
-3.794819843942728e23
-4.2505696625190046e23
-4.713406652691326e23
-5.1833100484205986e23
-5.660257523079042e23
-6.144225184930513e23
-6.635187572923691e23
-7.133117652801605e23
-7.637986813527966e23
-8.149764864035433e23
-8.668420030296193e23
-9.19391895271796e23
-9.726226683867642e23
-1.0265306686524691e24
-1.0811120832066299e24
-1.1363629399187386e24
-1.1922791072955087e24
-1.2488562944202712e24
-1.3060900509262859e24
-1.3639757670042386e24
-1.4225086734440783e24
-1.4816838417113687e24
-1.5414961840583038e24
-1.601940453669625e24
-1.6630112448433614e24
-1.7247029932068509e24
-1.7870099759679241e24
-1.8499263122014823e24
-1.9134459631715833e24
-1.977562732689128e24
-2.042270267505234e24
-2.1075620577405282e24
-2.1734314373501486e24
-2.2398715846249005e24
-2.3068755227283862e24
-2.3744361202702785e24
-2.4425460919157645e24
-2.511197999031232e24
-2.5803842503661996e24
-2.6500971027716656e24
-2.720328661954599e24
-2.79107088326898e24
-2.8623155725431104e24
-2.9340543869433235e24
-3.0062788358740523e24
-3.0789802819142493e24
-3.152149941790208e24
-3.225778887384547e24
-3.299858046781604e24
-3.374378205348991e24
-3.449330006855314e24
-3.5247039546240253e24
-3.6004904127232967e24
-3.6766796071918275e24
-3.753261627300633e24
-3.830226426850405e24
-3.907563825504759e24
-3.9852635101589076e24
-4.0633150363438263e24
-4.1417078296657006e24
-4.220431187280574e24
-4.2994742794039823e24
-4.378826150855539e24
-4.4584757226380937e24
-4.5384117935515467e24
-4.618623041840978e24
-4.69909802687894e24
-4.7798251908817076e24
-4.860792860659324e24
-4.941989249399152e24
-5.02340245848285e24
-5.105020479336277e24
-5.186831195312402e24
-5.268822383606781e24
-5.350981717205352e24
-5.433296766864355e24
-5.515755003122039e24
-5.59834379834191e24
-5.681050428787293e24
-5.763862076726657e24
-5.846765832569767e24
-5.92974869703407e24
-6.012797583341082e24
-6.095899319442474e24
-6.179040650275431e24
-6.262208240047061e24
-6.345388674547417e24
-6.428568463490692e24
-6.511734042884428e24
-6.594871777426162e24
-6.677967962927221e24
-6.761008828763236e24
-6.84398054035096e24
-6.926869201651086e24
-7.009660857696408e24
-7.092341497145196e24
-7.174897054859124e24
-7.257313414505427e24
-7.339576411182781e24
-7.421671834070482e24
-7.503585429100443e24
-7.585302901651586e24
-7.666809919266006e24
-7.748092114386645e24
-7.829135087115795e24
-7.909924407994027e24
-7.990445620798985e24
-8.070684245363615e24
-8.150625780413174e24
-8.230255706420699e24
-8.309559488480116e24
-8.38852257919674e24
-8.467130421594467e24
-8.545368452039075e24
-8.623222103177227e24
-8.700676806890445e24
-8.77771799726355e24
-8.854331113567136e24
-8.93050160325313e24
-9.006214924963315e24
-9.081456551549836e24
-9.15621197310731e24
-9.230466700015883e24
-9.304206265994564e24
-9.377416231164299e24
-9.450082185120187e24
-9.522189750012053e24
-9.593724583632962e24
-9.66467238251491e24
-9.735018885031088e24
-9.804749874504037e24
-9.873851182319144e24
-9.942308691042763e24
-1.0010108337544222e25
-1.007723611612126e25
-1.0143678081628076e25
-1.0209420352605323e25
-1.0274449114411492e25
-1.033875062235489e25
-1.0402311204825596e25
-1.0465117266426736e25
-1.052715529110431e25
-1.0588411845274976e25
-1.0648873580951041e25
-1.070852723886206e25
-1.0767359651572158e25
-1.0825357746592635e25
-1.088250854948893e25
-1.0938799186981417e25
-1.099421689003916e25
-1.1048748996966098e25
-1.1102382956478866e25
-1.1155106330775504e25
-1.1206906798594419e25
-1.125777215826292e25
-1.130769033073448e25
-1.1356649362614174e25
-1.1404637429171466e25
-1.1451642837339637e25
-1.1497654028701322e25
-1.154265958245911e25
-1.1586648218390844e25
-1.162960879978867e25
-1.167153033638122e25
-1.1712401987238224e25
-1.1752213063656758e25
-1.1790953032028587e25
-1.1828611516687654e25
-1.1865178302737247e25
-1.1900643338855959e25
-1.193499674008184e25
-1.1968228790573991e25
-1.2000329946350918e25
-1.2031290838004907e25
-1.2061102273391802e25
-1.2089755240295373e25
-1.2117240909065737e25
-1.2143550635230956e25
-1.2168675962081284e25
-1.2192608623225281e25
-1.2215340545117162e25
-1.2236863849554684e25
-1.2257170856146857e25
-1.2276254084750901e25
-1.2294106257877685e25
-1.231072030306504e25
-1.232608935521825e25
-1.234020675891708e25
-1.2353066070688753e25
-1.2364661061246052e25
-1.237498571769015e25
-1.2384034245677272e25
-1.2391801071548772e25
-1.2398280844423896e25
-1.240346843825456e25
-1.2407358953841672e25
-1.2409947720812215e25
-1.2411230299556654e25
-1.2411202483125922e25
-1.240986029908749e25
-1.2407200011339872e25
-1.2403218121885028e25
-1.2397911372558088e25
-1.2391276746713752e25
-1.2383311470868962e25
-1.2374013016301118e25
-1.2363379100601435e25
-1.235140768918276e25
-1.233809699674151e25
-1.2323445488672991e25
-1.230745188243974e25
-1.229011514889232e25
-1.2271434513542082e25
-1.2251409457785397e25
-1.223003972007884e25
-1.2207325297064975e25
-1.2183266444648057e25
-1.2157863679019487e25
-1.2131117777632227e25
-1.21030297801241e25
-1.2073600989189245e25
-1.2042832971397428e25
-1.2010727557960913e25
-1.19772868454482e25
-1.1942513196444576e25
-1.1906409240158846e25
-1.1868977872975957e25
-1.1830222258955246e25
-1.1790145830273757e25
-1.174875228761453e25
-1.170604560049927e25
-1.1662030007565341e25
-1.1616710016786565e25
-1.1570090405637675e25
-1.1522176221201974e25
-1.147297278022213e25
-1.1422485669093729e25
-1.1370720743801223e25
-1.1317684129796296e25
-1.1263382221818176e25
-1.1207821683655808e25
-1.1151009447851611e25
-1.1092952715346668e25
-1.1033658955067222e25
-1.09731359034521e25
-1.0911391563921182e25
-1.084843420628449e25
-1.0784272366092088e25
-1.0718914843924269e25
-1.0652370704622352e25
-1.0584649276459522e25
-1.0515760150252213e25
-1.0445713178411316e25
-1.037451847393365e25
-1.0302186409333396e25
-1.0228727615513565e25
-1.0154152980577444e25
-1.0078473648579997e25
-1.0001701018219189e25
-9.923846741467495e24
-9.844922722143185e24
-9.764941114421909e24
-9.683914321288193e24
-9.601854992927368e24
-9.518776025057608e24
-9.434690557202354e24
-9.349611970903416e24
-9.263553887874492e24
-9.176530168095543e24
-9.088554907848017e24
-8.999642437691256e24
-8.909807320380012e24
-8.81906434872358e24
-8.727428543386315e24
-8.634915150630398e24
-8.541539640000352e24
-8.447317701950111e24
-8.352265245412628e24
-8.256398395312361e24
-8.159733490020995e24
-8.062287078756543e24
-7.964075918926258e24
-7.865116973413772e24
-7.765427407810521e24
-7.665024587592108e24
-7.563926075239722e24
-7.462149627307304e24
-7.359713191434448e24
-7.256634903305905e24
-7.152933083557546e24
-7.048626234630021e24
-6.943733037569615e24
-6.838272348777557e24
-6.732263196707797e24
-6.625724778513902e24
-6.51867645664562e24
-6.411137755395489e24
-6.303128357396057e24
-6.194668100068449e24
-6.085776972022538e24
-5.976475109409407e24
-5.866782792226816e24
-5.756720440578037e24
-5.646308610884841e24
-5.535567992055087e24
-5.424519401605831e24
-5.313183781742234e24
-5.201582195393129e24
-5.089735822203955e24
-4.977665954487596e24
-4.865393993133892e24
-4.7529414434785897e24
-4.6403299111321596e24
-4.527581097769796e24
-4.4147167968825575e24
-4.3017588894910914e24
-4.1887293398222194e24
-4.0756501909495027e24
-3.9625435603983165e24
-3.849431635716365e24
-3.736336670010329e24
-3.623280977449716e24
-3.5102869287383925e24
-3.3973769465548244e24
-3.2845735009619176e24
-3.171899104787197e24
-3.0593763089742305e24
-2.9470276979062796e24
-2.834875884702716e24
-2.722943506489778e24
-2.611253219645726e24
-2.4998276950219847e24
-2.3886896131408223e24
-2.277861659370706e24
-2.167366519080149e24
-2.057226872771047e24
-1.947465391192371e24
-1.8381047304355e24
-1.7291675270117156e24
-1.6206763929131192e24
-1.512653910657979e24
-1.4051226283213341e24
-1.2981050545520786e24
-1.1916236535772033e24
-1.0857008401947642e24
-9.80358974755969e23
-8.756203581378523e23
-7.715072267074339e23
-6.680417472783846e23
-5.6524601206131853e23
-4.631420336087344e23
-3.617517397555238e23
-2.610969685565674e23
-1.6119946322185807e23
-6.208086705073527e22
3.623728163392476e22
1.3373355455040637e23
2.303866385206679e23
3.2617534052951785e23
4.210785927795885e23
5.150754577404822e23
6.081451331916451e23
7.002669572573785e23
7.91420413433043e23
8.815851356013564e23
9.707409130376183e23
1.0588676954027238e24
1.1459455977230507e24
1.2319549053556279e24
1.3168760789380153e24
1.4006897593214325e24
1.483376772486035e24
1.564918134437342e24
1.645295056082523e24
1.724488948085545e24
1.8024814257000807e24
1.8792543135787078e24
1.9547896505578533e24
2.029069694416793e24
2.1020769266099592e24
2.1737940569711832e24
2.2442040283889496e24
2.3132900214513142e24
2.3810354590597112e24
2.4474240110099974e24
2.5124395985401836e24
2.5760663988433985e24
2.638288849545022e24
2.6990916531429905e24
2.7584597814099814e24
2.8163784797567003e24
2.872833271554631e24
2.927809962417811e24
2.981294644442048e24
3.033273700400651e24
3.083733807895735e24
3.1326619434637234e24
3.180045386634321e24
3.225871723941645e24
3.2701288528865e24
3.3128049858488996e24
3.3538886539495413e24
3.393368710859488e24
3.431234336556698e24
3.467475041028733e24
3.502080667920218e24
3.5350413981246126e24
3.566347753318496e24
3.595990599438279e24
3.6239611500976355e24
3.6502509699449994e24
3.6748519779602374e24
3.697756450689226e24
3.7189570254157534e24
3.7384467032695477e24
3.756218852269565e24
3.772267210301656e24
3.786585888029794e24
3.7991693717397146e24
3.810012526114262e24
3.8191105969396566e24
3.826459213741477e24
3.8320543923500397e24
3.8358925373936126e24
3.8379704447194315e24
3.838285303741117e24
3.8368346997118376e24
3.8336166159226946e24
3.8286294358250387e24
3.821871945076623e24
3.8133433335099983e24
3.803043197023364e24
3.79097153939226e24
3.77712877400211e24
3.761515725500428e24
3.7441336313681517e24
3.7249841434096993e24
3.7040693291605857e24
3.6813916732124905e24
3.656954078454665e24
3.630759867231609e24
3.602812782415802e24
3.5731169883955736e24
3.541677071977001e24
3.50849804319951e24
3.4735853360649345e24
3.4369448091787994e24
3.398582746304273e24
3.358505856827372e24
3.316721276133797e24
3.2732365658963166e24
3.2280597142725374e24
3.18119913601288e24
3.1326636724777916e24
3.082462591564504e24
3.0306055875423126e24
2.9771027807967427e24
2.9219647174815033e24
2.8652023690787683e24
2.806827131866773e24
2.746850826294776e24
2.685285696265473e24
2.622144408323768e24
2.557440050752814e24
2.491186132575997e24
2.423396582465784e24
2.3540857475582556e24
2.2832683921741495e24
2.2109596964455742e24
2.1371752548485704e24
2.0619310746417704e24
1.985243574210363e24
1.907129581316251e24
1.8276063312534448e24
1.7466914649096178e24
1.6644030267331348e24
1.5807594626058597e24
1.4957796176221675e24
1.4094827337734578e24
1.3218884475392538e24
1.2330167873840162e24
1.142888171160847e24
1.0515234034212041e24
9.589436726318813e23
8.651705482986066e23
7.702259779968256e23
6.74132284310301e23
5.7691216167692635e23
4.7858867314313075e23
3.791852470260778e23
2.7872567348513834e23
1.772341010018361e23
7.473503276979888e22
-2.8746677005823374e22
-1.3318582689865733e23
-2.3855687214031963e23
-3.44833928589001e23
-4.519907767857758e23
-5.600008660993417e23
-6.688373189574658e23
-7.78472935165564e23
-8.888801963114349e23
-1.000031270255211e24
-1.1118980157048255e24
-1.224451986875212e24
-1.3376644382318092e24
-1.451506329316428e24
-1.5659483296560845e24
-1.6809608237528348e24
-1.7965139161548596e24
-1.91257743660768e24
-2.0291209452842938e24
-2.146113738094481e24
-2.263524852071167e24
-2.381323070834346e24
-2.499476930130402e24
-2.61795472344723e24
-2.736724507703048e24
-2.8557541090089573e24
-2.975011128503965e24
-3.0944629482610534e24
-3.214076737264401e24
-3.3338194574554715e24
-3.453657869848256e24
-3.573558540711448e24
-3.6934878478174165e24
-3.813411986756627e24
-3.933296977315937e24
-4.053108669920713e24
-4.1728127521384147e24
-4.292374755243791e24
-4.411760060843206e24
-4.530933907558349e24
-4.649861397766694e24
-4.768507504398705e24
-4.886837077790058e24
-5.004814852587269e24
-5.122405454706489e24
-5.239573408342956e24
-5.356283143031095e24
-5.472499000752682e24
-5.588185243093077e24
-5.703306058442895e24
-5.817825569244812e24
-5.931707839283774e24
-6.044916881018762e24
-6.157416662955781e24
-6.26917111705943e24
-6.380144146202896e24
-6.490299631653744e24
-6.599601440594954e24
-6.708013433679544e24
-6.815499472616712e24
-6.92202342778913e24
-7.027549185898649e24
-7.132040657640127e24
-7.235461785400714e24
-7.337776550984192e24
-7.438948983357696e24
-7.538943166420238e24
-7.637723246791088e24
-7.735253441616019e24
-7.831498046390817e24
-7.926421442799355e24
-8.019988106565726e24
-8.112162615317676e24
-8.202909656460984e24
-8.292194035061871e24
-8.379980681736884e24
-8.466234660548175e24
-8.550921176902053e24
-8.63400558545038e24
-8.715453397991611e24
-8.795230291371334e24
-8.873302115379281e24
-8.949634900642145e24
-9.024194866510153e24
-9.096948428935279e24
-9.167862208340323e24
-9.236903037476215e24
-9.304037969266647e24
-9.369234284637506e24
-9.432459500330384e24
-9.493681376697311e24
-9.55286792547608e24
-9.609987417543857e24
-9.66500839064707e24
-9.717899657106984e24
-9.768630311497702e24
-9.817169738296378e24
-9.863487619502582e24
-9.90755394222635e24
-9.949339006241992e24
-9.988813431506906e24
-1.0025948165643162e25
-1.006071449138018e25
-1.009308403395708e25
-1.012302876848244e25
-1.0150521027250475e25
-1.017553350701114e25
-1.0198039276193148e25
-1.0218011782077754e25
-1.0235424857921717e25
-1.0250252730027946e25
-1.0262470024761627e25
-1.0272051775510953e25
-1.0278973429589792e25
-1.0283210855081632e25
-1.0284740347622257e25
-1.0283538637119943e25
-1.0279582894411823e25
-1.0272850737853773e25
-1.026332023984342e25
-1.025096993327351e25
-1.0235778817915016e25
-1.0217726366727435e25
-1.0196792532095627e25
-1.017295775199045e25
-1.0146202956052971e25
-1.0116509571599562e25
-1.0083859529546646e25
-1.0048235270253953e25
-1.0009619749284065e25
-9.967996443077404e24
-9.92334935454053e24
-9.875663018546517e24
-9.824922507346396e24
-9.771113435889024e24
-9.714221967049203e24
-9.654234816761562e24
-9.59113925905962e24
-9.524923131017803e24
-9.455574837595848e24
-9.383083356383186e24
-9.307438242243197e24
-9.228629631854845e24
-9.146648248150812e24
-9.061485404651083e24
-8.973133009690019e24
-8.881583570536403e24
-8.786830197404454e24
-8.68886660735498e24
-8.58768712808557e24
-8.483286701608059e24
-8.37566088781265e24
-8.264805867917072e24
-8.150718447800017e24
-8.033396061217351e24
-7.912836772900133e24
-7.789039281533635e24
-7.662002922615706e24
-7.531727671193824e24
-7.398214144479895e24
-7.261463604341371e24
-7.121477959668199e24
-6.978259768614112e24
-6.831812240711911e24
-6.682139238861292e24
-6.529245281188474e24
-6.373135542777242e24
-6.213815857269728e24
-6.051292718336647e24
-5.885573281016159e24
-5.716665362920461e24
-5.544577445309345e24
-5.369318674030229e24
-5.190898860323353e24
-5.009328481492695e24
-4.824618681440406e24
-4.63678127106533e24
-4.445828728524558e24
-4.2517741993574155e24
-4.054631496471556e24
-3.854415099990497e24
-3.6511401569618967e24
-3.4448224809269793e24
-3.2354785513494747e24
-3.0231255129045204e24
-2.807781174626928e24
-2.589464008918408e24
-2.368193150413549e24
-2.1439883947038818e24
-1.9168701969207498e24
-1.6868596701754457e24
-1.453978583857378e24
-1.218249361789747e24
-9.796950802426166e23
-7.383394658033065e23
-4.9420689310407485e23
-2.4732238240657992e23
2.288402955720326e21
2.545991592787992e23
5.095829453316671e23
7.672121853428415e23
1.0274586721293875e24
1.2902935703685027e24
1.5556874200113344e24
1.823610139839341e24
2.0940310311618066e24
2.3669187816557793e24
2.642241469347047e24
2.919966566732223e24
3.2000609450415804e24
3.482490878642231e24
3.7672220495811736e24
4.0542195522682337e24
4.343447898297257e24
4.634871021406608e24
4.928452282577317e24
5.224154475268707e24
5.521939830790896e24
5.821770023813508e24
6.123606178009891e24
6.427408871836612e24
6.733138144446296e24
7.040753501734729e24
7.35021392252017e24
7.661477864854594e24
7.974503272465907e24
8.289247581330291e24
8.605667726373739e24
8.923720148302174e24
9.243360800558231e24
9.564545156405037e24
9.88722821613505e24
1.02113645144031e25
1.0536908127682748e25
1.0863812681844517e25
1.1192031359855548e25
1.152151690959815e25
1.1852221651807727e25
1.2184097488127676e25
1.2517095909280353e25
1.285116800335292e25
1.3186264464196567e25
1.3522335599937865e25
1.3859331341601211e25
1.419720125183982e25
1.4535894533775518e25
1.4875360039944458e25
1.5215546281348074e25
1.555640143660733e25
1.5897873361219058e25
1.6239909596912395e25
1.6582457381104616e25
1.6925463656453139e25
1.7268875080503905e25
1.7612638035433254e25
1.7956698637881858e25
1.8301002748879305e25
1.864549598385714e25
1.899012372274889e25
1.9334831120175503e25
1.9679563115713237e25
2.0024264444243985e25
2.036887964638451e25
2.071335307899367e25
2.105762892575524e25
2.14016512078347e25
2.1745363794607736e25
2.208871041445906e25
2.243163466564827e25
2.2774080027242495e25
2.311598987011236e25
2.3457307467989736e25
2.379797600858537e25
2.4137938604763717e25
2.447713830577388e25
2.4815518108532816e25
2.5153020968960634e25
2.5489589813364345e25
2.582516754986854e25
2.6159697079890488e25
2.649312130965757e25
2.6825383161764797e25
2.715642558677025e25
2.7486191574825587e25
2.781462416734019e25
2.814166646867596e25
2.8467261657870885e25
2.8791353000388556e25
2.9113883859891756e25
2.9434797710037337e25
2.97540381462907e25
3.0071548897756184e25
3.0387273839022463e25
3.0701157002019588e25
3.101314258788549e25
3.132317497883952e25
3.1631198750060574e25
3.1937158681567314e25
3.22409997700983e25
3.2542667240988787e25
3.2842106560042614e25
3.3139263445396275e25
3.3434083879372605e25
3.372651412032167e25
3.4016500714446317e25
3.4303990507610025e25
3.4588930657124444e25
3.4871268643513734e25
3.515095228225388e25
3.5427929735483915e25
3.5702149523686703e25
3.597356053733665e25
3.6242112048511963e25
3.650775372246888e25
3.6770435629174996e25
3.7030108254799652e25
3.728672251315862e25
3.754022975711039e25
3.7790581789901793e25
3.8037730876460145e25
3.828162975462966e25
3.8522231646349483e25
3.875949026877052e25
3.899335984530911e25
3.92237951166346e25
3.945075135158839e25
3.9674184358032065e25
3.989405049362189e25
4.011030667650737e25
4.0322910395951445e25
4.0531819722869365e25
4.073699332028436e25
4.093839045369754e25
4.113597100136888e25
4.13296954645081e25
4.151952497737167e25
4.170542131726446e25
4.1887346914443345e25
4.2065264861920005e25
4.223913892516125e25
4.240893355168375e25
4.257461388054144e25
4.273614575170277e25
4.289349571531578e25
4.304663104085846e25
4.319551972617248e25
4.334013050637738e25
4.348043286266355e25
4.361639703096154e25
4.3747994010485275e25
4.38751955721473e25
4.399797426684374e25
4.411630343360639e25
4.423015720762084e25
4.4339510528107165e25
4.444433914606205e25
4.454461963185998e25
4.464032938271127e25
4.473144662997505e25
4.4817950446325175e25
4.489982075276713e25
4.497703832550364e25
4.504958480264759e25
4.511744269077967e25
4.518059537134953e25
4.523902710691802e25
4.529272304723909e25
4.534166923517904e25
4.538585261247207e25
4.5425261025309566e25
4.545988322976194e25
4.548970889703118e25
4.551472861853229e25
4.5534933910802255e25
4.555031722023457e25
4.556087192763821e25
4.556659235261908e25
4.556747375778241e25
4.556351235275525e25
4.555470529802658e25
4.55410507086048e25
4.552254765748995e25
4.549919617896058e25
4.547099727167281e25
4.543795290157115e25
4.540006600460948e25
4.535734048928075e25
4.530978123895484e25
4.52573941140227e25
4.520018595384646e25
4.513816457851355e25
4.507133879039478e25
4.499971837550433e25
4.492331410466191e25
4.484213773445491e25
4.475620200800051e25
4.466552065550693e25
4.457010839463214e25
4.446998093064067e25
4.436515495635614e25
4.425564815191066e25
4.414147918428875e25
4.402266770666625e25
4.389923435754343e25
4.37712007596714e25
4.3638589518772165e25
4.350142422205071e25
4.335972943649998e25
4.321353070699736e25
4.306285455419325e25
4.2907728472190525e25
4.274818092601544e25
4.258424134887949e25
4.241594013923196e25
4.224330865760346e25
4.206637922323961e25
4.18851851105263e25
4.16997605452046e25
4.151014070037731e25
4.131636169230602e25
4.111846057599912e25
4.091647534059153e25
4.071044490451562e25
4.050040911046398e25
4.028640872014458e25
4.006848540882838e25
3.984668175968992e25
3.9621041257941295e25
3.939160828476041e25
3.915842811101347e25
3.892154689077303e25
3.868101165463117e25
3.843687030281034e25
3.8189171598070124e25
3.793796515841333e25
3.768330144958996e25
3.7425231777401562e25
3.716380827980612e25
3.6899083918824442e25
3.663111247224943e25
3.6359948525159e25
3.608564746123392e25
3.5808265453881286e25
3.552785945716563e25
3.5244487196548155e25
3.495820715943553e25
3.46690785855399e25
3.4377161457051163e25
3.408251648862315e25
3.3785205117174527e25
3.3485289491507117e25
3.31828324617419e25
3.2877897568574908e25
3.2570549032355055e25
3.226085174198404e25
3.194887124364252e25
3.163467372934138e25
3.13183260253024e25
3.0999895580168474e25
3.0679450453046273e25
3.035705930138277e25
3.0032791368677463e25
2.9706716472032804e25
2.937890498954457e25
2.9049427847534207e25
2.8718356507625076e25
2.8385762953665582e25
2.8051719678500035e25
2.771629967059103e25
2.7379576400494374e25
2.7041623807188912e25
2.6702516284265326e25
2.6362328665973417e25
2.602113621313299e25
2.5679014598908883e25
2.5336039894454077e25
2.4992288554422162e25
2.4647837402352588e25
2.4302763615930833e25
2.3957144712126662e25
2.361105853221248e25
2.326458322666457e25
2.2917797239950806e25
2.257077929520615e25
2.2223608378800386e25
2.1876363724799163e25
2.1529124799322936e25
2.118197128480553e25
2.0834983064155255e25
2.0488240204822636e25
2.014182294277607e25
1.9795811666390167e25
1.945028690024828e25
1.9105329288863111e25
1.8761019580318928e25
1.8417438609836918e25
1.8074667283268683e25
1.7732786560519562e25
1.7391877438906126e25
1.7052020936450003e25
1.6713298075112353e25
1.6375789863970944e25
1.6039577282344784e25
1.5704741262868085e25
1.5371362674517567e25
1.5039522305596635e25
1.4709300846679232e25
1.4380778873517437e25
1.405403682991555e25
1.3729155010574295e25
1.3406213543909348e25
1.3085292374846037e25
1.2766471247595374e25
1.2449829688413647e25
1.2135446988350001e25
1.1823402185984765e25
1.15137740501627e25
1.1206641062723944e25
1.0902081401237343e25
1.0600172921738553e25
1.0300993141477058e25
1.0004619221675861e25
9.71112795030693e24
9.42059572488652e24
9.133098535293622e24
8.848711946615046e24
8.567511082021671e24
8.289570605677997e24
8.014964705689963e24
7.743767077093926e24
7.476050904890759e24
7.211888847128584e24
6.951353018037561e24
6.69451497122123e24
6.441445682906804e24
6.192215535258992e24
5.946894299760671e24
5.705551120664017e24
5.468254498515862e24
5.235072273760797e24
5.006071610425406e24
4.7813189798882196e24
4.560880144737583e24
4.344820142722155e24
4.1332032707971676e24
3.9260930692701797e24
3.723552306049812e24
3.5256429610012014e24
3.3324262104112546e24
3.143962411568327e24
2.9603110874584547e24
2.781530911582759e24
2.6076796928990977e24
2.43881436089139e24
2.2749909507704309e24
2.1162645888093158e24
1.962689477816948e24
1.8143188827535793e24
1.671205116491042e24
1.533399525721472e24
1.4009524770179348e24
1.2739133430503003e24
1.1523304889593284e24
1.0362512588930177e24
9.257219627073745e23
8.207878628365038e23
7.214931613333529e23
6.278809870858394e23
5.399933832108902e23
4.578712946294428e23
3.815545558261185e23
3.110818787956833e23
2.4649084118090987e23
1.8781787460299565e23
1.3509825318928426e23
8.836608229999864e22
4.765428745771689e22
1.299460348238386e22
-1.5582436165850786e22
-3.80475098321525e22
-5.437251789889545e22
-6.453059280046379e22
-6.849610881907939e22
-6.624469165779162e22
-5.7753227789154426e22
-4.299987357605111e22
-2.196406416229055e22
5.373477868785923e21
3.903073407199826e22
7.902438195447917e22
1.2536978703099501e23
1.7808099512088974e23
2.3717072489040625e23
3.026503606422126e23
3.745299453537581e23
4.5281817396802855e23
5.3752238693743616e23
6.286485640243241e23
7.262013183586742e23
8.301838907568358e23
9.405981443013498e23
1.057444559185422e24
1.1807222278232814e24
1.3104288502275235e24
1.4465607296571587e24
1.589112768535679e24
1.7380784646432317e24
1.8934499075823014e24
2.055217775520723e24
2.2233713322113e24
2.397898424291456e24
2.578785478863408e24
2.766017501355818e24
2.9595780736697614e24
3.1594493526082047e24
3.3656120685925423e24
3.5780455246649813e24
3.796727595779833e24
4.021634728383981e24
4.252741940286722e24
4.490022820821927e24
4.7334495313008455e24
4.982992805759114e24
5.238621951995918e24
5.500304852908877e24
5.768007968122513e24
6.041696335913131e24
6.321333575429801e24
6.606881889210887e24
6.898302065998984e24
7.195553483851564e24
7.498594113550814e24
7.807380522309677e24
8.121867877777523e24
8.442009952342377e24
8.767759127732318e24
9.099066399915049e24
9.435881384294473e24
9.778152321206797e24
1.0125826081712663e25
1.047884817368848e25
1.0837162748213299e25
1.1200712606253599e25
1.1569439205644298e25
1.194328266836465e25
1.2322181788110917e25
1.2706074038162005e25
1.3094895579540778e25
1.3488581269466744e25
1.3887064670102937e25
1.4290278057592605e25
1.4698152431387494e25
1.5110617523865766e25
1.552760181023715e25
1.594903251873722e25
1.6374835641105876e25
1.6804935943352674e25
1.7239256976803798e25
1.7677721089433057e25
1.8120249437471872e25
1.856676199729971e25
1.9017177577612246e25
1.9471413831864133e25
1.9929387270988248e25
2.0391013276385255e25
2.0856206113186284e25
2.132487894378222e25
2.1796943841621618e25
2.2272311805273367e25
2.275089277275101e25
2.3232595636099924e25
2.371732825624089e25
2.420499747807226e25
2.4695509145824025e25
2.518876811866584e25
2.5684678286562233e25
2.6183142586376172e25
2.66840630182168e25
2.7187340662027694e25
2.769287569441608e25
2.820056740571644e25
2.871031421728984e25
2.9222013699051807e25
2.973556258723044e25
3.025085680234751e25
3.076779146742283e25
3.128626092639781e25
3.1806158762773265e25
3.232737781846234e25
3.2849810212850668e25
3.337334736206506e25
3.3897879998443108e25
3.442329819020383e25
3.494949136131477e25
3.5476348311550157e25
3.6003757236740813e25
3.653160574920737e25
3.705978089837796e25
3.7588169191582e25
3.811665661502136e25
3.864512865490999e25
3.917347031878282e25
3.970156615696758e25
4.022930028421484e25
4.0756556401486215e25
4.1283217817891375e25
4.1809167472775365e25
4.233428795794706e25
4.2858461540049544e25
4.338157018306342e25
4.390349557094317e25
4.442411913038009e25
4.494332205368667e25
4.546098532180162e25
4.597698972740645e25
4.649121589815446e25
4.700354432000245e25
4.7513855360645175e25
4.802202929304602e25
4.852794631905807e25
4.903148659313506e25
4.953253024612256e25
5.003095740912972e25
5.052664823747246e25
5.101948293468792e25
5.150934177661088e25
5.19961051355113e25
5.2479653504286635e25
5.2959867520702844e25
5.3436627991682916e25
5.390981591763335e25
5.4379312516808825e25
5.484499924970533e25
5.530675784348138e25
5.576447031639832e25
5.621801900227816e25
5.6667286574972515e25
5.711215607283647e25
5.755251092320595e25
5.798823496686892e25
5.8419212482530675e25
5.884532821126266e25
5.926646738093479e25
5.968251573062342e25
6.009335953498974e25
6.0498885628626135e25
6.089898143036169e25
6.129353496752596e25
6.168243490016175e25
6.206557054518578e25
6.244283190048887e25
6.281410966897231e25
6.317929528251637e25
6.353828092587194e25
6.389095956047559e25
6.423722494817776e25
6.45769716748837e25
6.4910095174097536e25
6.523649175036923e25
6.555605860263425e25
6.586869384744549e25
6.617429654209013e25
6.647276670758508e25
6.676400535155017e25
6.704791449094887e25
6.732439717469667e25
6.7593357506127475e25
6.785470066531627e25
6.81083329312527e25
6.835416170385816e25
6.859209552584513e25
6.882204410441032e25
6.904391833276029e25
6.925763031146067e25
6.9463093369608505e25
6.96602220858184e25
6.98489323090219e25
7.002914117907271e25
7.020076714715269e25
7.0363729995976835e25
7.051795085978854e25
7.0663352244144565e25
7.079985804548103e25
7.092739357046008e25
7.104588555508821e25
7.1155262183605914e25
7.125545310714069e25
7.134638946212151e25
7.14280038884491e25
7.150023054741672e25
7.15630051393801e25
7.161626492116832e25
7.1659948723234596e25
7.16939969665416e25
7.17183516791756e25
7.173295651268859e25
7.173775675816069e25
7.1732699361981835e25
7.171773294134609e25
7.16928077994574e25
7.165787594043988e25
7.161289108395143e25
7.155780867949452e25
7.1492585920423255e25
7.141718175764e25
7.133155691297894e25
7.123567389227491e25
7.1129496998110125e25
7.101299234223965e25
7.088612785768803e25
7.0748873310516926e25
7.060120031125905e25
7.044308232601423e25
7.027449468720685e25
7.009541460399881e25
6.990582117235721e25
6.970569538477177e25
6.949502013962094e25
6.927378025018123e25
6.904196245328109e25
6.879955541759178e25
6.854654975155516e25
6.828293801094638e25
6.800871470606666e25
6.772387630856579e25
6.7428421257890505e25
6.712234996735683e25
6.680566482984496e25
6.647837022311235e25
6.6140472514725425e25
6.579198006660566e25
6.54329032391897e25
6.506325439520035e25
6.468304790302631e25
6.429230013971217e25
6.389102949355152e25
6.3479256366286315e25
6.3057003174907835e25
6.262429435306042e25
6.218115635204345e25
6.172761764141378e25
6.126370870918402e25
6.078946206161783e25
6.030491222262055e25
5.981009573272322e25
5.9305051147660595e25
5.878981903654073e25
5.826444197960717e25
5.772896456559142e25
5.718343338865451e25
5.662789704492204e25
5.6062406128604555e25
5.54870132277092e25
5.490177291933927e25
5.4306741764582985e25
5.370197830298986e25
5.308754304663644e25
5.246349847377967e25
5.182990902209977e25
5.118684108153108e25
5.053436298668284e25
4.987254500884933e25
4.920145934760988e25
4.852118012201998e25
4.783178336139372e25
4.713334699567626e25
4.6425950845413775e25
4.570967661131251e25
4.498460786339509e25
4.425083002975203e25
4.350843038489061e25
4.275749803768164e25
4.199812391890649e25
4.123040076840453e25
4.045442312182375e25
3.967028729697518e25
3.887809137979336e25
3.807793520990457e25
3.726992036580416e25
3.645415014964649e25
3.5630729571644906e25
3.4799765334093315e25
3.396136581499973e25
3.311564105134279e25
3.22627027219499e25
3.1402664130000464e25
3.0535640185156317e25
2.966174738532213e25
2.878110379803864e25
2.789382904151125e25
2.700004426527676e25
2.6099872130511577e25
2.5193436789984112e25
2.4280863867654437e25
2.336228043792467e25
2.243781500454359e25
2.150759747916548e25
2.0571759159575527e25
1.963043270757323e25
1.8683752126526627e25
1.7731852738596887e25
1.6774871161638308e25
1.5812945285776921e25
1.4846214249671717e25
1.3874818416462947e25
1.2898899349410676e25
1.1918599787228404e25
1.0934063619115697e25
9.94543585949406e24
8.952862622450177e24
7.956491095892134e24
6.956469515418698e24
5.952947137915883e24
4.946074214872921e24
3.936001965431577e24
2.92288254916993e24
1.906869038625892e24
8.881153915654922e23
-1.3322357699912871e23
-1.1569922230372998e24
-2.1830341019672668e24
-3.2111919973592526e24
-4.241307949868006e24
-5.273223286390423e24
-6.306778649442226e24
-7.341814026748828e24
-8.378168781044022e24
-9.415681680074872e24
-1.0454190926798038e25
-1.1493534189773973e25
-1.2533548633744435e25
-1.3574070950391162e25
-1.4614937389269308e25
-1.5655983788909803e25
-1.669704560808489e25
-1.7737957957230771e25
-1.8778555630021624e25
-1.981867313508866e25
-2.0858144727878446e25
-2.1896804442644337e25
-2.29344861245647e25
-2.3971023461982046e25
-2.500625001875599e25
-2.6039999266727406e25
-2.7072104618278647e25
-2.8102399458995243e25
-2.9130717180413975e25
-3.0156891212854266e25
-3.118075505832584e25
-3.220214232350652e25
-3.322088675278304e25
-3.423682226134911e25
-3.5249782968353296e25
-3.6259603230090863e25
-3.7266117673232537e25
-3.8269161228083533e25
-3.926856916186659e25
-4.026417711202102e25
-4.125582111951523e25
-4.224333766215687e25
-4.322656368790563e25
-4.420533664817295e25
-4.517949453110587e25
-4.614887589484691e25
-4.711331990076381e25
-4.807266634664183e25
-4.902675569983218e25
-4.997542913034924e25
-5.091852854391019e25
-5.185589661490997e25
-5.278737681932448e25
-5.371281346753575e25
-5.463205173707135e25
-5.554493770525154e25
-5.64513183817398e25
-5.735104174098214e25
-5.824395675453908e25
-5.9129913423295e25
-6.000876280954203e25
-6.088035706892985e25
-6.174454948227608e25
-6.2601194487228935e25
-6.345014770977648e25
-6.4291265995594874e25
-6.51244074412294e25
-6.594943142510124e25
-6.676619863833279e25
-6.7574571115385994e25
-6.837441226450551e25
-6.916558689796075e25
-6.9947961262081995e25
-7.072140306707765e25
-7.148578151663505e25
-7.2240967337290914e25
-7.298683280756849e25
-7.372325178687321e25
-7.445009974414197e25
-7.516725378623739e25
-7.587459268608335e25
-7.657199691053224e25
-7.72593486479608e25
-7.793653183558555e25
-7.860343218649282e25
-7.925993721637779e25
-7.990593626998365e25
-8.054132054724012e25
-8.116598312908612e25
-8.177981900298167e25
-8.238272508809402e25
-8.297460026015693e25
-8.355534537599504e25
-8.412486329770824e25
-8.468305891651078e25
-8.52298391762174e25
-8.576511309637387e25
-8.62887917950228e25
-8.680078851110247e25
-8.730101862647041e25
-8.778939968754792e25
-8.826585142658015e25
-8.873029578250458e25
-8.918265692142693e25
-8.962286125669184e25
-9.005083746855218e25
-9.046651652342487e25
-9.086983169273218e25
-9.12607185713216e25
-9.16391150954599e25
-9.200496156039819e25
-9.235820063750006e25
-9.269877739093195e25
-9.302663929390752e25
-9.334173624448542e25
-9.364402058091185e25
-9.393344709650776e25
-9.420997305409348e25
-9.44735581999473e25
-9.472416477729685e25
-9.496175753933241e25
-9.518630376174749e25
-9.53977732547946e25
-9.559613837485814e25
-9.578137403553762e25
-9.595345771823866e25
-9.611236948226962e25
-9.625809197443756e25
-9.639061043814409e25
-9.650991272197405e25
-9.661598928777753e25
-9.670883321823911e25
-9.678844022393418e25
-9.685480864986792e25
-9.690793948149451e25
-9.694783635021455e25
-9.697450553834713e25
-9.698795598357701e25
-9.698819928286946e25
-9.697524969585689e25
-9.694912414768955e25
-9.690984223135262e25
-9.685742620944532e25
-9.67919010154203e25
-9.67132942542845e25
-9.662163620275545e25
-9.6516959808876e25
-9.63993006910826e25
-9.6268697136729e25
-9.612519010006136e25
-9.596882319964587e25
-9.57996427152477e25
-9.561769758415868e25
-9.542303939697661e25
-9.521572239283098e25
-9.499580345405975e25
-9.476334210033208e25
-9.451840048222062e25
-9.426104337422082e25
-9.399133816721775e25
-9.37093548604024e25
-9.341516605263403e25
-9.31088469332533e25
-9.27904752723422e25
-9.24601314104357e25
-9.211789824768153e25
-9.17638612324529e25
-9.139810834941233e25
-9.102073010702747e25
-9.06318195245436e25
-9.023147211840863e25
-8.981978588815744e25
-8.939686130175202e25
-8.896280128038397e25
-8.851771118273648e25
-8.80616987887105e25
-8.75948742826169e25
-8.71173502358345e25
-8.662924158893948e25
-8.61306656333048e25
-8.562174199217573e25
-8.51025926012197e25
-8.457334168855863e25
-8.403411575428114e25
-8.348504354943935e25
-8.292625605453622e25
-8.235788645750077e25
-8.178007013116032e25
-8.119294461020744e25
-8.05966495676709e25
-7.99913267908875e25
-7.937712015698556e25
-7.87541756078776e25
-7.812264112476917e25
-7.748266670218879e25
-7.683440432153892e25
-7.617800792417801e25
-7.551363338403065e25
-7.484143847973872e25
-7.416158286635019e25
-7.347422804655412e25
-7.277953734146777e25
-7.207767586097595e25
-7.13688104736336e25
-7.065310977613e25
-6.993074406232634e25
-6.920188529186582e25
-6.846670705836688e25
-6.772538455720088e25
-6.6978094552861095e25
-6.622501534593128e25
-6.546632673965396e25
-6.470221000610985e25
-6.393284785201056e25
-6.315842438411329e25
-6.237912507425963e25
-6.159513672405035e25
-6.080664742915722e25
-6.001384654328022e25
-5.921692464175865e25
-5.841607348483777e25
-5.761148598060358e25
-5.680335614758639e25
-5.599187907704564e25
-5.517725089493815e25
-5.4359668723579205e25
-5.353933064300418e25
-5.271643565203475e25
-5.189118362906044e25
-5.106377529254005e25
-5.023441216123279e25
-4.940329651416244e25
-4.857063135032816e25
-4.7736620348163415e25
-4.6901467824753775e25
-4.6065378694822485e25
-4.52285584294871e25
-4.439121301480076e25
-4.355354891008013e25
-4.27157730060337e25
-4.187809258269288e25
-4.104071526715932e25
-4.020384899117215e25
-3.9367701948505615e25
-3.853248255220534e25
-3.769839939167089e25
-3.686566118959364e25
-3.603447675875626e25
-3.5205054958706573e25
-3.437760465230943e25
-3.3552334662188002e25
-3.2729453727063496e25
-3.190917045799904e25
-3.1091693294560356e25
-3.0277230460897656e25
-2.9465989921762077e25
-2.8658179338460487e25
-2.7854006024762846e25
-2.705367690276637e25
-2.6257398458726434e25
-2.5465376698867655e25
-2.467781710517593e25
-2.389492459118824e25
-2.311690345778331e25
-2.234395734898696e25
-2.1576289207797303e25
-2.0814101232040515e25
-2.0057594830267685e25
-1.9306970577697878e25
-1.8562428172221716e25
-1.782416639046911e25
-1.709238304395555e25
-1.6367274935311127e25
-1.5649037814605943e25
-1.4937866335777745e25
-1.423395401317113e25
-1.353749317820178e25
-1.284867493614743e25
-1.2167689123082103e25
-1.149472426295692e25
-1.0829967524841355e25
-1.017360468032983e25
-9.525820061126368e24
-8.886796516813808e24
-8.256715372817544e24
-7.635756388574098e24
-7.024097715910566e24
-6.421915857647787e24
-5.829385626432351e24
-5.246680103809904e24
-4.6739705995462803e24
-4.111426611205262e24
-3.559215783995624e24
-3.0175038708901124e24
-2.4864546930312145e24
-1.9662301004278547e24
-1.4569899329555288e24
-9.588919816651576e23
-4.720919504124637e23
3.256582185955522e21
4.6700220046023246e23
9.189956890491945e23
1.359090069910334e24
1.7871406389667396e24
2.2030050023851894e24
2.6065431124745095e24
2.997617303198989e24
3.3760923252945786e24
3.7418353809840056e24
4.094716158280039e24
4.434606864869081e24
4.7613822615685497e24
5.074919695348178e24
5.375099131909454e24
5.661803187813513e24
5.93491716215127e24
6.194329067747616e24
6.439929661891602e24
6.671612476586461e24
6.889273848310536e24
7.092812947283313e24
7.282131806227946e24
7.457135348624579e24
7.61773141644575e24
7.763830797368587e24
7.895347251455929e24
8.012197537299587e24
8.114301437619715e24
8.201581784312893e24
8.273964482943137e24
8.331378536668862e24
8.373756069599964e24
8.401032349578435e24
8.413145810376705e24
8.410038073307532e24
8.391653968239622e24
8.357941554013186e24
8.308852138249758e24
8.244340296550686e24
8.16436389107892e24
8.068884088518584e24
7.957865377407215e24
7.831275584835672e24
7.689085892510301e24
7.531270852173135e24
7.357808400374492e24
7.168679872594289e24
6.963870016706651e24
6.74336700578414e24
6.507162450236807e24
6.255251409282036e24
5.987632401741608e24
5.704307416161211e24
5.405281920249278e24
5.090564869631554e24
4.7601687159175017e24
4.414109414074939e24
4.052406429110753e24
3.6750827420532787e24
3.2821648552338967e24
2.8736827968656797e24
2.4496701249146707e24
2.0101639302634567e24
1.5552048391621219e24
1.0848370149668005e24
5.99108159161566e23
9.80695116624708e22
-4.182241495972383e23
-9.497145098045144e23
-1.496339719126356e24
-2.0580343952940247e24
-2.634729626913164e24
-3.226352977501678e24
-3.832828490254256e24
-4.454076693536835e24
-5.090014607110707e24
-5.740555749085748e24
-6.405610143605917e24
-7.085084329263851e24
-7.778881368248554e24
-8.486900856222066e24
-9.209038932929164e24
-9.945188293535677e24
-1.0695238200698095e25
-1.1459074497363898e25
-1.2236579620297066e25
-1.302763261433581e25
-1.383210914737383e25
-1.4649881526069742e25
-1.5480818712278636e25
-1.6324786340207904e25
-1.7181646734294313e25
-1.80512589277988e25
-1.8933478682120941e25
-1.9828158506827254e25
-2.0735147680391793e25
-2.165429227165041e25
-2.2585435161959845e25
-2.352841606806431e25
-2.4483071565662176e25
-2.5449235113676957e25
-2.642673707921899e25
-2.74154047632428e25
-2.841506242689585e25
-2.942553131855025e25
-3.0446629701518685e25
-3.1478172882446563e25
-3.251997324038233e25
-3.3571840256514523e25
-3.4633580544574494e25
-3.57049978819042e25
-3.6785893241176453e25
-3.7876064822769826e25
-3.8975308087788134e25
-4.008341579172552e25
-4.120017801876495e25
-4.2325382216709095e25
-4.345881323253824e25
-4.460025334858706e25
-4.574948231933733e25
-4.690627740881664e25
-4.807041342860407e25
-4.924166277642836e25
-5.041979547535826e25
-5.160457921357432e25
-5.279577938472184e25
-5.399315912883067e25
-5.519647937379783e25
-5.640549887743155e25
-5.761997427003933e25
-5.883966009756141e25
-6.006430886523721e25
-6.129367108180115e25
-6.252749530419665e25
-6.376552818280088e25
-6.500751450715801e25
-6.625319725220381e25
-6.750231762498123e25
-6.875461511183282e25
-7.000982752606959e25
-7.126769105609803e25
-7.252794031400211e25
-7.379030838457512e25
-7.505452687478364e25
-7.6320325963662235e25
-7.758743445262464e25
-7.885557981618916e25
-8.012448825310127e25
-8.139388473784772e25
-8.266349307255245e25
-8.393303593924833e25
-8.520223495250751e25
-8.647081071242453e25
-8.773848285794771e25
-8.9004970120538e25
-9.026999037815473e25
-9.15332607095511e25
-9.279449744887803e25
-9.405341624057579e25
-9.530973209454809e25
-9.656315944161303e25
-9.781341218920917e25
-9.90602037773579e25
-1.0030324723485917e26
-1.0154225523572501e26
-1.0277694015582542e26
-1.0400701412974195e26
-1.0523218910782311e26
-1.0645217691341975e26
-1.0766668930029829e26
-1.088754380102144e26
-1.1007813483064393e26
-1.1127449165264942e26
-1.1246422052887952e26
-1.136470337316834e26
-1.1482264381133743e26
-1.1599076365436166e26
-1.1715110654192114e26
-1.1830338620830376e26
-1.1944731689945241e26
-1.2058261343155088e26
-1.2170899124964266e26
-1.2282616648628105e26
-1.2393385602018782e26
-1.2503177753491435e26
-1.2611964957749706e26
-1.2719719161708622e26
-1.2826412410354417e26
-1.2932016852599474e26
-1.3036504747132079e26
-1.313984846825875e26
-1.3242020511738417e26
-1.334299350060777e26
-1.3442740190995575e26
-1.3541233477925547e26
-1.3638446401105994e26
-1.3734352150705874e26
-1.382892407311504e26
-1.3922135676688223e26
-1.4013960637471046e26
-1.4104372804907607e26
-1.4193346207527508e26
-1.4280855058611594e26
-1.4366873761835633e26
-1.4451376916889794e26
-1.4534339325073613e26
-1.46157359948645e26
-1.4695542147459567e26
-1.4773733222288555e26
-1.4850284882497124e26
-1.4925173020399853e26
-1.4998373762900721e26
-1.5069863476880802e26
-1.5139618774551324e26
-1.5207616518771821e26
-1.5273833828331151e26
-1.533824808319081e26
-1.5400836929689737e26
-1.5461578285708557e26
-1.5520450345792995e26
-1.5577431586234584e26
-1.5632500770108433e26
-1.5685636952265975e26
-1.573681948428225e26
-1.5786028019356238e26
-1.5833242517163542e26
-1.5878443248659933e26
-1.5921610800834675e26
-1.5962726081413092e26
-1.6001770323506572e26
-1.6038725090209426e26
-1.6073572279141302e26
-1.6106294126934542e26
-1.613687321366475e26
-1.6165292467223932e26
-1.6191535167635613e26
-1.6215584951309942e26
-1.6237425815238674e26
-1.62570421211284e26
-1.627441859947174e26
-1.6289540353554838e26
-1.630239286340028e26
-1.631296198964536e26
-1.632123397735349e26
-1.6327195459758635e26
-1.6330833461941585e26
-1.633213540443746e26
-1.6331089106773063e26
-1.6327682790933546e26
-1.6321905084757416e26
-1.631374502525921e26
-1.6303192061878677e26
-1.629023605965565e26
-1.6274867302330435e26
-1.625707649536786e26
-1.623685476890522e26
-1.621419368062223e26
-1.6189085218533865e26
-1.6161521803703416e26
-1.6131496292876314e26
-1.609900198103378e26
-1.606403260386523e26
-1.6026582340159068e26
-1.5986645814111045e26
-1.594421809754969e26
-1.5899294712077972e26
-1.585187163113051e26
-1.580194528194618e26
-1.5749512547454868e26
-1.5694570768078283e26
-1.5637117743443942e26
-1.5577151734012214e26
-1.551467146261505e26
-1.5449676115907204e26
-1.5382165345727873e26
-1.5312139270373635e26
-1.5239598475781352e26
-1.5164544016620902e26
-1.5086977417297489e26
-1.500690067286264e26
-1.4924316249833974e26
-1.4839227086922945e26
-1.4751636595670659e26
-1.466154866099095e26
-1.456896764162053e26
-1.4473898370476303e26
-1.4376346154918888e26
-1.4276316776922612e26
-1.4173816493151025e26
-1.4068852034939182e26
-1.396143060818049e26
-1.3851559893119254e26
-1.3739248044048579e26
-1.3624503688912967e26
-1.3507335928815999e26
-1.3387754337432552e26
-1.3265768960325866e26
-1.3141390314168949e26
-1.3014629385870587e26
-1.2885497631605625e26
-1.2754006975749838e26
-1.2620169809719022e26
-1.2483998990712563e26
-1.2345507840361084e26
-1.2204710143279343e26
-1.2061620145522816e26
-1.191625255294926e26
-1.1768622529485007e26
-1.1618745695296064e26
-1.1466638124864088e26
-1.1312316344967714e26
-1.1155797332569008e26
-1.0997098512605572e26
-1.0836237755688332e26
-1.0673233375705407e26
-1.0508104127332153e26
-1.0340869203447725e26
-1.0171548232458572e26
-1.0000161275529121e26
-9.826728823719375e25
-9.65127179503154e25
-9.473811531363746e25
-9.294369795372917e25
-9.112968767246566e25
-8.929631041384132e25
-8.744379622988157e25
-8.557237924565943e25
-8.36822976234202e25
-8.177379352582122e25
-7.984711307829019e25
-7.790250633050874e25
-7.594022721702625e25
-7.396053351701083e25
-7.1963686813143255e25
-6.994995244965346e25
-6.791959948952564e25
-6.587290067085158e25
-6.381013236235933e25
-6.173157451811619e25
-5.963751063141454e25
-5.752822768784795e25
-5.540401611758401e25
-5.326516974684397e25
-5.111198574859454e25
-4.8944764592461375e25
-4.676380999387228e25
-4.456942886243778e25
-4.236193124957928e25
-4.014163029541128e25
-3.790884217489032e25
-3.5663886043229473e25
-3.340708398061002e25
-3.1138760936170614e25
-2.8859244671305368e25
-2.656886570227204e25
-2.426795724212114e25
-2.195685514195634e25
-1.9635897831537178e25
-1.7305426259232877e25
-1.496578383133904e25
-1.2617316350767764e25
-1.0260371955121313e25
-7.895301054161322e24
-5.522456266683907e24
-3.1421923568121394e24
-7.548661697194383e23
1.6391634332147973e24
4.039535639781703e24
6.445887752871145e24
8.857855256915807e24
1.1275071884848855e25
1.3697169685561538e25
1.612377909184771e25
1.8554528988823387e25
2.0989046782808205e25
2.342695847065687e25
2.586788870952644e25
2.831146088706772e25
3.0757297192026865e25
3.3205018685244617e25
3.565424537103778e25
3.8104596268958677e25
4.055568948589678e25
4.300714228853907e25
4.545857117615171e25
4.790959195368019e25
5.035981980515039e25
5.280886936735823e25
5.525635480383305e25
5.770188987906013e25
6.014508803294926e25
6.258556245553416e25
6.502292616188782e25
6.745679206724094e25
6.988677306228677e25
7.231248208866023e25
7.47335322145719e25
7.7149536710594005e25
7.956010912555982e25
8.19648633625913e25
8.436341375521756e25
8.67553751435795e25
8.9140362950702e25
9.151799325881968e25
9.388788288574143e25
9.624964946123715e25
9.860291150343372e25
1.009472884952018e26
1.0328240096052088e26
1.0560787054080673e26
1.0792332007118363e26
1.1022837365668981e26
1.1252265674839579e26
1.14805796219431e26
1.1707742044088043e26
1.1933715935756521e26
1.2158464456367059e26
1.2381950937821266e26
1.2604138892032929e26
1.2824992018437793e26
1.3044474211482653e26
1.3262549568091929e26
1.347918239511053e26
1.369433721672133e26
1.3907978781835447e26
1.4120072071454294e26
1.4330582306001403e26
1.4539474952622712e26
1.474671573245423e26
1.4952270627853864e26
1.5156105889598396e26
1.5358188044042196e26
1.5558483900236643e26
1.5756960557009096e26
1.5953585409999617e26
1.6148326158653795e26
1.634115081317055e26
1.65320277014032e26
1.6720925475712354e26
1.6907813119769006e26
1.7092659955306677e26
1.7275435648820973e26
1.745611021821484e26
1.7634654039388443e26
1.781103785277262e26
1.798523276980284e26
1.8157210279334318e26
1.8326942253995498e26
1.8494400956479204e26
1.8659559045769306e26
1.8822389583302366e26
1.8982866039062346e26
1.914096229760731e26
1.92966526640263e26
1.944991186982566e26
1.9600715078743025e26
1.974903789248801e26
1.9894856356407633e26
2.0038146965076068e26
2.0178886667806796e26
2.0317052874086325e26
2.0452623458927246e26
2.058557676814096e26
2.0715891623527728e26
2.0843547327982734e26
2.0968523670517692e26
2.109080093119641e26
2.1210359885982803e26
2.1327181811500942e26
2.144124848970531e26
2.1552542212460658e26
2.1661045786029785e26
2.176674253546868e26
2.186961630892784e26
2.196965148185804e26
2.2066832961120978e26
2.2161146189001624e26
2.225257714712369e26
2.2341112360264986e26
2.2426738900073416e26
2.250944438868146e26
2.2589217002219074e26
2.2666045474223245e26
2.273991909894395e26
2.2810827734545713e26
2.287876180620282e26
2.2943712309088893e26
2.3005670811258706e26
2.3064629456422435e26
2.3120580966610282e26
2.3173518644728134e26
2.3223436377003092e26
2.327032863531665e26
2.3314190479427424e26
2.3355017559080648e26
2.3392806116004973e26
2.3427552985794727e26
2.3459255599678486e26
2.3487911986172496e26
2.35135207726179e26
2.353608118660251e26
2.3555593057265434e26
2.3572056816484923e26
2.358547349994776e26
2.3595844748101258e26
2.360317280698602e26
2.360746052895055e26
2.3608711373244972e26
2.3606929406496162e26
2.360211930306255e26
2.359428634526762e26
2.358343642351351e26
2.3569576036272894e26
2.3552712289960197e26
2.353285289868015e26
2.351000618385551e26
2.3484181073732633e26
2.3455387102764202e26
2.3423634410870542e26
2.3388933742577897e26
2.335129644603485e26
2.331073447190518e26
2.3267260372139144e26
2.322088729862173e26
2.3171629001697834e26
2.3119499828575628e26
2.3064514721606836e26
2.3006689216445135e26
2.29460394400813e26
2.2882582108757006e26
2.2816334525756075e26
2.27473145790744e26
2.2675540738967225e26
2.2601032055375843e26
2.2523808155233146e26
2.2443889239647333e26
2.236129608096606e26
2.227605001971966e26
2.218817296144518e26
2.2097687373389612e26
2.200461628109516e26
2.190898326486572e26
2.18108124561141e26
2.1710128533592626e26
2.1606956719505743e26
2.1501322775506616e26
2.1393252998576384e26
2.128277421678879e26
2.1169913784959827e26
2.1054699580182013e26
2.0937159997245987e26
2.081732394394839e26
2.0695220836288122e26
2.057088059354974e26
2.0444333633277104e26
2.031561086613629e26
2.0184743690669766e26
2.0051763987940947e26
1.991670411607216e26
1.9779596904675654e26
1.964047564917782e26
1.9499374105039496e26
1.935632648187139e26
1.921136743744728e26
1.9064532071613717e26
1.8915855920099786e26
1.8765374948226673e26
1.8613125544517104e26
1.8459144514208046e26
1.830346907266562e26
1.8146136838705185e26
1.7987185827815305e26
1.7826654445289472e26
1.7664581479265388e26
1.7501006093672117e26
1.733596782108849e26
1.7169506555512054e26
1.7001662545041477e26
1.683247638447146e26
1.6661989007804078e26
1.6490241680675947e26
1.6317275992703813e26
1.6143133849748253e26
1.596785746609888e26
1.5791489356581635e26
1.5614072328588248e26
1.5435649474031844e26
1.5256264161227913e26
1.507596002670394e26
1.4894780966936789e26
1.4712771130022126e26
1.4529974907275913e26
1.434643692476869e26
1.4162202034796354e26
1.3977315307287084e26
1.3791822021147593e26
1.3605767655548093e26
1.3419197881150218e26
1.3232158551278193e26
1.3044695693033943e26
1.2856855498360005e26
1.266868431505015e26
1.2480228637710678e26
1.229153509867219e26
1.210265045885611e26
1.1913621598595573e26
1.1724495508413977e26
1.1535319279760999e26
1.134614009571014e26
1.1157005221618436e26
1.0967961995749173e26
1.0779057819861523e26
1.0590340149767143e26
1.0401856485856877e26
1.0213654363597592e26
1.002578134400316e26
9.83828500408034e25
9.651212927250598e25
9.464612693751616e25
9.278531871018745e25
9.093018004049595e25
8.908118605751796e25
8.723881147278061e25
8.540353048349395e25
8.357581667567278e25
8.175614292719053e25
7.99449813107645e25
7.814280299690677e25
7.635007815684079e25
7.456727586542697e25
7.279486400409751e25
7.103330916383322e25
6.928307654818599e25
6.754462987638484e25
6.581843128653698e25
6.4104941238932754e25
6.240461841949503e25
6.071791964337548e25
5.904529975873004e25
5.738721155067559e25
5.574410564546899e25
5.411643041491705e25
5.250463188102863e25
5.090915362094791e25
4.933043667217174e25
4.776891943808341e25
4.622503759380538e25
4.469922399241018e25
4.319190857150051e25
4.170351826016724e25
4.0234476886365656e25
3.8785205084712086e25
3.7356120204732766e25
3.594763621956801e25
3.456016363517121e25
3.319410940000532e25
3.1849876815268495e25
3.052786544565159e25
2.922847103066565e25
2.7952085396548943e25
2.6699096368764157e25
2.546988768512247e25
2.4264838909538036e25
2.3084325346442782e25
2.192871795586464e25
2.0798383269206076e25
1.969368330573204e25
1.861497548977767e25
1.7562612568711132e25
1.6536942531655047e25
1.5538308528994734e25
1.4567048792677542e25
1.362349655733686e25
1.2707979982250663e25
1.182082207414437e25
1.0962340610871256e25
1.0132848065973747e25
9.332651534152805e24
8.56205265764969e24
7.821347553570495e24
7.110826742160704e24
6.430775076052457e24
5.781471670489987e24
5.163189834563009e24
4.5761970034573006e24
4.020754671731496e24
3.4971183276494153e24
3.0055373885715115e24
2.546255137429329e24
2.119508660286583e24
1.725528785014626e24
1.3645400210909018e24
1.0367605005283102e24
7.424019199626332e23
4.8166948390260836e23
2.547618491595089e23
6.187107046667988e22
-9.681745269148274e22
-2.2112502803120318e23
-3.108797211942682e23
-3.659164052230117e23
-3.860768087811882e23
-3.712095631030549e23
-3.21170247666058e23
-2.3582143456574368e23
-1.1503273158890684e23
4.131917603140685e22
2.3335048518330212e23
4.611702357850757e23
7.248802730416108e23
1.0245752110581312e24
1.3603423978212757e24
1.732261881561125e24
2.140406378501009e24
2.584841242000529e24
3.065624433108645e24
3.5828064925312544e24
4.136430514018744e24
4.7265321191889e24
5.353139433787071e24
6.016273065395395e24
6.715946082593509e24
7.452163995583701e24
8.224924738284537e24
9.034218651896408e24
9.880028469954547e24
1.0762329304861112e25
1.168108863591837e25
1.2636266298855242e25
1.3627814476859586e25
1.46556776931187e25
1.5719792804872913e25
1.6820088998985643e25
1.795648778903578e25
1.9128903013934963e25
2.033724083807201e25
2.158139975299001e25
2.286127058059686e25
2.4176736477912687e25
2.5527672943355716e25
2.6913947824568006e25
2.833542132778808e25
2.9791946028757475e25
3.128336688518114e25
3.2809521250727807e25
3.4370238890577078e25
3.5965341998511326e25
3.7594645215553106e25
3.925795565014632e25
4.095507289988161e25
4.26857890747635e25
4.44498888220184e25
4.624714935244123e25
4.807734046827951e25
4.994022459265072e25
5.183555680049158e25
5.376308485103437e25
5.572254922181382e25
5.771368314418452e25
5.973621264036503e25
6.178985656199143e25
6.387432663017825e25
6.598932747708379e25
6.813455668897145e25
7.030970485076638e25
7.251445559209583e25
7.4748485634809605e25
7.701146484197674e25
7.930305626834592e25
8.162291621226734e25
8.397069426906537e25
8.634603338585632e25
8.87485699178068e25
9.117793368580799e25
9.363374803558348e25
9.611562989819841e25
9.862318985197339e25
1.0115603218578703e26
1.037137549637641e26
1.0629595009133138e26
1.089022033826368e26
1.1153209462931646e26
1.141851976706046e26
1.1686108046476797e26
1.195593051618565e26
1.2227942817776169e26
1.2502100026956315e26
1.2778356661215616e26
1.3056666687614909e26
1.3336983530700723e26
1.3619260080544559e26
1.390344870090417e26
1.4189501237506722e26
1.4477369026451392e26
1.4767002902730674e26
1.5058353208868363e26
1.5351369803673526e26
1.5646002071108044e26
1.5942198929266466e26
1.623990883946725e26
1.653907981545274e26
1.6839659432697043e26
1.714159483781948e26
1.7444832758103467e26
1.77493195111163e26
1.8055001014431356e26
1.836182279544846e26
1.866973000131243e26
1.897866740892659e26
1.9288579435060216e26
1.9599410146548252e26
1.9911103270580768e26
2.0223602205080784e26
2.053685002916822e26
2.0850789513708752e26
2.1165363131944552e26
2.1480513070205647e26
2.179618123870024e26
2.2112309282380782e26
2.2428838591885665e26
2.274571031455158e26
2.306286536549828e26
2.3380244438780376e26
2.3697788018605497e26
2.4015436390617218e26
2.4333129653239222e26
2.4650807729079763e26
2.4968410376393315e26
2.5285877200598528e26
2.5603147665848716e26
2.5920161106653853e26
2.6236856739551116e26
2.655317367482267e26
2.6869050928257238e26
2.7184427432953758e26
2.749924205116599e26
2.7813433586182896e26
2.8126940794245866e26
2.843970239649783e26
2.875165709096391e26
2.9062743564559616e26
2.9372900505125094e26
2.9682066613483555e26
2.9990180615520257e26
3.0297181274280663e26
3.0603007402084818e26
3.0907597872656384e26
3.121089163326284e26
3.151282771686481e26
3.181334525427302e26
3.211238348630931e26
3.2409881775969254e26
3.2705779620584856e26
3.3000016663984746e26
3.329253270864843e26
3.3583267727853274e26
3.387216187781104e26
3.415915550979233e26
3.444418918223562e26
3.472720367283862e26
3.5008139990630414e26
3.528693938802055e26
3.556354337282363e26
3.58378937202563e26
3.61099324849051e26
3.637960201266149e26
3.6646844952622633e26
3.691160426895491e26
3.7173823252718004e26
3.7433445533647104e26
3.769041509189029e26
3.794467626969981e26
3.819617378307354e26
3.8444852733344664e26
3.869065861871793e26
3.89335373457487e26
3.917343524076351e26
3.94102990612189e26
3.96440760069972e26
3.987471373163566e26
4.010216035348735e26
4.032636446681104e26
4.054727515278852e26
4.0764841990465645e26
4.0979015067615736e26
4.1189744991523405e26
4.139698289968509e26
4.160068047042529e26
4.180078993342545e26
4.1997264080163925e26
4.219005627426405e26
