3.700173339843765e-14
3.7219163083494026e10
6.059329568388296e11
3.155482968674984e12
1.0361811988958844e13
2.651731006656767e13
5.807517030753877e13
1.1434682870971094e14
2.0835065913301772e14
3.5780969441778106e14
5.862957483635988e14
9.24516921445723e14
1.4117450864446645e15
2.0973795692615788e15
3.042642865742527e15
4.3224038679856835e15
6.027123713994513e15
8.264919023293106e15
1.1163736938853402e16
1.4873636062999884e16
1.9569167052447268e16
2.5451846325865e16
3.275271603691243e16
4.1734983177094856e16
5.269673039658519e16
6.5973690867847736e16
8.194207926699162e16
1.0102147071173944e17
1.2367771927318824e17
1.5042590747159818e17
1.818333179746858e17
2.1852241854072474e17
2.611738510885399e17
3.105294156325718e17
3.6739503969391763e17
4.3264372368794106e17
5.0721845269594464e17
5.92135064952805e17
6.884850673245856e17
7.9743838801021e17
9.202460566794442e17
1.0582428022558927e18
1.2128495585685763e18
1.3855758681290342e18
1.578022174342867e18
1.7918819925352632e18
2.028943950259343e18
2.2910936874641362e18
2.5803156072256154e18
2.898694467889441e18
3.248416807637765e18
3.6317721926746025e18
4.0511542804246006e18
4.509061689358615e18
5.008098667295782e18
5.550975550285942e18
6.140509004447767e18
6.779622043426627e18
7.471343814441807e18
8.218809146214855e18
9.025257852409077e18
9.894033784564425e18
1.0828583628881533e19
1.1832455441593285e19
1.2909296918061267e19
1.4062853391147893e19
1.5296965554841477e19
1.6615566909551434e19
1.8022680925943319e19
1.9522417924647186e19
2.1118971669648953e19
2.2816615673660346e19
2.4619699214259806e19
2.65326430601025e19
2.8559934907012485e19
3.07061245242929e19
3.2975818612120568e19
3.537367537142805e19
3.790439878821967e19
4.057273263481604e19
4.338345419107425e19
4.6341367689187615e19
4.945129748622792e19
5.27180809691546e19
5.614656119757822e19
5.974157929012877e19
6.3507966560842056e19
6.7450536412539314e19
7.157407599473529e19
7.588333763416613e19
8.038303004658239e19
8.507780933900073e19
8.997226981215117e19
9.507093457339403e19
1.0037824597090984e20
1.0589855586048885e20
1.1163611571675811e20
1.175950666011889e20
1.2377942899971998e20
1.3019309254331286e20
1.3683980562522633e20
1.4372316492925207e20
1.508466048835973e20
1.58213387055528e20
1.6582658950229764e20
1.7368909609428494e20
1.8180358582664144e20
1.9017252213611243e20
1.9879814224003816e20
2.076824465148651e20
2.1682718793180263e20
2.2623386156754236e20
2.359036942082206e20
2.4583763406504572e20
2.5603634062022522e20
2.6650017462203e20
2.7722918824799548e20
2.8822311545541073e20
2.9948136253836866e20
3.1100299891074374e20
3.2278674813453494e20
3.348309792130593e20
3.471336981684922e20
3.596925399232483e20
3.725047605046517e20
3.8556722959228764e20
3.9887642342732615e20
4.124284181029933e20
4.262188832552102e20
4.402430761722452e20
4.544958363420102e20
4.6897158045540306e20
4.836642978838224e20
4.985675466486885e20
5.136744499004828e20
5.2897769292445175e20
5.444695206897498e20
5.601417359583719e20
5.7598569796978475e20
5.919923217167016e20
6.081520778269302e20
6.244549930657042e20
6.408906514723487e20
6.574481961445382e20
6.741163316827955e20
6.908833273072383e20
7.07737020657906e20
7.246648222893143e20
7.416537208691487e20
7.586902890902731e20
7.757606903044508e20
7.928506858853806e20
8.099456433278267e20
8.27030545088784e20
8.440899981757432e20
8.611082444862422e20
8.780691719019752e20
8.949563261398016e20
9.117529233610502e20
9.284418635395463e20
9.450057445878024e20
9.61426877239812e20
9.776873006878736e20
9.937687989698319e20
1.0096529181020843e21
1.0253209839526393e21
1.0407541208474464e21
1.055933270902131e21
1.0708392140701859e21
1.0854525888975714e21
1.0997539139725678e21
1.1137236100586135e21
1.1273420228967578e21
1.1405894466632273e21
1.1534461480664889e21
1.1658923910670756e21
1.1779084622023195e21
1.1894746964970085e21
1.2005715039398939e21
1.2111793965048322e21
1.2212790156942741e21
1.2308511605816856e21
1.2398768163284286e21
1.248337183149526e21
1.2562137057016823e21
1.2634881028658765e21
1.2701423978958084e21
1.2761589489024408e21
1.2815204796438974e21
1.2862101105889703e21
1.290211390221535e21
1.2935083265522123e21
1.296085418802718e21
1.297927689227405e21
1.2990207150356717e21
1.299350660378021e21
1.2989043083577836e21
1.2976690930296792e21
1.2956331313456748e21
1.292785255007856e21
1.2891150421873318e21
1.2846128490675383e21
1.2792698411697095e21
1.2730780244176488e21
1.2660302758984596e21
1.2581203742753132e21
1.2493430298079461e21
1.2396939139360691e21
1.2291696883805976e21
1.2177680337171592e21
1.2054876773761595e21
1.1923284210233602e21
1.1782911672747587e21
1.1633779456994367e21
1.147591938063881e21
1.1309375027713126e21
1.1134201984494792e21
1.0950468066405016e21
1.0758253535463839e21
1.0557651307840454e21
1.0348767151038536e21
1.0131719870259934e21
9.90664148349239e20
9.673677384871515e20
9.432986495870865e20
9.18474140387944e20
8.929128487730685e20
8.666348029753919e20
8.396614313924603e20
8.120155709698173e20
7.837214741118625e20
7.548048140802578e20
7.252926888407045e20
6.952136233199829e20
6.645975700360215e20
6.33475908064937e20
6.018814403099701e20
5.698483890385229e20
5.3741238965464564e20
5.046104826756159e20
4.714811038826205e20
4.380640726168675e20
4.044005781939665e20
3.705331644108332e20
3.3650571212099774e20
3.0236341985569394e20
2.6815278246985544e20
2.3392156779373832e20
1.9971879127272178e20
1.655946885795391e20
1.3160068618511735e20
9.778936987599779e19
6.4214451208311734e19
3.093073189017161e19
-2.005933913556353e18
-3.4538679358201954e19
-6.660966677985362e19
-9.816013163943536e19
-1.2913042854790565e20
-1.5946007936812483e20
-1.8908782338660427e20
-2.179516695461863e20
-2.459889507283583e20
-2.7313638007162103e20
-2.9933010931003674e20
-3.2450578911363904e20
-3.485986314101158e20
-3.715434736646974e20
-3.932748450928337e20
-4.137270347777729e20
-4.328341616627657e20
-4.5053024638511776e20
-4.66749284916926e20
-4.814253239748039e20
-4.944925381585121e20
-5.058853087758755e20
-5.1553830430898094e20
-5.2338656247412215e20
-5.2936557382557644e20
-5.334113668507969e20
-5.3546059450222084e20
-5.354506221084553e20
-5.333196166052115e20
-5.290066370239786e20
-5.224517261740659e20
-5.135960034513262e20
-5.023817587045437e20
-4.887525470882107e20
-4.726532848281686e20
-4.5403034582437134e20
-4.3283165901287784e20
-4.090068064070144e20
-3.8250712173559716e20
-3.5328578959402245e20
-3.212979450220764e20
-2.8650077342031413e20
-2.488536107150284e20
-2.0831804367993923e20
-1.6485801032097425e20
-1.1843990022879104e20
-6.903265480203724e19
-1.6607867242727735e19
3.8860117776356475e19
9.739410487387043e19
1.590139492546267e20
2.2373645864114232e20
2.9157529594750344e20
3.625408828021784e20
4.3664030402754314e20
5.138772131847892e20
5.942517392938415e20
6.777603948387175e20
7.643959851694448e20
8.541475194123602e20
9.470001230010481e20
1.0429349519407346e21
1.1419291089192123e21
1.2439555613776428e21
1.3489830616547774e21
1.45697606931808e21
1.5678946757953105e21
1.6816945314198439e21
1.798326775002802e21
1.9177379660446884e21
2.0398700196987168e21
2.1646601445974373e21
2.2920407836535892e21
2.42193955794522e21
2.5542792137943097e21
2.688977573146938e21
2.82594748736205e21
2.96509679451446e21
3.1063282803164777e21
3.24953964276093e21
3.3946234605868595e21
3.541467165667347e21
3.6899530194171734e21
3.839958093315927e21
3.9913542536403375e21
4.1440081504971354e21
4.297781211245708e21
4.452529638397219e21
4.608104412074464e21
4.764351297113995e21
4.921110854889417e21
5.078218459931731e21
5.235504321419863e21
5.392793509611189e21
5.549905987278886e21
5.706656646219544e21
5.862855348891116e21
6.018306975237734e21
6.172811474754467e21
6.32616392384117e21
6.47815458849105e21
6.628568992355396e21
6.77718799022225e21
6.92378784694241e21
7.068140321832282e21
7.210012758578582e21
7.349168180665841e21
7.485365392342927e21
7.618359085140701e21
7.747899949947878e21
7.873734794648064e21
7.99560666731573e21
8.113254984964484e21
8.226415667835941e21
8.334821279212692e21
8.438201170733905e21
8.536281633187096e21
8.628786052744453e21
8.715435072607191e21
8.795946760016089e21
8.870036778581236e21
8.937418565878884e21
8.997803516257901e21
9.050901168793226e21
9.096419400318252e21
9.134064623462946e21
9.16354198961896e21
9.184555596747981e21
9.196808701943787e21
9.200003938653651e21
9.1938435384589e21
9.178029557309577e21
9.152264106102405e21
9.116249585486372e21
9.069688924774628e21
9.012285824836439e21
8.943745004837492e21
8.863772452691833e21
8.772075679083628e21
8.668363974911489e21
8.552348672003769e21
8.423743406947372e21
8.282264387868632e21
8.127630663999057e21
7.959564397854886e21
7.777791139853728e21
7.582040105187936e21
7.372044452768872e21
7.147541566052601e21
6.908273335552672e21
6.653986442841457e21
6.384432645837722e21
6.099369065173693e21
5.798558471431086e21
5.481769573031724e21
5.148777304564929e21
4.799363115329941e21
4.4333152578685727e21
4.050429076259569e21
3.6505072939436207e21
3.233360300844507e21
2.798806439548975e21
2.3466722903058735e21
1.8767929546015213e21
1.3890123370670525e21
8.831834254703508e20
3.5916856854384424e20
-1.8316024860317948e20
-7.439211317398539e20
-1.323222007690936e21
-1.9211603576912116e21
-2.5378229541738706e21
-3.173285601249972e21
-3.827612879137367e21
-4.500857892797772e21
-5.193062025041228e21
-5.904254694357074e21
-6.634453117730355e21
-7.383662078703003e21
-8.151873700937948e21
-8.939067227544004e21
-9.7452088064181e21
-1.0570251281860777e22
-1.141413399271941e22
-1.22767825773117e22
-1.3158108785380457e22
-1.4058010297328764e22
-1.4976370550982616e22
-1.5913058576124793e22
-1.6867928837041924e22
-1.7840821083323853e22
-1.883156020914997e22
-1.9839956121296354e22
-2.0865803616090744e22
-2.190888226554165e22
-2.2968956312861387e22
-2.404577457760102e22
-2.5139070370607817e22
-2.624856141901414e22
-2.7373949801459026e22
-2.85149218937415e22
-2.9671148325095906e22
-3.084228394527718e22
-3.2027967802635597e22
-3.322782313335726e22
-3.4441457362036985e22
-3.5668462113746974e22
-3.6908413237756103e22
-3.816087084304888e22
-3.942537934578501e22
-4.070146752883463e22
-4.198864861351528e22
-4.328642034365095e22
-4.4594265082063806e22
-4.5911649919602365e22
-4.723802679680187e22
-4.857283263826292e22
-4.991548949982839e22
-5.126540472862666e22
-5.262197113604365e22
-5.3984567183674375e22
-5.53525571822985e22
-5.672529150391182e22
-5.8102106806838735e22
-5.9482326273940045e22
-6.086525986392161e22
-6.225020457573783e22
-6.363644472607606e22
-6.502325223989689e22
-6.640988695399544e22
-6.779559693353823e22
-6.917961880152016e22
-7.056117808107585e22
-7.193948955056955e22
-7.331375761137509e22
-7.468317666825023e22
-7.604693152219608e22
-7.740419777568314e22
-7.875414225011465e22
-8.009592341538595e22
-8.142869183139013e22
-8.275159060130668e22
-8.406375583650146e22
-8.536431713285384e22
-8.665239805831691e22
-8.792711665150551e22
-8.918758593109674e22
-9.043291441581567e22
-9.166220665476967e22
-9.287456376788309e22
-9.406908399617446e22
-9.524486326160698e22
-9.640099573623301e22
-9.753657442034326e22
-9.865069172932123e22
-9.974244008889227e22
-1.0081091253844815e23
-1.0185520334211699e23
-1.0287440860723936e23
-1.0386762690990178e23
-1.0483395992716852e23
-1.0577251307564427e23
-1.0668239615599125e23
-1.0756272400301433e23
-1.084126171409198e23
-1.092312024433453e23
-1.100176137977482e23
-1.107709927737342e23
-1.1149048929489794e23
-1.1217526231374e23
-1.1282448048921874e23
-1.1343732286648585e23
-1.1401297955834977e23
-1.145506524280029e23
-1.1504955577254207e23
-1.1550891700680753e23
-1.1592797734705699e23
-1.1630599249398775e23
-1.166422333146139e23
-1.1693598652250045e23
-1.1718655535585227e23
-1.1739326025295003e23
-1.1755543952442344e23
-1.1767245002184527e23
-1.1774366780213048e23
-1.1776848878721653e23
-1.177463294185041e23
-1.176766273055296e23
-1.1755884186834308e23
-1.1739245497306133e23
-1.1717697156006535e23
-1.1691192026431102e23
-1.165968540272195e23
-1.162313506996171e23
-1.158150136351913e23
-1.1534747227393252e23
-1.1482838271503087e23
-1.1425742827869965e23
-1.1363432005639957e23
-1.1295879744893873e23
-1.1223062869192596e23
-1.1144961136806077e23
-1.1061557290574341e23
-1.0972837106349569e23
-1.0878789439968313e23
-1.0779406272704017e23
-1.0674682755149878e23
-1.0564617249483172e23
-1.0449211370062297e23
-1.0328470022308966e23
-1.0202401439828158e23
-1.007101721971954e23
-9.934332356034517e22
-9.79236527133427e22
-9.645137846304622e22
-9.492675447384691e22
-9.33500695236716e22
-9.172164773928839e22
-9.004184881051555e22
-8.831106818294039e22
-8.652973722876994e22
-8.469832339544025e22
-8.281733033163256e22
-8.088729799034678e22
-7.890880270870205e22
-7.688245726414196e22
-7.480891090674082e22
-7.26888493673155e22
-7.052299484106533e22
-6.831210594647256e22
-6.605697765921667e22
-6.375844122086374e22
-6.141736402211398e22
-5.903464946039882e22
-5.661123677164369e22
-5.414810083601965e22
-5.164625195753182e22
-4.9106735617301205e22
-4.653063220042178e22
-4.391905669628544e22
-4.127315837228796e22
-3.859412042084789e22
-3.588315957968349e22
-3.3141525725318805e22
-3.0370501439800193e22
-2.757140155063102e22
-2.4745572643941804e22
-2.1894392550944017e22
-1.901926980772274e22
-1.6121643088453554e22
-1.3202980612137086e22
-1.0264779522977479e22
-7.308565244538375e21
-4.335890807839246e21
-1.3483361535660466e21
1.6524925913992664e21
4.6649638629166463e21
7.687421433750347e21
1.0718185212701907e22
1.3755552068428622e22
1.6797796677653346e22
1.9843172397442436e22
2.2889912161217064e22
2.5936229398132633e22
2.898031897545214e22
3.2020358163509495e22
3.505450762284872e22
3.8080912413094515e22
4.109770302309965e22
4.410299642188919e22
4.709489712990384e22
5.0071498310028186e22
5.303088287786453e22
5.597112463070059e22
5.889028939459603e22
6.178643618899914e22
6.465761840828002e22
6.750188501955611e22
7.031728177616199e22
7.3101852446104735e22
7.585364005482045e22
7.857068814153909e22
8.12510420285428e22
8.389275010259097e22
8.649386510776499e22
8.905244544897399e22
9.156655650534634e22
9.403427195271884e22
9.645367509441702e22
9.88228601995121e22
1.0113993384772172e23
1.0340301628011367e23
1.0561024275475372e23
1.0775976490643195e23
1.0984975210958839e23
1.1187839284354635e23
1.1384389605915657e23
1.1574449254593799e23
1.175784362987993e23
1.1934400588341012e23
1.2103950579928983e23
1.2266326783966471e23
1.2421365244714829e23
1.2568905006428234e23
1.270878824779815e23
1.2840860415690746e23
1.296497035808048e23
1.3080970456081894e23
1.3188716754981907e23
1.3288069094174071e23
1.337889123589671e23
1.346105099267598e23
1.3534420353375761e23
1.3598875607755232e23
1.3654297469436042e23
1.3700571197180403e23
1.3737586714382152e23
1.3765238726672874e23
1.3783426837545478e23
1.3792055661898149e23
1.3791034937402374e23
1.378027963359867e23
1.3759710058624889e23
1.372925196348231e23
1.3688836643745944e23
1.3638401038625744e23
1.3577887827286892e23
1.3507245522337911e23
1.3426428560397063e23
1.3335397389647734e23
1.323411855429553e23
1.3122564775840634e23
1.3000715031080864e23
1.2868554626761465e23
1.2726075270790027e23
1.2573275139935944e23
1.2410158943936087e23
1.2236737985929135e23
1.2053030219143768e23
1.1859060299767121e23
1.1654859635922538e23
1.144046643268645e23
1.12159257330778e23
1.098128945495411e23
1.0736616423751825e23
1.0481972401009486e23
1.0217430108615694e23
9.943069248725457e22
9.658976519291818e22
9.365245625160824e22
9.061977284681857e22
8.749279231786887e22
8.427266213495908e22
8.096059982807276e22
7.755789286935526e22
7.40658985086143e22
7.048604356162604e22
6.6819824150948444e22
6.306880539898326e22
5.9234621073051785e22
5.531897318228871e22
5.132363152617384e22
4.725043319456721e22
4.310128201914455e22
3.88781479761466e22
3.458306654040883e22
3.0218137990653062e22
2.57855266660735e22
2.1287460174261144e22
1.6726228550565283e22
1.2104183369008767e22
7.423736804921737e21
2.687360649476419e21
-2.1024147236448109e21
-6.943001439192469e21
-1.1831755248601743e22
-1.6765976705233502e22
-2.1742912386231936e22
-2.675975616060474e22
-3.181365050308504e22
-3.690168785331442e22
-4.202091201983533e22
-4.716831962836131e22
-5.234086161374001e22
-5.753544475501455e22
-6.274893325292917e22
-6.797815034920887e22
-7.321987998689337e22
-7.847086851098841e22
-8.37278264086487e22
-8.898743008808329e22
-9.42463236953284e22
-9.950112096802005e22
-1.0474840712524352e23
-1.0998474079252214e23
-1.1520665596095853e23
-1.2041066397953289e23
-1.2559325557950584e23
-1.3075090292986519e23
-1.3588006172270409e23
-1.4097717328741226e23
-1.4603866673251047e23
-1.5106096111394486e23
-1.56040467628618e23
-1.609735918319168e23
-1.6585673587796692e23
-1.7068630078130473e23
-1.7545868869865663e23
-1.8017030522946565e23
-1.8481756173380023e23
-1.893968776662377e23
-1.9390468292431507e23
-1.9833742021009467e23
-2.0269154740338948e23
-2.0696353994515436e23
-2.1114989322955202e23
-2.152471250031612e23
-2.1925177776979554e23
-2.2316042119936473e23
-2.269696545392194e23
-2.3067610902637837e23
-2.342764502990465e23
-2.3776738080579537e23
-2.411456422107919e23
-2.4440801779342657e23
-2.4755133484069734e23
-2.5057246703068335e23
-2.5346833680545244e23
-2.562359177317191e23
-2.5887223684758034e23
-2.613743769936367e23
-2.637394791268197e23
-2.659647446152272e23
-2.680474375122787e23
-2.6998488680849173e23
-2.717744886591952e23
-2.734137085864827e23
-2.7490008365372165e23
-2.7623122461093223e23
-2.7740481800936207e23
-2.7841862828358434e23
-2.7927049979945396e23
-2.7995835886626762e23
-2.804802157114877e23
-2.8083416641639185e23
-2.8101839481103146e23
-2.810311743268873e23
-2.8087086980564042e23
-2.805359392624711e23
-2.8002493560233626e23
-2.793365082876819e23
-2.7846940495607188e23
-2.774224729862355e23
-2.7619466101105077e23
-2.747850203760203e23
-2.7319270654180366e23
-2.7141698042940047e23
-2.694572097066169e23
-2.6731287001445972e23
-2.6498354613214072e23
-2.6246893307940187e23
-2.5976883715490405e23
-2.568831769094527e23
-2.5381198405287432e23
-2.5055540429337198e23
-2.4711369810825726e23
-2.43487241444961e23
-2.396765263512795e23
-2.356821615338492e23
-2.315048728438783e23
-2.2714550368921227e23
-2.226050153718414e23
-2.1788448735001808e23
-2.129851174241633e23
-2.0790822184583295e23
-2.026552353490159e23
-1.9722771110310683e23
-1.9162732058693487e23
-1.8585585338328298e23
-1.799152168933712e23
-1.7380743597084586e23
-1.675346524748298e23
-1.6109912474169293e23
-1.54503226975202e23
-1.4774944855479422e23
-1.4084039326175342e23
-1.3377877842313484e23
-1.2656743397332421e23
-1.192093014331894e23
-1.117074328068044e23
-1.040649893958306e23
-9.628524053164626e22
-8.837156222540249e22
-8.032743573622595e22
-7.21564460578525e22
-6.386228032402745e22
-5.544872613306694e22
-4.691966979204173e22
-3.827909448106977e22
-2.9531078338315077e22
-2.0679792466296306e22
-1.1729498860193371e22
-2.68454825889461e21
6.450622080421242e21
1.5671490683312424e22
2.4973454233790604e22
3.4351830023776764e22
4.380185847524465e22
5.3318705733982505e22
6.289746633383216e22
7.253316593020285e22
8.222076410161361e22
9.195515721795206e22
1.0173118137408128e23
1.1154361538739744e23
1.2138718385783715e23
1.3125656028883081e23
1.4114637026761493e23
1.5105119470327406e23
1.6096557312083068e23
1.7088400700964893e23
1.8080096322436262e23
1.9071087743651437e23
2.006081576349971e23
2.104871876733878e23
2.2034233086219235e23
2.3016793360397814e23
2.3995832906933032e23
2.49707840911518e23
2.5941078701772254e23
2.6906148329462195e23
2.7865424748611828e23
2.8818340302090325e23
2.9764328288757414e23
3.070282335349387e23
3.163326187951241e23
3.255508238270743e23
3.3467725907798095e23
3.4370636426015703e23
3.526326123408569e23
3.614505135424759e23
3.701546193505759e23
3.7873952652713386e23
3.8719988112639314e23
3.955303825106758e23
4.0372578736348975e23
4.1178091369724144e23
4.196906448528694e23
4.274499334886561e23
4.350538055555019e23
4.424973642559124e23
4.4977579398393645e23
4.568843642432939e23
4.638184335409173e23
4.70573453253127e23
4.771449714616519e23
4.83528636756722e23
4.8972020200442674e23
4.957155280755716e23
5.015105875332376e23
5.071014682762754e23
5.1248437713595804e23
5.176556434230356e23
5.226117224224343e23
5.273491988328731e23
5.318647901486643e23
5.3615534998099296e23
5.402178713159954e23
5.440494897069579e23
5.476474863979944e23
5.510092913765836e23
5.5413248635236686e23
5.570148076596418e23
5.5965414908100965e23
5.620485645896776e23
5.6419627100793785e23
5.6609565057939116e23
5.677452534525107e23
5.691438000731967e23
5.702901834839908e23
5.7118347152768484e23
5.718229089530894e23
5.722079194207801e23
5.723381074066844e23
5.7221326000142685e23
5.718333486033981e23
5.7119853050357074e23
5.7030915036013495e23
5.6916574156109427e23
5.67769027473003e23
5.6611992257411344e23
5.6421953347023456e23
5.620691597916885e23
5.59670294969805e23
5.5702462689147185e23
5.541340384303096e23
5.5100060785313135e23
5.4762660910039334e23
5.440145119394476e23
5.401669819894446e23
5.360868806168397e23
5.3177726470051364e23
5.272413862656111e23
5.224826919852629e23
5.175048225494513e23
5.1231161190035305e23
5.069070863335776e23
5.012954634648011e23
4.954811510613802e23
4.8946874573861626e23
4.832630315204275e23
4.768689782642656e23
4.7029173995021344e23
4.635366528342772e23
4.5660923346597975e23
4.4951517657045243e23
4.42260352795311e23
4.348508063226927e23
4.272927523469188e23
4.195925744183422e23
4.117568216540303e23
4.037922058160307e23
3.95705598258035e23
3.87504026741391e23
3.791946721214611e23
3.70784864905451e23
3.6228208168290226e23
3.536939414301479e23
3.4502820169011366e23
3.362927546289514e23
3.274956229710697e23
3.186449558142132e23
3.09749024326362e23
3.0081621732628114e23
2.9185503674965187e23
2.8287409300280992e23
2.738821002061967e23
2.6488787132972666e23
2.5590031322235315e23
2.469284215381923e23
2.3798127556168133e23
2.2906803293429886e23
2.2019792428547114e23
2.1138024777037396e23
2.026243635174156e23
1.9393968798826813e23
1.8533568825339705e23
1.7682187618609786e23
1.6840780257815637e23
1.6010305118029825e23
1.519172326706685e23
1.4385997855466875e23
1.359409349995301e23
1.2816975660708592e23
1.2055610012825751e23
1.1310961812285027e23
1.0583995256829022e23
9.875672842103586e22
9.186954713441317e22
8.51879801367096e22
7.872156227340451e22
7.247978521746946e22
6.6472090851719875e22
6.0707864627257415e22
5.5196428902065106e22
4.994703626389669e22
4.496886284160875e22
4.027100160914324e22
3.5862455686398267e22
3.175213164126086e22
2.794883279710381e22
2.4461252550086304e22
2.1297967700605904e22
1.8467431803301552e22
1.5977968540005622e22
1.3837765120059624e22
1.2054865712452813e22
1.0637164914219596e22
9.59240125956819e21
8.928150774204551e21
8.651820579334462e21
8.770642549813589e21
9.291667030927663e21
1.0221756618270828e22
1.156758000518814e22
1.333560590224137e22
1.5532097033140118e22
1.8163104211559118e22
2.1234460503261607e22
2.4751775477908267e22
2.8720429554919696e22
3.314556844772071e22
3.80320977106809e22
4.338467739301591e22
4.920771680389074e22
5.550536939291048e22
6.228152775016583e22
6.953981872993039e22
7.728359870207855e22
8.551594893521869e22
9.423967111551532e22
1.0345728300508106e23
1.1317101424378836e23
1.2338280229826023e23
1.3409428856176584e23
1.4530681460865488e23
1.570214186068881e23
1.6923883189217945e23
1.8195947570714806e23
1.951834581088398e23
2.089105710478424e23
2.2314028762219925e23
2.3787175950918203e23
2.5310381457792814e23
2.6883495468582476e23
2.8506335366146997e23
3.01786855476892e23
3.190029726116617e23
3.367088846113634e23
3.5490143684286515e23
3.735771394486506e23
3.927321665024159e23
4.123623553679763e23
4.324632062634746e23
4.530298820326977e23
4.740572081252689e23
4.955396727872606e23
5.174714274637718e23
5.398462874147911e23
5.6265773254560193e23
5.8589890845281256e23
6.095626276870247e23
6.33641371232966e23
6.581272902078153e23
6.830122077783047e23
7.082876212970547e23
7.339447046584567e23
7.599743108742932e23
7.863669748691156e23
8.131129164953237e23
8.402020437676802e23
8.67623956316909e23
8.953679490618474e23
9.234230160995111e23
9.517778548122666e23
9.804208701911823e23
1.0093401793744507e24
1.0385236163996921e24
1.0679587371687567e24
1.0976328246234817e24
1.1275328941308173e24
1.1576456990754537e24
1.1879577366580575e24
1.2184552538969908e24
1.2491242538313257e24
1.2799505019227618e24
1.310919532653942e24
1.342016656320503e24
1.3732269660140886e24
1.404535344793385e24
1.4359264730401052e24
1.4673848359967012e24
1.4988947314824933e24
1.5304402777847028e24
1.5620054217208035e24
1.5935739468684058e24
1.6251294819588368e24
1.6566555094303884e24
1.688135374137105e24
1.7195522922088215e24
1.7508893600581137e24
1.7821295635296126e24
1.813255787187075e24
1.8442508237334393e24
1.8750973835590257e24
1.905778104412899e24
1.9362755611922964e24
1.9665722758449088e24
1.996650727378749e24
2.0264933619741565e24
2.0560826031924625e24
2.0854008622756642e24
2.114430548531455e24
2.1431540797977702e24
2.1715538929809957e24
2.1996124546618227e24
2.2273122717627444e24
2.2546359022710165e24
2.2815659660108914e24
2.3080851554588206e24
2.334176246595287e24
2.3598221097868435e24
2.3850057206918392e24
2.4097101711833382e24
2.4339186802825944e24
2.457614605096446e24
2.4807814517519145e24
2.503402886321289e24
2.525462745730887e24
2.5469450486466954e24
2.5678340063300096e24
2.588114033456227e24
2.6077697588898583e24
2.6267860364088706e24
2.6451479553713725e24
2.662840851317746e24
2.6798503165012397e24
2.696162210340063e24
2.7117626697840423e24
2.7266381195888637e24
2.740775282490988e24
2.754161189276304e24
2.766783188735594e24
2.7786289574999645e24
2.7896865097493647e24
2.799944206787385e24
2.8093907664755314e24
2.8180152725202666e24
2.82580718360609e24
2.8327563423680487e24
2.838852984197033e24
2.8440877458713994e24
2.848451674008391e24
2.8519362333290023e24
2.854533314729942e24
2.8562352431564427e24
2.857034785269779e24
2.856925156903396e24
2.8559000303016513e24
2.8539535411353107e24
2.8510802952879636e24
2.847275375407704e24
2.8425343472184624e24
2.8368532655855535e24
2.83022868033004e24
2.8226576417867193e24
2.814137706100597e24
2.80466694025688e24
2.7942439268396214e24
2.782867768514313e24
2.770538092229847e24
2.7572550531354336e24
2.743019338208128e24
2.7278321695869174e24
2.711695307609323e24
2.6946110535467245e24
2.676582252034729e24
2.657612293195099e24
2.637705114445898e24
2.616865201996721e24
2.595097592025962e24
2.572407871537383e24
2.548802178893314e24
2.524287204022033e24
2.4988701882970836e24
2.4725589240864343e24
2.4453617539696046e24
2.4172875696210832e24
2.38834581035847e24
2.3585464613541377e24
2.327900051509238e24
2.2964176509891666e24
2.264110868419801e24
2.2309918477439981e24
2.1970732647380655e24
2.1623683231881218e24
2.126890750726499e24
2.0906547943284382e24
2.0536752154697335e24
2.0159672849460073e24
1.9775467773546032e24
1.9384299652402957e24
1.898633612906188e24
1.8581749698914234e24
1.8170717641175646e24
1.7753421947055887e24
1.733004924465878e24
1.690079072063586e24
1.6465842038620987e24
1.602540325447482e24
1.5579678728370365e24
1.5128877033752678e24
1.4673210863208642e24
1.421289693128315e24
1.3748155874282835e24
1.327921214710787e24
1.2806293917156166e24
1.2329632955345608e24
1.1849464524302354e24
1.1366027263764984e24
1.0879563073256592e24
1.0390316992078944e24
9.898537076683663e23
9.40447427547973e23
8.908382301136064e23
8.410517500441163e23
7.911138721783428e23
7.410507180317501e23
6.908886320883838e23
6.406541678750969e23
5.903740738249966e23
5.400752789375312e23
4.8978487824251166e23
4.395301180756939e23
3.893383811736629e23
3.392371715959188e23
2.8925409948221798e23
2.3941686565341474e23
1.897532460640381e23
1.402910761152572e23
9.105823483674528e22
4.208262894624689e22
-6.607823204268902e21
-5.4985207786854995e22
-1.0302163175110417e23
-1.5068923916370407e23
-1.9796022762463035e23
-2.448068647506418e23
-2.9120150471636548e23
-3.371166048434497e23
-3.8252474222800346e23
-4.273986303965166e23
-4.717111359803727e23
-5.15435295399004e23
-5.5854433154161266e23
-6.010116704374985e23
-6.428109579046967e23
-6.839160761668616e23
-7.243011604281218e23
-7.639406153956636e23
-8.028091317397444e23
-8.408817024808414e23
-8.781336392935572e23
-9.145405887170613e23
-9.500785482615765e23
-9.847238824006787e23
-1.018453338439041e24
-1.0512440622453139e24
-1.083073613839844e24
-1.1139199828269707e24
-1.143761603661673e24
-1.1725773707403463e24
-1.2003466533056536e24
-1.2270493101552438e24
-1.252665704144395e24
-1.2771767164726036e24
-1.300563760744224e24
-1.322808796793354e24
-1.3438943442632543e24
-1.3638034959306618e24
-1.3825199307655123e24
-1.4000279267165864e24
-1.4163123732138132e24
-1.4313587833780548e24
-1.4451533059292692e24
-1.4576827367841468e24
-1.4689345303344152e24
-1.4788968103971608e24
-1.4875583808286959e24
-1.4949087357935662e24
-1.500938069680568e24
-1.5056372866577554e24
-1.508998009858579e24
-1.511012590191483e24
-1.5116741147655552e24
-1.510976414924857e24
-1.5089140738843965e24
-1.505482433960862e24
-1.5006776033914348e24
-1.494496462734181e24
-1.4869366708438476e24
-1.4779966704169465e24
-1.4676756931004479e24
-1.4559737641584104e24
-1.4428917066912786e24
-1.4284311454027676e24
-1.4125945099095e24
-1.3953850375887732e24
-1.3768067759601874e24
-1.3568645845969954e24
-1.3355641365634674e24
-1.3129119193745978e24
-1.288915235475031e24
-1.2635822022341008e24
-1.236921751454317e24
-1.2089436283908677e24
-1.1796583902799712e24
-1.1490774043742154e24
-1.1172128454833408e24
-1.0840776930190876e24
-1.0496857275433173e24
-1.0140515268184832e24
-9.771904613602191e23
-9.391186894919066e23
-8.998531519014302e23
-8.594115657006557e23
-8.178124179884354e23
-7.750749589182365e23
-7.312191942719833e23
-6.862658775416305e23
-6.402365015206973e23
-5.931532894080618e23
-5.450391854266993e23
-4.959178449603674e23
-4.4581362421144056e23
-3.947515693837235e23
-3.4275740539385886e23
-2.8985752411578583e23
-2.3607897216266676e23
-1.8144943821115883e23
-1.2599723987316085e23
-6.975131012048464e22
-1.2741183268143166e22
4.500301947752347e22
1.0345060489978463e23
1.625703230746941e23
2.2233038308962183e23
2.8269846916994597e23
3.4364175720634236e23
4.051269316748954e23
4.671202029420174e23
5.2958732494560345e23
5.924936132440899e23
6.558039634242789e23
7.194828698588428e23
7.834944448040943e23
8.478024378282769e23
9.12370255560455e23
9.771609817498842e23
1.042137397625196e24
1.1072620025430196e24
1.1724970349149076e24
1.2378044934015058e24
1.303146158362594e24
1.3684836135514165e24
1.4337782680414845e24
1.4989913783739658e24
1.5640840709132074e24
1.6290173643983328e24
1.6937521926780816e24
1.7582494276162727e24
1.8224699021548807e24
1.8863744335217118e24
1.949923846569342e24
2.013078997232052e24
2.0758007960869643e24
2.1380502320060042e24
2.199788395884661e24
2.2609765044336835e24
2.3215759240196753e24
2.3815481945404002e24
2.440855053320662e24
2.4994584590141906e24
2.5573206154974013e24
2.6144039957403454e24
2.6706713656403685e24
2.7260858078038574e24
2.780610745261428e24
2.8342099651018415e24
2.8868476420100237e24
2.9384883616942367e24
2.989097144187908e24
3.03863946701119e24
3.087081288177574e24
3.1343890690307893e24
3.1805297968973286e24
3.225471007539869e24
3.2691808073970823e24
3.3116278955950086e24
3.3527815857158086e24
3.3926118273091975e24
3.4310892271322893e24
3.4681850701035983e24
3.5038713399569637e24
3.5381207395813813e24
3.5709067110327883e24
3.602203455203882e24
3.6319859511384314e24
3.660229974976431e24
3.686912118516734e24
3.712009807383914e24
3.7355013187863287e24
3.757365798852478e24
3.777583279532987e24
3.796134695055646e24
3.813001897921343e24
3.82816767442872e24
3.841615759715712e24
3.853330852306385e24
3.86329862815165e24
3.8715057541527887e24
3.877939901156801e24
3.882589756413063e24
3.885445035480946e24
3.8864964935782647e24
3.885735936360865e24
3.8831562301238134e24
3.878751311415036e24
3.8725161960525596e24
3.8644469875367537e24
3.8545408848493684e24
3.8427961896314977e24
3.82921231273288e24
3.8137897801252945e24
3.7965302381732285e24
3.777436458255265e24
3.7565123407300523e24
3.733762918241081e24
3.7091943583547606e24
3.6828139655269176e24
3.654630182392906e24
3.624652590377136e24
3.592891909618113e24
3.5593599982055126e24
3.5240698507262106e24
3.4870355961165465e24
3.448272494818653e24
3.407796935238798e24
3.365626429506525e24
3.321779608533366e24
3.2762762163706255e24
3.229137103865994e24
3.180384221619272e24
3.130040612237786e24
3.078130401892748e24
3.024678791177827e24
2.9697120452721573e24
2.9132574834099974e24
2.8553434676598996e24
2.7959993910166634e24
2.735255664809736e24
2.673143705432181e24
2.6096959203948354e24
2.5449456937104636e24
2.478927370613564e24
2.4116762416215094e24
2.3432285259433593e24
2.2736213542430492e24
2.2028927507640834e24
2.1310816148233142e24
2.058227701681726e24
1.9843716028007595e24
1.909554725492748e24
1.8338192719749848e24
1.7572082178368476e24
1.6797652899300904e24
1.6015349436927797e24
1.5225623399176447e24
1.4428933209761188e24
1.36257438650975e24
1.2816526686007761e24
1.2001759064345269e24
1.1181924204661919e24
1.0357510861051484e24
9.529013069303383e23
8.696929874504739e23
7.861765054232885e23
7.024026837483749e23
6.184227619483111e23
5.342883672534608e23
4.500514853057791e23
3.657644304974646e23
2.8147981596059323e23
1.972505232240798e23
1.1312967155466157e23
2.917058699886647e22
-5.457322885676851e22
-1.3804813038991898e23
-2.212003596931528e23
-3.03976078553321e23
-3.863214006413221e23
-4.681824238939131e23
-5.49505263068891e23
-6.302360824548462e23
-7.103211287164085e23
-7.897067638559574e23
-8.683394982722335e23
-9.461660238964561e23
-1.0231332473862827e24
-1.0991883233577763e24
-1.174278687635494e24
-1.2483520905006627e24
-1.3213566299172534e24
-1.3932407847158977e24
-1.4639534477151728e24
-1.533443958759969e24
-1.601662137656595e24
-1.6685583169840745e24
-1.7340833747612167e24
-1.7981887669489704e24
-1.8608265597674874e24
-1.9219494618075792e24
-1.9815108559159188e24
-2.039464830833655e24
-2.0957662125680658e24
-2.150370595476888e24
-2.2032343730451014e24
-2.2543147683339942e24
-2.3035698640824336e24
-2.3509586324403785e24
-2.3964409643148772e24
-2.439977698308705e24
-2.481530649232226e24
-2.5210626361690247e24
-2.558537510076106e24
-2.5939201808996234e24
-2.6271766441873154e24
-2.658274007179005e24
-2.687180514356821e24
-2.7138655724368805e24
-2.738299774784604e24
-2.7604549252359723e24
-2.7803040613073173e24
-2.7978214767765894e24
-2.812982743619251e24
-2.825764733282323e24
-2.8361456372803923e24
-2.8441049870977126e24
-2.8496236733809255e24
-2.852683964407184e24
-2.8532695238129307e24
-2.851365427568887e24
-2.846958180187191e24
-2.8400357301470876e24
-2.8305874845258794e24
-2.8186043228223314e24
-2.8040786099601386e24
-2.7870042084594696e24
-2.7673764897650626e24
-2.7451923447198157e24
-2.720450193173237e24
-2.6931499927146263e24
-2.6632932465213554e24
-2.630883010312976e24
-2.59592389840259e24
-2.558422088837236e24
-2.518385327619615e24
-2.475822932004044e24
-2.43074579285998e24
-2.3831663760969868e24
-2.3330987231456932e24
-2.2805584504895395e24
-2.2255627482430107e24
-2.1681303777723507e24
-2.108281668355412e24
-2.0460385128778262e24
-1.981424362563314e24
-1.9144642207363892e24
-1.8451846356165407e24
-1.773613692143059e24
-1.6997810028311002e24
-1.6237176976589976e24
-1.545456412988767e24
-1.465031279521054e24
-1.382477909287199e24
-1.29783338168166e24
-1.2111362285378508e24
-1.1224264182522965e24
-1.0317453389611548e24
-9.391357807753078e23
-8.446419170791683e23
-7.483092849006237e23
-6.501847643585964e23
-5.5031655719629854e23
-4.487541644087599e23
-3.4554836297290444e23
-2.4075118169058503e23
-1.3441587615371215e23
-2.6596902843170725e22
8.26501076282447e22
1.9326837811609296e23
3.052000133760504e23
4.1838602931406384e23
5.327663830409076e23
6.482800037180244e23
7.648648241789274e23
8.824578133121786e23
1.0009950091891664e24
1.1204115529213919e24
1.240641723230141e24
1.36161897171106e24
1.4832759587767264e24
1.60554459025792e24
1.7283560546460613e24
1.8516408609564537e24
1.9753288771938792e24
2.0993493693993235e24
2.223631041258145e24
2.3481020742484474e24
2.472690168307772e24
2.5973225829972916e24
2.7219261791400886e24
2.8464274609121147e24
2.970752618361637e24
3.0948275703350085e24
3.2185780077838534e24
3.341929437430585e24
3.464807225767463e24
3.587136643364096e24
3.708842909459336e24
3.8298512368110663e24
3.9500868767795436e24
4.069475164617232e24
4.18794156494003e24
4.305411717353161e24
4.421811482204788e24
4.5370669864416115e24
4.6511046695382523e24
4.7638513294746186e24
4.87523416873268e24
4.985180840286543e24
5.093619493557042e24
5.2004788203042e24
5.3056881004294e24
5.409177247659107e24
5.510876855083171e24
5.610718240518651e24
5.708633491672349e24
5.80455551107301e24
5.898418060746248e24
5.99015580660328e24
6.079704362516376e24
6.16700033405284e24
6.251981361839437e24
6.334586164530415e24
6.414754581350446e24
6.492427614186256e24
6.567547469198411e24
6.640057597927071e24
6.709902737864336e24
6.777028952466106e24
6.841383670577659e24
6.902915725245627e24
6.961575391891198e24
7.017314425817874e24
7.07008609902895e24
7.119845236328677e24
7.16654825068282e24
7.210153177813647e24
7.250619710004804e24
7.287909229092802e24
7.321984838620649e24
7.352811395131455e24
7.380355538578198e24
7.404585721828205e24
7.425472239239709e24
7.44298725428951e24
7.457104826230586e24
7.467800935758802e24
7.47505350966946e24
7.478842444483216e24
7.47914962902327e24
7.47595896592461e24
7.469256392058036e24
7.459029897851254e24
7.445269545490296e24
7.427967485985278e24
7.407117975084806e24
7.38271738802412e24
7.354764233092501e24
7.323259164006556e24
7.288204991076e24
7.249606691149805e24
7.207471416330951e24
7.161808501448463e24
7.112629470277051e24
7.059948040493897e24
7.003780127364299e24
6.944143846147574e24
6.881059513215933e24
6.814549645879482e24
6.744638960911297e24
6.671354371767275e24
6.594724984496519e24
6.514782092338008e24
6.43155916900095e24
6.345091860626412e24
6.255417976428821e24
6.162577478016636e24
6.066612467392337e24
5.96756717363244e24
5.86548793824968e24
5.760423199239238e24
5.652423473812674e24
5.541541339823549e24
5.42783141588951e24
5.311350340216651e24
5.192156748132257e24
5.070311248333822e24
4.945876397861633e24
4.8189166758042765e24
4.6894984557465317e24
4.5576899769700447e24
4.423561314418086e24
4.287184347436347e24
4.148632727302321e24
4.0079818435575113e24
3.865308789155839e24
3.7206923244441424e24
3.5742128399901394e24
3.425952318274778e24
3.2759942942660465e24
3.124423814892677e24
2.9713273974360685e24
2.81679298686074e24
2.660909912102836e24
2.5037688413380497e24
2.3454617362507174e24
2.186081805326167e24
2.0257234561897033e24
1.8644822470156704e24
1.7024548370310099e24
1.5397389361387363e24
1.3764332536862616e24
1.2126374464054988e24
1.0484520655512367e24
8.839785032654935e23
7.193189381956929e23
5.545762803955635e23
3.8985411553745614e23
2.252566484665171e23
6.0888646126226584e22
-1.03144620113639e23
-2.667374326952614e23
-4.2978368664589864e23
-5.92176948853404e23
-7.538105178117247e23
-9.145774838034747e23
-1.0743707894856828e24
-1.2330832908456598e24
-1.3906078184921498e24
-1.5468372392477227e24
-1.7016645180072077e24
-1.8549827798273227e24
-2.006685372212009e24
-2.1566659275573857e24
-2.3048184257210158e24
-2.4510372566788145e24
-2.595217283233388e24
-2.737253903737181e24
-2.877043114793731e24
-3.0144815739000903e24
-3.1494666619935806e24
-3.281896545865265e24
-3.411670240403692e24
-3.5386876706310227e24
-3.662849733494571e24
-3.784058359376338e24
-3.902216573283306e24
-4.0172285556811266e24
-4.1289997029342573e24
-4.237436687314834e24
-4.342447516543971e24
-4.44394159282802e24
-4.541829771353203e24
-4.636024418202011e24
-4.726439467654882e24
-4.8129904788409776e24
-4.895594691702128e24
-4.974171082233933e24
-5.04864041696896e24
-5.118925306666665e24
-5.184950259175128e24
-5.24664173143021e24
-5.303928180558108e24
-5.35674011404722e24
-5.405010138956565e24
-5.448673010127001e24
-5.487665677363759e24
-5.521927331557613e24
-5.551399449713337e24
-5.576025838854874e24
-5.595752678776051e24
-5.610528563607923e24
-5.620304542172207e24
-5.625034157093513e24
-5.624673482640932e24
-5.619181161272623e24
-5.608518438855813e24
-5.59264919853633e24
-5.571539993232616e24
-5.545160076728678e24
-5.513481433342799e24
-5.476478806147964e24
-5.434129723722385e24
-5.386414525407283e24
-5.333316385052185e24
-5.274821333226628e24
-5.210918277879291e24
-5.141599023426662e24
-5.066858288252282e24
-4.986693720601496e24
-4.901105912854159e24
-4.8100984141618485e24
-4.713677741434332e24
-4.611853388662567e24
-4.50463783456654e24
-4.392046548555445e24
-4.274097994991302e24
-4.150813635745167e24
-4.0222179310391045e24
-3.888338338564778e24
-3.749205310873995e24
-3.6048522910342865e24
-3.4553157065456613e24
-3.3006349615158143e24
-3.1408524270896163e24
-2.9760134301337183e24
-2.806166240173619e24
-2.6313620545860635e24
-2.451654982046333e24
-2.267102024235197e24
-2.0777630558076706e24
-1.8837008026290082e24
-1.6849808182845303e24
-1.481671458868407e24
-1.2738438560615618e24
-1.0615718885053481e24
-8.449321514833277e23
-6.240039249203226e23
-3.988691397116405e23
-1.696123423963374e23
6.367934181321552e22
3.0091624762786686e23
5.420062098906096e23
7.868546053781371e23
1.0353643961793367e24
1.2874361746289782e24
1.542968209778421e24
1.80185649538123e24
2.063994799370741e24
2.32927471480845e24
2.5975857122764843e24
2.8688151936918195e24
3.14284854751345e24
3.419569205318363e24
3.698858699715795e24
3.9805967235730767e24
4.2646611905227315e24
4.5509282967192997e24
4.839272583816765e24
5.129567003131663e24
5.421682980961622e24
5.715490485022746e24
6.01085809197351e24
6.307653055988683e24
6.605741378346417e24
6.904987877993703e24
7.205256263049812e24
7.506409203212299e24
7.80830840302365e24
8.110814675961797e24
8.413788019311451e24
8.717087689777452e24
9.020572279797908e24
9.324099794513979e24
9.627527729356017e24
9.930713148200034e24
1.0233512762053807e25
1.0535783008225522e25
1.0837380129933225e25
1.1138160256307383e25
1.143797948274327e25
1.1736693951556487e25
1.2034159932894584e25
1.2330233905860564e25
1.262477263979863e25
1.2917633275698085e25
1.3208673407665208e25
1.3497751164417892e25
1.3784725290754372e25
1.406945522894738e25
1.4351801200017803e25
1.4631624284837077e25
1.4908786505012875e25
1.5183150903507129e25
1.5454581624940704e25
1.5722943995534046e25
1.5988104602637471e25
1.6249931373802204e25
1.6508293655343247e25
1.676306229034815e25
1.7014109696081361e25
1.7261309940739105e25
1.750453881950494e25
1.7743673929861056e25
1.7978594746106338e25
1.8209182693036264e25
1.8435321218737623e25
1.8656895866451487e25
1.8873794345460557e25
1.9085906600953657e25
1.9293124882824803e25
1.9495343813360597e25
1.9692460453773717e25
1.9884374369538886e25
2.00709876944877e25
2.0252205193622087e25
2.0427934324602832e25
2.059808529787424e25
2.0762571135383096e25
2.0921307727853916e25
2.1074213890580273e25
2.122121141769523e25
2.1362225134883426e25
2.149718295049738e25
2.16260159050439e25
2.1748658219004162e25
2.1865047338954893e25
2.197512398195619e25
2.2078832178175178e25
2.2176119311712922e25
2.2266936159605318e25
2.2351236928968237e25
2.242897929225812e25
2.250012442062189e25
2.256463701530843e25
2.262248533711773e25
2.2673641233862566e25
2.271808016582022e25
2.2755781229152246e25
2.2786727177271005e25
2.281090444013393e25
2.28283031414466e25
2.283891711375744e25
2.28427439114277e25
2.2839784821462235e25
2.2830044872186717e25
2.2813532839759364e25
2.279026125250575e25
2.276024639306628e25
2.272350829834856e25
2.268007075727616e25
2.2629961306328294e25
2.2573211222865243e25
2.250985551623611e25
2.243993291666644e25
2.2363485861925004e25
2.228056048176969e25
2.219120658017496e25
2.2095477615342828e25
2.1993430677502693e25
2.188512646450505e25
2.1770629255216414e25
2.1650006880723754e25
2.1523330693357767e25
2.139067553354688e25
2.1252119694513198e25
2.110774488482494e25
2.095763618881995e25
2.0801882024916802e25
2.06405741018309e25
2.047380737271494e25
2.0301679987243337e25
2.012429324166304e25
1.994175152683281e25
1.975416227427539e25
1.956163590026813e25
1.936428574799836e25
1.916222802781186e25
1.895558175558306e25
1.8744468689237704e25
1.8529013263459688e25
1.8309342522614184e25
1.8085586051921845e25
1.7857875906918433e25
1.7626346541236908e25
1.7391134732748518e25
1.7152379508102387e25
1.691022206570203e25
1.6664805697160711e25
1.6416275707276533e25
1.6164779332570008e25
1.591046565842871e25
1.5653485534902507e25
1.5393991491196464e25
1.513213764890678e25
1.4868079634048315e25
1.4601974487921886e25
1.4333980576870182e25
1.4064257500973412e25
1.3792966001734582e25
1.352026786880732e25
1.3246325845817635e25
1.2971303535333977e25
1.269536530303819e25
1.241867618115386e25
1.2141401771185304e25
1.1863708146024235e25
1.1585761751480681e25
1.130772930729413e25
1.1029777707683708e25
1.0752073921493821e25
1.0474784891995646e25
1.0198077436401341e25
9.92211814515091e24
9.647073281032649e24
9.373108678194483e24
9.100389641108228e24
8.829080843546854e24
8.559346227634557e24
8.291348903031608e24
8.025251046313388e24
7.761213800606534e24
7.499397175541059e24
7.239959947581483e24
6.983059560796745e24
6.728852028130427e24
6.477491833232539e24
6.229131832912849e24
5.983923160277254e24
5.742015128607257e24
5.503555136042888e24
5.268688571128894e24
5.037558719283977e24
4.8103066702527014e24
4.5870712265982546e24
4.367988813295601e24
4.153193388481849e24
3.942816355423049e24
3.736986475752655e24
3.5358297840397147e24
3.3394695037417017e24
3.1480259645976236e24
2.961616521516232e24
2.7803554750124665e24
2.604353993246522e24
2.433720035716514e24
2.2685582786575067e24
2.1089700421968315e24
1.9550532193161472e24
1.806902206668749e24
1.664607837300404e24
1.5282573153206173e24
1.3979341525706004e24
1.2737181073326132e24
1.1556851251248008e24
1.0439072816244393e24
9.384527277611492e23
8.393856370207067e23
7.467661549988903e23
6.606503512432932e23
5.810901734204987e23
5.081334038436822e23
4.418236183954545e23
3.8220014787883374e23
3.292980418280414e23
2.8314803480950837e23
2.437765152421064e23
2.1120549676386132e23
1.8545259217183327e23
1.665309899591032e23
1.5444943347268383e23
1.4921220271357812e23
1.5081909879957422e23
1.5926543110899862e23
1.745420071229193e23
1.966351249811568e23
2.2552656876597778e23
2.6119360652619185e23
3.036089910518764e23
3.52740963409589e23
4.085532592448403e23
4.7100511785834566e23
5.400512940600644e23
6.156420728032838e23
6.977232866004726e23
7.862363357191428e23
8.811182111563328e23
9.823015203866053e23
1.0897145158787711e24
1.2032811263728673e24
1.3229209909090589e24
1.4485494955972915e24
1.5800778131147335e24
1.7174129449177877e24
1.8604577661514927e24
2.009111073240054e24
2.163267634137855e24
2.322818241221409e24
2.4876497667982957e24
2.657645221209847e24
2.832683813501313e24
3.0126410146314436e24
3.197388623193457e24
3.386794833615133e24
3.580724306807157e24
3.779038243224207e24
3.9815944583044786e24
4.1882474602498523e24
4.3988485301077446e24
4.613245804115525e24
4.831284358264258e24
5.052806295040207e24
5.277650832297734e24
5.505654394219157e24
5.736650704312469e24
5.970470880399003e24
6.206943531540601e24
6.445894856853703e24
6.687148746158896e24
6.930526882409849e24
7.175848845847819e24
7.422932219823169e24
7.671592698227648e24
7.921644194476307e24
8.172898951980399e24
8.425167656048942e24
8.678259547155898e24
8.931982535510779e24
9.186143316866175e24
9.44054748949861e24
9.69499967229395e24
9.949303623871827e24
1.0203262362679717e25
1.0456678287987132e25
1.0709353301711204e25
1.0961088931001236e25
1.121168645151246e25
1.1460947011295218e25
1.1708671755228126e25
1.1954661949920725e25
1.2198719109012472e25
1.2440645118793371e25
1.268024236407068e25
1.2917313854207591e25
1.315166334925665e25
1.3383095486113393e25
1.3611415904612058e25
1.383643137348859e25
1.4057949916132427e25
1.427578093605123e25
1.448973534197105e25
1.4699625672494248e25
1.4905266220239037e25
1.5106473155382312e25
1.5303064648529497e25
1.549486099283385e25
1.5681684725288776e25
1.586336074711639e25
1.6039716443175637e25
1.6210581800314514e25
1.6375789524590002e25
1.65351751572811e25
1.6688577189619161e25
1.6835837176162142e25
1.6976799846738074e25
1.7111313216884944e25
1.7239228696714231e25
1.736040119812592e25
1.7474689240304112e25
1.758195505342228e25
1.768206468048889e25
1.7774888077264295e25
1.7860299210181043e25
1.7938176152200677e25
1.800840117654085e25
1.8070860848207963e25
1.8125446113271316e25
1.8172052385815923e25
1.8210579632512536e25
1.8240932454744242e25
1.8263020168230587e25
1.827675688009122e25
1.828206156329232e25
1.8278858128421001e25
1.8267075492733154e25
1.8246647646423062e25
1.8217513716063006e25
1.8179618025164372e25
1.8132910151811198e25
1.8077344983321038e25
1.801288276788742e25
1.7939489163161094e25
1.7857135281729285e25
1.7765797733451865e25
1.7665458664618143e25
1.7556105793886272e25
1.7437732444972608e25
1.7310337576056643e25
1.7173925805872428e25
1.7028507436456202e25
1.687409847252373e25
1.671072063745291e25
1.6538401385846888e25
1.6357173912658566e25
1.6167077158854914e25
1.5968155813606334e25
1.5760460312983797e25
1.554404683515139e25
1.5318977292044033e25
1.5085319317519122e25
1.484314625197778e25
1.4592537123448064e25
1.4333576625130057e25
1.4066355089399389e25
1.3790968458273285e25
1.3507518250340502e25
1.3216111524161659e25
1.2916860838148761e25
1.2609884206931371e25
1.2295305054224654e25
1.1973252162210152e25
1.1643859617449076e25
1.130726675334309e25
1.0963618089166623e25
1.0613063265690763e25
1.0255756977424514e25
9.891858901501805e24
9.521533623240244e24
9.144950558406612e24
8.762283872218393e24
8.373712395120654e24
7.979419535372417e24
7.579593188483415e24
7.174425643543891e24
6.76411348648776e24
6.348857500338747e24
5.92886256248271e24
5.504337539019844e24
5.075495176243971e24
4.6425519893061724e24
4.2057281481148606e24
3.765247360530328e24
3.321336752914362e24
2.874226748091859e24
2.42415094079145e24
1.9713459706246516e24
1.5160513926740924e24
1.0585095457537767e24
5.9896541841518063e23
1.3766651276627044e23
-3.251372938225867e23
-7.891938890503901e23
-1.2542490679832248e24
-1.720046677236306e24
-2.1863287609669836e24
-2.652835708594036e24
-3.119306404166256e24
-3.585478377296263e24
-4.051087955574491e24
-4.515870418382371e24
-4.979560152013952e24
-5.441890806023795e24
-5.902595450708163e24
-6.361406735635106e24
-6.818057049128677e24
-7.272278678620085e24
-7.723803971772216e24
-8.172365498283351e24
-8.61769621228045e24
-9.059529615202982e24
-9.49759991908732e24
-9.931642210151515e24
-1.0361392612589079e25
-1.0786588452470719e25
-1.1206968421660897e25
-1.162227274165022e25
-1.2032243327204607e25
-1.2436623949737092e25
-1.2835160400299369e25
-1.32276006520997e25
-1.3613695022444098e25
-1.399319633400602e25
-1.4365860075324831e25
-1.4731444560433041e25
-1.508971108751796e25
-1.544042409651511e25
-1.5783351325540216e25
-1.6118263966058178e25
-1.6444936816695618e25
-1.6763148435597087e25
-1.7072681291231276e25
-1.7373321911550912e25
-1.7664861031409566e25
-1.794709373814465e25
-1.8219819615228616e25
-1.8482842883900047e25
-1.8735972542678038e25
-1.8979022504673268e25
-1.9211811732601442e25
-1.943416437141309e25
-1.964590987845055e25
-1.9846883151043567e25
-2.0036924651461455e25
-2.0215880529132674e25
-2.038360274005292e25
-2.0539949163296105e25
-2.0684783714550263e25
-2.081797645659848e25
-2.093940370666606e25
-2.1048948140560167e25
-2.114649889352531e25
-2.1231951657743584e25
-2.130520877640686e25
-2.1366179334293606e25
-2.1414779244780453e25
-2.1450931333224938e25
-2.147456541665443e25
-2.148561837969865e25
-2.148403424670836e25
-2.1469764249998933e25
-2.1442766894166044e25
-2.1403008016417225e25
-2.13504608428698e25
-2.128510604076373e25
-2.120693176654393e25
-2.1115933709765605e25
-2.1012115132781015e25
-2.0895486906166594e25
-2.0766067539852274e25
-2.0623883209918323e25
-2.046896778102504e25
-2.0301362824445627e25
-2.012111763167361e25
-1.9928289223577907e25
-1.972294235508453e25
-1.950514951536119e25
-1.927499092348907e25
-1.9032554519604314e25
-1.8777935951497336e25
-1.8511238556658808e25
-1.8232573339764397e25
-1.7942058945594183e25
-1.7639821627382414e25
-1.732599521059925e25
-1.700072105216656e25
-1.6664147995113473e25
-1.6316432318679788e25
-1.595773768387831e25
-1.5588235074528895e25
-1.5208102733782348e25
-1.4817526096150605e25
-1.4416697715066933e25
-1.4005817185999454e25
-1.3585091065145542e25
-1.315473278373646e25
-1.2714962557985197e25
-1.2266007294711463e25
-1.1808100492683537e25
-1.134148213971531e25
-1.086639860556264e25
-1.0383102530664673e25
-9.891852710777762e24
-9.392913977553575e24
-8.886557075114107e24
-8.373058532679315e24
-7.852700533307423e24
-7.325770778806135e24
-6.792562350880489e24
-6.253373568581649e24
-5.708507842125812e24
-5.158273523152815e24
-4.6029837514984184e24
-4.0429562985538223e24
-3.478513407292381e24
-2.9099816290405357e24
-2.3376916570762066e24
-1.7619781571389424e24
-1.1831795949368198e24
-6.016380607394433e23
-1.769909114639649e22
5.6828851187664934e23
1.1559728645986568e24
1.7449991876674628e24
2.3350099946969035e24
2.925645283199441e24
3.516542727761397e24
4.1073378753589417e24
4.6976643427099025e24
5.2871540155543e24
5.875437249757665e24
6.462143074126777e24
7.046899394827719e24
7.62933320129418e24
8.209070773513495e24
8.785737890575119e24
9.35896004036789e24
9.928362630306412e24
1.0493571198972845e25
1.1054211628552882e25
1.160991035794719e25
1.2160294596438913e25
1.270499253779504e25
1.3243633574681097e25
1.3775848513266654e25
1.4301269787897743e25
1.4819531675714916e25
1.533027051109169e25
1.5833124899770124e25
1.6327735932568869e25
1.681374739853964e25
1.7290805997447027e25
1.7758561551448125e25
1.8216667215845285e25
1.866477968879008e25
1.9102559419812286e25
1.952967081705059e25
1.9945782453061093e25
2.03505672690803e25
2.0743702777619537e25
2.1124871263269196e25
2.1493759981589245e25
2.1850061355967404e25
2.2193473172322734e25
2.252369877153607e25
2.2840447239488516e25
2.3143433594590295e25
2.343237897268413e25
2.3707010809205937e25
2.3967063018491185e25
2.4212276170111474e25
2.4442397662131537e25
2.4657181891175203e25
2.485639041919195e25
2.5039792136817315e25
2.5207163423220626e25
2.53582883023367e25
2.549295859537885e25
2.56109740695337e25
2.5712142582737646e25
2.5796280224440203e25
2.5863211452258045e25
2.591276922442772e25
2.5944795127967672e25
2.5959139502458493e25
2.5955661559359106e25
2.5934229496771308e25
2.5894720609574684e25
2.583702139485017e25
2.5761027652517033e25
2.566664458110971e25
2.55537868686213e25
2.5422378778346898e25
2.527235422965833e25
2.5103656873649626e25
2.491624016358889e25
2.4710067420122434e25
2.448511189117302e25
2.4241356806480937e25
2.397879542674046e25
2.3697431087281147e25
2.3397277236255874e25
2.307835746728993e25
2.2740705546559025e25
2.2384365434257046e25
2.200939130042728e25
2.1615847535125507e25
2.120380875289147e25
2.0773359791509153e25
2.032459570503327e25
1.98576217510723e25
1.937255337231057e25
1.8869516172266592e25
1.8348645885277804e25
1.7810088340711702e25
1.7253999421406775e25
1.6680545016343097e25
1.608990096755693e25
1.5482253011304225e25
1.485779671349457e25
1.4216737399406914e25
1.3559290077715318e25
1.288567935884414e25
1.2196139367683138e25
1.1490913650696187e25
1.0770255077452987e25
1.0034425736629017e25
9.283696826507885e24
8.518348540038392e24
7.738669944486957e24
6.944958855743894e24
6.13752170733278e24
5.316673414182387e24
4.4827372312253343e24
3.636044606881227e24
2.776935031499448e24
1.9057558808240475e24
1.0228622545622396e24
1.2861681012651275e23
-7.766104083668662e23
-1.6924421457584193e24
-2.618494116085582e24
-3.554375187305818e24
-4.499687570420007e24
-5.45402701289324e24
-6.416982996284753e24
-7.388138937979218e24
-8.367072396923179e24
-9.353355283259846e24
-1.034655407175138e25
-1.1346230018885758e25
-1.2351939383547165e25
-1.3363233651143743e25
-1.4379659761067211e25
-1.5400760337372472e25
-1.6426073922548537e25
-1.7455135214262526e25
-1.848747530494876e25
-1.952262192411177e25
-2.0560099683220706e25
-2.159943032305419e25
-2.2640132963371706e25
-2.3681724354766235e25
-2.4723719132569852e25
-2.576563007266925e25
-2.6806968349089486e25
-2.7847243793210626e25
-2.8885965154466136e25
-2.992264036238748e25
-3.095677678984133e25
-3.1987881517320247e25
-3.3015461598132607e25
-3.4039024324348955e25
-3.5058077493352625e25
-3.607212967484277e25
-3.7080690478144364e25
-3.8083270819666567e25
-3.907938319036526e25
-4.00685419230489e25
-4.105026345938366e25
-4.202406661643657e25
-4.2989472852609445e25
-4.394600653280849e25
-4.489319519269278e25
-4.583056980185546e25
-4.67576650257768e25
-4.767401948640281e25
-4.857917602119202e25
-4.9472681940481605e25
-5.035408928302119e25
-5.122295506951979e25
-5.207884155406203e25
-5.292131647323751e25
-5.374995329284156e25
-5.456433145199276e25
-5.536403660452872e25
-5.614866085752699e25
-5.691780300681357e25
-5.767106876931318e25
-5.840807101209901e25
-5.912842997800666e25
-5.98317735076681e25
-6.051773725783544e25
-6.118596491585407e25
-6.183610841015754e25
-6.246782811664848e25
-6.308079306084035e25
-6.367468111563192e25
-6.424917919458817e25
-6.480398344060875e25
-6.533879940985986e25
-6.585334225085618e25
-6.6347336878573124e25
-6.682051814348064e25
-6.727263099538699e25
-6.770343064198359e25
-6.811268270199044e25
-6.850016335279547e25
-6.886565947249352e25
-6.9208968776225564e25
-6.952989994672807e25
-6.982827275900084e25
-7.010391819900781e25
-7.035667857632755e25
-7.0586407630672505e25
-7.079297063220134e25
-7.097624447555015e25
-7.113611776751342e25
-7.127249090830763e25
-7.1385276166354916e25
-7.14743977465276e25
-7.153979185179781e25
-7.158140673824e25
-7.159920276333833e25
-7.159315242755436e25
-7.156324040911407e25
-7.150946359197741e25
-7.143183108695742e25
-7.1330364245959426e25
-7.120509666931496e25
-7.105607420618981e25
-7.088335494804763e25
-7.068700921515658e25
-7.046711953612911e25
-7.022378062048989e25
-6.995709932426943e25
-6.966719460862833e25
-6.935419749151573e25
-6.901825099237538e25
-6.865951006991333e25
-6.827814155294476e25
-6.787432406434596e25
-6.744824793813462e25
-6.700011512971349e25
-6.653013911930903e25
-6.603854480864682e25
-6.552556841090568e25
-6.499145733399748e25
-6.44364700572256e25
-6.386087600137425e25
-6.326495539229174e25
-6.264899911802668e25
-6.201330857958782e25
-6.135819553539552e25
-6.068398193950122e25
-5.999099977365433e25
-5.927959087329493e25
-5.855010674756467e25
-5.780290839341875e25
-5.703836610393891e25
-5.62568592709388e25
-5.545877618196723e25
-5.4644513811810476e25
-5.381447760860125e25
-5.296908127464868e25
-5.21087465420986e25
-5.12339029435474e25
-5.0344987577725135e25
-4.9442444870377345e25
-4.8526726330467375e25
-4.7598290301835105e25
-4.665760171044111e25
-4.570513180733274e25
-4.474135790747702e25
-4.376676312459232e25
-4.278183610213323e25
-4.178707074056795e25
-4.078296592110424e25
-3.977002522601136e25
-3.8748756655694e25
-3.7719672342678055e25
-3.6683288262660933e25
-3.564012394279516e25
-3.4590702167360584e25
-3.353554868099856e25
-3.247519188966644e25
-3.141016255948967e25
-3.034099351367508e25
-2.9268219327659286e25
-2.8192376022670605e25
-2.711400075786959e25
-2.6033631521254155e25
-2.495180681949854e25
-2.3869065366911636e25
-2.2785945773686297e25
-2.170298623362781e25
-2.0620724211535913e25
-1.9539696130424453e25
-1.8460437058763738e25
-1.7383480397921216e25
-1.6309357569992146e25
-1.5238597706194445e25
-1.4171727336019726e25
-1.3109270077317134e25
-1.2051746327494902e25
-1.0999672956028305e25
-9.953562998446222e24
-8.9139253519898e24
-7.881264473115665e24
-6.856080077033239e24
-5.838866839448798e24
-4.830114100703504e24
-3.8303055724781017e24
-2.8399190472444114e24
-1.8594261106427397e24
-8.892918569541083e23
7.0025392150843404e22
1.0180743654219951e24
1.9544111162198308e24
2.8785992929251643e24
3.7902104053911926e24
4.6888240872816077e24
5.574028354126403e24
6.445419856932656e24
7.302604131196627e24
8.145195841153273e24
8.972819019115786e24
9.785107299746209e24
1.0581704149113249e25
1.1362263088388182e25
1.2126447912033014e25
1.2873932900344626e25
1.360440302621068e25
1.431755415594837e25
1.5013093244087812e25
1.5690738521977806e25
1.6350219680081382e25
1.6991278043845605e25
1.7613666743023423e25
1.8217150874331818e25
1.880150765733848e25
1.9366526583464413e25
1.9912009558003474e25
2.0437771035053707e25
2.094363814526916e25
2.1429450816335198e25
2.189506188608283e25
2.234033720815632e25
2.276515575015307e25
2.3169409684162908e25
2.3553004469631807e25
2.391585892848658e25
2.4257905312454e25
2.457908936251939e25
2.4879370360469104e25
2.5158721172467046e25
2.5417128284622664e25
2.565459183050739e25
2.5871125610587042e25
2.6066757103536304e25
2.624152746941199e25
2.639549154466111e25
2.6528717828949045e25
2.6641288463794976e25
2.6733299203007156e25
2.680485937491703e25
2.6856091836412745e25
2.688713291878198e25
2.6898132365373574e25
2.6889253261097273e25
2.6860671953781957e25
2.681257796742018e25
2.6745173907330046e25
2.6658675357270923e25
2.6553310768554707e25
2.642932134119824e25
2.628696089716825e25
2.6126495745774288e25
2.594820454127032e25
2.5752378132730107e25
2.55393194062665e25
2.530934311966937e25
2.50627757295408e25
2.479995521101327e25
2.4521230870137308e25
2.422696314903291e25
2.3917523423902462e25
2.3593293796006695e25
2.325466687571035e25
2.290204555970905e25
2.2535842801551413e25
2.215648137557715e25
2.1764393634393635e25
2.1360021260019837e25
2.094381500882829e25
2.051623445042228e25
2.007774770058703e25
1.9628831148458055e25
1.9169969178057239e25
1.8701653884342928e25
1.8224384783933334e25
1.7738668520658455e25
1.7245018566104648e25
1.6743954915315315e25
1.6236003777816886e25
1.5721697264142472e25
1.5201573068026362e25
1.4676174144449178e25
1.4146048383712378e25
1.3611748281727832e25
1.3073830606706469e25
1.2532856062437155e25
1.1989388948345702e25
1.1443996816527136e25
1.0897250125951317e25
1.0349721894034327e25
9.801987345781131e24
9.254623560698602e24
8.708209117685473e24
8.163323738102861e24
7.620547927235286e24
7.080462614349311e24
6.54364879156112e24
6.01068715172538e24
5.482157725556457e24
4.958639518198209e24
4.440710145454678e24
3.92894546989958e24
3.4239192370791125e24
2.9262027120244517e24
2.4363643162945486e24
1.9549692657610997e24
1.4825792093581126e24
1.019751869010501e24
5.6704068096112383e23
1.2499443871182125e23
-3.0584306220333296e23
-7.249333773973346e23
-1.1317437645459156e24
-1.5257475318245203e24
-1.9064243836531377e24
-2.2732607635352827e24
-2.6257501937798645e24
-2.9633936118947396e24
-3.2856997034440276e24
-3.5921852311588156e24
-3.882375360098743e24
-4.1558039786576675e24
-4.4120140152119583e24
-4.650557750211147e24
-4.870997123512652e24
-5.072904036764658e24
-5.255860650643866e24
-5.419459676756985e24
-5.563304664017464e24
-5.687010279312569e24
-5.790202582276975e24
-5.872519293994556e24
-5.933610059450223e24
-5.973136703559878e24
-5.990773480607448e24
-5.986207316922335e24
-5.959138046635013e24
-5.909278640350138e24
-5.836355426582912e24
-5.740108305804909e24
-5.620290956953868e24
-5.476671036260822e24
-5.309030368257883e24
-5.117165128828019e24
-4.900886020168871e24
-4.660018437541273e24
-4.39440262768125e24
-4.1038938387591016e24
-3.788362461769639e24
-3.4476941632491846e24
-3.081790009211894e24
-2.6905665802107923e24
-2.2739560774271352e24
-1.831906419700348e24
-1.364381331417412e24
-8.71360421178921e23
-3.5283925117450715e23
1.911706028058578e23
7.606415007812315e23
1.3555296974724786e24
1.9757753107241495e24
2.6213022995063016e24
3.292018451534776e24
3.9878153805427815e24
4.7085685332381766e24
5.45413720596392e24
6.224364571085946e24
7.019077713114436e24
7.838087674571964e24
8.681189511602021e24
9.548162359319463e24
1.0438769506889337e25
1.1352758482315524e25
1.2289861146923155e25
1.3249793799498815e25
1.42322572900635e25
1.5236937143229953e25
1.6263503691106481e25
1.731161221569314e25
1.8380903100710604e25
1.9471001992806553e25
2.058151997206257e25
2.1712053731736185e25
2.2862185767150096e25
2.4031484573652507e25
2.5219504853548327e25
2.6425787731912667e25
2.764986098118228e25
2.889123925441339e25
3.01494243271026e25
3.142390534744164e25
3.2714159094894012e25
3.401965024695363e25
3.5339831653963033e25
3.6674144621841304e25
3.8022019202586686e25
3.938287449240126e25
4.075611893728092e25
4.214115064591939e25
4.353735770975388e25
4.494411852999434e25
4.636080215145275e25
4.778676860300478e25
4.922136924449841e25
5.066394711991936e25
5.211383731663422e25
5.357036733050327e25
5.503285743667907e25
5.650062106587477e25
5.7972965185910184e25
5.9449190688312525e25
6.092859277976969e25
6.241046137821568e25
6.389408151332222e25
6.5378733731186765e25
6.686369450297552e25
6.834823663730656e25
6.983162969612785e25
7.1313140413868115e25
7.279203311961148e25
7.4267570162065134e25
7.573901233707511e25
7.7205619317441246e25
7.86666500847951e25
8.012136336328059e25
8.156901805480022e25
8.30088736755623e25
8.444019079368713e25
8.586223146761347e25
8.727425968504474e25
8.86755418021902e25
9.006534698303014e25
9.144294763835938e25
9.280761986433872e25
9.415864388030674e25
9.549530446558052e25
9.681689139499594e25
9.812269987292294e25
9.941203096549392e25
1.0068419203079394e26
1.0193849714674394e26
1.0317426753642973e26
1.0439083199060813e26
1.0558752728714616e26
1.06763698607125e26
1.0791869994736622e26
1.0905189452912185e26
1.1016265520267506e26
1.1125036484761012e26
1.1231441676849348e26
1.1335421508573184e26
1.1436917512135267e26
1.1535872377947447e26
1.1632229992122553e26
1.1725935473387098e26
1.1816935209392321e26
1.1905176892399539e26
1.199060955431805e26
1.2073183601072187e26
1.2152850846276353e26
1.2229564544195439e26
1.2303279421969903e26
1.2373951711084124e26
1.244153917805731e26
1.2506001154337186e26
1.2567298565375964e26
1.2625393958869869e26
1.2680251532142615e26
1.2731837158654892e26
1.2780118413621255e26
1.2825064598717244e26
1.2866646765859482e26
1.2904837740041925e26
1.293961214121259e26
1.2970946405174745e26
1.2998818803497765e26
1.3023209462423034e26
1.3044100380750899e26
1.3061475446695333e26
1.307532045369329e26
1.3085623115156726e26
1.3092373078155324e26
1.3095561936019015e26
1.3095183239849688e26
1.309123250893229e26
1.3083707240035893e26
1.3072606915596264e26
1.305793301077175e26
1.3039688999365207e26
1.3017880358605194e26
1.2992514572780168e26
1.2963601135720712e26
1.2931151552124415e26
1.2895179337719672e26
1.2855700018264851e26
1.2812731127380024e26
1.2766292203209175e26
1.2716404783911439e26
1.2663092401980618e26
1.2606380577392957e26
1.254629680958368e26
1.248287056825376e26
1.2416133283008718e26
1.2346118331832236e26
1.2272861028398009e26
1.2196398608223706e26
1.211677021367184e26
1.2034016877803202e26
1.19481815070886e26
1.1859308862985821e26
1.1767445542389497e26
1.1672639956961744e26
1.1574942311352428e26
1.1474404580318862e26
1.137108048475458e26
1.1265025466638571e26
1.1156296662915931e26
1.1044952878322582e26
1.093105455716633e26
1.0814663754078234e26
1.0695844103747844e26
1.0574660789657377e26
1.045118051182989e26
1.0325471453607744e26
1.0197603247477507e26
1.0067646939958524e26
9.935674955573292e25
9.801761059917357e25
9.665980321848035e25
9.528409074811426e25
9.389124877327366e25
9.248206472653462e25
9.105733747648583e25
8.96178769085823e25
8.816450349843071e25
8.669804787774099e25
8.521935039316875e25
8.37292606582847e25
8.222863709892126e25
8.071834649212511e25
7.919926349898063e25
7.767227019154625e25
7.6138255574170635e25
7.459811509944334e25
7.305275017904821e25
7.1503067689791655e25
6.994997947507129e25
6.839440184207019e25
6.683725505494639e25
6.527946282430974e25
6.3721951793261805e25
6.216565102029591e25
6.061149145934157e25
5.906040543724552e25
5.7513326128995885e25
5.597118703096891e25
5.4434921432514895e25
5.290546188617113e25
5.138373967681544e25
4.98706842900542e25
4.836722288015956e25
4.6874279737855125e25
4.5392775758260095e25
4.392362790930261e25
4.24677487009042e25
4.102604565525211e25
3.959942077846076e25
3.8188770033938768e25
3.6794982817764783e25
3.5418941436380747e25
3.4061520586918897e25
3.2723586840455427e25
3.140599812851115e25
3.0109603233093656e25
2.8835241280593407e25
2.758374123982834e25
2.6355921424545434e25
2.5152589000672162e25
2.3974539498617228e25
2.282255633091803e25
2.16974103155212e25
2.059985920499367e25
1.953064722194406e25
1.8490504600946363e25
1.7480147137238478e25
1.6500275742484765e25
1.5551576007866262e25
1.463471777477623e25
1.3750354713388698e25
1.2899123909359013e25
1.2081645458921567e25
1.1298522072634613e25
1.0550338688027903e25
9.837662091395726e24
9.161040548978597e24
8.521003447771698e24
7.918060946188587e24
7.352703634810773e24
6.825402207440797e24
6.336607142678476e24
5.886748396226459e24
5.47623510413499e24
5.105455297179524e24
4.7747756265671873e24
4.4845411011586146e24
4.235074836384239e24
4.0266778150309775e24
3.8596286600654823e24
3.734183419656544e24
3.650575364549856e24
3.6090147979437476e24
3.6096888780061666e24
3.6527614531667433e24
3.7383729103108434e24
3.866640035994883e24
4.037655890795243e24
4.2514896968955865e24
4.5081867390100295e24
4.807768278732155e24
5.150231482392427e24
5.535549362497775e24
5.963670732821947e24
6.434520177203816e24
6.947998032107419e24
7.503980382984414e24
8.102319074477787e24
8.742841734491149e24
9.425351812145859e24
1.014962862963685e25
1.0915427447989084e25
1.1722479546713369e25
1.2570492317345973e25
1.3459149370852697e25
1.4388110658868064e25
1.535701260873455e25
1.6365468272293067e25
1.7413067488375317e25
1.849937705893566e25
1.9623940938750567e25
2.078628043861351e25
2.1985894441933807e25
2.322225963465215e25
2.4494830748365408e25
2.580304081655635e25
2.7146301443809215e25
2.8524003087883697e25
2.9935515354519928e25
3.1380187304828843e25
3.2857347775122024e25
3.436630570902453e25
3.590635050171009e25
3.7476752356082253e25
3.907676265072915e25
4.070561431946438e25
4.236252224225848e25
4.4046683647368e25
4.575727852444727e25
4.74934700484382e25
4.925440501400861e25
5.103921428032152e25
5.284701322589259e25
5.4676902213303015e25
5.6527967063521236e25
5.839927953957069e25
6.028989783930302e25
6.219886709699474e25
6.412521989351074e25
6.60679767747483e25
6.80261467780883e25
6.999872796656422e25
7.198470797045332e25
7.398306453600187e25
7.599276608097454e25
7.801277225672338e25
8.004203451647376e25
8.20794966894986e25
8.412409556087251e25
8.61747614564742e25
8.823041883292386e25
9.028998687210326e25
9.235238007994228e25
9.441650888913171e25
9.64812802654122e25
9.85455983171062e25
1.0060836490753893e26
1.0266848027001042e26
1.0472484362495437e26
1.0677635379893811e26
1.0882190984515324e26
1.10860411665029e26
1.1289076063062002e26
1.1491186020740195e26
1.1692261657712385e26
1.1892193926034461e26
1.209087417382994e26
1.2288194207373153e26
1.248404635303263e26
1.267832351903859e26
1.2870919257037858e26
1.3061727823400876e26
1.3250644240243617e26
1.343756435612905e26
1.3622384906411771e26
1.3805003573190575e26
1.3985319044832503e26
1.4163231075033132e26
1.4338640541378387e26
1.451144950337165e26
1.4681561259892085e26
1.48488804060494e26
1.5013312889400316e26
1.5174766065493217e26
1.5333148752706595e26
1.5488371286348636e26
1.56403455719841e26
1.5788985137956264e26
1.5934205187071456e26
1.607592264741456e26
1.6214056222263566e26
1.634852643907253e26
1.647925569749245e26
1.6606168316399774e26
1.6729190579903196e26
1.684825078229962e26
1.696327927195117e26
1.707420849405502e26
1.7180973032278695e26
1.7283509649234572e26
1.7381757325767244e26
1.747565729902824e26
1.7565153099313385e26
1.7650190585638845e26
1.773071798003209e26
1.7806685900515348e26
1.7878047392759355e26
1.7944757960386074e26
1.8006775593899964e26
1.806406079822792e26
1.8116576618848783e26
1.816428866649421e26
1.8207165140403742e26
1.8245176850116727e26
1.827829723578597e26
1.8306502386997748e26
1.8329771060084187e26
1.8348084693914413e26
1.8361427424152362e26
1.8369786095969464e26
1.8373150275201742e26
1.8371512257940847e26
1.8364867078551096e26
1.8353212516103663e26
1.8336549099221354e26
1.8314880109327156e26
1.8288211582292e26
1.8256552308477144e26
1.8219913831167127e26
1.817831044339188e26
1.813175918313563e26
1.8080279826932587e26
1.8023894881848847e26
1.7962629575852964e26
1.7896511846576827e26
1.7825572328469536e26
1.7749844338349473e26
1.7669363859358823e26
1.7584169523327223e26
1.7494302591550424e26
1.7399806933993287e26
1.7300729006925314e26
1.7197117828997836e26
1.708902495577502e26
1.6976504452729144e26
1.6859612866713806e26
1.6738409195927023e26
1.6612954858380622e26
1.6483313658889672e26
1.634955175459946e26
1.6211737619065557e26
1.6069942004906848e26
1.5924237905049588e26
1.5774700512581393e26
1.562140717923763e26
1.5464437372540269e26
1.5303872631612543e26
1.513979652169109e26
1.4972294587361495e26
1.4801454304541043e26
1.4627365031233401e26
1.4450117957083546e26
1.4269806051758326e26
1.4086524012182042e26
1.3900368208653555e26
1.3711436629876697e26
1.3519828826932988e26
1.332564585622607e26
1.3128990221431872e26
1.2929965814484483e26
1.272867785563189e26
1.2525232832593003e26
1.2319738438852396e26
1.2112303511125235e26
1.190303796602913e26
1.16920527359962e26
1.1479459704464509e26
1.1265371640383794e26
1.104990213207186e26
1.0833165520461638e26
1.0615276831774905e26
1.0396351709662772e26
1.0176506346849664e26
9.955857416322679e25
9.734522002104775e25
9.512617529650534e25
9.29026169590736e25
9.0675723990806e25
8.844667668144986e25
8.621665592141464e25
8.398684249303193e25
8.175841636051e25
7.95325559589909e25
7.731043748314909e25
7.509323417573434e25
7.288211561649342e25
7.067824701187151e25
6.848278848594213e25
6.629689437296631e25
6.412171251201958e25
6.195838354408767e25
5.980804021207786e25
5.767180666415479e25
5.555079776080924e25
5.344611838610361e25
5.135886276349039e25
4.929011377663378e25
4.724094229563103e25
4.52124065090645e25
4.320555126228538e25
4.122140740232302e25
3.926099112984688e25
3.732530335856178e25
3.541532908244736e25
3.3532036751216173e25
3.1676377654401945e25
2.984928531445212e25
2.8051674889195366e25
2.628444258408174e25
2.4548465074548217e25
2.2844598938889382e25
2.1173680101976537e25
1.9536523290201375e25
1.793392149797863e25
1.6366645466160726e25
1.4835443172687975e25
1.3341039335823303e25
1.1884134930286763e25
1.0465406716598918e25
9.085506783961812e24
7.745062106965317e24
6.444674116425976e24
5.18491828463212e24
3.966343725292782e24
2.7894728084542847e24
1.6548007906419046e24
5.627954604980599e23
-4.861031998485145e23
-1.491483337434514e24
-2.4529615349168954e24
-3.370183100595239e24
-4.242822341797347e24
-5.070582821431004e24
-5.853197597496033e24
-6.590429445383835e24
-7.28207106278299e24
-7.927945257036537e24
-8.527905114784662e24
-9.081834153758581e24
-9.589646456584832e24
-1.0051286786484738e25
-1.046673068474606e25
-1.0835984549868957e25
-1.1159085698297242e25
-1.1436102406646412e25
-1.1667133935362425e25
-1.1852310533747689e25
-1.1991793426310475e25
-1.2085774780392072e25
-1.2134477655048273e25
-1.2138155931170398e25
-1.2097094222835104e25
-1.201160776989302e25
-1.1882042311809736e25
-1.1708773942790201e25
-1.149220894822119e25
-1.1232783622484043e25
-1.0930964068199357e25
-1.0587245976973447e25
-1.0202154391729784e25
-9.776243450723178e24
-9.310096113336591e24
-8.804323867780127e24
-8.25956642081833e24
-7.676491369663876e24
-7.055793856186167e24
-6.398196203594798e24
-5.704447535768144e24
-4.975323379407612e24
-4.2116252492097e24
-3.4141802162573345e24
-2.583840459843618e24
-1.721482802949059e24
-8.280082316074374e23
9.565860159981281e22
1.0485698896633679e24
2.0297551986226947e24
3.0382220101232203e24
4.072956278772797e24
5.13292300400854e24
6.217066816169854e24
7.32431257646929e24
8.453565990545065e24
9.603714235262948e24
1.0773626598435498e25
1.196215513111077e25
1.3168135312082062e25
1.4390386724252674e25
1.5627713742488937e25
1.6878906232587666e25
1.8142740260970821e25
1.9417978814714167e25
2.07033725315168e25
2.1997660439204886e25
2.3299570704353595e25
2.4607821389614094e25
2.592112121931683e25
2.7238170352926172e25
2.8557661165903887e25
2.987827903754286e25
3.119870314532705e25
3.251760726535978e25
3.383366057840885e25
3.5145528481103513e25
3.6451873401823574e25
3.775135562080435e25
3.9042634093990495e25
4.0324367280158355e25
4.159521397083043e25
4.285383412249782e25
4.409888969066464e25
4.532904546523177e25
4.654296990672451e25
4.773933598287602e25
4.89168220050765e25
5.007411246418894e25
5.120989886524093e25
5.232288056049438e25
5.341176558040163e25
5.447527146194652e25
5.551212607387942e25
5.652106843835021e25
5.7500849548442955e25
5.8450233181122915e25
5.936799670510041e25
6.025293188312588e25
6.110384566822358e25
6.191956099338199e25
6.269891755421525e25
6.3440772584118e25
6.414400162143362e25
6.480749926816405e25
6.5430179939751214e25
6.601097860546277e25
6.654885151892189e25
6.704277693832309e25
6.749175583588176e25
6.789481259607166e25
6.825099570220529e25
6.855937841092457e25
6.881905941416975e25
6.902916348820229e25
6.91888421292655e25
6.929727417546963e25
6.935366641450043e25
6.935725417675203e25
6.930730191349725e25
6.92031037597101e25
6.90439840811713e25
6.8829298005489735e25
6.855843193667986e25
6.823080405295259e25
6.784586478737493e25
6.740309729107333e25
6.6902017878651885e25
6.6342176455523055e25
6.572315692684492e25
6.504457758776907e25
6.430609149472642e25
6.350738681747141e25
6.264818717163117e25
6.172825193149925e25
6.074737652284604e25
5.970539269551277e25
5.8602168775565765e25
5.743760989681728e25
5.621165821150847e25
5.492429307998017e25
5.357553123914784e25
5.216542694963877e25
5.069407212142961e25
4.916159641786091e25
4.7568167337892e25
4.591399027650139e25
4.4199308563128465e25
4.242440347806155e25
4.058959424671757e25
3.869523801173814e25
3.674172978286654e25
3.472950236455444e25
3.2659026261296034e25
3.05308095606724e25
2.834539779409906e25
2.61033737753156e25
2.380535741662742e25
2.145200552296171e25
1.904401156376746e25
1.6582105422856402e25
1.406705312625456e25
1.149965654814801e25
8.880753095054555e24
6.211215368322038e24
3.491950805102782e24
7.239012979292203e23
-2.0919572069232816e24
-4.95461513213551e24
-7.863029712904202e24
-1.081612546118814e25
-1.3812794650403315e25
-1.6851897820357455e25
-1.9932264302205585e25
-2.3052692763144116e25
-2.6211951770618994e25
-2.940878037575115e25
-3.2641888715723683e25
-3.5909958634808042e25
-3.9211644323735165e25
-4.254557297711071e25
-4.591034546851359e25
-4.930453704296573e25
-5.272669802640123e25
-5.617535455180104e25
-5.9649009301589295e25
-6.314614226592435e25
-6.666521151650593e25
-7.020465399546881e25
-7.376288631896696e25
-7.733830559502026e25
-8.092929025520894e25
-8.453420089974661e25
-8.815138115550861e25
-9.177915854653759e25
-9.541584537658848e25
-9.905973962320422e25
-1.0270912584285852e26
-1.0636227608668779e26
-1.1001745082628552e26
-1.1367289988908145e26
-1.1732686340277313e26
-1.2097757274832057e26
-1.2462325152094737e26
-1.2826211649863748e26
-1.3189237861759708e26
-1.355122439541228e26
-1.3911991471234683e26
-1.4271359021729337e26
-1.4629146791271455e26
-1.4985174436311871e26
-1.5339261625944012e26
-1.569122814277996e26
-1.6040893984075453e26
-1.63880794630492e26
-1.673260531033711e26
-1.7074292775526064e26
-1.7412963728706276e26
-1.7748440761986657e26
-1.8080547290913205e26
-1.840910765573399e26
-1.873394722245036e26
-1.9054892483596773e26
-1.937177115869224e26
-1.968441229430242e26
-1.9992646363656326e26
-2.0296305365757936e26
-2.059522292393659e26
-2.088923438377619e26
-2.1178176910366526e26
-2.146188958482056e26
-2.174021349999834e26
-2.2012991855382467e26
-2.228007005104756e26
-2.2541295780669382e26
-2.2796519123515963e26
-2.3045592635366095e26
-2.3288371438302308e26
-2.352471330932135e26
-2.37544787677106e26
-2.397753116113607e26
-2.419373675039101e26
-2.440296479275148e26
-2.4605087623889323e26
-2.479998073829088e26
-2.4987522868133147e26
-2.5167596060566934e26
-2.5340085753359678e26
-2.5504880848851e26
-2.566187378617349e26
-2.5810960611693985e26
-2.5952041047630277e26
-2.6085018558799782e26
-2.620980041745717e26
-2.6326297766179167e26
-2.643442567875624e26
-2.653410321905075e26
-2.662525349778351e26
-2.6707803727210965e26
-2.6781685273656598e26
-2.6846833707861337e26
-2.690318885311879e26
-2.6950694831162477e26
-2.6989300105773158e26
-2.701895752407606e26
-2.7039624355498542e26
-2.7051262328360308e26
-2.705383766406948e26
-2.7047321108899236e26
-2.703168796332112e26
-2.7006918108871635e26
-2.6972996032531905e26
-2.692991084859949e26
-2.687765631803411e26
-2.6816230865260392e26
-2.6745637592411277e26
-2.6665884290998673e26
-2.6576983450997062e26
-2.6478952267330226e26
-2.637181264375033e26
-2.625559119410015e26
-2.6130319240953054e26
-2.599603281162358e26
-2.5852772631546178e26
-2.5700584115017337e26
-2.553951735330247e26
-2.5369627100106682e26
-2.5190972754410915e26
-2.50036183406784e26
-2.4807632486435123e26
-2.460308839723191e26
-2.4390063828994294e26
-2.4168641057772075e26
-2.393890684689777e26
-2.3700952411567757e26
-2.3454873380858245e26
-2.3200769757194064e26
-2.293874587328611e26
-2.266891034655447e26
-2.2391376031060465e26
-2.2106259966965926e26
-2.181368332754529e26
-2.1513771363771505e26
-2.1206653346505408e26
-2.0892462506313692e26
-2.0571335970942963e26
-2.0243414700482996e26
-1.9908843420247896e26
-1.9567770551410164e26
-1.922034813941876e26
-1.886673178024023e26
-1.8507080544458233e26
-1.8141556899267503e26
-1.7770326628405416e26
-1.7393558750059222e26
-1.7011425432792394e26
-1.6624101909530535e26
-1.623176638965525e26
-1.5834599969247907e26
-1.5432786539532902e26
-1.502651269356425e26
-1.4615967631209077e26
-1.4201343062475617e26
-1.378283310923494e26
-1.3360634205392687e26
-1.2934944995560157e26
-1.2505966232281699e26
-1.2073900671869463e26
-1.163895296890598e26
-1.1201329569468807e26
-1.0761238603133687e26
-1.0318889773817805e26
-9.87449424951957e25
-9.4282645510173e25
-8.980414439583706e25
-8.53115880378217e25
-8.080713545404625e25
-7.629295464611417e25
-7.1771221443411235e25
-6.724411834050057e25
-6.271383332848824e25
-5.818255872096526e25
-5.365248997522981e25
-4.9125824509405505e25
-4.460476051614141e25
-4.009149577352624e25
-3.5588226453918214e25
-3.109714593134594e25
-2.662044358812335e25
-2.2160303621401065e25
-1.7718903850287133e25
-1.329841452424215e25
-8.900997133383952e24
-4.528803221425846e24
-1.839732019014246e23
4.131364821672498e24
8.415096230971536e24
1.2665121062746238e25
1.687935517270954e25
2.105573139280041e25
2.5192200681110927e25
2.928673326383066e25
3.3337319768576996e25
3.734197234840254e25
4.129872579586728e25
4.520563864649894e25
4.906079427103498e25
5.286230195576055e25
5.6608297970347096e25
6.029694662253694e25
6.392644129908963e25
6.749500549233196e25
7.100089381172603e25
7.444239297987537e25
7.781782281233448e25
8.112553718067354e25
8.436392495819752e25
8.753141094778569e25
9.062645679125544e25
9.364756185972055e25
9.659326412442482e25
9.946214100748317e25
1.0225281021204664e26
1.049639305313591e26
1.0759420263624304e26
1.1014236984049139e26
1.1260721884371225e26
1.1498758045118165e26
1.1728233027022074e26
1.1949038938269224e26
1.2161072499317097e26
1.2364235105240601e26
1.2558432885564698e26
1.2743576761547442e26
1.291958250087493e26
1.3086370769735149e26
1.3243867182233592e26
1.3392002347119698e26
1.3530711911794167e26
1.3659936603564871e26
1.3779622268125525e26
1.3889719905228992e26
1.3990185701532388e26
1.4080981060587954e26
1.4162072629959255e26
1.4233432325443474e26
1.4295037352379001e26
1.4346870224022904e26
1.4388918776982556e26
1.4421176183688301e26
1.444364096189396e26
1.4456316981195712e26
1.4459213466561449e26
1.4452344998861985e26
1.4435731512400417e26
1.440939828943508e26
1.4373375951695686e26
1.4327700448890882e26
1.4272413044210272e26
1.42075602968234e26
1.4133194041381857e26
1.4049371364530166e26
1.3956154578434702e26
1.3853611191340887e26
1.374181387517105e26
1.3620840430175685e26
1.3490773746654363e26
1.3351701763763663e26
1.3203717425430163e26
1.3046918633389706e26
1.288140819737511e26
1.270729378247599e26
1.2524687853696485e26
1.2333707617738034e26
1.21344749620363e26
1.1927116391082378e26
1.1711762960060721e26
1.1488550205837543e26
1.1257618075334092e26
1.101911085132385e26
1.0773177075689179e26
1.051996947017951e26
1.0259644854711617e26
9.992364063254996e25
9.718291857346917e25
9.437596837282596e25
9.15045135102806e25
8.857031400904243e25
8.557516548092051e25
8.252089815010007e25
7.940937585616966e25
7.624249503693909e25
7.302218369159629e25
6.9750400324773495e25
6.642913287208659e25
6.30603976077563e25
5.964623803488328e25
5.618872375900577e25
5.26899493455554e25
4.915203316183631e25
4.557711620417537e25
4.1967360910891825e25
3.832494996173925e25
3.4652085064498594e25
3.0950985729390424e25
2.7223888031998092e25
2.3473043365385113e25
1.9700717182118315e25
1.5909187726894163e25
1.2100744760491258e25
8.277688275747875e24
4.4423272063286024e24
5.969781289689954e23
-3.2560360400435304e24
-7.114387353412502e24
-1.0975744145661653e25
-1.4837772349495626e25
-1.869813681495145e25
-2.255450263057268e25
-2.6404536445858188e25
-3.0245907794229935e25
-3.407629041574989e25
-3.7893363578834176e25
-4.169481340019528e25
-4.547833416225817e25
-4.924162962728837e25
-5.298241434744981e25
-5.669841497007194e25
-6.038737153733198e25
-6.404703877961509e25
-6.7675187401789215e25
-7.126960536165351e25
-7.482809913980179e25
-7.83484950001644e25
-8.182864024048522e25
-8.526640443200312e25
-8.865968064760166e25
-9.200638667770665e25
-9.530446623321426e25
-9.855189013473346e25
-1.0174665748743855e26
-1.0488679684084275e26
-1.0797036733277875e26
-1.1099545981693475e26
-1.1396019797324855e26
-1.1686273940050455e26
-1.197012766904758e26
-1.2247403848296447e26
-1.2517929050110563e26
-1.2781533656630773e26
-1.3038051959221544e26
-1.3287322255709092e26
-1.3529186945402119e26
-1.3763492621837217e26
-1.3990090163192011e26
-1.4208834820310652e26
-1.4419586302287869e26
-1.4622208859556881e26
-1.4816571364432435e26
-1.5002547389056707e26
-1.5180015280699874e26
-1.534885823436856e26
-1.5508964362676224e26
-1.566022676293062e26
-1.5802543581396708e26
-1.593581807469308e26
-1.6059958668282996e26
-1.6174879012021325e26
-1.6280498032722014e26
-1.6376739983711594e26
-1.646353449133444e26
-1.654081659838062e26
-1.6608526804405896e26
-1.6666611102916004e26
-1.671502101538974e26
-1.675371362211723e26
-1.6782651589830805e26
-1.680180319610719e26
-1.681114235052423e26
-1.6810648612553966e26
-1.6800307206178516e26
-1.678010903121396e26
-1.6750050671333595e26
-1.6710134398779536e26
-1.666036817575693e26
-1.660076565250347e26
-1.653134616203328e26
-1.6452134711552713e26
-1.636316197054743e26
-1.6264464255545177e26
-1.615608351155751e26
-1.6038067290207822e26
-1.5910468724551748e26
-1.5773346500603042e26
-1.5626764825576092e26
-1.5470793392857096e26
-1.5305507343723771e26
-1.513098722582826e26
-1.4947318948465843e26
-1.4754593734647839e26
-1.4552908070006197e26
-1.4342363648553733e26
-1.4123067315325547e26
-1.3895131005935035e26
-1.3658671683071912e26
-1.3413811269978525e26
-1.3160676580935365e26
-1.2899399248796884e26
-1.263011564961266e26
-1.2352966824376794e26
-1.2068098397943708e26
-1.1775660495158646e26
-1.1475807654245956e26
-1.116869873750022e26
-1.0854496839333432e26
-1.0533369191724746e26
-1.0205487067127685e26
-9.871025678884282e25
-9.53016407920611e25
-9.183085054776425e25
-8.829975020029203e25
-8.4710239081695e25
-8.106425059991967e25
-7.73637511056293e25
-7.361073873825489e25
-6.980724225197851e25
-6.595531982228517e25
-6.205705783373724e25
-5.811456964970814e25
-5.412999436473208e25
-5.010549554021331e25
-4.604325992417179e25
-4.194549615581267e25
-3.781443345561809e25
-3.365232030174542e25
-2.946142309344862e25
-2.5244024802347717e25
-2.100242361229625e25
-1.6738931548610794e25
-1.2455873097507985e25
-8.155583816506162e24
-3.8404089366325054e24
4.872980427958278e23
4.8251767659429356e24
