7.499017968750006e-14
7.508617593173573e10
1.2059687113348447e12
6.14394134041848e12
1.9589121226740605e13
4.836198568967067e13
1.0164271150631773e14
1.9127750650910253e14
3.321508942701268e14
5.426226856640999e14
8.450281464551228e14
1.2662396481791572e15
1.8382878709096875e15
2.599040411410579e15
3.592935439104214e15
4.871767835615645e15
6.495525051789666e15
8.533269719405569e15
1.1064065863714908e16
1.4177945377773488e16
1.797691124069571e16
2.2575973789781916e16
2.8104216191305036e16
3.470588509692781e16
4.254150232258234e16
5.1788993244494536e16
6.264482747318332e16
7.532516724099677e16
9.006701882234888e16
1.071293821985566e17
1.2679439408129979e17
1.4936845932048317e17
1.7518336564389146e17
2.0459737660771094e17
2.379962975789406e17
2.757945095231241e17
3.184359653338551e17
3.663951434143111e17
4.201779532057793e17
4.803225873538868e17
5.474003152101289e17
6.220162123843991e17
7.048098210936406e17
7.964557360925007e17
8.976641110240375e17
1.0091810800921021e18
1.1317890900320137e18
1.2663071374425743e18
1.4135909066402143e18
1.574532803305229e18
1.7500618793103985e18
1.9411436442538867e18
2.1487797593609439e18
2.3740076095725804e18
2.6178997498038e18
2.88156322152916e18
3.1661387360390354e18
3.472799720905988e18
3.8027512264067046e18
4.1572286888610396e18
4.5374965480753367e18
4.944846716312371e18
5.380596896454476e18
5.846088747279621e18
6.34268589403185e18
6.87177178273756e18
7.434747376996917e18
8.033028696265305e18
8.668044194932353e18
9.341231981805715e18
1.005403687991288e19
1.0807907326846407e19
1.160429211619575e19
1.2444636980932082e19
1.3330381019940164e19
1.426295296922379e19
1.5243767319647371e19
1.627422028341585e19
1.73556856118378e19
1.848951026726154e19
1.9677009952421294e19
2.0919464500778807e19
2.221811313179563e19
2.3574149575421026e19
2.4988717070430798e19
2.6462903241601282e19
2.799773486105139e19
2.9594172499432178e19
3.125310507298776e19
3.297534429285314e19
3.4761619023293243e19
3.6612569555921543e19
3.852874180726769e19
4.051058144738821e19
4.2558427967534735e19
4.467250869520792e19
4.685293276523249e19
4.9099685055789195e19
5.1412620098632335e19
5.3791455973005206e19
5.623576819304257e19
5.8744983598714905e19
6.131837426062637e19
6.395505140922525e19
6.665395939922043e19
6.941386972022332e19
7.223337506484599e19
7.511088346568792e19
7.804461251283128e19
8.103258366363856e19
8.407261665680921e19
8.716232404279688e19
9.02991058428233e19
9.348014434884154e19
9.670239907690388e19
9.996260188647722e19
1.0325725227831884e20
1.0658261288358006e20
1.09934705156844e20
1.1330930528582332e20
1.167019403304479e20
1.2010788460405855e20
1.2352215630939092e20
1.2693951444198333e20
1.3035445597357479e20
1.3376121332797255e20
1.3715375216176267e20
1.4052576946211291e20
1.4387069197377559e20
1.4718167496723292e20
1.504516013597486e20
1.5367308120088674e20
1.5683845153384048e20
1.5993977664367257e20
1.6296884870331092e20
1.659171888278652e20
1.6877604854753326e20
1.7153641170904737e20
1.7418899681527772e20
1.7672425981225327e20
1.7913239733248845e20
1.8140335040311008e20
1.8352680862686983e20
1.8549221484369668e20
1.8728877027999895e20
1.8890544019245705e20
1.9033096001256984e20
1.9155384199771413e20
1.925623823939621e20
1.933446691153684e20
1.9388858994388802e20
1.9418184125352336e20
1.9421193726171673e20
1.9396621981041e20
1.9343186867858483e20
1.9259591242747144e20
1.9144523977898036e20
1.899666115272587e20
1.881466729826145e20
1.859719669463761e20
1.8342894721457285e20
1.8050399260762604e20
1.771834215225351e20
1.7345350700333354e20
1.693004923248632e20
1.647106070841897e20
1.5967008379324318e20
1.541651749655279e20
1.481821706889956e20
1.417074166764241e20
1.347273327838893e20
1.2722843198715537e20
1.1919733980504942e20
1.1062081415812504e20
1.014857656501496e20
9.17792782591957e19
8.148863042434846e19
7.06013165132839e19
5.910506865521636e19
4.698787892295945e19
3.4238021847097467e19
2.0844077244521873e19
6.794953342851891e18
-7.920089818471498e18
-2.331141673034538e19
-3.93889925200587e19
-5.616235884258037e19
-7.364060957910738e19
-9.18323663655787e19
-1.1074575397452158e20
-1.3038837557424744e20
-1.5076728789004688e20
-1.718889762926537e20
-1.9375932983984826e20
-2.163836162976507e20
-2.3976645716812667e20
-2.6391180275136597e20
-2.8882290726972254e20
-3.1450230408290986e20
-3.4095178102301825e20
-3.6817235587899366e20
-3.9616425206053254e20
-4.249268744717734e20
-4.5445878562554393e20
-4.8475768202926594e20
-5.1582037087398343e20
-5.476427470582355e20
-5.802197705788236e20
-6.135454443207049e20
-6.476127922785238e20
-6.824138382424154e20
-7.179395849809025e20
-7.541799939538375e20
-7.91123965588372e20
-8.287593201510675e20
-8.670727792492021e20
-9.060499479943892e20
-9.456752978615017e20
-9.859321502758774e20
-1.0268026609615967e21
-1.0682678050835409e21
-1.110307363215653e21
-1.1528999081677022e21
-1.1960227927024646e21
-1.2396521381750605e21
-1.2837628241257038e21
-1.3283284788568774e21
-1.3733214710254126e21
-1.4187129022795733e21
-1.4644726009707068e21
-1.5105691169685184e21
-1.5569697176084066e21
-1.6036403847987716e21
-1.6505458133154406e21
-1.6976494103097995e21
-1.7449132960563617e21
-1.7922983059648684e21
-1.8397639938811002e21
-1.8872686366998227e21
-1.934769240312372e21
-1.9822215469104816e21
-2.029580043667003e21
-2.07679797281319e21
-2.1238273431311908e21
-2.1706189428793273e21
-2.2171223541666834e21
-2.2632859687923255e21
-2.3090570055634376e21
-2.3543815291053154e21
-2.3992044701750746e21
-2.443469647489585e21
-2.4871197910768917e21
-2.530096567159072e21
-2.572340604573112e21
-2.613791522735033e21
-2.654387961151093e21
-2.69406761047845e21
-2.732767245136259e21
-2.7704227574666447e21
-2.8069691934435574e21
-2.8423407899259343e21
-2.8764710134501233e21
-2.9092926005548915e21
-2.940737599630808e21
-2.970737414284208e21
-2.9992228482042665e21
-3.0261241515201853e21
-3.051371068633771e21
-3.0748928875110764e21
-3.0966184904151075e21
-3.116476406059947e21
-3.134394863164926e21
-3.150301845385859e21
-3.1641251475986097e21
-3.1757924335085934e21
-3.185231294558163e21
-3.1923693101020715e21
-3.1971341088195577e21
-3.199453431329945e21
-3.199255193976882e21
-3.1964675537447666e21
-3.191018974269206e21
-3.182838292901671e21
-3.1718547887869337e21
-3.157998251910184e21
-3.1411990530691737e21
-3.1213882147250687e21
-3.098497482684191e21
-3.072459398561225e21
-3.043207372972918e21
-3.0106757594098964e21
-2.974799928732568e21
-2.935516344235798e21
-2.8927626372255045e21
-2.846477683048956e21
-2.7966016775192167e21
-2.7430762136728125e21
-2.6858443587984483e21
-2.624850731673273e21
-2.560041579942086e21
-2.491364857573584e21
-2.4187703023266997e21
-2.3422095131589634e21
-2.2616360275077628e21
-2.177005398374432e21
-2.0882752711400458e21
-1.9954054600410755e21
-1.8983580242320158e21
-1.797097343361455e21
-1.69159019258725e21
-1.5818058169558206e21
-1.4677160050699115e21
-1.349295161968664e21
-1.2265203811432902e21
-1.0993715156112177e21
-9.678312479712168e20
-8.318851593616076e20
-6.915217972435705e20
-5.4673274193121955e20
-3.9751267179005634e20
-2.4385942702541662e20
-8.577407198243796e19
7.673904412073709e19
2.4367222810470777e20
4.150143854634735e20
5.907509647995946e20
7.708639041371536e20
9.553315791893105e20
1.1441287536567606e21
1.337226531632761e21
1.53459231218976e21
1.7361897462219156e21
1.941978695616925e21
2.1519151948297446e21
2.365951414929737e21
2.584035630191808e21
2.806112187300964e21
3.0321214772383045e21
3.261999909915666e21
3.4956798916241297e21
3.733089805360861e21
3.9741539940965517e21
4.2187927470448574e21
4.4669222889928403e21
4.718454772750474e21
4.973298274774567e21
5.231356794021628e21
5.49253025408109e21
5.75671450863946e21
6.023801350322799e21
6.293678522963669e21
6.566229737335683e21
6.841334690397249e21
7.11886908808294e21
7.398704671679322e21
7.680709247818692e21
7.964746722122591e21
8.250677136523266e21
8.538356710289726e21
8.827637884781125e21
9.11836937194851e21
9.410396206602186e21
9.703559802459854e21
9.997698011986892e21
1.0292645190038108e22
1.058823226130619e22
1.0884286791579997e22
1.1180633062811827e22
1.1477092151990285e22
1.1773482013811662e22
1.2069617567139858e22
1.2365310785241202e22
1.266037078977773e22
1.2954603948538457e22
1.3247813976885312e22
1.3539802042887003e22
1.3830366876110072e22
1.411930488003383e22
1.440641024805145e22
1.4691475083017012e22
1.4974289520293726e22
1.5254641854256188e22
1.553231866819485e22
1.5807104967568613e22
1.6078784316546658e22
1.6347138977778369e22
1.6611950055325555e22
1.6872997640688804e22
1.713006096185513e22
1.7382918535291897e22
1.7631348320807252e22
1.7875127879195112e22
1.8114034532578304e22
1.8347845527360806e22
1.8576338199696321e22
1.8799290143377262e22
1.9016479380044903e22
1.9227684531618185e22
1.943268499483561e22
1.9631261117801407e22
1.9823194378423893e22
2.0008267564631544e22
2.0186264956248307e22
2.0356972508407954e22
2.052017803638301e22
2.067567140170268e22
2.082324469942974e22
2.0962692446465166e22
2.109381177074541e22
2.121640260119618e22
2.133026785830243e22
2.143521364515379e22
2.1531049438820516e22
2.1617588281914736e22
2.1694646974187986e22
2.17620462640156e22
2.1819611039615242e22
2.186717051984611e22
2.1904558444433285e22
2.1931613263459978e22
2.194817832596942e22
2.1954102067515936e22
2.1949238196504856e22
2.1933445879158228e22
2.190658992294378e22
2.1868540958302206e22
2.181917561850862e22
2.175837671750206e22
2.168603342551746e22
2.1602041442352874e22
2.150630316810623e22
2.1398727871213878e22
2.1279231853624864e22
2.1147738612943284e22
2.1004179001373446e22
2.0848491381300763e22
2.06806217773439e22
2.050052402471231e22
2.0308159913706387e22
2.0103499330196358e22
1.9886520391918795e22
1.9657209580429337e22
1.9415561868553373e22
1.9161580843176336e22
1.889527882321802e22
1.861667697263688e22
1.8325805408311616e22
1.8022703302650978e22
1.7707418980783223e22
1.7380010012180606e22
1.704054329657533e22
1.6689095144027894e22
1.6325751349009902e22
1.595060725836767e22
1.5563767833034888e22
1.516534770336743e22
1.4755471217975217e22
1.4334272485930945e22
1.3901895412237734e22
1.3458493726443377e22
1.3004231004291213e22
1.2539280682302828e22
1.2063826065190969e22
1.157806032600694e22
1.1082186498929603e22
1.0576417464609032e22
1.0060975927981337e22
9.536094388477552e21
9.002015102553159e21
8.458990038470367e21
7.907280823271066e21
7.347158681882058e21
6.778904368302022e21
6.202808088822681e21
5.619169417244435e21
5.028297202050282e21
4.4305094655101035e21
3.8261332946911557e21
3.215504724358108e21
2.598968611750646e21
1.9768785032346505e21
1.3495964928273107e21
7.174930726044555e20
8.094697500300437e19
-5.5965499295990284e20
-1.203918123525166e21
-1.8514399900532652e21
-2.501810636870025e21
-3.1546127770486403e21
-3.809421998075796e21
-4.4658069753407996e21
-5.12332969338198e21
-5.781545674815566e21
-6.44000421686738e21
-7.098248635419936e21
-7.755816516480506e21
-8.412239974970023e21
-9.067045920724044e21
-9.719756331592127e21
-1.036988853351338e22
-1.1016955487440865e22
-1.1660466082979105e22
-1.2299925438593243e22
-1.2934835208241325e22
-1.3564693894274868e22
-1.418899716644531e22
-1.4807238186848372e22
-1.5418907940631261e22
-1.6023495572281427e22
-1.6620488727308892e22
-1.7209373899127966e22
-1.7789636780937936e22
-1.836076262239654e22
-1.8922236590872687e22
-1.947354413706054e22
-2.001417136472977e22
-2.0543605404382173e22
-2.106133479057789e22
-2.1566849842690304e22
-2.2059643048842093e22
-2.253920945276999e22
-2.3005047043361365e22
-2.3456657146599063e22
-2.38935448196478e22
-2.4315219246809388e22
-2.4721194137070286e22
-2.511098812295992e22
-2.5484125160434467e22
-2.584013492949618e22
-2.6178553235255205e22
-2.6498922409135884e22
-2.680079170992746e22
-2.70837177243741e22
-2.73472647669977e22
-2.759100527884235e22
-2.781452022482789e22
-2.801739948939613e22
-2.8199242270132595e22
-2.8359657469042475e22
-2.8498264081159535e22
-2.8614691580163568e22
-2.8708580300681277e22
-2.8779581816943946e22
-2.882735931747428e22
-2.8851587975474196e22
-2.88519553145843e22
-2.8828161569686278e22
-2.8779920042418554e22
-2.87069574510765e22
-2.860901427456823e22
-2.8485845090098446e22
-2.8337218904252916e22
-2.81629194771584e22
-2.796274563939317e22
-2.7736511601326063e22
-2.7484047254563032e22
-2.7205198465183374e22
-2.6899827358449508e22
-2.656781259467737e22
-2.620904963595745e22
-2.582345100341992e22
-2.5410946524740686e22
-2.4971483571588923e22
-2.4505027286721427e22
-2.401156080043257e22
-2.349108543607406e22
-2.294362090436294e22
-2.2369205486202137e22
-2.1767896203742734e22
-2.1139768979422926e22
-2.0484918782725122e22
-1.980345976439741e22
-1.9095525377894307e22
-1.8361268487796275e22
-1.7600861464975838e22
-1.6814496268283952e22
-1.6002384512540186e22
-1.5164757522614852e22
-1.4301866373401838e22
-1.3413981915486936e22
-1.2501394786326963e22
-1.1564415406761472e22
-1.0603373962689987e22
-9.618620371753608e21
-8.610524234873393e21
-7.579474772502946e21
-6.525880745466347e21
-5.450170360258581e21
-4.352791158699531e21
-3.2342098918401555e21
-2.0949123780310907e21
-9.354033450741693e20
2.4379374361143935e20
1.4421368788657405e21
2.659065711754291e21
3.8940017756581103e21
5.146348724512694e21
6.415492587205956e21
7.700802038137432e21
9.00162868392527e21
1.031730736623985e22
1.1647156480726046e22
1.2990478311968358e22
1.4346559384437284e22
1.5714670829346717e22
1.7094068767335138e22
1.8483994706875469e22
1.9883675958302034e22
2.129232606333436e22
2.2709145239960257e22
2.41333208425326e22
2.556402783691758e22
2.7000429290523403e22
2.8441676877021036e22
2.9886911395560434e22
3.13352633042693e22
3.2785853267812333e22
3.423779271877163e22
3.5690184432601415e22
3.7142123115892974e22
3.85926960076777e22
4.004098349347899e22
4.1486059731815305e22
4.29269932928424e22
4.436284780881039e22
4.579268263600136e22
4.721555352779791e22
4.8630513318524155e22
5.003661261768742e22
5.143290051423857e22
5.281842529045526e22
5.4192235145044016e22
5.555337892504359e22
5.690090686610344e22
5.823387134069778e22
5.955132761382784e22
6.08523346057527e22
6.213595566128119e22
6.340125932514471e22
6.464732012296399e22
6.587321934731168e22
6.707804584836524e22
6.82608968286339e22
6.942087864123656e22
7.055710759119867e22
7.166871073922869e22
7.275482670742591e22
7.3814606486366065e22
7.484721424300234e22
7.585182812881385e22
7.68276410876278e22
7.777386166253349e22
7.868971480130379e22
7.957444265973123e22
8.042730540228468e22
8.12475819994839e22
8.20345710213891e22
8.278759142659585e22
8.35059833461253e22
8.418910886159326e22
8.483635277704258e22
8.544712338381911e22
8.602085321787066e22
8.655699980884657e22
8.705504642037565e22
8.751450278089841e22
8.793490580443166e22
8.831582030064122e22
8.865683967360266e22
8.895758660862824e22
8.921771374654259e22
8.943690434479093e22
8.961487292476569e22
8.975136590474132e22
8.984616221781234e22
8.98990739142301e22
8.990994674754196e22
8.987866074393913e22
8.980513075422782e22
8.968930698784021e22
8.953117552831254e22
8.933075882966131e22
8.908811619309874e22
8.880334422353375e22
8.847657726531516e22
8.810798781668145e22
8.769778692239254e22
8.724622454402515e22
8.675358990742776e22
8.62202118268384e22
8.564645900518273e22
8.503274031007794e22
8.43795050250828e22
8.368724307574503e22
8.295648523001216e22
8.218780327258144e22
8.138181015278228e22
8.05391601055959e22
7.966054874543402e22
7.87467131323099e22
7.779843181005415e22
7.681652481623984e22
7.58018536635028e22
7.475532129195203e22
7.367787199238893e22
7.257049130006743e22
7.143420585874741e22
7.027008325480751e22
6.9079231821206595e22
6.786280041109776e22
6.662197814092212e22
6.535799410282259e22
6.407211704624321e22
6.276565502859621e22
6.143995503490129e22
6.0096402566318186e22
5.873642119751746e22
5.736147210285634e22
5.597305355134179e22
5.457270037039088e22
5.31619833784144e22
5.17425087862772e22
5.031591756770322e22
4.888388479872176e22
4.7448118966269715e22
4.60103612460887e22
4.45723847500766e22
4.313599374327713e22
4.170302283071205e22
4.027533611428574e22
3.885482632001067e22
3.744341389582833e22
3.604304608032123e22
3.4655695942635955e22
3.3283361393956633e22
3.192806417089496e22
3.0591848791182156e22
2.927678148207443e22
2.7984949081901493e22
2.6718457915214265e22
2.547943264200769e22
2.427001508151935e22
2.3092363011122795e22
2.1948648940860445e22
2.084105886417966e22
1.977179098546106e22
1.8743054424943383e22
1.7757067901676978e22
1.681605839515433e22
1.5922259786290176e22
1.5077911478440087e22
1.428525699917112e22
1.35465425835138e22
1.2864015739449023e22
1.2239923796396667e22
1.167651243749719e22
1.1176024216492285e22
1.0740697060031454e22
1.037276275624656e22
1.0074445430454865e22
9.847960008870066e21
9.695510671212256e21
9.619289293129708e21
9.621473879355522e21
9.704226988542214e21
9.869694150726532e21
1.0120002278396527e22
1.045725807214088e22
1.0883546421878648e22
1.140092880467498e22
1.2011441680165082e22
1.2717094884615406e22
1.351987002466587e22
1.442171887180289e22
1.5424561758627212e22
1.6530285977983536e22
1.774074418603319e22
1.9057752810353815e22
2.048309046415895e22
2.201849636773785e22
2.366566877821792e22
2.542626342876043e22
2.7301891978301362e22
2.9294120472956576e22
3.1404467820207576e22
3.3634404276991433e22
3.598534995281577e22
3.845867332902432e22
4.105568979533237e22
4.377766020475659e22
4.662578944805696e22
4.960122504881111e22
5.2705055780231426e22
5.593831030483759e22
5.93019558380874e22
6.279689683706907e22
6.64239737153424e22
7.018396158501926e22
7.407756902715762e22
7.810543689154255e22
8.226813712690734e22
8.65661716426476e22
9.099997120306759e22
9.556989435517895e22
1.002762263910699e23
1.0511917834584224e23
1.1009888603210144e23
1.1521540911196988e23
1.2046873020757844e23
1.258587540509693e23
1.3138530667434135e23
1.3704813464152448e23
1.4284690432157843e23
1.4878120120537352e23
1.548505292659984e23
1.6105431036381467e23
1.6739188369696097e23
1.7386250529807807e23
1.804653475780213e23
1.8719949891727285e23
1.9406396330577453e23
2.0105766003185227e23
2.0817942342089034e23
2.154280026243792e23
2.2280206145994095e23
2.3030017830290108e23
2.379208460299477e23
2.4566247201540427e23
2.5352337818058213e23
2.615018010966822e23
2.695958921416624e23
2.7780371771146248e23
2.8612325948594923e23
2.9455241474990763e23
3.030889967693692e23
3.1173073522354953e23
3.204752766926081e23
3.293201852014334e23
3.382629428196093e23
3.4730095031768295e23
3.564315278798272e23
3.656519158729464e23
3.74959275672238e23
3.84350690543201e23
3.9382316658002025e23
4.0337363370024084e23
4.129989466955981e23
4.22695886338835e23
4.324611605463017e23
4.422914055960904e23
4.521831874014246e23
4.621330028389778e23
4.7213728113177776e23
4.8219238528627805e23
4.9229461358317516e23
5.024402011214986e23
5.1262532141545366e23
5.2284608804347254e23
5.330985563488861e23
5.433787251915797e23
5.536825387499874e23
5.6400588837270025e23
5.743446144789607e23
5.846945085072637e23
5.9505131491124385e23
6.054107332020027e23
6.157684200359793e23
6.261199913474384e23
6.364610245246248e23
6.467870606285665e23
6.570936066535064e23
6.673761378278853e23
6.776300999547776e23
6.878509117906357e23
6.980339674611721e23
7.081746389131707e23
7.182682784009984e23
7.283102210065277e23
7.38295787191183e23
7.482202853787685e23
7.580790145677128e23
7.67867266971341e23
7.775803306847402e23
7.872134923767781e23
7.967620400057787e23
8.062212655573701e23
8.15586467802943e23
8.248529550771856e23
8.340160480730936e23
8.43071082652857e23
8.52013412672989e23
8.608384128220496e23
8.695414814692732e23
8.781180435224365e23
8.865635532932165e23
8.948734973683381e23
9.030433974847384e23
9.110688134070004e23
9.189453458052595e23
9.266686391318019e23
9.34234384494526e23
9.416383225254757e23
9.488762462425819e23
9.559440039027906e23
9.6283750184472e23
9.69552707318987e23
9.760856513043439e23
9.824324313077428e23
9.885892141464651e23
9.945522387104315e23
1.0003178187028145e24
1.0058823453570702e24
1.0112422901285096e24
1.0163942073585401e24
1.0213347369096831e24
1.0260606067695148e24
1.0305686356216541e24
1.0348557353819417e24
1.0389189136979591e24
1.0427552764100441e24
1.046362029971972e24
1.0497364838294857e24
1.0528760527548623e24
1.0557782591357269e24
1.0584407352163373e24
1.0608612252895775e24
1.0630375878379213e24
1.0649677976216341e24
1.0666499477125249e24
1.0680822514715537e24
1.0692630444686482e24
1.0701907863430856e24
1.0708640626028461e24
1.071281586361343e24
1.0714422000099853e24
1.0713448768250458e24
1.0709887225073449e24
1.0703729766532838e24
1.0694970141558018e24
1.0683603465338572e24
1.0669626231890847e24
1.0653036325882878e24
1.0633833033704984e24
1.0612017053773326e24
1.0587590506054646e24
1.0560556940800231e24
1.053092134647797e24
1.0498690156891638e24
1.0463871257477084e24
1.0426473990765217e24
1.0386509161002442e24
1.0343989037919368e24
1.029892735963944e24
1.025133933471919e24
1.0201241643312673e24
1.0148652437452944e24
1.009359134044408e24
1.0036079445357575e24
9.976139312627682e23
9.913794966740635e23
9.84907189201336e23
9.781997027457682e23
9.712598760726731e23
9.64090692114066e23
9.566952771789583e23
9.490769000711901e23
9.412389711146987e23
9.331850410861727e23
9.249188000550984e23
9.164440761312587e23
9.077648341198104e23
8.988851740841357e23
8.898093298166911e23
8.805416672181718e23
8.710866825853513e23
8.614490008080278e23
8.516333734755449e23
8.416446768934529e23
8.314879100109e23
8.21168192259443e23
8.10690761303976e23
8.000609707065949e23
7.892842875042235e23
7.783662897009388e23
7.673126636759402e23
7.561292015082056e23
7.44821798218925e23
7.333964489328713e23
7.218592459598986e23
7.102163757978563e23
6.984741160582301e23
6.866388323159191e23
6.747169748845727e23
6.627150755189886e23
6.506397440461415e23
6.384976649264588e23
6.262955937469899e23
6.14040353648216e23
6.0173883168626215e23
5.893979751323594e23
5.77024787711423e23
5.64626325781686e23
5.522096944573774e23
5.397820436764852e23
5.2735056421567146e23
5.1492248365448386e23
5.025050622910331e23
4.901055890113768e23
4.777313771148504e23
4.653897600976855e23
4.5308808739723866e23
4.40833720099263e23
4.2863402661062044e23
4.164963782999228e23
4.0442814510862314e23
3.924366911350759e23
3.8052937019417034e23
3.6871352135513106e23
3.569964644601469e23
3.453854956264855e23
3.338878827348079e23
3.225108609064015e23
3.112616279721036e23
3.0014733993567076e23
2.891751064344115e23
2.7835198619989888e23
2.676849825215959e23
2.5718103871626284e23
2.4684703360600463e23
2.3668977700785865e23
2.267160052378075e23
2.169323766321337e23
2.073454670890223e23
1.9796176563335325e23
1.8878767000758667e23
1.7982948229168833e23
1.7109340455501575e23
1.6258553454311185e23
1.5431186140230807e23
1.4627826144508373e23
1.3849049395908e23
1.3095419706269487e23
1.2367488361013477e23
1.1665793714882554e23
1.0990860793204051e23
1.0343200898961621e23
9.723311225957238e22
9.131674478346855e22
8.568758496827955e22
8.035015891757626e22
7.530883683473627e22
7.056782950091683e22
6.613118483046637e22
6.200278450644252e22
5.818634069884405e22
5.468539286815307e22
5.150330465672998e22
4.864326087058158e22
4.61082645539562e22
4.390113415920088e22
4.202450081426504e22
4.048080569017424e22
3.927229747076709e22
3.840102992693149e22
3.786885959752295e22
3.7677443579092637e22
3.78282374265039e22
3.8322493166451494e22
3.91612574258485e22
4.034536967697265e22
4.187546060120973e22
4.375195057317515e22
4.597504826691151e22
4.854474938580864e22
5.146083551781905e22
5.472287311747004e22
5.833021261611143e22
6.228198766175113e22
6.657711448976663e22
7.121429142571458e22
7.61919985213577e22
8.150849732497705e22
8.716183078694733e22
9.3149823301472e22
9.947008088529922e22
1.0611999149415342e23
1.1309672547753822e23
1.2039723617247129e23
1.280182606366574e23
1.3595632052147044e23
1.4420772308507796e23
1.527685623459252e23
1.6163472037671775e23
1.7080186873895034e23
1.802654700579441e23
1.90020779738253e23
2.000628478192395e23
2.103865209704808e23
2.2098644462662397e23
2.3185706526118907e23
2.429926327987321e23
2.5438720316469656e23
2.6603464097218166e23
2.7792862234475417e23
2.900626378743803e23
3.024299957133934e23
3.1502382479938804e23
3.278370782117949e23
3.408625366588225e23
3.540928120933492e23
3.675203514562597e23
3.8113744054563335e23
3.949362080100889e23
4.089086294645338e23
4.2304653172642114e23
4.373415971705807e23
4.517853682005783e23
4.6636925183447045e23
4.810845244027449e23
4.9592233635613684e23
5.108737171809349e23
5.2592958041932756e23
5.410807287922049e23
5.5631785942180256e23
5.716315691514688e23
5.870123599597617e23
6.0245064446600064e23
6.179367515243284e23
6.334609319032491e23
6.490133640475716e23
6.645841599195551e23
6.801633709160359e23
6.957409938582248e23
7.113069770507937e23
7.268512264068162e23
7.423636116350414e23
7.578339724859529e23
7.732521250529622e23
7.886078681250786e23
8.038909895872768e23
8.190912728647952e23
8.34198503407502e23
8.492024752104323e23
8.640929973665472e23
8.788599006477266e23
8.934930441099538e23
9.079823217186236e23
9.223176689898475e23
9.3648906964361e23
9.50486562264591e23
9.643002469664334e23
9.779202920552068e23
9.913369406878072e23
1.0045405175209778e24
1.0175214353466458e24
1.0302702017092381e24
1.0427774255006107e24
1.0550338235282435e24
1.0670302270523091e24
1.0787575882872372e24
1.0902069868633871e24
1.1013696362444316e24
1.1122368900960549e24
1.1228002486015955e24
1.1330513647202269e24
1.1429820503833198e24
1.1525842826246142e24
1.1618502096398575e24
1.1707721567715796e24
1.1793426324146916e24
1.1875543338386194e24
1.1954001529217197e24
1.2028731817937371e24
1.2099667183821089e24
1.2166742718579434e24
1.2229895679775582e24
1.228906554315471e24
1.2344194053848193e24
1.2395225276411951e24
1.2442105643659502e24
1.248478400425077e24
1.2523211668998203e24
1.2557342455852322e24
1.258713273352944e24
1.2612541463744995e24
1.2633530242016434e24
1.265006333700041e24
1.2662107728329717e24
1.2669633142916106e24
1.2672612089685887e24
1.267101989271607e24
1.2664834722739547e24
1.2654037626988666e24
1.2638612557347424e24
1.2618546396783415e24
1.2593828984031596e24
1.2564453136502693e24
1.2530414671390311e24
1.2491712424951652e24
1.2448348269937626e24
1.2400327131149416e24
1.2347656999099372e24
1.229034894175538e24
1.2228417114348843e24
1.2161878767227261e24
1.209075425173421e24
1.2015067024099878e24
1.1934843647326963e24
1.1850113791057776e24
1.176091022940959e24
1.1667268836766459e24
1.1569228581517106e24
1.1466831517729336e24
1.1360122774753287e24
1.1249150544746534e24
1.113396606811563e24
1.101462361686989e24
1.089118047588457e24
1.0763696922071794e24
1.0632236201459023e24
1.049686450417624e24
1.0357650937353928e24
1.0214667495936051e24
1.0067989031412824e24
9.917693218479805e23
9.763860519631244e23
9.60657414769669e23
9.445920026331543e23
9.281986748473513e23
9.114865532777976e23
8.94465017804732e23
8.771437015669964e23
8.595324860086631e23
8.416414957302498e23
8.234810931465466e23
8.050618729531929e23
7.863946564043053e23
7.67490485403532e23
7.483606164111433e23
7.290165141697945e23
7.094698452518082e23
6.897324714309047e23
6.698164428814726e23
6.497339912085786e23
6.294975223120627e23
6.091196090881793e23
5.886129839723475e23
5.679905313267663e23
5.4726527967670024e23
5.264503937993916e23
5.0555916666968194e23
4.8460501126652765e23
4.6360145224471624e23
4.425621174762203e23
4.215007294656682e23
4.0043109664463946e23
3.793671045494836e23
3.583227068875263e23
3.373119164966166e23
3.163487962030648e23
2.954474495831212e23
2.7462201163325245e23
2.538866393545038e23
2.3325550225643754e23
2.127427727861092e23
1.9236261668768954e23
1.7212918329840606e23
1.5205659578655172e23
1.3215894133738753e23
1.1245026129282547e23
9.294454125087881e22
7.365570113085034e22
5.4597585210419616e22
3.5783952140713884e22
1.722846494558823e22
-1.0553189886437968e21
-1.9053957926733824e22
-3.6754135794942147e22
-5.414267218200601e22
-7.120653232426256e22
-8.793283706842776e22
-1.0430887280559958e23
-1.2032210136997105e23
-1.3596016989574378e23
-1.512109206257072e23
-1.660624006649408e23
-1.805028716730719e23
-1.945208194885718e23
-2.0810496367848358e23
-2.212442670070602e23
-2.3392794481676275e23
-2.4614547431508395e23
-2.578866037606799e23
-2.6914136154232173e23
-2.7990006514418966e23
-2.901533299910663e23
-2.9989207816704584e23
-3.0910754700135006e23
-3.1779129751495094e23
-3.259352227217116e23
-3.335315557778072e23
-3.405728779732527e23
-3.4705212655941565e23
-3.529626024064543e23
-3.5829797748470423e23
-3.63052302164075e23
-3.672200123256178e23
-3.707959362795191e23
-3.737753014838053e23
-3.7615374105819365e23
-3.7792730008756624e23
-3.790924417096694e23
-3.796460529817325e23
-3.7958545052079325e23
-3.7890838591262623e23
-3.7761305088431244e23
-3.756980822355496e23
-3.731625665239552e23
-3.700060444997533e23
-3.662285152853036e23
-3.618304402951184e23
-3.5681274689211796e23
-3.5117683177602324e23
-3.4492456409989414e23
-3.38058288311024e23
-3.305808267124714e23
-3.224954817417379e23
-3.1380603796318717e23
-3.045167637709931e23
-2.9463241279955108e23
-2.8415822503846412e23
-2.7309992764934112e23
-2.6146373548185945e23
-2.4925635128666917e23
-2.3648496562294083e23
-2.231572564584552e23
-2.092813884604095e23
-1.948660119751907e23
-1.799202616956323e23
-1.644537550144064e23
-1.4847659006239552e23
-1.3199934343109125e23
-1.1503306757824439e23
-9.758928791615266e22
-7.967999958226034e22
-6.131766389179204e22
-4.251520447246176e22
-2.3286003081442337e22
-3.6438951049685977e21
1.6396835258824307e22
3.6821460133054582e22
5.76148134102739e22
7.876129651443144e22
1.0024488447531565e23
1.2204913231384878e23
1.4415718173644548e23
1.665517681364695e23
1.8921522790058923e23
2.1212950601766788e23
2.35276163987545e23
2.5863638802700074e23
2.8219099756984654e23
3.059204540580013e23
3.2980487002013675e23
3.538240184343315e23
3.7795734237093895e23
4.021839649117274e23
4.2648269934105626e23
4.5083205960481595e23
4.752102710325165e23
4.9959528131780025e23
5.239647717524712e23
5.4829616870889126e23
5.725666553654736e23
5.967531836697964e23
6.208324865336309e23
6.447810902541235e23
6.68575327155062e23
6.921913484420666e23
7.156051372653627e23
7.387925219836012e23
7.617291896220575e23
7.843906995183861e23
8.067524971488813e23
8.28789928128167e23
8.504782523749643e23
8.717926584365063e23
8.92708277964022e23
9.132002003315473e23
9.332434873902075e23
9.528131883499956e23
9.718843547808805e23
9.904320557250638e23
1.0084313929119795e24
1.0258575160675853e24
1.0426856383093463e24
1.0588910516182449e24
1.0744491423790004e24
1.0893354069796527e24
1.10352546746148e24
1.1169950872102575e24
1.1297201866796657e24
1.1416768591376585e24
1.1528413864264968e24
1.1631902547270948e24
1.1727001703182876e24
1.1813480753215154e24
1.1891111634214604e24
1.1959668955530413e24
1.201893015545192e24
1.206867565711785e24
1.2108689023800562e24
1.2138757113468484e24
1.2158670232529937e24
1.2168222288661228e24
1.216721094262213e24
1.215543775896171e24
1.213270835551751e24
1.209883255161142e24
1.2053624514845647e24
1.1996902906402448e24
1.1928491024751584e24
1.1848216947670057e24
1.1755913672478811e24
1.1651419254401808e24
1.1534576942953356e24
1.1405235316260222e24
1.1263248413225713e24
1.1108475863443802e24
1.0940783014771667e24
1.076004105847083e24
1.0566127151826917e24
1.035892453815982e24
1.0138322664136723e24
9.904217294301666e23
9.656510622736397e23
9.395111381768779e23
9.119934947645397e23
8.830903443087966e23
8.527945836652648e23
8.210998038814205e23
7.880002994697815e23
7.534910773383035e23
7.175678653706017e23
6.802271206487633e23
6.414660373117535e23
6.012825540424241e23
5.5967536117655966e23
5.166439074273685e23
4.721884062191318e23
4.263098416238872e23
3.790099738952325e23
3.302913445935012e23
2.801572812969094e23
2.2861190189321937e23
1.756601184470132e23
1.2130764063764603e23
6.556097876326938e22
8.427446306563313e21
-5.008483794198852e22
-1.0996694820722686e23
-1.7120915050238082e23
-2.3380090185571924e23
-2.9773084999373113e23
-3.629868334838834e23
-4.295558823395905e23
-4.974242190897835e23
-5.665772603152258e23
-6.36999618653488e23
-7.086751052740972e23
-7.815867328252825e23
-8.557167188534048e23
-9.310464896957476e23
-1.0075566848472933e24
-1.0852271618016681e24
-1.1640370013662272e24
-1.2439645134510052e24
-1.3249872433307977e24
-1.4070819783796176e24
-1.4902247552763474e24
-1.5743908676800088e24
-1.6595548743730353e24
-1.745690607870446e24
-1.8327711834926324e24
-1.9207690088991722e24
-2.009655794080695e24
-2.0994025618057145e24
-2.189979658518979e24
-2.2813567656874684e24
-2.3735029115901264e24
-2.4663864835469414e24
-2.559975240582854e24
-2.6542363265214546e24
-2.749136283503513e24
-2.84464106592475e24
-2.940716054787148e24
-3.037326072457942e24
-3.134435397829821e24
-3.2320077818759643e24
-3.3300064635930865e24
-3.4283941863252995e24
-3.527133214461663e24
-3.626185350499689e24
-3.7255119524669596e24
-3.8250739516928945e24
-3.924831870922143e24
-4.0247458427611156e24
-4.124775628448858e24
-4.22488063694304e24
-4.3250199443119373e24
-4.4251523134227903e24
-4.525236213916722e24
-4.6252298424604056e24
-4.7250911432641113e24
-4.8247778288558255e24
-4.924247401100886e24
-5.02345717245615e24
-5.122364287447923e24
-5.220925744362301e24
-5.319098417136604e24
-5.416839077440354e24
-5.51410441693414e24
-5.610851069694349e24
-5.707035634791885e24
-5.802614699012535e24
-5.897544859706763e24
-5.991782747756416e24
-6.08528505064569e24
-6.178008535623667e24
-6.269910072945593e24
-6.360946659179914e24
-6.451075440567892e24
-6.540253736422891e24
-6.628439062555798e24
-6.715589154713463e24
-6.801661992016615e24
-6.886615820383816e24
-6.970409175927982e24
-7.053000908311785e24
-7.134350204048327e24
-7.214416609733505e24
-7.293160055196278e24
-7.370540876553146e24
-7.446519839153186e24
-7.521058160399772e24
-7.594117532435451e24
-7.665660144676112e24
-7.735648706180771e24
-7.804046467843427e24
-7.870817244393269e24
-7.935925436189659e24
-7.999336050798447e24
-8.061014724336066e24
-8.120927742568087e24
-8.179042061748941e24
-8.235325329189479e24
-8.289745903539395e24
-8.34227287477139e24
-8.392876083854198e24
-8.441526142101712e24
-8.488194450185514e24
-8.532853216798322e24
-8.575475476955959e24
-8.616035109925645e24
-8.654506856768497e24
-8.690866337484446e24
-8.725090067747744e24
-8.757155475221617e24
-8.787040915440662e24
-8.81472568724995e24
-8.840190047789734e24
-8.863415227015285e24
-8.884383441741116e24
-8.903077909199549e24
-8.919482860103444e24
-8.933583551203403e24
-8.945366277329881e24
-8.954818382910945e24
-8.961928272956703e24
-8.966685423501567e24
-8.969080391496073e24
-8.96910482413988e24
-8.966751467648248e24
-8.96201417544428e24
-8.954887915769702e24
-8.945368778707228e24
-8.933453982607798e24
-8.919141879916349e24
-8.902431962390158e24
-8.883324865704008e24
-8.861822373436833e24
-8.837927420434877e24
-8.811644095546599e24
-8.782977643725086e24
-8.751934467493998e24
-8.718522127773327e24
-8.682749344061837e24
-8.644625993973242e24
-8.604163112123552e24
-8.561372888367511e24
-8.516268665382278e24
-8.468864935596928e24
-8.41917733746691e24
-8.367222651092458e24
-8.313018793181151e24
-8.256584811354262e24
-8.197940877797835e24
-8.137108282259048e24
-8.074109424389223e24
-8.008967805435383e24
-7.941708019281978e24
-7.872355742845735e24
-7.800937725825907e24
-7.727481779813806e24
-7.652016766764509e24
-7.574572586835502e24
-7.495180165596008e24
-7.413871440612198e24
-7.33067934741342e24
-7.245637804844701e24
-7.15878169981204e24
-7.070146871426096e24
-6.979770094551813e24
-6.887689062770242e24
-6.79394237076074e24
-6.698569496110971e24
-6.601610780562912e24
-6.503107410703869e24
-6.403101398110765e24
-6.301635558957806e24
-6.198753493096315e24
-6.094499562617648e24
-5.988918869908721e24
-5.882057235211397e24
-5.773961173696712e24
-5.664677872064845e24
-5.554255164683373e24
-5.442741509274822e24
-5.330185962166854e24
-5.216638153116825e24
-5.102148259724418e24
-4.986766981445146e24
-4.870545513218232e24
-4.7535355187231927e24
-4.635789103278423e24
-4.5173587863970875e24
-4.3982974740139316e24
-4.2786584303989636e24
-4.158495249771995e24
-4.037861827634632e24
-3.9168123318342246e24
-3.795401173376154e24
-3.67368297700065e24
-3.5517125515397383e24
-3.429544860071546e24
-3.307234989887797e24
-3.184838122292016e24
-3.0624095022449383e24
-2.9400044078742834e24
-2.817678119866632e24
-2.6954858907580435e24
-2.5734829141418536e24
-2.451724293810451e24
-2.3302650128496198e24
-2.209159902702608e24
-2.0884636122225515e24
-1.9682305767307524e24
-1.8485149870991522e24
-1.7293707588754742e24
-1.6108515014685535e24
-1.4930104874130106e24
-1.3759006217305646e24
-1.2595744114073992e24
-1.1440839350047397e24
-1.0294808124219935e24
-9.158161748299551e23
-8.031406347926773e23
-6.915042565964314e23
-5.809565268033106e23
-4.7154632504833376e23
-3.633218950973905e23
-2.563308161845875e23
-1.5061997464637225e23
-4.623553587034928e22
5.677708342326396e22
1.5837324255071978e23
2.5850910386616668e23
3.571416593790633e23
4.542287569696093e23
5.497291261862528e23
6.436024036076997e23
7.358091577535672e23
8.263109135271005e23
9.150701761736796e23
1.0020504547397742e24
1.0872162850160784e24
1.1705332519500316e24
1.251968011512066e24
1.3314883120012476e24
1.409063014775184e24
1.4846621143903486e24
1.5582567581386213e24
1.6298192649662197e24
1.699323143761982e24
1.7667431110015063e24
1.832055107734917e24
1.895236315905335e24
1.9562651739864853e24
2.0151213919275477e24
2.0717859653938413e24
2.1262411892927705e24
2.1784706705740154e24
2.2284593402943234e24
2.276193464936661e24
2.321660656974833e24
2.3648498846742444e24
2.4057514811206148e24
2.444357152468411e24
2.4806599854013203e24
2.514654453797748e24
2.546336424594344e24
2.5757031628415355e24
2.602753335944951e24
2.627487017087583e24
2.6499056878277166e24
2.670012239868089e24
2.687810975992556e24
2.703307610166561e24
2.716509266798645e24
2.727424479160321e24
2.736063186962507e24
2.7424367330868624e24
2.7465578594711585e24
2.748440702148156e24
2.7481007854379545e24
2.7455550152944745e24
2.740821671806964e24
2.733920400858183e24
2.724872204941281e24
2.7136994331379557e24
2.7004257702609944e24
2.685076225164753e24
2.667677118227777e24
2.648256068012108e24
2.6268419771044605e24
2.603465017144931e24
2.5781566130493794e24
2.5509494264321864e24
2.5218773382365503e24
2.4909754305799643e24
2.458279967823212e24
2.423828376871348e24
2.3876592267160487e24
2.3498122072288496e24
2.3103281072155738e24
2.2692487917424464e24
2.2266171787451868e24
2.1824772149324855e24
2.136873850996149e24
2.0898530161402932e24
2.0414615919425816e24
1.9917473855611042e24
1.9407591023005607e24
1.8885463175523243e24
1.8351594481229194e24
1.7806497229662747e24
1.725069153335325e24
1.668470502368852e24
1.6109072541302142e24
1.552433582114529e24
1.4931043172417582e24
1.432974915353023e24
1.372101424228347e24
1.3105404501438757e24
1.248349123987445e24
1.1855850669513923e24
1.1223063558218364e24
1.0585714878843007e24
9.944393454653408e23
9.299691601306959e23
8.65220476560228e23
8.002531161206593e23
7.351271401570999e23
6.699028130245802e23
6.046405648813631e23
5.394009542655578e23
4.7424463047730455e23
4.092322957884587e23
3.4442466750238974e23
2.7988243988633886e23
2.1566624599912025e23
1.5183661943699858e23
8.84539560207773e22
2.5578475447346786e22
-3.6729817071252706e22
-9.84111691576644e22
-1.5940611958478935e23
-2.1965553653321557e23
-2.7910065576733927e23
-3.3768311870633147e23
-3.953450103663107e23
-4.520288971502469e23
-5.076778644617291e23
-5.622355541191747e23
-6.156462015467391e23
-6.678546727183829e23
-7.188065008316692e23
-7.684479226878101e23
-8.167259147546353e23
-8.635882288892142e23
-9.089834276970857e23
-9.528609195049936e23
-9.951709929244473e23
-1.0358648509831699e24
-1.0748946448022121e24
-1.112213506796186e24
-1.1477755833745986e24
-1.1815360671223554e24
-1.2134512284377605e24
-1.2434784466065787e24
-1.2715762402910363e24
-1.2977042974127302e24
-1.3218235044090256e24
-1.3438959748424845e24
-1.3638850773433556e24
-1.3817554628655312e24
-1.3974730912365105e24
-1.4110052569825708e24
-1.422320614410277e24
-1.4313892019264307e24
-1.4381824655782864e24
-1.442673281796874e24
-1.444835979326221e24
-1.4446463603219363e24
-1.4420817206031148e24
-1.4371208690416512e24
-1.42974414607394e24
-1.4199334413200055e24
-1.4076722102960214e24
-1.3929454902061173e24
-1.3757399148005677e24
-1.3560437282872776e24
-1.333846798284469e24
-1.309140627803015e24
-1.2819183662468784e24
-1.2521748194215486e24
-1.2199064585399455e24
-1.1851114282167742e24
-1.1477895534420932e24
-1.1079423455259008e24
-1.0655730070062397e24
-1.0206864355132786e24
-9.732892265833812e23
-9.233896754167348e23
-8.709977775738674e23
-8.161252286057592e23
-7.587854226142001e23
-6.98993449738481e23
-6.367660925658981e23
-5.721218214642165e23
-5.050807888340708e23
-4.356648222812595e23
-3.638974167080093e23
-2.8980372532455445e23
-2.1341054958138464e23
-1.34746328024826e23
-5.384112407782107e22
2.9273387250675735e22
1.1456393372352785e23
2.019956612966782e23
2.915321505977847e23
3.8313543445729645e23
4.7676601648455104e23
5.723828906824754e23
6.699435620927413e23
7.694040684625632e23
8.707190029247736e23
9.73841537680392e23
1.0787234486742186e24
1.1853151412513491e24
1.2935656767838595e24
1.4034228002542806e24
1.5148329687836444e24
1.6277413810901025e24
1.742092007863525e24
1.8578276230420052e24
1.9748898359737098e24
2.0932191244490632e24
2.2127548685854402e24
2.333435385548178e24
2.4551979650889837e24
2.5779789058840604e24
2.701713552652718e24
2.8263363340364224e24
2.951780801219133e24
3.077979667267125e24
3.204864847168286e24
3.332367498548073e24
3.4604180630408654e24
3.5889463082935947e24
3.717881370578207e24
3.847151797990191e24
3.9766855942079473e24
4.106410262789651e24
4.236252851981477e24
4.3661400000129457e24
4.495997980852563e24
4.625752750398362e24
4.7553299930765595e24
4.88465516882101e24
5.013653560407101e24
5.142250321111417e24
5.270370522670401e24
5.397939203508724e24
5.52488141720993e24
5.651122281199634e24
5.776587025613061e24
5.901201042317393e24
6.024889934059109e24
6.14757956370754e24
6.269196103563741e24
6.389666084705772e24
6.508916446339177e24
6.626874585123243e24
6.743468404442282e24
6.858626363591138e24
6.972277526845176e24
7.084351612383074e24
7.194779041032836e24
7.303490984809289e24
7.410419415213322e24
7.515497151261351e24
7.618657907214977e24
7.719836339980039e24
7.818968096144184e24
7.915989858623261e24
8.010839392885338e24
8.103455592722957e24
8.193778525542798e24
8.281749477143598e24
8.367310995951884e24
8.450406936686614e24
8.530982503423122e24
8.608984292027183e24
8.684360331930887e24
8.757060127221133e24
8.827034697013199e24
8.89423661508084e24
8.958620048715785e24
9.020140796789237e24
9.078756326988291e24
9.134425812201234e24
9.187110166025108e24
9.236772077370339e24
9.283376044136804e24
9.326888405936889e24
9.367277375840905e24
9.404513071121283e24
9.438567542972148e24
9.469414805181315e24
9.497030861732716e24
9.521393733317267e24
9.542483482731199e24
9.560282239141146e24
9.574774221196155e24
9.585945758967072e24
9.593785314694715e24
9.598283502328634e24
9.599433105838997e24
9.597229096284903e24
9.591668647622876e24
9.582751151240202e24
9.570478229198383e24
9.554853746172657e24
9.535883820074315e24
9.513576831343336e24
9.487943430899358e24
9.458996546740254e24
9.426751389177651e24
9.391225454700245e24
9.352438528455935e24
9.310412685345052e24
9.265172289717437e24
9.216743993667055e24
9.165156733918805e24
9.11044172730264e24
9.052632464811393e24
8.991764704238974e24
8.927876461397261e24
8.861007999909767e24
8.791201819582225e24
8.718502643349999e24
8.642957402803677e24
8.564615222295328e24
8.483527401627645e24
8.399747397330605e24
8.313330802529616e24
8.224335325411344e24
8.132820766293146e24
8.038848993303499e24
7.942483916682056e24
7.843791461707432e24
7.742839540263587e24
7.639698021054652e24
7.534438698480607e24
7.427135260185435e24
7.317863253291875e24
7.206700049336181e24
7.093724807918246e24
6.97901843908308e24
6.862663564449582e24
6.744744477105037e24
6.62534710028257e24
6.504558944841686e24
6.382469065570737e24
6.259168016332928e24
6.134747804076671e24
6.009301841732615e24
5.882924900020802e24
5.755713058190823e24
5.62776365372049e24
5.499175230997098e24
5.370047489008327e24
5.240481228068427e24
5.110578295607523e24
4.980441531052165e24
4.850174709825031e24
4.7198824864941416e24
4.589670337100361e24
4.4596445006949006e24
4.3299119201168077e24
4.200580182043263e24
4.0717574563442255e24
3.94355243477443e24
3.8160742690366907e24
3.689432508249402e24
3.563737035853816e24
3.439098005994824e24
3.3156257794117686e24
3.193430858873847e24
3.072623824197631e24
2.9533152668821903e24
2.835615724399373e24
2.719635614176895e24
2.605485167311063e24
2.49327436204829e24
2.3831128570725622e24
2.2751099246386526e24
2.1693743835889928e24
2.0660145322935133e24
1.9651380815526176e24
1.866852087501425e24
1.7712628845558078e24
1.6784760184401877e24
1.588596179336178e24
1.5017271351931723e24
1.417971665239914e24
1.3374314937382393e24
1.2602072240181575e24
1.1863982728354426e24
1.1161028050910828e24
1.0494176689530703e24
9.864383314208362e23
9.272588143715419e23
8.719716311290404e23
8.206677235941619e23
7.734363999768516e23
7.303652731687398e23
6.915401997955575e23
6.570452199885601e23
6.269624979129289e23
6.0137226309226e23
5.8035275256647547e23
5.639801539214072e23
5.5232854922692374e23
5.454698599210517e23
5.434737926761669e23
5.464077862836275e23
5.543369595926336e23
5.673240605381985e23
5.8542941629321224e23
6.087108845785902e23
6.372238061653743e23
6.710209586015506e23
7.10152511196427e23
7.546659812941562e23
8.046061918678003e23
8.600152304647127e23
9.209324095326523e23
9.87394228156574e23
1.0594343352340493e24
1.1370834941174692e24
1.220369548749925e24
1.3093173913210902e24
1.4039489314686322e24
1.5042830670499224e24
1.610335656507589e24
1.7221194928524227e24
1.8396442792854565e24
1.9629166064806513e24
2.091939931548566e24
2.2267145587005325e24
2.367237621631915e24
2.513503067642193e24
2.665501643508241e24
2.8232208831270004e24
2.9866450969420356e24
3.1557553631676873e24
3.330529520823854e24
3.510942164592841e24
3.696964641509256e24
3.888565049492785e24
4.0857082377317543e24
4.2883558089262697e24
4.496466123396377e24
4.7099943050615255e24
4.928892249295114e24
5.153108632657939e24
5.382588924512538e24
5.617275400519591e24
5.857107158016338e24
6.102020133276093e24
6.351947120646828e24
6.606817793564964e24
6.866558727440795e24
7.131093424409152e24
7.400342339939649e24
7.674222911297798e24
7.952649587848786e24
8.235533863193971e24
8.522784309128416e24
8.814306611408113e24
9.110003607312702e24
9.409775324990191e24
9.713519024567535e24
1.0021129241010445e25
1.033249782871555e25
1.0647514007814963e25
1.0966064412174625e25
1.1288033139064352e25
1.1613301800478774e25
1.1941749576084981e25
1.227325326777413e25
1.2607687355790514e25
1.2944924056413005e25
1.3284833381161705e25
1.362728319750083e25
1.3972139291010015e25
1.4319265428992638e25
1.4668523425491442e25
1.5019773207678503e25
1.5372872883586884e25
1.5727678811150917e25
1.6084045668519126e25
1.6441826525605614e25
1.6800872916842234e25
1.7161034915095424e25
1.7522161206708502e25
1.788409916763198e25
1.8246694940600226e25
1.8609793513316176e25
1.8973238797601733e25
1.933687370947175e25
1.9700540250090183e25
2.0064079587563703e25
2.042733213953057e25
2.079013765649807e25
2.1152335305885585e25
2.1513763756726357e25
2.18742612649815e25
2.2233665759420512e25
2.259181492801973e25
2.2948546304832107e25
2.3303697357279265e25
2.3657105573817434e25
2.400860855192831e25
2.4358044086385372e25
2.470525025774598e25
2.50500655210187e25
2.5392328794456292e25
2.5731879548422844e25
2.6068557894285387e25
2.6402204673277143e25
2.6732661545283357e25
2.70597710774965e25
2.7383376832890495e25
2.7703323458462094e25
2.801945677318737e25
2.8331623855642582e25
2.8639673131237096e25
2.8943454459006902e25
2.924281921791742e25
2.9537620392624274e25
2.9827712658640408e25
3.011295246685862e25
3.039319812737876e25
3.0668309892588544e25
3.0938150039448104e25
3.120258295092726e25
3.146147519654669e25
3.171469561197275e25
3.1962115377617187e25
3.220360809619295e25
3.243904986917771e25
3.26683193721377e25
3.289129792886388e25
3.3107869584274324e25
3.3317921176036263e25
3.3521342404862114e25
3.371802590343469e25
3.390786730391693e25
3.409076530400261e25
3.426662173146517e25
3.443534160716176e25
3.4596833206451814e25
3.47510081189887e25
3.489778130684485e25
3.503707116093125e25
3.516879955567267e25
3.5292891901901924e25
3.5409277197936034e25
3.5517888078799176e25
3.5618660863557566e25
3.571153560073324e25
3.5796456111763208e25
3.5873370032473586e25
3.594222885253718e25
3.6002987952885547e25
3.6055606641047664e25
3.6100048184386696e25
3.6136279841210438e25
3.616427288972889e25
3.6184002654836626e25
3.6195448532696066e25
3.6198594013101543e25
3.6193426699602954e25
3.617993832737073e25
3.6158124778784433e25
3.6127986096728093e25
3.608952649557814e25
3.6042754369868817e25
3.5987682300624147e25
3.5924327059343927e25
3.585270960963435e25
3.5772855106475686e25
3.568479289311793e25
3.5588556495600915e25
3.5484183614892306e25
3.5371716116642564e25
3.5251200018553043e25
3.5122685475359078e25
3.4986226761427657e25
3.4841882250972534e25
3.468971439589176e25
3.452978970123108e25
3.436217869828211e25
3.4186955915321197e25
3.4004199846000702e25
3.381399291540159e25
3.3616421443761683e25
3.341157560789172e25
3.3199549400294827e25
3.298044058600711e25
3.2754350657174996e25
3.2521384785391407e25
3.228165177180851e25
3.2035263995052115e25
3.178233735695866e25
3.152299122616048e25
3.1257348379546687e25
3.098553494162425e25
3.070768032181149e25
3.042391714969059e25
3.0134381208253895e25
2.9839211365173174e25
2.9538549502129003e25
2.9232540442233042e25
2.8921331875580125e25
2.8605074282969294e25
2.828392085782959e25
2.795802742639399e25
2.7627552366159142e25
2.7292656522676574e25
2.6953503124715164e25
2.661025769784308e25
2.626308797647134e25
2.591216381440728e25
2.555765709396624e25
2.519974163368732e25
2.483859309470654e25
2.4474388885833715e25
2.4107308067388627e25
2.373753125384554e25
2.3365240515340435e25
2.299061927809638e25
2.2613852223818623e25
2.223512518811887e25
2.185462505802129e25
2.1472539668610924e25
2.1089057698878737e25
2.0704368566825253e25
2.031866232387863e25
1.9932129548688417e25
1.9544961240355903e25
1.9157348711159106e25
1.876948347883707e25
1.8381557158491245e25
1.799376135417019e25
1.7606287550195608e25
1.7219327002296719e25
1.6833070628612757e25
1.6447708900628306e25
1.606343173410615e25
1.5680428380078612e25
1.5298887315964715e25
1.4918996136874022e25
1.4540941447164352e25
1.416490875231506e25
1.3791082351181303e25
1.3419645228694408e25
1.3050778949069926e25
1.2684663549590804e25
1.2321477435025922e25
1.1961397272751592e25
1.1604597888635693e25
1.125125216375132e25
1.0901530931980115e25
1.0555602878569164e25
1.0213634439704595e25
9.875789703161399e24
9.542230310093826e24
9.213115358024444e24
8.888601305095132e24
8.56884187563696e24
8.253987967121277e24
7.944187558548146e24
7.639585620331216e24
7.340324025737134e24
7.046541463933922e24
6.758373354706753e24
6.475951764893297e24
6.199405326595561e24
5.928859157219209e24
5.664434781393616e24
5.406250054824888e24
5.154419090130065e24
4.909052184704663e24
4.670255750669042e24
4.4381322469436416e24
4.212780113496552e24
3.994293707810966e24
3.7827632436143435e24
3.578274731912743e24
3.380909924372422e24
3.1907462590870795e24
3.0078568087717535e24
2.832310231418744e24
2.664170723453916e24
2.503497975426094e24
2.3503471302650322e24
2.204768744138349e24
2.0668087499387407e24
1.9365084234310836e24
1.8139043520857018e24
1.6990284066256505e24
1.5919077153109104e24
1.4925646409841772e24
1.401016760898471e24
1.3172768493470426e24
1.2413528631143348e24
1.1732479297635212e24
1.112960338777201e24
1.0604835355632073e24
1.0158061183387278e24
9.789118379014947e23
9.497796002977233e23
9.283834723926717e23
9.146926903490391e23
9.086716710171039e23
9.10280026237309e23
9.194725800560815e23
9.361993888522774e23
9.604057643714165e23
9.920322996617069e23
1.031014897905554e24
1.0772848041370184e24
1.1307686398353141e24
1.1913884403818676e24
1.2590616953668237e24
1.3337013917295217e24
1.4152160597152522e24
1.5035098216292608e24
1.5984824433671372e24
1.7000293886986073e24
1.8080418762809888e24
1.9224069393757837e24
2.0430074882409532e24
2.169722375169426e24
2.3024264621427597e24
2.4409906910672973e24
2.585282156558614e24
2.735164181237818e24
2.8904963935028515e24
3.051134807735022e24
3.216931906900435e24
3.38773672750377e24
3.563394946850864e24
3.7437489725745034e24
3.92863803437703e24
4.1178982779408685e24
4.311362860957906e24
4.508862051226302e24
4.710223326762061e24
4.915271477871911e24
5.123828711131734e24
5.335714755214565e24
5.550746968510037e24
5.768740448476032e24
5.989508142662966e24
6.212860961348373e24
6.438607891719969e24
6.666556113542788e24
6.896511116246198e24
7.128276817364478e24
7.361655682264185e24
7.596448845090594e24
7.832456230864342e24
8.069476678658575e24
8.307308065785821e24
8.545747432923693e24
8.784591110106562e24
9.023634843511233e24
9.262673922961599e24
9.501503310079515e24
9.739917767005989e24
9.977711985617304e24
1.021468071716054e25
1.0450618902231244e25
1.0685321801017004e25
1.0918585123729057e25
1.1150205161144227e25
1.1379978915179425e25
1.1607704229420142e25
1.1833179919524521e25
1.2056205903424044e25
1.2276583331242387e25
1.2494114714852926e25
1.2708604056996762e25
1.291985697988103e25
1.3127680853179958e25
1.3331884921358802e25
1.3532280430242517e25
1.372868075275049e25
1.3920901513719104e25
1.4108760713734256e25
1.4292078851896276e25
1.4470679047439602e25
1.464438716013106e25
1.4813031909369923e25
1.4976444991914226e25
1.5134461198157866e25
1.5286918526884151e25
1.5433658298421787e25
1.557452526612975e25
1.570936772613913e25
1.583803762527979e25
1.5960390667121317e25
1.6076286416058085e25
1.6185588399369643e25
1.6288164207188246e25
1.6383885590306727e25
1.6472628555760429e25
1.6554273460118758e25
1.6628705100422515e25
1.669581280270442e25
1.6755490508031821e25
1.68076368560114e25
1.685215526569721e25
1.6888954013845183e25
1.6917946310457227e25
1.6939050371561706e25
1.6952189489176002e25
1.695729209840071e25
1.6954291841594712e25
1.6943127629583022e25
1.6923743699850868e25
1.6896089671678144e25
1.6860120598171583e25
1.681579701515191e25
1.67630849868571e25
1.6701956148422002e25
1.6632387745099258e25
1.655436266818577e25
1.6467869487622105e25
1.6372902481234656e25
1.6269461660589842e25
1.6157552793435192e25
1.6037187422700034e25
1.590838288203452e25
1.577116230786374e25
1.5625554647939487e25
1.547159466637104e25
1.5309322945120068e25
1.5138785881947434e25
1.4960035684798903e25
1.4773130362622963e25
1.4578133712611506e25
1.4375115303860795e25
1.4164150457448138e25
1.3945320222924392e25
1.3718711351224657e25
1.3484416263998733e25
1.324253301936977e25
1.2993165274126281e25
1.2736422242360398e25
1.2472418650561772e25
1.2201274689184248e25
1.1923115960699587e25
1.1638073424157845e25
1.1346283336276046e25
1.1047887189075783e25
1.0743031644097791e25
1.0431868463217496e25
1.011455443609402e25
9.791251304280831e24
9.462125682034513e24
9.127348973854976e24
8.787097288795303e24
8.441551351582212e24
8.090896410586139e24
7.735322142687825e24
7.375022555083751e24
7.010195884081342e24
6.641044490930795e24
6.267774754746379e24
5.890596962571304e24
5.509725196639079e24
5.125377218891733e24
4.737774352810406e24
4.34714136262255e24
3.9537063299448443e24
3.5577005279292154e24
3.1593582929756955e24
2.758916894080233e24
2.3566163998882177e24
1.9526995435216814e24
1.5474115852560119e24
1.1410001731166359e24
7.337152014744035e23
3.258086677135239e23
-8.246547294697946e22
-4.908514544008288e23
-8.990918482892956e23
-1.3069277142398613e24
-1.7140987516280402e24
-2.1203434527742653e24
-2.5253992574937553e24
-2.9290027089086405e24
-3.3308896104377784e24
-3.730795183873696e24
-4.1284542284560957e24
-4.523601280853511e24
-4.915970775958537e24
-5.305297208407247e24
-5.691315294726682e24
-6.073760136019337e24
-6.4523673810876e24
-6.826873389905109e24
-7.197015397338621e24
-7.562531677023356e24
-7.923161705297505e24
-8.278646325096403e24
-8.628727909711935e24
-8.973150526316669e24
-9.311660099158369e24
-9.644004572323993e24
-9.969934071977634e24
-1.0289201067973565e25
-1.060156053474581e25
-1.0906770111378309e25
-1.1204590260755919e25
-1.1494784427700726e25
-1.177711919599478e25
-1.2051364444193874e25
-1.2317293500135164e25
-1.2574683294042176e25
-1.2823314510132924e25
-1.3062971736634561e25
-1.3293443614111889e25
-1.3514522982014115e25
-1.3726007023348816e25
-1.3927697407389152e25
-1.4119400430324207e25
-1.4300927153761423e25
-1.4472093540991368e25
-1.4632720590927101e25
-1.4782634469629557e25
-1.4921666639333833e25
-1.504965398489006e25
-1.516643893753571e25
-1.5271869595916195e25
-1.5365799844272616e25
-1.5448089467716633e25
-1.5518604264513935e25
-1.5577216155299124e25
-1.5623803289146685e25
-1.5658250146424125e25
-1.5680447638354632e25
-1.5690293203219072e25
-1.5687690899128129e25
-1.5672551493297614e25
-1.5644792547761427e25
-1.5604338501459103e25
-1.5551120748635863e25
-1.5485077713496269e25
-1.5406154921052963e25
-1.5314305064116069e25
-1.5209488066368541e25
-1.5091671141476797e25
-1.4960828848187575e25
-1.4816943141362805e25
-1.46600034189093e25
-1.449000656455873e25
-1.4306956986459559e25
-1.411086665154084e25
-1.3901755115614222e25
-1.3679649549179159e25
-1.3444584758900977e25
-1.319660320473434e25
-1.2935755012663658e25
-1.2662097983039847e25
-1.2375697594489168e25
-1.2076627003378702e25
-1.17649670388198e25
-1.1440806193197035e25
-1.1104240608212806e25
-1.0755374056436478e25
-1.0394317918355728e25
-1.0021191154923246e25
-9.636120275602005e24
-9.239239301907331e24
-8.830689726454186e24
-8.410620467513895e24
-7.97918781909163e24
-7.536555396538427e24
-7.08289407770968e24
-6.618381939692322e24
-6.143204191116604e24
-5.657553100080353e24
-5.161627917706684e24
-4.6556347973682777e24
-4.1397867096056154e24
-3.614303352773936e24
-3.079411059457241e24
-2.5353426986837635e24
-1.9823375739895722e24
-1.4206413173688258e24
-8.505057791624795e23
-2.72188913929978e23
3.140453376425769e23
9.079271707422936e23
1.509181042285445e24
2.1175258005648174e24
2.732674818633444e24
3.354336131354904e24
3.982212576060423e24
4.616001936738588e24
5.255397091691889e24
5.900086164585555e24
6.549752678811551e24
7.204075715095781e24
7.86273007226269e24
8.525386431082786e24
9.191711521112751e24
9.8613682904496e24
1.0534016078304812e25
1.1209310790314555e25
1.1886905076492733e25
1.2566448511731304e25
1.3247587778759094e25
1.392996685345532e25
1.4613227192426882e25
1.5297007922742698e25
1.59809460337292e25
1.6664676570721918e25
1.734783283066642e25
1.8030046559468502e25
1.8710948150979488e25
1.939016684751537e25
2.0067330941792983e25
2.074206798017946e25
2.1414004967136154e25
2.2082768570749522e25
2.2747985329232816e25
2.3409281858281285e25
2.4066285059170898e25
2.4718622327476794e25
2.5365921762301598e25
2.600781237588811e25
2.6643924303505356e25
2.727388901348147e25
2.789733951726991e25
2.8513910579426355e25
2.912323892737403e25
2.9724963460842313e25
3.0318725460851054e25
3.0904168798126772e25
3.1480940140822994e25
3.2048689161429218e25
3.26070687427455e25
3.3155735182800224e25
3.3694348398595282e25
3.422257212855246e25
3.474007413354795e25
3.5246526396408753e25
3.5741605319759027e25
3.622499192209175e25
3.669637203195299e25
3.7155436480120336e25
3.7601881289657e25
3.8035407863731622e25
3.8455723171083364e25
3.886253992902529e25
3.925557678386761e25
3.963455848865551e25
3.999921607810722e25
4.034928704064638e25
4.068451548742126e25
4.100465231820241e25
4.13094553840592e25
4.159868964670675e25
4.187212733442781e25
4.212954809446445e25
4.237073914178619e25
4.2595495404136926e25
4.280361966326447e25
4.29949226922448e25
4.316922338880579e25
4.332634890456678e25
4.346613477010354e25
4.35884250157579e25
4.369307228810861e25
4.377993796202357e25
4.384889224821761e25
4.389981429623821e25
4.393259229281041e25
4.394712355546634e25
4.394331462139623e25
4.3921081331451655e25
4.388034890924244e25
4.38210520352638e25
4.374313491599923e25
4.364655134794384e25
4.353126477649523e25
4.339724834966552e25
4.324448496656583e25
4.307296732062131e25
4.288269793747771e25
4.267368920755886e25
4.244596341324389e25
4.219955275063021e25
4.19344993458563e25
4.1650855265956435e25
4.134868252422728e25
4.102805308008521e25
4.068904883339999e25
4.0331761613290094e25
3.9956293161371415e25
3.956275510945159e25
3.915126895166655e25
3.872196601105998e25
3.8274987400605255e25
3.7810483978682397e25
3.7328616299011112e25
3.6829554555058566e25
3.6313478518934517e25
3.5780577474793746e25
3.5231050146767444e25
3.4665104621448616e25
3.408295826496047e25
3.348483763463881e25
3.2870978385363517e25
3.2241625170577146e25
3.159703153803141e25
3.0937459820306104e25
3.0263181020147567e25
2.9574474690677813e25
2.8871628810525e25
2.8154939653938434e25
2.7424711655939175e25
2.6681257272575076e25
2.5924896836343588e25
2.51559584068511e25
2.4374777616780035e25
2.358169751323895e25
2.2777068394571456e25
2.196124764270536e25
2.1134599551123617e25
2.029749514854361e25
1.9450312018391994e25
1.859343411416679e25
1.7727251570780134e25
1.6852160511974732e25
1.5968562853920352e25
1.5076866105080688e25
1.4177483162462333e25
1.3270832104347386e25
1.2357335979619553e25
1.143742259379265e25
1.0511524291854709e25
9.580077738042299e24
8.643523692660856e24
7.702306786070648e24
6.756875289957828e24
5.807680886014174e24
4.855178432148097e24
3.899825726354771e24
2.942083268371806e24
1.9824140192474394e24
1.0212831589596132e24
5.9157842207430075e22
-9.034930474829309e23
-1.8661991452073903e24
-2.8284888535500073e24
-3.78988959273007e24
-4.7499280518907784e24
-5.708130441390994e24
-6.664022745959388e24
-7.617130978569665e24
-8.566981434895496e24
-9.513100948202167e24
-1.0455017144531989e25
-1.1392258698039399e25
-1.2324355586331706e25
-1.3250839345673368e25
-1.4171243325901601e25
-1.508510294491891e25
-1.599195594260879e25
-1.6891342634033855e25
-1.7782806161769429e25
-1.8665892747228762e25
-1.9540151940834464e25
-2.0405136870892053e25
-2.1260404491021537e25
-2.210551582600318e25
-2.2940036215895384e25
-2.376353555828077e25
-2.4575588548500818e25
-2.537577491773583e25
-2.6163679668794784e25
-2.6938893309467985e25
-2.770101208331463e25
-2.8449638197741406e25
-2.9184380049239293e25
-2.990485244564422e25
-3.0610676825288646e25
-3.1301481472912485e25
-3.197690173220436e25
-3.2636580214844235e25
-3.3280167005921405e25
-3.3907319865603495e25
-3.4517704426932805e25
-3.5110994389630497e25
-3.568687170978836e25
-3.6245026785332297e25
-3.678515863714438e25
-3.7306975085725993e25
-3.781019292329928e25
-3.8294538081233554e25
-3.875974579269457e25
-3.920556075041144e25
-3.963173725946442e25
-4.003803938499214e25
-4.042424109472714e25
-4.079012639626476e25
-4.113548946897855e25
-4.146013479049402e25
-4.176387725763793e25
-4.2046542301784035e25
-4.230796599851531e25
-4.254799517153099e25
-4.276648749072657e25
-4.296331156437661e25
-4.313834702536011e25
-4.329148461136255e25
-4.34226262390009e25
-4.3531685071812215e25
-4.3618585582059745e25
-4.368326360630365e25
-4.372566639469718e25
-4.37457526539625e25
-4.374349258401381e25
-4.371886790819025e25
-4.367187189707035e25
-4.360250938584303e25
-4.351079678520841e25
-4.339676208579592e25
-4.3260444856075405e25
-4.3101896233760275e25
-4.2921178910685045e25
-4.271836711116108e25
-4.249354656380475e25
-4.224681446684361e25
-4.1978279446910044e25
-4.168806151132788e25
-4.137629199391408e25
-4.104311349430645e25
-4.0688679810847175e25
-4.031315586704265e25
-3.991671763163174e25
-3.949955203229881e25
-3.906185686306292e25
-3.8603840685392477e25
-3.812572272308089e25
-3.7627732750942385e25
-3.711011097737023e25
-3.657310792082232e25
-3.601698428028722e25
-3.5442010799796393e25
-3.4848468127052826e25
-3.423664666623881e25
-3.3606846425086456e25
-3.2959376856278855e25
-3.2294556693272084e25
-3.161271378061344e25
-3.091418489885231e25
-3.0199315584128017e25
-2.946845994253111e25
-2.872198045933993e25
-2.7960247803224123e25
-2.7183640625530313e25
-2.639254535474546e25
-2.558735598625889e25
-2.476847386752728e25
-2.3936307478762276e25
-2.3091272209262414e25
-2.2233790129503074e25
-2.1364289759118768e25
-2.048320583089427e25
-1.9590979050904635e25
-1.8688055854925758e25
-1.7774888161260009e25
-1.6851933120105942e25
-1.5919652859614147e25
-1.4978514228774285e25
-1.4028988537268617e25
-1.3071551292447758e25
-1.2106681933565724e25
-1.1134863563434577e25
-1.0156582677639154e25
-9.172328891475493e24
-8.182594664759324e24
-7.187875024664024e24
-6.188667286749682e24
-5.185470774333494e24
-4.178786536372822e24
-3.1691170640114996e24
-2.1569660059629122e24
-1.1428378828850355e24
-1.2723780091539032e23
8.893288354644201e23
1.9063566110777494e24
2.9233403880372804e24
3.939775593908369e24
4.955158509872617e24
5.968986558734067e24
6.980758592589056e24
7.989975179999481e24
8.99613889249723e24
9.998754590247883e24
1.0997329706713208e25
1.199137453213409e25
1.298040249567619e25
1.3963930446060444e25
1.4941478930521934e25
1.5912572471920112e25
1.6876739843843705e25
1.7833514343541426e25
1.8782434062512063e25
1.9723042154598545e25
2.065488710141495e25
2.157752297495556e25
2.249050969721764e25
2.339341329668755e25
2.428580616153103e25
2.5167267289330238e25
2.6037382533221816e25
2.6895744844276117e25
2.7741954509977316e25
2.8575619388648428e25
2.9396355139684986e25
3.0203785449445656e25
3.0997542252666358e25
3.177726594925647e25
3.25426056163388e25
3.3293219215406325e25
3.402877379445715e25
3.474894568498747e25
3.5453420693709397e25
3.6141894288878994e25
3.681407178110743e25
3.7469668498544883e25
3.810840995632091e25
3.873003202012938e25
3.933428106385583e25
3.992091412113719e25
4.048969903075989e25
4.104041457579335e25
4.157285061637004e25
4.208680821602041e25
4.258209976147445e25
4.305854907585198e25
4.351599152515714e25
4.3954274118007375e25
4.4373255598520835e25
4.477280653229945e25
4.515280938543975e25
4.5513158596515906e25
4.585376064147778e25
4.617453409141176e25
4.647540966312035e25
4.675633026247317e25
4.701725102049563e25
4.725813932215544e25
4.747897482782128e25
4.7679749487363894e25
4.7860467546880356e25
4.802114554802331e25
4.8161812319921075e25
4.828250896368207e25
4.83832888294769e25
4.846421748620037e25
4.8525372683716e25
4.856684430769335e25
4.8588734327051085e25
4.859115673402279e25
4.857423747686923e25
4.853811438526147e25
4.848293708836893e25
4.840886692568434e25
4.8316076850628045e25
4.820475132697434e25
4.807508621814941e25
4.792728866945283e25
4.77615769832606e25
4.757818048727082e25
4.737733939585803e25
4.715930466460598e25
4.692433783809363e25
4.667271089101222e25
4.640470606269637e25
4.612061568515586e25
4.582074200469886e25
4.550539699724085e25
4.517490217739954e25
4.4829588401476534e25
4.4469795664433204e25
4.409587289097174e25
4.370817772083429e25
4.330707628843876e25
4.289294299697304e25
4.246616028707147e25
4.202711840020412e25
4.15762151369083e25
4.11138556100006e25
4.064045199290531e25
4.015642326324376e25
3.966219494182774e25
3.915819882720488e25
3.8644872725911007e25
3.8122660178577054e25
3.759201018205368e25
3.705337690770871e25
3.6507219416062816e25
3.595400136792606e25
3.5394190732203483e25
3.482825949054025e25
3.4256683338976164e25
3.367994138678654e25
3.3098515852682504e25
3.251289175855226e25
3.192355662092015e25
3.133100014030852e25
3.0735713888683742e25
3.0138190995171118e25
2.9538925830229694e25
2.893841368846796e25
2.833715047029638e25
2.773563236260204e25
2.713435551864095e25
2.6533815737336523e25
2.5934508142180988e25
2.533692685993072e25
2.474156469929107e25
2.4148912829786805e25
2.355946046101044e25
2.297369452244767e25
2.2392099344071744e25
2.1815156337906084e25
2.1243343680747898e25
2.0677135998248344e25
2.0117004050547745e25
1.9563414419654356e25
1.9016829198766444e25
1.8477705683726585e25
1.7946496066804077e25
1.7423647132993767e25
1.6909599959024924e25
1.6404789615266949e25
1.5909644870721018e25
1.5424587901285362e25
1.4950034001476794e25
1.4486391299795232e25
1.4034060477909903e25
1.3593434493850376e25
1.3164898309376794e25
1.2748828621709983e25
1.234559359979057e25
1.1955552625241372e25
1.1579056038202286e25
1.121644488820253e25
1.086805069023656e25
1.0534195186202886e25
1.0215190111866293e25
9.911336969497569e24
9.622926806344057e24
9.350239999081065e24
9.093546044389128e24
8.853103355801785e24
8.629159066961925e24
8.421948841424486e24
8.23169668913617e24
8.058614789723531e24
7.902903322712198e24
7.764750304800058e24
7.644331434301716e24
7.541809942876989e24
7.457336454653702e24
7.391048852849176e24
7.343072153992223e24
7.313518389841656e24
7.302486497094269e24
7.310062214969844e24
7.336317990756828e24
7.381312893397521e24
7.445092535187136e24
7.527689001656338e24
7.629120789702066e24
7.749392754027016e24
7.888496061942915e24
8.046408156588274e24
8.223092728605773e24
8.418499696320573e24
8.632565194454336e24
8.865211571406571e24
9.116347395127724e24
9.38586746760587e24
9.673652847980939e24
9.97957088429796e24
1.030347525390405e25
1.0645206012488455e25
1.1004589651761807e25
1.1381439165762945e25
1.177555412577833e25
1.2186720763852935e25
1.2614712064867634e25
1.3059287867150067e25
1.352019497158446e25
1.3997167259178187e25
1.4489925817037311e25
1.4998179072701587e25
1.5521622936778997e25
1.6059940953820691e25
1.6612804461366188e25
1.7179872757088817e25
1.7760793273963199e25
1.8355201763371394e25
1.8962722486062621e25
1.9582968410872128e25
2.021554142110309e25
2.0860032528469082e25
2.1516022094491504e25
2.2183080059238035e25
2.28607661772881e25
2.354863026080377e25
2.4246212429579096e25
2.4953043367940855e25
2.5668644588362653e25
2.6392528701657174e25
2.7124199693599655e25
2.7863153207839006e25
2.860887683494108e25
2.9360850407411397e25
3.0118546300537534e25
3.088142973888316e25
3.1648959108273677e25
3.2420586273094935e25
3.319575689873577e25
3.397391077899138e25
3.4754482168249244e25
3.553690011827049e25
3.6320588819377366e25
3.7104967945857687e25
3.788945300538894e25
3.8673455692284335e25
3.945638424436372e25
4.02376438032406e25
4.101663677782369e25
4.179276321082103e25
4.256542114804134e25
4.333400701027105e25
4.409791596751885e25
4.485654231540865e25
4.5609279853499245e25
4.6355522265312165e25
4.709466349984339e25
4.7826098154337395e25
4.8549221858093895e25
4.926343165708274e25
4.99681263991402e25
5.066270711951386e25
5.134657742652957e25
5.201914388714705e25
5.267981641217617e25
5.332800864091797e25
5.396313832500161e25
5.4584627711182955e25
5.519190392287344e25
5.578439934016639e25
5.636155197812792e25
5.692280586312278e25
5.746761140694092e25
5.79954257784962e25
5.850571327286613e25
5.8997945677444455e25
5.947160263497748e25
5.992617200325795e25
6.036115021125089e25
6.0776042611426906e25
6.117036382808026e25
6.1543638101412365e25
6.189539962715835e25
6.222519289154368e25
6.253257300135337e25
6.281710600890141e25
6.307836923169088e25
6.331595156655627e25
6.352945379808366e25
6.371848890110491e25
6.388268233706808e25
6.402167234408698e25
6.413511022047537e25
6.422266060157783e25
6.4284001729708875e25
6.431882571701879e25
6.4326838801103855e25
6.430776159318925e25
6.426132931870811e25
6.418729205011365e25
6.408541493175493e25
6.3955478396661375e25
6.379727837507914e25
6.36106264946051e25
6.339535027177736e25
6.315129329497587e25
6.28783153984994e25
6.257629282768113e25
6.22451183949217e25
6.188470162651386e25
6.1494968900137915e25
6.107586357292241e25
6.062734609995699e25
6.014939414315933e25
5.96420026703941e25
5.910518404475986e25
5.85389681039548e25
5.794340222963668e25
5.731855140671182e25
5.6664498272476e25
5.598134315555103e25
5.526920410455053e25
5.452821690643471e25
5.3758535094499724e25
5.296032994596879e25
5.21337904691422e25
5.127912338008958e25
5.039655306885819e25
4.94863215551751e25
4.854868843364682e25
4.758393080844236e25
4.659234321747081e25
4.5574237546051205e25
4.452994293010348e25
4.345980564887551e25
4.236418900722725e25
4.1243473207519405e25
4.009805521113534e25
3.892834858969095e25
3.7734783365972486e25
3.6517805844675754e25
3.527787843300437e25
3.401547945119011e25
3.2731102933027904e25
3.142525841649484e25
3.009847072455312e25
2.8751279736216566e25
2.7384240148000184e25
2.5997921225845e25
2.4592906547641666e25
2.3169793736456496e25
2.172919418460185e25
2.027173276867258e25
1.8798047555675206e25
1.7308789500409436e25
1.5804622134233163e25
1.4286221245374997e25
1.2754274550935713e25
1.1209481360760545e25
9.652552233341307e24
8.084208623912689e24
6.505182524939582e24
4.916216099162892e24
3.3180613054041215e24
1.7114795173045372e24
9.72411352166872e22
-1.5238748085591747e24
-3.15108105099719e24
-4.783582505794875e24
-6.420576676851407e24
-8.061254077542874e24
-9.70479865558849e24
-1.135038822325924e25
-1.2997194892714938e25
-1.4644385516222493e25
-1.6291122131034707e25
-1.7936562408666902e25
-1.957986010833699e25
-2.122016553433097e25
-2.2856625997021695e25
-2.448838627730509e25
-2.611458909418405e25
-2.773437557525903e25
-2.934688572984206e25
-3.0951258924441195e25
-3.2546634360359338e25
-3.413215155311801e25
-3.5706950813454865e25
-3.7270173729609626e25
-3.8820963650643695e25
-4.0358466170497715e25
-4.1881829612521714e25
-4.339020551421152e25
-4.488274911185215e25
-4.635861982480819e25
-4.781698173916919e25
-4.925700409048766e25
-5.067786174530907e25
-5.20787356812309e25
-5.345881346519896e25
-5.481728972977755e25
-5.615336664709576e25
-5.746625440019931e25
-5.875517165154101e25
-6.001934600831223e25
-6.125801448435654e25
-6.247042395837737e25
-6.365583162818581e25
-6.4813505460692565e25
-6.594272463738811e25
-6.704277999504708e25
-6.811297446137609e25
-6.915262348535292e25
-7.016105546198598e25
-7.113761215124875e25
-7.208164909091497e25
-7.299253600304923e25
-7.386965719390961e25
-7.471241194699803e25
-7.5520214909027035e25
-7.629249646855238e25
-7.702870312704657e25
-7.772829786216136e25
-7.839076048296646e25
-7.901558797692314e25
-7.960229484838681e25
-8.015041344840491e25
-8.065949429560357e25
-8.112910638796128e25
-8.15588375052506e25
-8.194829450196075e25
-8.229710359049761e25
-8.260491061448345e25
-8.287138131195785e25
-8.30962015683081e25
-8.32790776587611e25
-8.341973648025598e25
-8.351792577254585e25
-8.357341432836164e25
-8.358599219250464e25
-8.355547084970079e25
-8.348168340109146e25
-8.336448472922932e25
-8.32037516514437e25
-8.299938306146287e25
-8.275130005917418e25
-8.245944606842247e25
-8.212378694273613e25
-8.174431105889455e25
-8.132102939824458e25
-8.08539756156917e25
-8.034320609628461e25
-7.978879999933122e25
-7.91908592899847e25
-7.854950875825079e25
-7.786489602536256e25
-7.713719153748958e25
-7.636658854675208e25
-7.555330307950971e25
-7.469757389191129e25
-7.379966241269754e25
-7.285985267324985e25
-7.187845122489324e25
-7.085578704346352e25
-6.9792211421160644e25
-6.868809784571157e25
-6.754384186687872e25
-6.635986095035574e25
-6.513659431909865e25
-6.387450278214365e25
-6.257406855098851e25
-6.123579504359066e25
-5.9860206676071315e25
-5.844784864220715e25
-5.699928668080243e25
-5.5515106831039734e25
-5.3995915175917025e25
-5.244233757388424e25
-5.085501937880006e25
-4.923462514833581e25
-4.758183834096225e25
-4.589736100165944e25
-4.418191343649864e25
-4.243623387625138e25
-4.066107812918227e25
-3.8857219223207155e25
-3.702544703757307e25
-3.516656792425427e25
-3.328140431924726e25
-3.1370794343957665e25
-2.9435591396879984e25
-2.74766637357763e25
-2.5494894050563186e25
-2.3491179027127385e25
-2.1466428902291457e25
-1.942156701015922e25
-1.735752932007365e25
-1.5275263966428916e25
-1.3175730770580975e25
-1.105990075510543e25
-8.928755650654634e24
-6.783287395687244e24
-4.6244976293152764e24
-2.4533971775505344e24
-2.710055332216031e23
1.9216496701630792e24
4.123533190322293e24
6.333602713596086e24
8.550809397533741e24
1.0774098418384406e25
1.3002409523195155e25
1.5234677586213147e25
1.7469833169291031e25
1.970680308598798e25
2.194451096906047e25
2.418187784102489e25
2.6417822687488554e25
2.865126303291561e25
3.088111551852953e25
3.3106296482016425e25
3.5325722538713244e25
3.753831116395668e25
3.974298127626604e25
4.193865382103363e25
4.41242523543977e25
4.629870362696575e25
4.846093816706228e25
5.060989086316847e25
5.27445015452285e25
5.48637155644871e25
5.6966484371531654e25
5.9051766092213324e25
6.111852610110383e25
6.316573759217949e25
6.519238214638891e25
6.719745029578625e25
6.917994208390064e25
7.1138867622020505e25
7.307324764106882e25
7.498211403875008e25
7.686451042164988e25
7.871949264197073e25
8.054612932859098e25
8.234350241213396e25
8.411070764374105e25
8.584685510724064e25
8.755106972441073e25
8.922249175304135e25
9.086027727748695e25
9.246359869143419e25
9.403164517258481e25
9.55636231489727e25
9.705875675663562e25
9.8516288288364e25
9.99354786332572e25
1.0131560770681908e26
1.0265597487133288e26
1.039558993462547e26
1.0521472060837876e26
1.0643179878152516e26
1.0760651501550773e26
1.0873827185415118e26
1.0982649359212216e26
1.1087062662036031e26
1.1187013975987314e26
1.1282452458370648e26
1.137332957268697e26
1.1459599118401951e26
1.1541217259471513e26
1.1618142551605413e26
1.1690335968251583e26
1.1757760925283226e26
1.1820383304373158e26
1.1878171475039277e26
1.1931096315345592e26
1.1979131231245603e26
1.2022252174553594e26
1.2060437659531733e26
1.209366877808041e26
1.2121929213520733e26
1.21452052529592e26
1.2163485798224542e26
1.2176762375367305e26
1.218502914271529e26
1.2188282897476975e26
1.2186523080885926e26
1.2179751781881842e26
1.2167973739322417e26
1.2151196342722896e26
1.2129429631518947e26
1.2102686292852146e26
1.2070981657875932e26
1.2034333696580601e26
1.1992763011139236e26
1.1946292827774576e26
1.189494898714916e26
1.183875993328094e26
1.1777756700989198e26
1.1711972901874679e26
1.1641444708838309e26
1.1566210839146665e26
1.1486312536049576e26
1.1401793548959072e26
1.1312700112196607e26
1.1219080922320376e26
1.1120987114041336e26
1.1018472234740564e26
1.0911592217598095e26
1.0800405353348403e26
1.0684972260675122e26
1.0565355855258558e26
1.044162131749322e26
1.0313836058890042e26
1.0182069687181247e26
1.0046393970143724e26
9.90688279816159e25
9.763612145546164e25
9.616660030631973e25
9.466106474672027e25
9.312033459551611e25
9.154524884344418e25
8.993666520731577e25
8.829545967309786e25
8.662252602811499e25
8.491877538260798e25
8.318513568093192e25
8.142255120263194e25
7.963198205368286e25
7.781440364814443e25
7.597080618053998e25
7.410219408922294e25
7.2209585511039976e25
7.029401172756567e25
6.835651660323822e25
6.639815601569236e25
6.441999727858918e25
6.24231185572885e25
6.040860827766368e25
5.837756452840352e25
5.633109445711e25
5.427031366055504e25
5.219634556942358e25
5.0110320827873405e25
4.801337666828672e25
4.590665628154111e25
4.379130818317113e25
4.1668485575754635e25
3.9539345707910984e25
3.7405049230260754e25
3.526675954869863e25
3.3125642175374444e25
3.0982864077727768e25
2.8839593025964946e25
2.6696996939327413e25
2.455624323155438e25
2.2418498155891744e25
2.0284926150039756e25
1.8156689181395008e25
1.6034946092988829e25
1.3920851950488028e25
1.1815557390622732e25
9.720207971445168e24
7.635943524774063e24
5.563897511217741e24
3.5051963781297574e24
1.4609589208975312e24
-5.677043520753983e23
-2.5796918503326465e24
-4.5739115278791124e24
-6.549281504898527e24
-8.504730684292578e24
-1.0439199362697992e25
-1.2351639835597056e25
-1.4241016996172757e25
-1.6106308927566101e25
-1.7946507488158076e25
-1.9760618889548084e25
-2.1547664266868484e25
-2.3306680241112364e25
-2.5036719473114235e25
-2.6736851208868418e25
-2.8406161815843096e25
-3.004375530998299e25
-3.1648753873060455e25
-3.322029836007171e25
-3.4757548796376173e25
-3.625968486425726e25
-3.7725906378622146e25
-3.915543375153671e25
-4.05475084453231e25
-4.1901393413923216e25
-4.32163735322628e25
-4.449175601335473e25
-4.572687081286533e25
-4.6921071020903544e25
-4.807373324077557e25
-4.918425795447705e25
-5.025206987467674e25
-5.1276618282972575e25
-5.2257377354208785e25
-5.31938464666313e25
-5.408555049768962e25
-5.493204010528423e25
-5.573289199428261e25
-5.64877091681145e25
-5.719612116528631e25
-5.785778428064785e25
-5.847238177126612e25
-5.903962404675389e25
-5.955924884392347e25
-6.003102138564164e25
-6.045473452376295e25
-6.0830208866038316e25
-6.115729288689743e25
-6.143586302201879e25
-6.166582374660337e25
-6.18471076372825e25
-6.1979675417600795e25
-6.206351598701883e25
-6.209864643339466e25
-6.208511202891173e25
-6.20229862094299e25
-6.191237053724464e25
-6.175339464725182e25
-6.154621617652373e25
-6.129102067731084e25
-6.0988021513495305e25
-6.063745974053114e25
-6.023960396891422e25
-5.979475021123865e25
-5.93032217129012e25
-5.876536876652958e25
-5.818156851021507e25
-5.755222470964517e25
-5.687776752423842e25
-5.615865325738928e25
-5.539536409095208e25
-5.458840780408733e25
-5.3738317476617476e25
-5.2845651177034e25
-5.191099163532312e25
-5.093494590077418e25
-4.991814498494417e25
-4.8861243489972825e25
-4.776491922243619e25
-4.662987279294873e25
-4.545682720171776e25
-4.424652741028199e25
-4.299973989965922e25
-4.171725221513625e25
-4.03998724979566e25
-3.904842900415578e25
-3.766376961080844e25
-3.6246761309951283e25
-3.479828969047171e25
-3.331925840823753e25
-3.1810588644769367e25
-3.0273218554744e25
-2.8708102702650954e25
-2.71162114889097e25
-2.549853056576172e25
-2.385606024328037e25
-2.2189814885819836e25
-2.0500822299253707e25
-1.8790123109336125e25
-1.705877013155448e25
-1.5307827732822154e25
-1.3538371185371344e25
-1.1751486013225932e25
-9.948267331617807e24
-8.129819179735204e24
-6.297253847171349e24
-4.4516911944792006e24
-2.594257968215659e24
-7.260871108627471e23
1.151682933956496e24
3.0379089205793656e24
4.931443504303885e24
6.831135947894546e24
8.735832831161009e24
1.0644378763210051e25
1.2555617096943465e25
1.4468390645393965e25
1.6381542399463914e25
1.8293916246648972e25
2.020435769033276e25
2.2111714569207484e25
2.4014837776409744e25
2.5912581977932864e25
2.7803806329903545e25
2.9687375194276352e25
3.156215885252693e25
3.3427034216926307e25
3.5280885538949512e25
3.7122605114409395e25
3.8951093984878144e25
4.076526263498934e25
4.2564031685180375e25
4.434633257946123e25
4.61111082678048e25
4.785731388272106e25
4.958391740961883e25
5.128990035053333e25
5.297425838082773e25
5.463600199844545e25
5.627415716532834e25
5.788776594059313e25
5.9475887105088525e25
6.103759677692709e25
6.257198901761684e25
6.4078176428422055e25
6.555529073656171e25
6.700248337089176e25
6.841892602669781e25
6.980381121925311e25
7.115635282577586e25
7.247578661544669e25
7.376137076715504e25
7.5012386374625855e25
7.622813793861435e25
7.740795384583931e25
7.85511868343569e25
7.965721444505412e25
8.072543945897398e25
8.175529032018796e25
8.274622154392151e25
8.369771410967072e25
8.460927583903703e25
8.548044175803375e25
8.631077444360396e25
8.709986435412055e25
8.784733014363091e25
8.855281895963506e25
8.921600672417344e25
8.983659839802815e25
9.041432822784867e25
9.094895997600909e25
9.144028713303129e25
9.18881331124047e25
9.229235142765684e25
9.265282585152137e25
9.29694705570757e25
9.324223024072831e25
9.347108022693544e25
9.365602655455052e25
9.379710604471404e25
9.389438635020347e25
9.394796598617052e25
9.395797434220841e25
9.392457167570328e25
9.384794908642672e25
9.372832847234759e25
9.356596246664435e25
9.336113435591763e25
9.311415797960384e25
9.282537761061247e25
9.249516781721229e25
9.212393330620947e25
9.171210874746494e25
9.126015857981588e25
9.076857679847155e25
9.023788672397208e25
8.966864075279936e25
8.906142008975028e25
8.841683446218844e25
8.773552181630138e25
8.701814799550327e25
8.626540640113143e25
8.547801763559811e25
8.465672912816798e25
8.380231474354277e25
8.291557437344529e25
8.19973335114052e25
8.104844281096033e25
8.006977762749411e25
7.90622375439432e25
7.802674588062267e25
7.696424918941399e25
7.587571673258322e25
7.476213994650199e25
7.362453189055095e25
7.246392668149895e25
7.128137891365486e25
7.007796306510531e25
6.8854772890354605e25
6.761292079969172e25
6.635353722562373e25
6.507776997671582e25
6.378678357919271e25
6.248175860665682e25
6.1163890998296875e25
5.983439136595549e25
5.849448429044523e25
5.714540760749588e25
5.578841168373394e25
5.4424758683098e25
5.305572182409533e25
5.168258462832145e25
5.030664016066284e25
4.8929190261607e25
4.755154477210085e25
4.617502075138984e25
4.4800941688286824e25
4.343063670631412e25
4.206543976317865e25
4.070668884503302e25
3.935572515598873e25
3.8013892303339433e25
3.668253547897723e25
3.5363000637461165e25
3.4056633671219207e25
3.2764779583364363e25
3.148878165860198e25
3.022998063271441e25
2.8989713861104174e25
2.776931448688727e25
2.657011060902206e25
2.539342445096134e25
2.424057153032175e25
2.311285983005745e25
2.2011588971631245e25
2.09380493906718e25
1.989352151560724e25
1.8879274949771184e25
1.7896567657458486e25
1.6946645154428906e25
1.6030739703339522e25
1.515006951459226e25
1.4305837953077452e25
1.349923275129518e25
1.2731425229330641e25
1.2003569522158445e25
1.131680181474704e25
1.0672239585431438e25
1.007098085801779e25
9.514103463080629e24
9.002664308907819e24
8.537698662545321e24
8.120219441384971e24
7.751216515744104e24
7.431656022862937e24
7.162479692756039e24
6.944604186342492e24
6.778920446268977e24
6.666293060840782e24
6.607559641462805e24
6.603530213993118e24
6.654986624394208e24
6.762681959067822e24
6.927339980252409e24
7.149654576844474e24
7.430289231008998e24
7.76987650092561e24
8.16901752001941e24
8.628281513004243e24
9.148205329066367e24
9.729292992501388e24
1.0372015271118616e25
1.1076809262698535e25
1.1844077999795111e25
1.2674190073166018e25
1.3567479274085082e25
1.4524244255803356e25
1.5544748214396546e25
1.662921858924542e25
1.7777846783359368e25
1.8990787903762137e25
2.026816052215045e25
2.1610046455999376e25
2.301649057030765e25
2.4487500600139845e25
2.6023046994136493e25
2.7623062779117975e25
2.928744344592295e25
3.1016046856611236e25
3.280869317311931e25
3.466516480748131e25
3.658520639368569e25
3.8568524781257667e25
4.061478905060284e25
4.272363055017685e25
4.489464295550072e25
4.7127382350063174e25
4.942136732809443e25
5.177607911921814e25
5.419096173497874e25
5.66654221371862e25
5.919883042806121e25
6.179052006210661e25
6.443978807966187e25
6.714589536203258e25
6.990806690811407e25
7.272549213241917e25
7.55973251843614e25
7.852268528868821e25
8.150065710690184e25
8.453029111953812e25
8.761060402910415e25
9.074057918350841e25
9.391916701980645e25
9.714528552802672e25
1.0041782073488155e26
1.0373562720712038e26
1.0709752857430856e26
1.1050231807074382e26
1.1394875909627672e26
1.1743558579573554e26
1.2096150365669989e26
1.2452519012528817e26
1.2812529523966689e26
1.3176044228097921e26
1.354292284413242e26
1.3913022550847747e26
1.428619805669763e26
1.466230167152405e26
1.5041183379831672e26
1.5422690915588528e26
1.580666983851509e26
1.6192963611818374e26
1.6581413681332877e26
1.697185955602403e26
1.7364138889814795e26
1.7758087564687603e26
1.8153539775019094e26
1.8550328113104328e26
1.894828365582017e26
1.9347236052384536e26
1.9747013613161314e26
2.0147443399466065e26
2.0548351314319346e26
2.09495621941013e26
2.1350899901054803e26
2.1752187416589936e26
2.215324693533362e26
2.2553899959875358e26
2.2953967396157765e26
2.3353269649455184e26
2.3751626720890424e26
2.4148858304433063e26
2.4544783884328738e26
2.4939222832900542e26
