2.3011515231583063e-28
2.9202921352149093e8
1.8687189326729206e10
2.1280874053950238e11
1.1953067013910115e12
4.557811074908459e12
1.3602540977721525e13
3.4279648294115562e13
7.632783111317573e13
1.5461521303379766e14
2.906769503590591e14
5.144455011609521e14
8.661689690833885e14
1.3985124214607798e15
2.1788365767459705e15
3.2916477612377055e15
4.84121255053359e15
6.95433003785556e15
9.783254210231142e15
1.3508758465278946e16
1.8343333866837524e16
2.453451231766919e16
3.236830542272351e16
4.2172749427695e16
5.432154624557023e16
6.923779022922557e16
8.739777001157122e16
1.0933483441689102e17
1.356433111485079e17
1.6698246667931517e17
2.040804955136025e17
2.4773852675152403e17
2.9883463567199424e17
3.5832784785624595e17
4.272621232031717e17
5.067703070393323e17
5.980780354015135e17
7.025075814683062e17
8.214816300396865e17
9.565269669102781e17
1.1092780699531103e18
1.2814805887264778e18
1.4749946994371482e18
1.6917983221387487e18
1.933990187114871e18
2.2037927374922657e18
2.503554855250549e18
2.8357543979410447e18
3.2030005335988e18
3.60803586152824e18
4.053738306864371e18
4.543122777057653e18
5.079342568701572e18
5.665690513417215e18
6.305599851828543e18
7.002644825005464e18
7.760540973118453e18
8.583145131438657e18
9.47445511422995e18
1.0438609077514672e19
1.1479884552151409e19
1.2602697139141777e19
1.3811598859581772e19
1.5111276152193004e19
1.6506547511907387e19
1.800236076353733e19
1.9603789965139186e19
2.1316031936271487e19
2.314440240696036e19
2.5094331783810875e19
2.717136053034518e19
2.938113415930504e19
3.172939783532599e19
3.4221990587073696e19
3.6864839128627552e19
3.966395129060245e19
4.2625409062215246e19
4.575536124622734e19
4.906001572942702e19
5.254563137205622e19
5.621850952033069e19
6.008498514695446e19
6.415141762528406e19
6.842418114355445e19
7.290965476633976e19
7.761421215117974e19
8.254421092906433e19
8.770598175822425e19
9.31058170614333e19
9.874995945777684e19
1.0464458990058886e20
1.1079581553399882e20
1.1720965728126357e20
1.2389203717878263e20
1.3084876547041031e20
1.3808552747738246e20
1.45607870259867e20
1.534211890868258e20
1.6153071373154242e20
1.6994149461081598e20
1.7865838878645823e20
1.8768604584834266e20
1.9702889369885432e20
2.0669112425916334e20
2.1667667911830153e20
2.2698923514655952e20
2.37632190095225e20
2.4860864820517863e20
2.5992140584732144e20
2.7157293721824366e20
2.8356538011495783e20
2.959005218128975e20
3.0857978507173554e20
3.216042142939045e20
3.349744618609844e20
3.48690774673397e20
3.627529809190646e20
3.7716047709689256e20
3.9191221532110035e20
4.0700669093254824e20
4.224419304433062e20
4.382154798407675e20
4.543243932776314e20
4.707652221740663e20
4.875340047583121e20
5.0462625607189234e20
5.2203695846547685e20
5.397605526112755e20
5.5779092905763144e20
5.761214203512476e20
5.947447937521899e20
6.136532445664935e20
6.328383901208348e20
6.522912644033303e20
6.720023133940852e20
6.91961391108625e20
7.121577563768394e20
7.325800703794845e20
7.53216394963713e20
7.740541917584471e20
7.950803221097336e20
8.162810478555097e20
8.376420329584506e20
8.591483460147654e20
8.807844636559988e20
9.025342748600069e20
9.243810861863776e20
9.463076279506433e20
9.682960613506177e20
9.903279865572225e20
1.0123844517810986e21
1.0344459633252205e21
1.0564924966326374e21
1.0785035083373114e21
1.1004579493248508e21
1.122334278808749e21
1.1441104794264944e21
1.1657640733586738e21
1.1872721394729015e21
1.2086113314931016e21
1.2297578971933403e21
1.2506876986140535e21
1.2713762332971376e21
1.2917986565349725e21
1.3119298046270492e21
1.331744219136426e21
1.3512161721367986e21
1.3703196924395198e21
1.3890285927884173e21
1.4073164980087848e21
1.4251568740954242e21
1.4425230582231277e21
1.4593882896614663e21
1.4757257415742495e21
1.4915085536825222e21
1.5067098657684164e21
1.5213028519957008e21
1.5352607560213335e21
1.548556926870833e21
1.561164855548779e21
1.5730582123542547e21
1.5842108848695767e21
1.5945970165891827e21
1.604191046154076e21
1.61296774715582e21
1.620902268472615e21
1.627970175098622e21
1.6341474894262774e21
1.6394107329400333e21
1.6437369682785689e21
1.6471038416212703e21
1.6494896253534305e21
1.6508732609634608e21
1.6512344021240948e21
1.650553457908477e21
1.6488116360908107e21
1.6459909864801858e21
1.642074444235123e21
1.63704587310534e21
1.630890108546287e21
1.6235930006510426e21
1.6151414568432962e21
1.6055234842742895e21
1.5947282318657936e21
1.5827460319405162e21
1.5695684413805518e21
1.5551882822539933e21
1.5395996818491103e21
1.522798112055122e21
1.504780428028037e21
1.4855449060797063e21
1.4650912807278891e21
1.4434207808448357e21
1.420536164841763e21
1.39644175482638e21
1.3711434696706412e21
1.3446488569258183e21
1.3169671235221547e21
1.2881091651903973e21
1.2580875945428286e21
1.2269167677516006e21
1.194612809762635e21
1.1611936379836784e21
1.1266789843857242e21
1.0910904159574769e21
1.05445135345331e21
1.0167870883757801e21
9.781247981346946e20
9.384935593254958e20
8.979243590707969e20
8.564501043698383e20
8.141056294018646e20
7.709277007304848e20
7.269550203574872e20
6.82228226575791e20
6.367898925727686e20
5.906845227365425e20
5.439585466195607e20
4.9666031051530817e20
4.488400666057646e20
4.005499596390616e20
3.5184401109856826e20
3.027781008266891e20
2.534099460685573e20
2.0379907790300525e20
1.5400681503023025e20
1.0409623488791295e20
5.413214206971773e19
4.181034022568952e18
-4.5688935998598775e19
-9.540799873731907e19
-1.4490481151958486e20
-1.941065036289219e20
-2.429387244835712e20
-2.9132569462397148e20
-3.391902595160977e20
-3.8645394617326214e20
-4.33037022596259e20
-4.7885856002865306e20
-5.238364980212405e20
-5.678877122965167e20
-6.109280854011238e20
-6.52872580131005e20
-6.936353157109989e20
-7.33129646707411e20
-7.712682446488772e20
-8.079631823277284e20
-8.43126020750712e20
-8.766678987047704e20
-9.08499624900247e20
-9.38531772650617e20
-9.666747770445218e20
-9.928390345626018e20
-1.0169350050882813e21
-1.0388733162583103e21
-1.0585648700955928e21
-1.0759209518634741e21
-1.0908533410773289e21
-1.1032744246060372e21
-1.1130973117925561e21
-1.1202359515196039e21
-1.1246052511431311e21
-1.126121197213077e21
-1.1247009778976298e21
-1.1202631070241104e21
-1.1127275496463524e21
-1.1020158490453987e21
-1.0880512550672614e21
-1.0707588536983964e21
-1.0500656977766405e21
-1.0259009387323665e21
-9.981959592517498e20
-9.668845067512115e20
-9.319028275493595e20
-8.931898016199975e20
-8.506870778072341e20
-8.043392093810381e20
-7.540937898092293e20
-6.99901588619393e20
-6.417166872219352e20
-5.794966145632203e20
-5.132024824756087e20
-4.4279912058913594e20
-3.682552106675954e20
-2.8954342022996466e20
-2.0664053531628444e20
-1.1952759225548e20
-2.81900082910479e19
6.7382289080919e19
1.6719473420825094e20
2.712479969618019e20
3.7953785814636534e20
4.920550867935093e20
6.087853194874163e20
7.297089418753855e20
8.548009725154139e20
9.840309492136637e20
1.1173628180049166e21
1.2547548249294378e21
1.3961594107596172e21
1.541523108829771e21
1.6907864461221961e21
1.843883847762263e21
2.000743545074804e21
2.161287487353439e21
2.3254312574935837e21
2.493083991639112e21
2.664148302991319e21
2.8385202099278546e21
3.016089068577598e21
3.196737509996182e21
3.380341382084909e21
3.5667696963941837e21
3.755884579950317e21
3.9475412322426395e21
4.141587887505311e21
4.337865782425944e21
4.5362091294102583e21
4.736445095529549e21
4.93839378727438e21
5.141868241235249e21
5.346674420827327e21
5.552611219173297e21
5.759470468254455e21
5.967036954436876e21
6.175088440475187e21
6.383395694092874e21
6.591722523233595e21
6.799825818073912e21
7.007455599883173e21
7.214355076811972e21
7.420260706685607e21
7.6249022668744e21
7.828002931307438e21
8.029279354691508e21
8.2284417639914e21
8.425194057222739e21
8.61923390960266e21
8.810252887098332e21
8.997936567407346e21
9.181964668398341e21
9.362011184034125e21
9.537744527793637e21
9.708827683602733e21
9.8749183642778e21
1.0035669177479494e22
1.019072779916784e22
1.033973715454302e22
1.0482335606449895e22
1.0618157151217376e22
1.0746831621897155e22
1.0867984898859402e22
1.0981239127696145e22
1.1086212944376229e22
1.11825217075885e22
1.126977773820316e22
1.1347590565773823e22
1.1415567181995963e22
1.1473312301030062e22
1.152042862659085e22
1.1556517125696524e22
1.1581177308965065e22
1.1594007517336986e22
1.1594605215097343e22
1.15825672890619e22
1.1557490353785832e22
1.1518971062645623e22
1.1466606424638085e22
1.1399994126733003e22
1.1318732861609095e22
1.1222422660595698e22
1.1110665231635768e22
1.0983064302078944e22
1.0839225966106073e22
1.0678759036580646e22
1.0501275401114882e22
1.030639038213251e22
1.0093723100702891e22
9.862896843915522e21
9.613539435556691e21
9.345283609844807e21
9.057767387973821e21
8.750634457208986e21
8.423534552272878e21
8.076123838753716e21
7.708065298263044e21
7.319029115063761e21
6.908693063884556e21
6.476742898631315e21
6.022872741701701e21
5.54678547360363e21
5.048193122574327e21
4.526817253891568e21
3.982389358565318e21
3.4146512410932014e21
2.823355405959581e21
2.2082654425549258e21
1.5691564081875884e21
9.058152088582069e20
2.1804097746312993e20
-4.94354550909158e20
-1.2315466669276067e21
-1.993697318554465e21
-2.7809547465107765e21
-3.5934531240160007e21
-4.4313122011482916e21
-5.294636954172615e21
-6.18351724018517e21
-7.09802745742363e21
-8.038226211592875e21
-9.004155988555969e21
-9.995842833740118e21
-1.1013296038607357e22
-1.2056507834538853e22
-1.3125453094480236e22
-1.422008904269513e22
-1.5340354972971665e22
-1.6486171975625789e22
-1.7657442673642281e22
-1.8854050968292253e22
-2.0075861794563583e22
-2.132272088673757e22
-2.2594454554441207e22
-2.3890869469501534e22
-2.5211752463924975e22
-2.655687033931839e22
-2.7925969688067828e22
-2.9318776726580896e22
-3.0734997140899233e22
-3.217431594497685e22
-3.3636397351919543e22
-3.5120884658468874e22
-3.662740014301383e22
-3.815554497740109e22
-3.970489915281305e22
-4.127502141997051e22
-4.2865449243914e22
-4.447569877360583e22
-4.6105264826591144e22
-4.775362088894335e22
-4.942021913071374e22
-5.110449043709575e22
-5.280584445550387e22
-5.45236696587586e22
-5.6257333424559185e22
-5.80061821314154e22
-5.976954127119957e22
-6.154671557846993e22
-6.333698917670429e22
-6.513962574157406e22
-6.695386868137493e22
-6.8778941334722236e22
-7.0614047185603136e22
-7.245837009587029e22
-7.431107455524537e22
-7.617130594889318e22
-7.803819084260878e22
-7.991083728565314e22
-8.178833513125512e22
-8.366975637478896e22
-8.55541555096185e22
-8.744056990059028e22
-8.932802017514076e22
-9.121551063197262e22
-9.310202966723719e22
-9.498655021815006e22
-9.686803022395002e22
-9.87454131041001e22
-1.0061762825361107e23
-1.024835915553593e23
-1.0434220590925019e23
-1.0619236177806961e23
-1.0803293774984665e23
-1.0986280111654001e23
-1.1168080846884339e23
-1.1348580630689222e23
-1.1527663166663823e23
-1.1705211276164582e23
-1.1881106964004557e23
-1.2055231485637141e23
-1.2227465415798862e23
-1.2397688718580727e23
-1.256578081889619e23
-1.2731620675312279e23
-1.2895086854209069e23
-1.3056057605231185e23
-1.3214410937993815e23
-1.3370024700003958e23
-1.352277665575673e23
-1.3672544566964804e23
-1.3819206273877816e23
-1.3962639777647341e23
-1.4102723323691675e23
-1.423933548601324e23
-1.437235525242038e23
-1.4501662110603858e23
-1.4627136135017263e23
-1.4748658074509298e23
-1.4866109440654691e23
-1.497937259672937e23
-1.5088330847274427e23
-1.519286852819223e23
-1.529287109731699e23
-1.5388225225401202e23
-1.5478818887458057e23
-1.5564541454399276e23
-1.5645283784906633e23
-1.5720938317474776e23
-1.579139916256171e23
-1.5856562194782976e23
-1.5916325145084247e23
-1.597058769282671e23
-1.6019251557718713e23
-1.6062220591526404e23
-1.6099400869495697e23
-1.6130700781417076e23
-1.6156031122264345e23
-1.6175305182337816e23
-1.6188438836842218e23
-1.6195350634828725e23
-1.6195961887430862e23
-1.6190196755322864e23
-1.61779823353296e23
-1.615924874611648e23
-1.613392921288769e23
-1.6101960151021146e23
-1.606328124856823e23
-1.601783554754666e23
-1.5965569523954635e23
-1.5906433166434666e23
-1.5840380053515518e23
-1.5767367429360932e23
-1.568735627795426e23
-1.5600311395648e23
-1.550620146200809e23
-1.5404999108882867e23
-1.529668098762728e23
-1.5181227834413474e23
-1.5058624533559226e23
-1.4928860178806688e23
-1.4791928132484425e23
-1.4647826082486386e23
-1.4496556097002532e23
-1.4338124676936435e23
-1.4172542805946296e23
-1.399982599804679e23
-1.3819994342709903e23
-1.3633072547404539e23
-1.3439089977515387e23
-1.3238080693582808e23
-1.3030083485807187e23
-1.2815141905761573e23
-1.2593304295259155e23
-1.2364623812322054e23
-1.2129158454200855e23
-1.1886971077394219e23
-1.1638129414621353e23
-1.138270608869994e23
-1.1120778623285312e23
-1.0852429450427013e23
-1.0577745914902221e23
-1.0296820275285667e23
-1.0009749701719172e23
-9.716636270344264e22
-9.41758695436493e22
-9.112713611708086e22
-8.802132969252676e22
-8.485966603599145e22
-8.164340918354573e22
-7.837387117909673e22
-7.505241177686976e22
-7.168043810841141e22
-6.8259404313952095e22
-6.47908111379853e22
-6.127620548894562e22
-5.771717996289425e22
-5.411537233113776e22
-5.047246499174226e22
-4.679018438491713e22
-4.307030037227888e22
-3.931462558002016e22
-3.552501470604726e22
-3.170336379116232e22
-2.7851609454404855e22
-2.397172809267991e22
-2.006573504484218e22
-1.613568372041786e22
-1.2183664693183427e22
-8.211804759837024e21
-4.222265964038168e21
-2.1724458610472675e20
3.8010299013045913e21
7.830295911179554e21
1.1868260853434445e22
1.5912602279073597e22
1.9960969056810003e22
2.401098258168487e22
2.806023801519519e22
3.210630555642372e22
3.6146731743626303e22
4.0179040785717376e22
4.420073592305337e22
4.8209300816900385e22
5.220220096693837e22
5.617688515612957e22
6.013078692225722e22
6.406132605540636e22
6.796591012064207e22
7.1841936005108576e22
7.568679148875504e22
7.949785683785923e22
8.327250642050665e22
8.700811034315054e22
9.07020361073631e22
9.435165028585472e22
9.795432021682553e22
1.015074157156842e23
1.050083108031542e23
1.0845438544875712e23
1.1184302732865139e23
1.1517163359677771e23
1.1843761266824923e23
1.2163838601389704e23
1.2477138996487143e23
1.2783407752617556e23
1.3082392019799593e23
1.3373840980367082e23
1.3657506032312844e23
1.3933140973060796e23
1.4200502183546011e23
1.4459348812481683e23
1.4709442960689624e23
1.4950549865370698e23
1.5182438084189464e23
1.5404879679047302e23
1.5617650399415957e23
1.582052986510369e23
1.6013301748324553e23
1.6195753954941192e23
1.636767880475005e23
1.6528873210678173e23
1.6679138856759438e23
1.681828237475845e23
1.6946115519308974e23
1.7062455341434662e23
1.716712436031848e23
1.7259950733188478e23
1.734076842318603e23
1.7409417365084365e23
1.7465743628723992e23
1.7509599580033063e23
1.7540844039500365e23
1.7559342437969392e23
1.756496696962235e23
1.7557596742024328e23
1.7537117923097354e23
1.7503423884896268e23
1.745641534405822e23
1.7396000498799783e23
1.7322095162335596e23
1.723462289259475e23
1.7133515118111767e23
1.701871125997127e23
1.689015884968611e23
1.6747813642890868e23
1.6591639728734357e23
1.6421609634856905e23
1.6237704427839254e23
1.6039913809012808e23
1.5828236205522735e23
1.560267885653806e23
1.5363257894504194e23
1.5109998421337188e23
1.4842934579460033e23
1.4562109617585696e23
1.4267575951152034e23
1.3959395217318809e23
1.3637638324437861e23
1.3302385495912592e23
1.295372630836349e23
1.2591759724021822e23
1.2216594117275143e23
1.1828347295293212e23
1.1427146512664138e23
1.1013128479976218e23
1.0586439366282754e23
1.0147234795392357e23
9.695679835928884e22
9.231948985110915e22
8.756226146202899e22
8.268704599595754e22
7.769586967476182e22
7.259085172050485e22
6.737420387290764e22
6.204822984177455e22
5.661532469414016e22
5.107797417595445e22
4.543875396817067e22
3.970032887711918e22
3.386545195912295e22
2.7936963579331257e22
2.1917790404815232e22
1.5810944331988662e22
9.619521348483867e21
3.346700329644691e21
-3.004258230140303e21
-9.430013551020033e21
-1.5927145965859142e22
-2.2492158382670136e22
-2.9121477810888664e22
-3.5811456951059233e22
-4.2558375847427825e22
-4.935844360290875e22
-5.620780015582815e22
-6.310251811782302e22
-7.003860467220302e22
-7.701200353205563e22
-8.401859695730604e22
-9.105420782992535e22
-9.811460178640573e22
-1.0519548940659494e23
-1.1229252845791791e23
-1.1940132619399004e23
-1.2651744170655976e23
-1.3363638832968692e23
-1.407536360950032e23
-1.4786461423687898e23
-1.5496471374625403e23
-1.620492899718602e23
-1.6911366526750908e23
-1.7615313168409262e23
-1.8316295370488123e23
-1.901383710226825e23
-1.9707460135735987e23
-2.0396684331219815e23
-2.108102792675386e23
-2.1760007831008274e23
-2.2433139919621267e23
-2.309993933476564e23
-2.3759920787777606e23
-2.4412598864671795e23
-2.5057488334364843e23
-2.5694104459424495e23
-2.6321963309159085e23
-2.6940582074858087e23
-2.7549479386993023e23
-2.8148175634182855e23
-2.873619328372728e23
-2.9313057203506228e23
-2.987829498504396e23
-3.0431437267530994e23
-3.097201806259701e23
-3.149957507962276e23
-3.201365005138071e23
-3.2513789059787885e23
-3.299954286155617e23
-3.347046721352022e23
-3.392612319742471e23
-3.436607754394848e23
-3.478990295574352e23
-3.5197178429264e23
-3.558748957516119e23
-3.5960428937017715e23
-3.6315596308194514e23
-3.6652599046562464e23
-3.697105238689171e23
-3.727057975066952e23
-3.7550813053118344e23
-3.781139300718517e23
-3.805196942427433e23
-3.8272201511495006e23
-3.8471758165195594e23
-3.8650318260557455e23
-3.8807570937022285e23
-3.8943215879326576e23
-3.905696359391906e23
-3.914853568053744e23
-3.9217665098722525e23
-3.926409642904967e23
-3.928758612885779e23
-3.928790278225986e23
-3.926482734421965e23
-3.921815337848202e23
-3.9147687289146293e23
-3.905324854567488e23
-3.8934669901132146e23
-3.87917976034509e23
-3.8624491599526945e23
-3.843262573194583e23
-3.821608792814923e23
-3.7974780381849825e23
-3.7708619726510964e23
-3.741753720070771e23
-3.710147880519147e23
-3.6760405451484194e23
-3.6394293101832165e23
-3.600313290035408e23
-3.5586931295223075e23
-3.514571015172465e23
-3.4679506856041504e23
-3.418837440961707e23
-3.36723815139572e23
-3.3131612645733654e23
-3.2566168122058545e23
-3.197616415580495e23
-3.136173290085353e23
-3.072302248715238e23
-3.00601970454799e23
-2.9373436721811977e23
-2.8662937681194845e23
-2.792891210103576e23
-2.7171588153727275e23
-2.6391209978529022e23
-2.5588037642636257e23
-2.4762347091372726e23
-2.391443008744849e23
-2.3044594139236334e23
-2.2153162418020964e23
-2.1240473664186157e23
-2.0306882082310902e23
-1.93527572251527e23
-1.8378483866503484e23
-1.7384461862912253e23
-1.6371106004271615e23
-1.5338845853280153e23
-1.4288125573792501e23
-1.3219403748081583e23
-1.2133153183042764e23
-1.1029860705378095e23
-9.910026945806468e22
-8.774166112352656e22
-7.62280575277766e22
-6.456486506216319e22
-5.275761844102604e22
-4.0811978004643914e22
-2.873372691680582e22
-1.6528768258010388e22
-4.20312201536388e21
8.237078029663193e21
2.078558751438001e22
3.3436054807637666e22
4.618202442078468e22
5.90169405153764e22
7.193415050609243e22
8.492690875724135e22
9.79883803711661e22
1.1111164506677896e23
1.2428970114637757e23
1.3751546954885556e23
1.5078179798727702e23
1.6408146516878796e23
1.774071850947158e23
1.9075161143866204e23
2.04107342000311e23
2.174669232326154e23
2.30822854839941e23
2.4416759444472086e23
2.5749356232004053e23
2.7079314618557606e23
2.840587060642053e23
2.972825791965635e23
3.104570850107532e23
3.2357453014435236e23
3.366272135158225e23
3.496074314423336e23
3.6250748280102075e23
3.753196742305552e23
3.8803632536994344e23
4.006497741313608e23
4.1315238200380286e23
4.255365393842883e23
4.377946709332988e23
4.4991924095109124e23
4.619027587715123e23
4.737377841698452e23
4.854169327812424e23
4.969328815262273e23
5.082783740397256e23
5.194462261000582e23
5.304293310542949e23
5.4122066523633786e23
5.518132933741044e23
5.622003739821099e23
5.7237516473578044e23
5.8233102782377736e23
5.920614352746122e23
6.015599742538142e23
6.108203523279047e23
6.198364026914232e23
6.286020893532371e23
6.371115122783916e23
6.453589124817083e23
6.533386770693918e23
6.610453442248746e23
6.684736081351544e23
6.756183238538797e23
6.824745120974549e23
6.89037363970447e23
6.953022456166022e23
7.012647027917867e23
7.069204653551974e23
7.122654516752171e23
7.172957729462998e23
7.22007737413322e23
7.263978544998529e23
7.304628388368382e23
7.341996141882362e23
7.376053172701628e23
7.406773014601808e23
7.434131403933757e23
7.458106314419403e23
7.478677990750185e23
7.495828980956269e23
7.509544167515185e23
7.519810797169171e23
7.526618509421078e23
7.529959363679358e23
7.529827865023269e23
7.526220988560134e23
7.5191382023472e23
7.508581488851369e23
7.494555364920794e23
7.477066900243141e23
7.456125734266048e23
7.431744091556292e23
7.403936795574768e23
7.372721280845452e23
7.338117603497289e23
7.300148450158938e23
7.258839145187082e23
7.214217656210155e23
7.166314597970027e23
7.115163234445546e23
7.060799479242406e23
7.003261894235144e23
6.942591686447941e23
6.878832703162069e23
6.812031425238719e23
6.742236958647182e23
6.669501024189412e23
6.593877945413021e23
6.515424634706033e23
6.434200577567691e23
6.350267815050873e23
6.263690924372843e23
6.17453699769211e23
6.082875619050462e23
5.9887788394804336e23
5.8923211502795544e23
5.7935794544540665e23
5.692633036335906e23
5.589563529378094e23
5.484454882134681e23
5.3773933224329116e23
5.268467319746249e23
5.157767545778424e23
5.0453868332694424e23
4.9314201330363966e23
4.8159644692625195e23
4.6991188930496574e23
4.580984434250224e23
4.461664051596202e23
4.341262581143828e23
4.219886683053997e23
4.0976447867295154e23
3.9746470343314926e23
3.851005222698758e23
3.726832743694983e23
3.602244523009617e23
3.477356957439908e23
3.3522878506824715e23
3.227156347664116e23
3.1020828674427245e23
2.9771890347100628e23
2.8525976099298705e23
2.728432418145443e23
2.6048182764920094e23
2.4818809204505723e23
2.3597469288807227e23
2.238543647871204e23
2.1183991134479875e23
1.9994419731804642e23
1.8818014067278813e23
1.7656070453686724e23
1.650988890556488e23
1.5380772315477874e23
1.4270025621466442e23
1.3178954966134848e23
1.2108866847851873e23
1.1061067264551221e23
1.0036860850621029e23
9.03755000738697e22
8.064434027694571e22
7.118808215108694e22
6.2019629982536685e22
5.315183040824788e22
4.459746347809037e22
3.6369233684599214e22
2.8479760965751114e22
2.094157168635746e22
1.3767089603675257e22
6.96862682291635e21
5.583747483767113e20
-5.451604964047788e21
-1.1049389447146616e22
-1.622320364962528e22
-2.0961429344412026e22
-2.5252614112098845e22
-2.9085480293581374e22
-3.2448933905935943e22
-3.533207351551462e22
-3.7724199062268872e22
-3.961482062926378e22
-4.099366715135572e22
-4.185069505698153e22
-4.217609683702351e22
-4.196030953469938e22
-4.119402315044491e22
-3.986818895575876e22
-3.797402770998925e22
-3.5503037774065463e22
-3.2447003115203913e22
-2.8798001196622147e22
-2.4548410746347884e22
-1.9690919399223317e22
-1.4218531206263155e22
-8.124574005538222e21
-1.4027066488287034e21
5.953073921682124e21
1.3948425752322515e22
2.258865511808553e22
3.187870992954998e22
4.182317331206693e22
5.2426257362602124e22
6.3691797089603574e22
7.562324454113306e22
8.822366312646128e22
1.0149572213620233e23
1.1544169146602159e23
1.3006343654882042e23
1.4536241350020548e23
1.6133966448198927e23
1.779958132883103e23
1.953310611589112e23
2.1334518282393e23
2.3203752278453243e23
2.5140699183351655e23
2.7145206381995498e23
2.9217077266176256e23
3.135607096100147e23
3.356190207686363e23
3.583424048730258e23
3.8172711133093744e23
4.057689385289254e23
4.304632324074025e23
4.558048853072932e23
4.8178833509104126e23
5.084075645406662e23
5.3565610103530834e23
5.635270165106478e23
5.9201292770229706e23
6.211059966752385e23
6.507979316411049e23
6.810799880649971e23
7.119429700633049e23
7.433772320939005e23
7.753726809398223e23
8.079187779874411e23
8.410045417998895e23
8.746185509863823e23
9.087489473678514e23
9.4338343943916e23
9.78509306127916e23
1.014113400849822e24
1.0501821558602042e24
1.0867015869012395e24
1.123657298144184e24
1.161034487425725e24
1.1988179517773846e24
1.2369920932467226e24
1.275540925008833e24
1.3144480777665558e24
1.3536968064375187e24
1.3932699971259405e24
1.4331501743770538e24
1.4733195087116306e24
1.5137598244380573e24
1.554452607739103e24
1.5953790150304107e24
1.6365198815875072e24
1.6778557304379415e24
1.7193667815149667e24
1.7610329610690107e24
1.802833911332997e24
1.8447490004373478e24
1.8867573325703317e24
1.928837758379289e24
1.970968885608007e24
2.013129089965385e24
2.0552965262203082e24
2.0974491395175313e24
2.139564676909164e24
2.1816206990961588e24
2.223594592374041e24
2.2654635807770105e24
2.3072047384142917e24
2.3487950019925026e24
2.3902111835176201e24
2.431429983169997e24
2.4724280023457154e24
2.513181756857407e24
2.55366769028749e24
2.59386218748673e24
2.6337415882107665e24
2.673282200887228e24
2.712460316505784e24
2.751252222623535e24
2.7896342174778334e24
2.8275826241986717e24
2.8650738051124836e24
2.90208417612927e24
2.938590221204731e24
2.974568506869026e24
3.009995696813663e24
3.044848566527971e24
3.079104017976462e24
3.112739094308342e24
3.145730994590335e24
3.1780570885539167e24
3.209694931347985e24
3.2406222782879057e24
3.27081709959186e24
3.3002575950953293e24
3.328922208934517e24
3.3567896441894375e24
3.383838877477428e24
3.4100491734877453e24
3.435400099447911e24
3.4598715395124245e24
3.4834437090645037e24
3.5060971689214225e24
3.5278128394341046e24
3.5485720144715263e24
3.568356375280597e24
3.5871480042121367e24
3.604929398303597e24
3.621683482709216e24
3.637393623968307e24
3.6520436431024645e24
3.665617828532449e24
3.678100948805601e24
3.689478265124709e24
3.699735543669267e24
3.708859067700196e24
3.7168356494390734e24
3.723652641713127e24
3.7292979493572216e24
3.7337600403642277e24
3.73702795677523e24
3.7390913253011363e24
3.739940367667399e24
3.7395659106736175e24
3.7379593959599446e24
3.735112889472351e24
3.731019090618939e24
3.7256713411096066e24
3.7190636334715304e24
3.7111906192331116e24
3.7020476167691134e24
3.6916306187999607e24
3.679936299538301e24
3.6669620214760854e24
3.652705841805639e24
3.637166518468342e24
3.6203435158247687e24
3.602237009940297e24
3.582847893480369e24
3.5621777802098815e24
3.5402290090913034e24
3.5170046479763575e24
3.492508496886335e24
3.466745090876321e24
3.4397197024788287e24
3.4114383437226144e24
3.38190776772256e24
3.3511354698369403e24
3.31912968838845e24
3.2858994049457004e24
3.25145434416217e24
3.21580497316975e24
3.1789625005243805e24
3.140938874701514e24
3.101746782139282e24
3.0613996448277375e24
3.019911617442613e24
2.9772975840223726e24
2.9335731541876335e24
2.8887546589022893e24
2.842859145775933e24
2.795904373907451e24
2.7479088082700416e24
2.698891613637938e24
2.648872648055771e24
2.5978724558514753e24
2.545912260194054e24
2.4930139551978544e24
2.439200097575177e24
2.3844938978394356e24
2.328919211061353e24
2.2725005271808297e24
2.2152629608777044e24
2.1572322410046094e24
2.0984346995855936e24
2.0388972603844294e24
1.9786474270467893e24
1.917713270820786e24
1.8561234178607104e24
1.7939070361188743e24
1.7310938218311072e24
1.667713985601382e24
1.603798238091559e24
1.5393777753223893e24
1.4744842635922864e24
1.4091498240205566e24
1.343407016722149e24
1.2772888246212068e24
1.210828636910855e24
1.1440602321672153e24
1.077017761125585e24
1.0097357291271497e24
9.422489782448075e23
8.745926690969306e23
8.06802262358137e23
7.389134999764375e23
6.709623861061572e23
6.029851677666267e23
5.350183152365064e23
4.6709850219402194e23
3.992625856135708e23
3.315475854293534e23
2.6399066397690435e23
1.9662910522364984e23
1.2950029379960579e23
6.264169383989535e22
-3.909172349426253e21
-7.011474579036007e22
-1.3593745248477155e23
-2.013397252068558e23
-2.6628402542393856e23
-3.307328653331503e23
-3.946488300012862e23
-4.579945995952563e23
-5.207329716900131e23
-5.828268836411056e23
-6.442394350086642e23
-7.049339100195746e23
-7.648738000545053e23
-8.240228261463425e23
-8.82344961476459e23
-9.398044538553511e23
-9.963658481737615e23
-1.0519940088106996e24
-1.1066541419845043e24
-1.1603118180331024e24
-1.212932993609589e24
-1.2644840337792234e24
-1.3149317340038354e24
-1.3642433419998488e24
-1.4123865794557702e24
-1.4593296635953253e24
-1.505041328572253e24
-1.5494908466828516e24
-1.5926480493823726e24
-1.6344833480914241e24
-1.6749677547785622e24
-1.7140729023053136e24
-1.7517710645200197e24
-1.7880351760867546e24
-1.82283885203589e24
-1.8561564070228468e24
-1.8879628742816696e24
-1.9182340242602048e24
-1.946946382923772e24
-1.9740772497143155e24
-1.999604715152255e24
-2.0235076780682004e24
-2.0457658624520757e24
-2.0663598339072305e24
-2.085271015697262e24
-2.1024817043735586e24
-2.117975084971657e24
-2.131735245764742e24
-2.1437471925628678e24
-2.1539968625465737e24
-2.1624711376238768e24
-2.1691578572998838e24
-2.17404583104836e24
-2.177124850174958e24
-2.1783856991620595e24
-2.1778201664853396e24
-2.1754210548925115e24
-2.1711821911350038e24
-2.1650984351435236e24
-2.1571656886387767e24
-2.147380903168973e24
-2.135742087565899e24
-2.1222483148118855e24
-2.1068997283100146e24
-2.0896975475504726e24
-2.0706440731661792e24
-2.0497426913712e24
-2.02699787777567e24
-2.0024152005715167e24
-1.9760013230833589e24
-1.9477640056796192e24
-1.9177121070388829e24
-1.885855584767282e24
-1.852205495362749e24
-1.8167739935225168e24
-1.779574330790615e24
-1.7406208535424277e24
-1.6999290003038152e24
-1.6575152984027116e24
-1.613397359951367e24
-1.5675938771581474e24
-1.5201246169676544e24
-1.4710104150288957e24
-1.4202731689912647e24
-1.3679358311286744e24
-1.3140224002925338e24
-1.2585579131947052e24
-1.2015684350218668e24
-1.1430810493834971e24
-1.0831238475954924e24
-1.0217259173024663e24
-9.589173304418134e23
-8.947291305531919e23
-8.29193319437462e23
-7.623428431694547e23
-6.942115774696732e23
-6.248343124398952e23
-5.5424673666864475e23
-4.824854207125298e23
-4.095877999600227e23
-3.355921568846219e23
-2.6053760269477347e23
-1.8446405838819765e23
-1.0741223521909199e23
-2.9423614586386207e22
4.945957264767448e22
1.2919436739937564e23
2.0973710415602717e23
2.9104343330895194e23
3.73068344016411e23
4.5576618758567146e23
5.390907013626374e23
6.229950331177604e23
7.074317659159327e23
7.923529434580572e23
8.777100958815721e23
9.634542660068143e23
1.0495360360157654e24
1.135905554549555e24
1.222512564210296e24
1.3093064294532358e24
1.3962361648542075e24
1.4832504637374147e24
1.5702977271482158e24
1.6573260931552596e24
1.7442834664660064e24
1.8311175483395815e24
1.917775866780172e24
2.0042058069946363e24
2.0903546420970377e24
2.1761695640430438e24
2.2615977147766134e24
2.3465862175714272e24
2.4310822085490157e24
2.5150328683556975e24
2.59838545397969e24
2.68108733069033e24
2.763086004080462e24
2.8443291521932824e24
2.924764657714661e24
3.004340640211841e24
3.0830054883993356e24
3.16070789241244e24
3.2373968760692327e24
3.3130218291012285e24
3.387532539333171e24
3.4608792247921687e24
3.5330125657264565e24
3.6038837365138687e24
3.673444437440301e24
3.7416469263279596e24
3.8084440499938537e24
3.873789275518337e24
3.937636721303911e24
3.999941187904349e24
4.0606581886043204e24
4.119743979729673e24
4.177155590668737e24
4.232850853584663e24
4.2867884327996556e24
4.3389278538311895e24
4.389229532061065e24
4.4376548010179036e24
4.4841659402540094e24
4.5287262027975764e24
4.5712998421614434e24
4.611852138889597e24
4.6503494266231507e24
4.686759117667336e24
4.721049728041509e24
4.753190901994261e24
4.783153435966034e24
4.8109093019818423e24
4.836431670456985e24
4.859694932398759e24
4.880674720987802e24
4.899347932522572e24
4.915692746711043e24
4.92968864629393e24
4.941316435984049e24
4.950558260706857e24
4.957397623127359e24
4.961819400449179e24
4.963809860471799e24
4.963356676892368e24
4.960448943838881e24
4.955077189621977e24
4.947233389692908e24
4.936910978795795e24
4.924104862302524e24
4.90881142671923e24
4.891028549353738e24
4.870755607133707e24
4.847993484565739e24
4.82274458082619e24
4.795012815974882e24
4.764803636283438e24
4.73212401867038e24
4.696982474235665e24
4.659389050887974e24
4.6193553350583216e24
4.5768944524943253e24
4.532021068129833e24
4.484751385025245e24
4.4351031423743856e24
4.38309561257421e24
4.32874959735448e24
4.2720874229646027e24
4.2131329344159875e24
4.1519114887783346e24
4.088449947529095e24
4.02277666795586e24
3.9549214936120026e24
3.884915743826406e24
3.812792202268938e24
3.738585104573426e24
3.6623301250211106e24
3.5840643622875734e24
3.5038263242570395e24
3.421655911908436e24
3.337594402278177e24
3.2516844305052624e24
3.163969970964893e24
3.0744963174971383e24
2.9833100627382793e24
2.890459076562509e24
2.7959924836425394e24
2.6999606401382044e24
2.602415109522652e24
2.503408637556392e24
2.4029951264198881e24
2.3012296080162292e24
2.1981682164554517e24
2.0938681597333752e24
1.9883876906176915e24
1.881786076754952e24
1.7741235700126061e24
1.665461375070654e24
1.5558616172781222e24
1.445387309790153e24
1.3341023200016377e24
1.2220713352944845e24
1.109359828115476e24
9.960340204025179e23
8.821608473775107e23
7.678079207244575e23
6.530434911719959e23
5.3793641050001215e23
4.2255609299016806e23
3.069724763411591e23
1.9125598206937514e23
7.547747541636845e22
-4.029177521505994e22
-1.5598013927410982e23
-2.7151566550199146e23
-3.868261237758076e23
-5.018390473329751e23
-6.164817753528065e23
-7.306814958709928e23
-8.443652890029716e23
-9.574601704514552e23
-1.0698931352733563e24
-1.1815912018808728e24
-1.2924814562513613e24
-1.4024910963202153e24
-1.5115474765310762e24
-1.6195781525169242e24
-1.7265109258858622e24
-1.832273889085063e24
-1.9367954703160556e24
-2.040004478474507e24
-2.1418301480874516e24
-2.2422021842206954e24
-2.341050807329302e24
-2.4383067980235004e24
-2.533901541722669e24
-2.627767073169839e24
-2.71983612077904e24
-2.810042150787864e24
-2.898319411187591e24
-2.984602975403128e24
-3.0688287856952304e24
-3.150933696257221e24
-3.2308555159786714e24
-3.308533050848579e24
-3.3839061459705066e24
-3.456915727162387e24
-3.527503842113734e24
-3.5956137010731794e24
-3.6611897170393363e24
-3.7241775454283053e24
-3.784524123191068e24
-3.842177707354475e24
-3.897087912959619e24
-3.9492057503716035e24
-3.998483661935041e24
-4.044875557949817e24
-4.088336851941981e24
-4.128824495204944e24
-4.166297010586349e24
-4.2007145254965574e24
-4.232038804114776e24
-4.260233278769421e24
-4.285263080469572e24
-4.3070950685648456e24
-4.3256978595113785e24
-4.3410418547220767e24
-4.3530992674797024e24
-4.3618441488918485e24
-4.3672524128673504e24
-4.3693018600940807e24
-4.367972200998714e24
-4.3632450776694643e24
-4.3551040847233163e24
-4.343534789099977e24
-4.328524748765083e24
-4.310063530306013e24
-4.288142725404092e24
-4.2627559661676023e24
-4.233898939310697e24
-4.201569399163806e24
-4.1657671795018933e24
-4.1264942041775023e24
-4.0837544965461144e24
-4.0375541876722153e24
-3.987901523304919e24
-3.9348068696127975e24
-3.8782827176683154e24
-3.818343686672809e24
-3.755006525913815e24
-3.688290115447305e24
-3.618215465497842e24
-3.544805714570805e24
-3.468086126271294e24
-3.38808408482515e24
-3.304829089298361e24
-3.218352746511772e24
-3.1286887626488653e24
-3.035872933555277e24
-2.939943133728946e24
-2.840939304001699e24
-2.7389034379122413e24
-2.633879566773211e24
-2.525913743433945e24
-2.4150540247425667e24
-2.3013504527117848e24
-2.1848550343924737e24
-2.0656217204616896e24
-1.9437063825305642e24
-1.8191667891804402e24
-1.6920625807341913e24
-1.5624552427727303e24
-1.430408078405464e24
-1.295986179305568e24
-1.1592563955216762e24
-1.0202873040771436e24
-8.791491763709207e23
-7.359139443923701e23
-5.906551657658208e23
-4.434479876386313e23
-2.943691094300616e23
-1.4349674445667934e23
9.089419547950212e21
1.633082610004434e23
3.1907726610394034e23
4.763125715323861e23
6.349290081438658e23
7.948401457003612e23
9.559583385733003e23
1.1181947724117666e24
1.2814595117497745e24
1.4456615485298203e24
1.6107088515166178e24
1.7765084165773842e24
1.942966317801189e24
2.109987759432434e24
2.2774771285898534e24
2.445338048744434e24
2.6134734339275886e24
2.781785543640057e24
2.9501760384334124e24
3.1185460361325623e24
3.2867961686703994e24
3.4548266395018483e24
3.622537281567486e24
3.789827615773053e24
3.956596909953714e24
4.1227442382895956e24
4.2881685411387203e24
4.4527686852548745e24
4.616443524354636e24
4.7790919600006867e24
4.940613002764908e24
5.100905833637349e24
5.25986986564497e24
5.417404805643856e24
5.573410716250063e24
5.727788077871094e24
5.880437850803144e24
6.031261537355536e24
6.180161243967101e24
6.327039743275659e24
6.471800536104595e24
6.614347913328542e24
6.754587017580123e24
6.892423904761379e24
7.027765605320602e24
7.160520185258425e24
7.290596806823901e24
7.417905788864258e24
7.542358666789224e24
7.663868252113398e24
7.78234869153859e24
7.897715525538196e24
8.00988574640736e24
8.118777855740261e24
8.224311921299003e24
8.326409633235679e24
8.424994359632201e24
8.51999120132093e24
8.611327045949592e24
8.698930621255566e24
8.782732547512751e24
8.862665389116934e24
8.938663705273727e24
9.010664099755445e24
9.078605269691904e24
9.142428053362167e24
9.202075476953688e24
9.257492800255618e24
9.308627561254854e24
9.355429619601829e24
9.39785119891608e24
9.435846927899412e24
9.469373880227759e24
9.498391613191076e24
9.52286220505308e24
9.542750291102124e24
9.558023098365096e24
9.568650478958434e24
9.574604942048421e24
9.575861684396471e24
9.572398619463426e24
9.564196405049429e24
9.551238469445597e24
9.533511036074811e24
9.511003146599957e24
9.483706682478597e24
9.451616384943726e24
9.414729873391252e24
9.37304766215597e24
9.326573175658017e24
9.275312761903431e24
9.219275704322891e24
9.158474231933351e24
9.092923527809505e24
9.022641735850896e24
8.947649965833548e24
8.867972296734447e24
8.783635778318999e24
8.694670430982278e24
8.601109243835792e24
8.5029881710327e24
8.400346126325633e24
8.293224975851465e24
8.181669529139411e24
8.065727528339306e24
7.945449635667989e24
7.820889419073022e24
7.692103336113777e24
7.559150716060873e24
7.422093740216911e24
7.280997420460873e24
7.135929576021276e24
6.986960808483349e24
6.83416447503664e24
6.677616659970974e24
6.517396144428932e24
6.353584374425431e24
6.186265427144396e24
6.015525975524955e24
5.841455251150015e24
5.664145005451259e24
5.483689469245709e24
5.30018531062005e24
5.113731591179636e24
4.924429720681328e24
4.732383410068276e24
4.5376986229279964e24
4.340483525394582e24
4.14084843451776e24
3.938905765121939e24
3.734769975179992e24
3.528557509726638e24
3.320386743338688e24
3.110377921208569e24
2.898653098839963e24
2.6853360803948196e24
2.470552355721668e24
2.2544290360966343e24
2.0370947887089119e24
1.8186797699235576e24
1.5993155573559485e24
1.3791350807914898e24
1.1582725519870013e24
9.368633933894299e23
7.15044165809348e23
4.929524950867336e23
2.7072699778814335e23
4.850720597384766e22
-1.735665089238344e23
-3.9535301307135914e23
-6.167104880118518e23
-8.374965092079103e23
-1.0575681253068897e24
-1.27678193808493e24
-1.4949941830259794e24
-1.7120608104913648e24
-1.9278375674342023e24
-2.1421800796140024e24
-2.3549439342645472e24
-2.565984763168964e24
-2.7751583260946284e24
-2.9823205945407845e24
-3.1873278357510286e24
-3.3900366969419483e24
-3.5903042897002756e24
-3.787988274499048e24
-3.9829469452839513e24
-4.175039314080369e24
-4.364125195571668e24
-4.5500652915987775e24
-4.7327212755315085e24
-4.911955876460672e24
-5.087632963161922e24
-5.259617627780196e24
-5.427776269184751e24
-5.591976675944498e24
-5.752088108873116e24
-5.907981383093772e24
-6.059528949573458e24
-6.206604976076022e24
-6.349085427485028e24
-6.486848145445706e24
-6.619772927276762e24
-6.7477416041026e24
-6.870638118156624e24
-6.988348599206955e24
-7.100761440055965e24
-7.207767371065008e24
-7.309259533657156e24
-7.40513355275002e24
-7.495287608071738e24
-7.579622504313554e24
-7.658041740073202e24
-7.730451575542933e24
-7.796761098898182e24
-7.856882291341114e24
-7.91073009075674e24
-7.958222453937317e24
-7.99928041733294e24
-8.033828156286828e24
-8.06179304271345e24
-8.083105701180316e24
-8.097700063352332e24
-8.10551342076177e24
-8.106486475864241e24
-8.100563391344984e24
-8.087691837638349e24
-8.067823038625481e24
-8.040911815476391e24
-8.006916628601986e24
-7.965799617684749e24
-7.917526639755611e24
-7.862067305287863e24
-7.79939501227731e24
-7.729486978281929e24
-7.65232427039264e24
-7.567891833109578e24
-7.476178514099583e24
-7.377177087809536e24
-7.270884276915019e24
-7.157300771580719e24
-7.036431246514411e24
-6.908284375793852e24
-6.772872845449562e24
-6.630213363787609e24
-6.48032666943555e24
-6.32323753709955e24
-6.158974781018007e24
-5.98757125610247e24
-5.809063856753545e24
-5.623493513345463e24
-5.430905186369973e24
-5.231347858234394e24
-5.024874522710091e24
-4.8115421720258197e24
-4.5914117816069926e24
-4.364548292457367e24
-4.131020591186968e24
-3.890901487685679e24
-3.644267690448952e24
-3.391199779558515e24
-3.131782177325416e24
-2.866103116604318e24
-2.5942546067859583e24
-2.316332397481476e24
-2.032435939907621e24
-1.7426683459894628e24
-1.4471363451930004e24
-1.1459502391050602e24
-8.392238537792193e23
-5.2707448986431074e23
-2.096228705392578e23
1.1300691272726312e23
4.40687456565647e23
7.732881042214914e23
1.1106750061696916e24
1.4527111828019523e24
1.799256589157884e24
2.1501681816686948e24
2.5052999868849423e24
2.864503172152282e24
3.227626118205022e24
3.5945144936386714e24
3.9650113312288286e24
4.338957106055263e24
4.7161898153951313e24
5.096545060344389e24
5.479856129124841e24
5.865954082037545e24
6.254667838015372e24
6.645824262733983e24
7.039248258231767e24
7.434762853995112e24
7.832189299459802e24
8.231347157878749e24
8.632054401509091e24
9.034127508064207e24
9.437381558382745e24
9.841630335258179e24
1.024668642337916e25
1.0652361310322696e25
1.105846548854762e25
1.146480855833149e25
1.1871199331592634e25
1.2277445936542938e25
1.268335592310931e25
1.3088736369068846e25
1.3493393986834205e25
1.3897135230832747e25
1.4299766405415227e25
1.47010937732354e25
1.5100923664037784e25
1.5499062583789904e25
1.5895317324099374e25
1.6289495071848927e25
1.6681403518989714e25
1.7070850972425354e25
1.7457646463925488e25
1.7841599860003375e25
1.8222521971691653e25
1.860022466415444e25
1.8974520966067153e25
1.9345225178702783e25
1.9712152984655803e25
2.0075121556142096e25
2.0433949662806446e25
2.078845777897525e25
2.1138468190288087e25
2.148380509964259e25
2.1824294732390223e25
2.215976544071542e25
2.249004780713698e25
2.28149747470645e25
2.3134381610349513e25
2.344810628176474e25
2.37559892803512e25
2.4057873857569572e25
2.4353606094193034e25
2.4643034995882277e25
2.4926012587379026e25
2.5202394005260665e25
2.5472037589193396e25
2.573480497162719e25
2.5990561165873327e25
2.6239174652506048e25
2.648051746403374e25
2.671446526778103e25
2.694089744692921e25
2.7159697179658443e25
2.7370751516340677e25
2.757395145472876e25
2.7769192013092146e25
2.795637230124828e25
2.813539558943965e25
2.830616937500989e25
2.8468605446830354e25
2.862261994743284e25
2.8768133432802044e25
2.89050709297863e25
2.9033361991082516e25
2.915294074775586e25
2.9263745959254166e25
2.936572106087807e25
2.9458814208671696e25
2.954297832169643e25
2.9618171121655707e25
2.968435516983652e25
2.9741497901337805e25
2.9789571656555627e25
2.9828553709896715e25
2.9858426295694544e25
2.9879176631302572e25
2.989079693734131e25
2.9893284455077334e25
2.9886641460914553e25
2.9870875277978594e25
2.984599828477804e25
2.9812027920927175e25
2.9768986689916175e25
2.97169021589186e25
2.9655806955624005e25
2.958573876208913e25
2.9506740305600254e25
2.941885934654212e25
2.9322148663270395e25
2.9216666033986443e25
2.910247421561467e25
2.8979640919685443e25
2.884823878522666e25
2.8708345348670763e25
2.856004301078434e25
2.8403419000630136e25
2.823856533657261e25
2.8065578784339806e25
2.788456081215757e25
2.769561754297119e25
2.7498859703774274e25
2.7294402572064486e25
2.7082365919448466e25
2.6862873952419504e25
2.6636055250334173e25
2.64020427006142e25
2.616097343120424e25
2.591298874031497e25
2.5658234023484877e25
2.5396858697995e25
2.5129016124672325e25
2.485486352712002e25
2.45745619084133e25
2.4288275965302295e25
2.3996173999964913e25
2.3698427829352964e25
2.3395212692178593e25
2.3086707153587375e25
2.2773093007568184e25
2.2454555177149016e25
2.213128161243233e25
2.1803463186521714e25
2.1471293589396346e25
2.113496921978874e25
2.079468907512338e25
2.0450654639576295e25
2.010306977031481e25
1.9752140581980475e25
1.9398075329476905e25
1.904108428912783e25
1.8681379638270583e25
1.8319175333350824e25
1.7954686986587755e25
1.7588131741277003e25
1.7219728145802736e25
1.6849696026428328e25
1.6478256358939182e25
1.6105631139208386e25
1.5732043252761887e25
1.5357716343414817e25
1.4982874681056085e25
1.4607743028657635e25
1.4232546508583911e25
1.3857510468281064e25
1.3482860345421849e25
1.310882153258801e25
1.2735619241566873e25
1.2363478367342966e25
1.1992623351867e25
1.162327804767973e25
1.1255665581474188e25
1.0890008217677706e25
1.0526527222134191e25
1.0165442725970586e25
9.806973589727538e24
9.451337267839377e24
9.098749673542791e24
8.749425044299327e24
8.403575807812487e24
8.061412448722397e24
7.72314337606084e24
7.388974791547573e24
7.059110558811021e24
6.733752073614382e24
6.413098135168646e24
6.097344818613348e24
5.78668534874564e24
5.481309975078336e24
5.181405848305337e24
4.887156898254944e24
4.598743713407735e24
4.316343422058874e24
4.040129575199602e24
3.770272031196109e24
3.506936842340069e24
3.2502861433458744e24
3.0004780418686273e24
2.7576665111145985e24
2.522001284617595e24
2.293627753250049e24
2.0726868645400662e24
1.8593150243618596e24
1.6536440010676225e24
1.455800832126416e24
1.2659077333351505e24
1.0840820106650598e24
9.10435974806085e23
7.450768584695036e23
5.881067365083584e23
4.396224489136129e23
2.997155267421315e23
1.6847212103136156e23
4.597293475392154e22
-6.7706842136686444e22
-1.7249759451875888e23
-2.6833534072612558e23
-3.5516178793597337e23
-4.329243842763205e23
-5.0157636761040195e23
-5.610768109569211e23
-6.113906645070235e23
-6.524887942011842e23
-6.843480168300075e23
-7.06951131626638e23
-7.202869483185923e23
-7.243503116104348e23
-7.191421220694527e23
-7.046693533897883e23
-6.809450660113747e23
-6.479884170730228e23
-6.058246666808663e23
-5.544851804750527e23
-4.940074284808817e23
-4.244349802310676e23
-3.458174961500516e23
-2.5821071519149703e23
-1.6167643872367017e23
-5.628251065957131e22
5.78972061704055e22
1.8078285740094375e23
3.12288628267519e23
4.523227784883939e23
6.007876808864854e23
7.575798637395792e23
9.2259005684768e23
1.0957032413023422e24
1.2767987029405303e24
1.4657500894650703e24
1.6624254712085314e24
1.866687405518538e24
2.0783930047366183e24
2.2973940077442025e24
2.523536855043395e24
2.756662767341098e24
2.996607827601099e24
3.243203066526069e24
3.4962745514317337e24
3.7556434784695723e24
4.0211262681563565e24
4.2925346641625404e24
4.569675835313239e24
4.852352480750641e24
5.140362938205311e24
5.433501295323538e24
5.731557503992262e24
6.03431749760552e24
6.341563311209752e24
6.653073204467947e24
6.96862178737629e24
7.287980148668693e24
7.610915986840922e24
7.937193743723481e24
8.266574740533599e24
8.598817316330687e24
8.933676968802531e24
9.270906497303127e24
9.610256148066283e24
9.95147376151227e24
1.0294304921568458e25
1.0638493106919687e25
1.098377984410326e25
1.1329904862364557e25
1.1676606250183445e25
1.2023620613385604e25
1.2370683234745894e25
1.271752823499525e25
1.30638887351374e25
1.3409497019981554e25
1.3754084702798191e25
1.4097382891000144e25
1.4439122352754815e25
1.4779033684427836e25
1.5116847478761662e25
1.5452294493688532e25
1.578510582167909e25
1.6115013059525556e25
1.6441748478457634e25
1.6765045194491e25
1.7084637338903902e25
1.7400260228741578e25
1.771165053724257e25
1.801854646408624e25
1.8320687905355283e25
1.8617816623110914e25
1.8909676414475933e25
1.9196013280120944e25
1.947657559205069e25
1.9751114260584915e25
2.0019382900430596e25
2.028113799574083e25
2.053613906405727e25
2.0784148819032172e25
2.102493333182672e25
2.125826219108365e25
2.148390866137096e25
2.1701649839995886e25
2.1911266812087025e25
2.2112544803845186e25
2.230527333386222e25
2.2489246362409646e25
2.2664262438598446e25
2.2830124845312907e25
2.298664174182266e25
2.3133626303976893e25
2.3270896861887506e25
2.339827703500766e25
2.351559586451414e25
2.362268794290309e25
2.371939354070987e25
2.3805558730265308e25
2.3881035506402236e25
2.394568190402694e25
2.3999362112473018e25
2.4041946586555316e25
2.40733121542446e25
2.409334212088416e25
2.410192636987214e25
2.409896145973524e25
2.4084350717520368e25
2.4058004328434207e25
2.4019839421660986e25
2.3969780152292766e25
2.3907757779306134e25
2.383371073952418e25
2.3747584717502067e25
2.3649332711278513e25
2.3538915093937714e25
2.341629967092666e25
2.328146173307841e25
2.3134384105290234e25
2.297505719081238e25
2.2803479011100977e25
2.261965524119593e25
2.2423599240582665e25
2.2215332079502164e25
2.199488256067599e25
2.1762287236413097e25
2.1517590421072346e25
2.126084419885179e25
2.0992108426884484e25
2.071145073361776e25
2.041894651245903e25
2.0114678910674315e25
1.9798738813524305e25
1.947122482363214e25
1.9132243235572341e25
1.8781908005681058e25
1.842034071708265e25
1.8047670539938327e25
1.7664034186918485e25
1.7269575863907608e25
1.6864447215953454e25
1.644880726847074e25
1.6022822363719648e25
1.558666609257393e25
1.5140519221605198e25
1.4684569615503666e25
1.4219012154867668e25
1.3744048649389078e25
1.3259887746469382e25
1.2766744835304667e25
1.226484194647465e25
1.1754407647082866e25
1.1235676931487708e25
1.0708891107677166e25
1.0174297679333415e25
9.632150223642546e24
9.08270826490678e24
8.52623714401378e24
7.963007883829872e24
7.393297050575535e24
6.817386611255712e24
6.235563787208425e24
5.64812090384929e24
5.055355236681853e24
4.4575688536525017e24
3.855068453931306e24
3.248165203196033e24
2.637174565509416e24
2.022416131870266e24
1.4042134455335797e24
7.828938241845101e23
1.5878817906599544e23
-4.6776916884953494e23
-1.0964406755444807e24
-1.726885763394609e24
-2.3587610132649692e24
-2.9917203591530805e24
-3.625415285280265e24
-4.2594950255168413e24
-4.893606765037358e24
-5.527395844092229e24
-6.1605059637811e24
-6.792579393718487e24
-7.423257181469348e24
-8.052179363643504e24
-8.678985178523508e24
-9.303313280111985e24
-9.924801953470512e24
-1.0543089331232376e25
-1.115781361116276e25
-1.1768613274639484e25
-1.2375127305933009e25
-1.2976995412152205e25
-1.3573858243734455e25
-1.4165357615344596e25
-1.4751136727059667e25
-1.5330840385702799e25
-1.5904115226200628e25
-1.6470609932830471e25
-1.7029975460223858e25
-1.758186525399881e25
-1.812593547088245e25
-1.8661845198197605e25
-1.918925667257421e25
-1.9707835497757784e25
-2.0217250861380066e25
-2.0717175750557056e25
-2.1207287166186776e25
-2.1687266335808505e25
-2.215679892489737e25
-2.261557524645722e25
-2.3063290468785936e25
-2.3499644821277683e25
-2.392434379813642e25
-2.4337098359869854e25
-2.473762513243385e25
-2.5125646603904276e25
-2.550089131854434e25
-2.5863094068148007e25
-2.6211996080529146e25
-2.654734520503938e25
-2.6868896094987355e25
-2.717641038684342e25
-2.746965687610894e25
-2.7748411689731142e25
-2.8012458454952225e25
-2.8261588464472796e25
-2.849560083782269e25
-2.87143026788238e25
-2.8917509229039757e25
-2.9105044017104075e25
-2.9276739003821003e25
-2.9432434722938985e25
-2.95719804174934e25
-2.9695234171622866e25
-2.980206303776016e25
-2.989234315910757e25
-2.9965959887301724e25
-3.002280789518237e25
-3.006279128457718e25
-3.0085823689018278e25
-3.009182837131245e25
-3.008073831588288e25
-3.0052496315810696e25
-3.0007055054500507e25
-2.9944377181903123e25
-2.9864435385225834e25
-2.9767212454068955e25
-2.9652701339925897e25
-2.9520905209990455e25
-2.9371837495215935e25
-2.92055219325747e25
-2.9021992601470767e25
-2.882129395425935e25
-2.860348084083265e25
-2.8368618527233415e25
-2.8116782708259976e25
-2.7848059514034223e25
-2.7562545510500594e25
-2.726034769383446e25
-2.6941583478736812e25
-2.6606380680598678e25
-2.625487749152046e25
-2.5887222450175192e25
-2.550357440551055e25
-2.5104102474283404e25
-2.468898599242902e25
-2.4258414460268056e25
-2.3812587481558517e25
-2.335171469640403e25
-2.287601570803276e25
-2.2385720003464877e25
-2.1881066868092362e25
-2.136230529419364e25
-2.082969388341503e25
-2.028350074325021e25
-1.9724003377555115e25
-1.9151488571137532e25
-1.856625226846615e25
-1.7968599446544702e25
-1.7358843982004717e25
-1.6737308512468594e25
-1.6104324292242596e25
-1.546023104240117e25
-1.4805376795327105e25
-1.4140117733776788e25
-1.3464818024541862e25
-1.2779849646782578e25
-1.208559221511344e25
-1.138243279752017e25
-1.0670765728196408e25
-9.95099241538685e24
-9.223521144330289e24
-8.488766875396565e24
-7.747151037516755e24
-6.999101317006503e24
-6.245051441889744e24
-5.485440961827153e24
-4.7207150237616696e24
-3.9513241433943895e24
-3.177723972605976e24
-2.4003750629440544e24
-1.619742625296815e24
-8.362962858778634e23
-5.0509838650502076e22
7.371390056820976e23
1.526168873985333e24
2.3160949881686797e24
3.106429425689495e24
3.896681382947649e24
4.68635744142939e24
5.474961836455927e24
6.261996728393704e24
7.04696247617759e24
7.829357912998272e24
8.608680624002606e24
9.384427225855228e24
1.0156093648005674e25
1.0923175415507783e25
1.1685167933229848e25
1.2441566771301939e25
1.3191867951636955e25
1.3935568235365292e25
1.4672165411021612e25
1.5401158583319263e25
1.6122048462349282e25
1.6834337653038968e25
1.7537530944702683e25
1.8231135600521032e25
1.8914661646779892e25
1.9587622161702336e25
2.024953356370572e25
2.0899915898916247e25
2.153829312777231e25
2.2164193410549887e25
2.277714939163898e25
2.33766984824067e25
2.3962383142476463e25
2.4533751159257226e25
2.5090355925555105e25
2.5631756715101417e25
2.615751895583067e25
2.666721450074474e25
2.7160421896196095e25
2.763672664743046e25
2.8095721481223548e25
2.8537006605452016e25
2.8960189965438447e25
2.936488749691116e25
2.9750723375423017e25
3.0117330262070553e25
3.046434954536307e25
3.079143157908595e25
3.109823591600953e25
3.138443153729376e25
3.164969707744197e25
3.1893721044659695e25
3.2116202036475194e25
3.2316848950481544e25
3.24953811900624e25
3.265152886496668e25
3.2785032986597227e25
3.289564565788555e25
3.298313025762277e25
3.304726161912253e25
3.308782620309557e25
3.310462226461252e25
3.309746001404438e25
3.3066161771862345e25
3.30105621171914e25
3.293050803000793e25
3.2825859026879408e25
3.269648729014717e25
3.2542277790453256e25
3.236312840252131e25
3.2158950014099198e25
3.192966662798128e25
3.167521545702381e25
3.1395547012080172e25
3.1090625182777554e25
3.076042731106591e25
3.0404944257475157e25
3.0024180460012397e25
2.961815398564771e25
2.9186896574326983e25
2.8730453675468297e25
2.8248884476889137e25
2.7742261926128862e25
2.7210672744123863e25
2.6654217431203747e25
2.607301026538203e25
2.546717929291104e25
2.483686631108782e25
2.4182226843287528e25
2.35034301062206e25
2.280065896940032e25
2.2074109906820856e25
2.132399294085038e25
2.0550531578339e25
1.9753962738961124e25
1.893453667579854e25
1.8092516888193607e25
1.7228180026887744e25
1.6341815791483323e25
1.5433726820255222e25
1.450422857235328e25
1.3553649202440969e25
1.2582329427810135e25
1.1590622388032767e25
1.057889349719601e25
9.54752028879096e24
8.496892253310225e24
7.427410668633049e24
6.339488423264714e24
5.233549832510247e24
4.110030447669272e24
2.969376858329789e24
1.8120464878624936e24
6.385073821999599e23
-5.507620079895409e23
-1.7552730516386916e24
-2.9745271680168406e24
-4.208016063750507e24
-5.455221976021335e24
-6.71561792181117e24
-7.98866795308265e24
-9.273827417756384e24
-1.057054322636558e25
-1.187825412424271e25
-1.319639096910816e25
-1.4524377013916944e25
-1.586162819481374e25
-1.7207553424057187e25
-1.856155488775027e25
-1.9923028348233453e25
-2.1291363450970928e25
-2.2665944035779335e25
-2.4046148452224915e25
-2.5431349879029852e25
-2.682091664731463e25
-2.8214212567499783e25
-2.961059725970138e25
-3.100942648742997e25
-3.241005249442605e25
-3.3811824344435595e25
-3.5214088263752513e25
-3.66161879863355e25
-3.80174651013071e25
-3.941725940265316e25
-4.081490924091828e25
-4.220975187671434e25
-4.360112383583468e25
-4.498836126578658e25
-4.63708002935334e25
-4.77477773842534e25
-4.911862970091123e25
-5.048269546443508e25
-5.183931431430482e25
-5.31878276693364e25
-5.452757908846804e25
-5.585791463133093e25
-5.717818321841014e25
-5.848773699057823e25
-5.978593166780277e25
-6.107212690681799e25
-6.234568665754974e25
-6.360597951809604e25
-6.48523790880457e25
-6.608426431993873e25
-6.730101986865442e25
-6.850203643852853e25
-6.968671112799195e25
-7.085444777152556e25
-7.200465727873404e25
-7.313675797033032e25
-7.425017591083769e25
-7.534434523780233e25
-7.641870848732745e25
-7.747271691572482e25
-7.850583081709564e25
-7.951751983664587e25
-8.050726327954266e25
-8.147455041513027e25
-8.241888077631e25
-8.33397644539093e25
-8.423672238585027e25
-8.510928664094448e25
-8.595700069713241e25
-8.677941971399768e25
-8.757611079938268e25
-8.834665326993701e25
-8.909063890543612e25
-8.98076721967042e25
-9.04973705869875e25
-9.115936470661706e25
-9.179329860081406e25
-9.239882995048618e25
-9.297563028587009e25
-9.352338519288193e25
-9.404179451203448e25
-9.453057252979165e25
-9.498944816222733e25
-9.541816513086699e25
-9.581648213058777e25
-9.618417298946243e25
-9.652102682043435e25
-9.68268481647141e25
-9.710145712679697e25
-9.734468950099906e25
-9.755639688942076e25
-9.77364468112461e25
-9.788472280329347e25
-9.800112451173868e25
-9.80855677749341e25
-9.81379846972543e25
-9.815832371390318e25
-9.814654964662228e25
-9.810264375024552e25
-9.802660375005031e25
-9.791844386986079e25
-9.777819485086366e25
-9.760590396110206e25
-9.740163499562042e25
-9.7165468267234e25
-9.689750058790844e25
-9.659784524073338e25
-9.626663194248615e25
-9.590400679678049e25
-9.551013223780704e25
-9.508518696467228e25
-9.4629365866352e25
-9.41428799372793e25
-9.362595618359126e25
-9.307883752006845e25
-9.250178265779919e25
-9.189506598261633e25
-9.125897742434854e25
-9.059382231694294e25
-8.98999212495164e25
-8.917760990839748e25
-8.842723891023254e25
-8.764917362622477e25
-8.68437939975929e25
-8.601149434232787e25
-8.515268315334462e25
-8.426778288811922e25
-8.33572297499157e25
-8.24214734607093e25
-8.146097702591253e25
-8.047621649102807e25
-7.946768069034134e25
-7.84358709877872e25
-7.738130101011426e25
-7.63044963724895e25
-7.520599439667982e25
-7.4086343821955634e25
-7.294610450887143e25
-7.17858471360699e25
-7.060615289027821e25
-6.940761314964965e25
-6.8190829160628465e25
-6.695641170850039e25
-6.570498078181325e25
-6.443716523084187e25
-6.315360242028133e25
-6.185493787636446e25
-6.054182492858172e25
-5.921492434621237e25
-5.7874903969853985e25
-5.652243833816267e25
-5.515820831000169e25
-5.378290068220997e25
-5.239720780320583e25
-5.100182718263253e25
-4.959746109727364e25
-4.818481619344733e25
-4.676460308611421e25
-4.533753595491263e25
-4.390433213736039e25
-4.2465711719444235e25
-4.102239712383147e25
-3.957511269594546e25
-3.8124584288126594e25
-3.6671538842131594e25
-3.521670397019806e25
-3.3760807534925724e25
-3.2304577228206135e25
-3.0848740149454304e25
-2.9394022383378418e25
-2.7941148577535744e25
-2.649084151992483e25
-2.5043821716851255e25
-2.360080697132539e25
-2.2162511962227698e25
-2.072964782450058e25
-1.9302921730605626e25
-1.7883036473495398e25
-1.6470690051355032e25
-1.506657525434586e25
-1.367137925361251e25
-1.2285783192786138e25
-1.0910461782240102e25
-9.546082896330443e24
-8.193307173874997e24
-6.852787622103482e24
-5.525169224322018e24
-4.2110885515340934e24
-2.911173378246014e24
-1.6260423027019443e24
-3.563043717710533e23
8.974412892720027e23
2.1346058418565617e24
3.3546110938760376e24
4.5568898538876265e24
5.740886279524235e24
6.906056219899095e24
8.051867551795469e24
9.177800509420266e24
1.0283348007522348e25
1.1368015957661237e25
1.243132357743175e25
1.3472803692443309e25
1.4492003030856962e25
1.5488482510296382e25
1.6461817516937796e25
1.7411598176604927e25
1.8337429617682582e25
1.9238932225683342e25
2.0115741889288844e25
2.0967510237709346e25
2.1793904869196794e25
2.2594609570554916e25
2.33693245275011e25
2.4117766525727805e25
2.483966914253007e25
2.5534782928857045e25
2.6202875581664276e25
2.6843732106435934e25
2.7457154969762826e25
2.8042964241860533e25
2.860099772891815e25
2.9131111095179655e25
2.96331779746562e25
3.0107090072384017e25
3.0552757255138087e25
3.0970107631527175e25
3.1359087621395522e25
3.171966201446358e25
3.205181401815067e25
3.2355545294521313e25
3.2630875986311378e25
3.2877844731988426e25
3.309650866981481e25
3.328694343088115e25
3.344924312109033e25
3.3583520292074837e25
3.368990590103733e25
3.376854925951319e25
3.3819617971055773e25
3.3843297857857883e25
3.383979287632225e25
3.380932502160708e25
3.375213422117437e25
3.366847821737833e25
3.3558632439136164e25
3.3422889862730244e25
3.3261560861798237e25
3.307497304657265e25
3.2863471092439324e25
3.262741655788963e25
3.236718769194855e25
3.2083179231166413e25
3.1775802186269163e25
3.144548361856785e25
3.1092666406233933e25
3.071780900055584e25
3.0321385172293684e25
2.9903883748259634e25
2.9465808338255707e25
2.900767705250634e25
2.853002220972971e25
2.803339003599831e25
2.7518340354542946e25
2.6985446266663226e25
2.6435293823909674e25
2.5868481691712068e25
2.528562080462994e25
2.4687334013410842e25
2.4074255724043786e25
2.3447031529000885e25
2.280631783087111e25
2.2152781458583156e25
2.1487099276432803e25
2.0809957786124478e25
2.012205272204845e25
1.9424088640014576e25
1.8716778499670978e25
1.8000843240840574e25
1.7277011354009122e25
1.654601844520784e25
1.5808606795531785e25
1.50655249155448e25
1.4317527094819527e25
1.3565372946870832e25
1.2809826949738702e25
1.2051657982481796e25
1.1291638857851734e25
1.053054585140791e25
9.769158227350449e24
9.008257761340152e24
8.248628260584374e24
7.491055081463862e24
6.73632464498404e24
5.985223950330463e24
5.238540086813765e24
4.4970597444910654e24
3.76156872374858e24
3.032851444137613e24
2.311690452750819e24
1.5988659324324972e24
8.951552101133846e23
2.0133226556129983e23
-4.818327591537025e23
-1.1535740491939595e24
-1.8131306051881258e24
-2.459746729874755e24
-3.092672512859197e24
-3.711164313192938e24
-4.314485239480308e24
-4.901905627222153e24
-5.472703513104598e24
-6.026165105941936e24
-6.561585253986199e24
-7.078267908313885e24
-7.575526582005388e24
-8.052684804831103e24
-8.509076573164192e24
-8.944046794835035e24
-9.3569517286547e24
-9.747159418327559e24
-1.011405012048113e25
-1.0457016726542933e25
-1.0775465178196074e25
-1.1068814876149415e25
-1.1336499081960984e25
-1.1577965312656565e25
-1.179267572788905e25
-1.1980107509388449e25
-1.213975323245474e25
-1.2271121229252285e25
-1.2373735943665533e25
-1.2447138277483528e25
-1.2490885927682453e25
-1.2504553714580834e25
-1.24877339006484e25
-1.2440036499751714e25
-1.2361089576627903e25
-1.2250539536379085e25
-1.2108051403790707e25
-1.1933309092275924e25
-1.1726015662261234e25
-1.148589356882615e25
-1.1212684898424083e25
-1.0906151594509532e25
-1.0566075671908143e25
-1.0192259419772023e25
-9.784525592964006e24
-9.342717591729589e24
-8.866699629511612e24
-8.356356888779578e24
-7.811595664743647e24
-7.232343496834582e24
-6.618549287840014e24
-5.97018341058521e24
-5.28723780206741e24
-4.569726044944294e24
-3.8176834363003015e24
-3.0311670436057666e24
-2.2102557478073903e24
-1.3550502734809874e24
-4.656732059946006e23
4.5773100436237724e23
1.4149960513310792e24
2.405933794738887e24
3.430334295692947e24
4.4879658649184546e24
5.578575124260994e24
6.701887081343776e24
7.857605217381844e24
9.045411588135614e24
1.026496693797802e25
1.151591082705453e25
1.2797861771486781e25
1.4110417396586667e25
1.54531546030155e25
1.6825629745836972e25
1.8227378826391456e25
1.965791769691038e25
2.1116742277797315e25
2.2603328787470856e25
2.411713398468189e25
2.565759542318624e25
2.7224131718670266e25
2.8816142827793777e25
3.0433010339231494e25
3.207409777657135e25
3.3738750912919995e25
3.5426298097075464e25
3.713605059109297e25
3.886730291909252e25
4.061933322711989e25
4.239140365389548e25
4.418276071224896e25
4.5992635681057155e25
4.7820245007479965e25
4.966479071928189e25
5.152546084703555e25
5.340142985597423e25
5.529185908728065e25
5.71958972085635e25
5.911268067329585e25
6.1041334188965425e25
6.298097119367981e25
6.493069434098422e25
6.6889595992612865e25
6.885675871892333e25
7.083125580672453e25
7.281215177423742e25
7.479850289288859e25
7.678935771566324e25
7.87837576117199e25
8.078073730696294e25
8.2779325430288e25
8.47785450651764e25
8.677741430634671e25
8.877494682113413e25
9.077015241529608e25
9.276203760290974e25
9.47496061800486e25
9.673185980190822e25
9.870779856304445e25
1.0067642158040638e26
1.0263672757881151e26
1.0458771547854344e26
1.065283849847156e26
1.084577371780732e26
1.1037477510688455e26
1.1227850437957088e26
1.1416793375774311e26
1.1604207574927966e26
1.178999472011154e26
1.197405698913747e26
1.2156297112051477e26
1.233661843011146e26
1.2514924954596999e26
1.2691121425414004e26
1.286511336945903e26
1.3036807158709326e26
1.3206110068002398e26
1.3372930332471635e26
1.3537177204601842e26
1.36987610108715e26
1.3857593207945875e26
1.4013586438387907e26
1.4166654585852169e26
1.4316712829727709e26
1.4463677699197058e26
1.4607467126676788e26
1.47480005006077e26
1.4885198717560565e26
1.5018984233625858e26
1.5149281115054851e26
1.5276015088119849e26
1.5399113588162942e26
1.5518505807801065e26
1.5634122744257784e26
1.5745897245790414e26
1.5853764057183677e26
1.595765986427958e26
1.6057523337515426e26
1.615329517444106e26
1.624491814118749e26
1.6332337112860035e26
1.6415499112828487e26
1.649435335088878e26
1.6568851260269964e26
1.663894653346204e26
1.67045951568396e26
1.676575544405816e26
1.6822388068199735e26
1.687445609264507e26
1.6921925000651345e26
1.696476272361358e26
1.700293966798999e26
1.7036428740871332e26
1.7065205374175524e26
1.7089247547449328e26
1.7108535809259715e26
1.7123053297158496e26
1.7132785756204153e26
1.7137721556026192e26
1.7137851706417493e26
1.7133169871441658e26
1.7123672382042425e26
1.7109358247143862e26
1.7090229163230195e26
1.7066289522395474e26
1.7037546418853866e26
1.7004009653902253e26
1.6965691739328174e26
1.692260789925612e26
1.6874776070426886e26
1.6822216900905358e26
1.676495374721281e26
1.6703012669880946e26
1.6636422427425767e26
1.656521446874007e26
1.6489422923904785e26
1.640908459341959e26
1.632423893585492e26
1.623492805392772e26
1.6141196679004762e26
1.6043092154037988e26
1.5940664414937268e26
1.583396597038695e26
1.5723051880113823e26
1.5607979731614238e26
1.5488809615349733e26
1.5365604098421503e26
1.5238428196734337e26
1.5107349345661945e26
1.4972437369226907e26
1.483376444780823e26
1.469140508439198e26
1.4545436069379524e26
1.4395936443970774e26
1.4242987462138663e26
1.4086672551213951e26
1.3927077271098518e26
1.3764289272127477e26
1.3598398251600518e26
1.3429495909004332e26
1.3257675899948015e26
1.3083033788834646e26
1.2905667000293477e26
1.2725674769396752e26
1.2543158090687011e26
1.2358219666041405e26
1.2170963851399239e26
1.198149660238154e26
1.1789925418829913e26
1.1596359288295148e26
1.1400908628504127e26
1.1203685228836756e26
1.1004802190843286e26
1.0804373867833784e26
1.0602515803573584e26
1.0399344670115536e26
1.0194978204804886e26
9.989535146489344e25
9.783135170970432e25
9.57589882573045e25
9.36794746397126e25
9.159403178001599e25
8.950388732008787e25
8.74102749425327e25
8.531443368722423e25
8.321760726283012e25
8.11210433536954e25
7.902599292248562e25
7.693370950897242e25
7.484544852535797e25
7.276246654854945e25
7.068602060976252e25
6.861736748187978e25
6.655776296495394e25
6.450846117027747e25
6.247071380341632e25
6.044576944663238e25
5.843487284109759e25
5.643926416931946e25
5.446017833819613e25
5.249884426310896e25
5.055648415348044e25
4.863431280020287e25
4.67335368653663e25
4.485535417469374e25
4.300095301310071e25
4.117151142380603e25
3.936819651138888e25
3.7592163749224654e25
3.584455629169683e25
3.4126504291606777e25
3.2439124223178784e25
3.078351821107676e25
2.9160773365827607e25
2.7571961126055856e25
2.6018136607930253e25
2.4500337962209567e25
2.301958573928798e25
2.1576882262618946e25
2.0173211010910218e25
1.8809536009458867e25
1.7486801231015998e25
1.6205930006537046e25
1.4967824446192665e25
1.3773364871000756e25
1.262340925543002e25
1.151879268133214e25
1.0460326803540312e25
9.448799327479046e24
8.484973499112525e24
7.569587607560044e24
6.703354500699527e24
5.886961114067683e24
5.121068013367987e24
4.4063089508801104e24
3.7432904360671947e24
3.132591320659246e24
2.5747623984958476e24
2.0703260203894444e24
1.6197757242737747e24
1.2235758808890764e24
8.821613552456717e23
5.9593718410357425e23
3.652782696919514e23
1.9052908988822297e23
7.2003425063226495e22
9.984101793202526e21
4.722753627589655e21
5.643959909359384e22
1.6532323710832968e23
3.3153045995979034e23
5.551860840080725e23
8.363827982481552e23
1.1751810308659549e24
1.5716088339087854e24
2.0256617861817308e24
2.537302914469417e24
3.10646263317572e24
3.7330387024584614e24
4.416896204931644e24
5.157867540990184e24
5.955752442809298e24
6.810318007051406e24
7.721298746310664e24
8.688396659309426e24
9.711281319849407e24
1.0789589984515723e25
1.1922927719112697e25
1.3110867543805222e25
1.4352950596926119e25
1.5648686317402026e25
1.699755264573188e25
1.8398996243451353e25
1.9852432730998807e25
2.1357246943885904e25
2.291279320707529e25
2.4518395627441667e25
2.617334840419871e25
2.78769161571464e25
2.9628334272598247e25
3.142680926682746e25
3.3271519166859772e25
3.516161390844125e25
3.7096215750984363e25
3.907441970929514e25
4.109529400187027e25
4.315788051554745e25
4.52611952862704e25
4.740422899573632e25
4.958594748367233e25
5.1805292275476904e25
5.406118112496629e25
5.635250857193499e25
5.867814651425456e25
6.103694479420074e25
6.3427731798715226e25
6.584931507327418e25
6.83004819490494e25
7.0780000183029454e25
7.328661861074573e25
7.581906781127842e25
7.837606078416251e25
8.095629363784673e25
8.355844628931886e25
8.618118317452925e25
8.88231539692208e25
9.148299431976728e25
9.415932658363028e25
9.685076057901731e25
9.95558943433292e25
1.0227331489998839e26
1.0500159903320494e26
1.0773931407026356e26
1.1048501867088405e26
1.1323726362323212e26
1.1599459264610558e26
1.1875554319686881e26
1.2151864728467532e26
1.2428243228850776e26
1.2704542177958394e26
1.298061363476521e26
1.3256309443071822e26
1.3531481314771552e26
1.3805980913364702e26
1.4079659937673072e26
1.4352370205704844e26
1.4623963738623014e26
1.4894292844767736e26
1.5163210203685303e26
1.5430568950113406e26
1.5696222757874872e26
1.5960025923630696e26
1.6221833450443362e26
1.6481501131101554e26
1.6738885631157025e26
1.699384457162573e26
1.7246236611303e26
1.749592152864531e26
1.7742760303169142e26
1.798661519631978e26
1.8227349831760504e26
1.846482927503494e26
1.8698920112555322e26
1.892949052986818e26
1.9156410389151192e26
1.9379551305894274e26
1.9598786724718254e26
1.9813991994285493e26
2.0025044441256542e26
2.0231823443248285e26
2.0434210500748196e26
2.0632089307941138e26
2.082534582240476e26
2.1013868333631065e26
2.1197547530330795e26
2.1376276566479423e26
2.1549951126063718e26
2.1718469486487668e26
2.1881732580598586e26
2.2039644057293787e26
2.2192110340669976e26
2.2339040687677378e26
2.248034724424145e26
2.261594509981705e26
2.2745752340339223e26
2.2869690099536327e26
2.298768260857224e26
2.309965724398502e26
2.320554457389041e26
2.3305278402419416e26
2.3398795812360415e26
2.3486037205976847e26
2.3566946343972904e26
2.3641470382580495e26
2.3709559908741653e26
2.3771168973361965e26
2.382625512261148e26
2.3874779427250296e26
2.391670650995783e26
2.3952004570645466e26
2.398064540973356e26
2.4002604449374267e26
2.401786075260436e26
2.4026397040411506e26
2.4028199706700495e26
2.4023258831144915e26
2.4011568189913693e26
2.3993125264260485e26
2.3967931246967478e26
2.3935991046633693e26
2.3897313289802387e26
2.3851910320920853e26
2.3799798200127534e26
2.3740996698864223e26
2.367552929331052e26
2.3603423155640265e26
2.3524709143099374e26
2.3439421784908346e26
2.334759926699169e26
2.3249283414537842e26
2.314451967239684e26
2.303335708332118e26
2.291584826405919e26
2.2792049379308757e26
2.2662020113543947e26
2.252582364072579e26
2.2383526591909326e26
2.2235199020763628e26
2.2080914367018678e26
2.19207494178577e26
2.1754784267271074e26
2.1583102273394026e26
2.1405790013846633e26
2.1222937239099784e26
2.1034636823888156e26
2.084098471669701e26
2.064207988734726e26
2.0438024272704262e26
2.022892272054084e26
2.001488293158141e26
1.9796015399759055e26
1.9572433350714457e26
1.9344252678572082e26
1.911159188102543e26
1.8874571992765053e26
1.8633316517287262e26
1.838795135711824e26
1.8138604742492702e26
1.788540715852345e26
1.762849127090439e26
1.7367991850186287e26
1.7104045694665027e26
1.6836791551928297e26
1.656637003910106e26
1.6292923561836142e26
1.6016596232092308e26
1.573753378474888e26
1.5455883493100966e26
1.5171794083284777e26
1.4885415647678064e26
1.4596899557328462e26
1.4306398373457022e26
1.4014065758085956e26
1.3720056383844676e26
1.3424525843002715e26
1.312763055578363e26
1.2829527678009623e26
1.253037500813335e26
1.22303308937088e26
1.1929554137353665e26
1.1628203902261055e26
1.1326439617312492e26
1.102442088184945e26
1.0722307370156234e26
1.0420258735713311e26
1.0118434515275415e26
9.816994032829635e25
9.516096303492727e25
9.215899937401974e25
8.916563043658341e25
8.618243134376063e25
8.321097028899211e25
8.02528075823941e25
7.730949469793885e25
7.438257332398031e25
7.147357441772762e25
6.858401726421948e25
6.571540854035037e25
6.286924138454754e25
6.004699447263509e25
5.725013110046452e25
5.448009827384829e25
5.173832580637768e25
4.902622542566693e25
4.634518988855547e25
4.369659210584412e25
4.108178427708038e25
3.850209703594707e25
3.5958838606759556e25
3.345329397262835e25
3.0986724055790858e25
2.856036491061392e25
2.617542692980341e25
2.383309406429781e25
2.153452305735777e25
1.9280842693315774e25
1.707315306149375e25
1.4912524835739645e25
1.2799998570060315e25
1.0736584010787145e25
8.723259425745716e24
6.760970950855405e24
4.850631954575804e24
2.993122420644211e24
1.1892883494925621e24
-5.6005882124144006e23
-2.2541427767392424e24
-3.8922228651611503e24
-5.473594617583771e24
-6.997590247368417e24
-8.463579128593436e24
-9.870968253234166e24
-1.1219202666755418e25
-1.2507765881822419e25
-1.3736180269812322e25
-1.4904007429850057e25
-1.6010848535102858e25
-1.7056344656055426e25
-1.8040177060532102e25
-1.8962067490221573e25
-1.9821778413495337e25
-2.061911325429556e25
-2.1353916596911135e25
-2.202607436645194e25
-2.263551398486549e25
-2.3182204502330213e25
-2.3666156703893202e25
-2.408742319123178e25
-2.4446098439420453e25
-2.474231882861273e25
-2.497626265055336e25
-2.514815008986097e25
-2.5258243180019972e25
-2.53068457340498e25
-2.529430324983197e25
-2.522100279008e25
-2.5087372836966124e25
-2.489388312142282e25
-2.4641044427161494e25
-2.432940836945481e25
-2.3959567148753297e25
-2.3532153279219577e25
-2.304783929227453e25
-2.250733741526779e25
-2.191139922540443e25
-2.12608152790632e25
-2.0556414716667113e25
-1.979906484327739e25
-1.898967068509673e25
-1.8129174522082948e25
-1.7218555396888302e25
-1.6258828600355466e25
-1.525104513381296e25
-1.4196291148430067e25
-1.3095687361903198e25
-1.195038845276155e25
-1.0761582432590527e25
-9.530489996490557e24
-8.258363852095146e24
-6.946488027495865e24
-5.596177158421476e24
-4.2087757550446393e24
-2.785657448795347e24
-1.3282242195727176e24
1.6209439623612772e23
1.6838421165120705e24
3.235536742508293e24
4.815671005855086e24
6.422713433015246e24
8.055109226721573e24
9.711281163925305e24
1.1389630509761464e25
1.308853794703574e25
1.480636452072794e25
1.6541452596989772e25
1.8292126836104755e25
2.0056695178880862e25
2.183344984592525e25
2.362066834924083e25
2.5416614515585136e25
2.721953952101408e25
2.9027682936035463e25
3.083927378077554e25
3.2652531589565886e25
3.446566748435118e25
3.6276885256299565e25
3.808438245500559e25
3.988635148465832e25
4.1680980706553435e25
4.346645554730607e25
4.524095961213434e25
4.700267580256407e25
4.874978743791216e25
5.048047937989425e25
5.219293915970067e25
5.388535810688881e25
5.555593247942277e25
5.720286459420138e25
5.88243639574128e25
6.0418648394040954e25
6.1983945175862495e25
6.351849214726085e25
6.50205388481934e25
6.648834763363545e25
6.792019478883721e25
6.93143716397242e25
7.066918565777075e25
7.19829615586863e25
7.3254042394244535e25
7.448079063659997e25
7.566158925442696e25
7.679484278022977e25
7.787897836816834e25
7.891244684175431e25
7.989372373076929e25
8.08213102967681e25
8.169373454653231e25
8.250955223284297e25
8.326734784195081e25
8.396573556712574e25
8.460336026767422e25
8.517889841282293e25
8.56910590098673e25
8.613858451600112e25
8.652025173324301e25
8.683487268588766e25
8.70812954799187e25
8.725840514382572e25
8.736512445028358e25
8.740041471815487e25
8.736327659429318e25
8.725275081462653e25
8.706791894402255e25
8.68079040944396e25
8.64718716208775e25
8.605902979466526e25
8.556863045362025e25
8.499996962863988e25
8.4352388146281e25
8.36252722069195e25
8.281805393807604e25
8.193021192250848e25
8.096127170070245e25
7.991080624738292e25
7.87784364217035e25
7.756383139076252e25
7.626670902613756e25
7.4886836273123655e25
7.342402949237314e25
7.187815477367578e25
7.024912822160291e25
6.853691621277959e25
6.6741535624536985e25
6.486305403475303e25
6.290158989266261e25
6.085731266047011e25
5.873044292558028e25
5.652125248331854e25
5.423006438999999e25
5.185725298621885e25
4.940324389028396e25
4.6868513961698565e25
4.425359123463662e25
4.155905482134545e25
3.878553478547236e25
3.593371198529104e25
3.3004317886818355e25
2.9998134346873616e25
2.691599336609383e25
2.3758776811988444e25
2.052741611207309e25
1.7222891917214402e25
1.3846233735277608e25
1.0398519535191422e25
6.88087532160633e24
3.2944746802836947e24
-3.5946170558475805e23
-4.0796665679569374e24
-7.864826595169386e24
-1.1713583001612257e25
-1.5624532125578002e25
-1.9596226055049554e25
-2.3627173281107212e25
-2.7715839378671326e25
-3.186064771428685e25
-3.6059980180568226e25
-4.0312177957001575e25
-4.461554229670384e25
-4.896833533879473e25
-5.336878094594505e25
-5.7815065566705275e25
-6.23053391222075e25
-6.683771591675616e25
-7.141027557188294e25
-7.60210639833672e25
-8.066809430076971e25
-8.534934792893544e25
-9.006277555096908e25
-9.480629817217436e25
-9.957780818437477e25
-1.0437517045008387e26
-1.0919622340594568e26
-1.1403878018488624e26
-1.1890062975634276e26
-1.2377953808399976e26
-1.286732493003858e26
-1.3357948689774094e26
-1.3849595493446864e26
-1.4342033925654375e26
-1.4835030873323583e26
-1.532835165064327e26
-1.5821760125292207e26
-1.6315018845891184e26
-1.6807889170612907e26
-1.7300131396874498e26
-1.7791504892043847e26
-1.8281768225088055e26
-1.877067929908858e26
-1.925799548455178e26
-1.974347375343804e26
-2.0226870813838494e26
-2.0707943245219165e26
-2.1186447634158965e26
-2.166214071050668e26
-2.2134779483876015e26
-2.2604121380404982e26
-2.30699243796993e26
-2.3531947151885096e26
-2.3989949194688852e26
-2.4443690970469103e26
-2.4892934043119526e26
-2.5337441214766652e26
-2.5776976662181104e26
-2.6211306072824487e26
-2.664019678045492e26
-2.7063417900208973e26
-2.7480740463084385e26
-2.789193754974281e26
-2.829678442355712e26
-2.8695058662822006e26
-2.9086540292051487e26
-2.9471011912287585e26
-2.984825883033983e26
-3.0218069186881598e26
-3.0580234083325233e26
-3.0934547707402815e26
-3.1280807457374674e26
-3.161881406479187e26
-3.194837171574133e26
-3.226928817049652e26
-3.258137488150441e26
-3.2884447109634797e26
-3.317832403862379e26
-3.346282888763857e26
-3.373778902189672e26
-3.400303606127028e26
-3.425840598680953e26
-3.450373924511801e26
-3.4738880850515396e26
-3.4963680484924284e26
-3.517799259541728e26
-3.538167648936359e26
-3.55745964271146e26
-3.575662171216946e26
-3.5927626778762814e26
-3.608749127681818e26
-3.6236100154212596e26
-3.637334373629796e26
-3.649911780262771e26
-3.6613323660837576e26
-3.671586821763191e26
-3.6806664046827136e26
-3.688562945440692e26
-3.695268854054426e26
-3.70077712585478e26
-3.7050813470691196e26
-3.708175700088614e26
-3.7100549684160914e26
-3.710714541290906e26
-3.7101504179873356e26
-3.7083592117833145e26
-3.705338153596367e26
-3.701085095283945e26
-3.695598512605427e26
-3.688877507843232e26
-3.6809218120808274e26
-3.6717317871354025e26
-3.661308427143379e26
-3.649653359796852e26
-3.636768847229619e26
-3.622657786551323e26
-3.607323710028523e26
-3.5907707849118924e26
-3.573003812908633e26
-3.554028229299729e26
-3.533850101701428e26
-3.5124761284711184e26
-3.489913636757491e26
-3.466170580195162e26
-3.441255536244461e26
-3.415177703176827e26
-3.387946896706906e26
-3.3595735462721055e26
-3.330068690961284e26
-3.299443975093749e26
-3.2677116434504805e26
-3.234884536159171e26
-3.200976083235539e26
-3.166000298783045e26
-3.129971774853291e26
-3.0929056749702533e26
-3.0548177273208236e26
-3.0157242176150812e26
-2.9756419816191785e26
-2.9345883973647662e26
-2.892581377038443e26
-2.8496393585548435e26
-2.805781296817904e26
-2.7610266546741316e26
-2.7153953935626423e26
-2.6689079638661022e26
-2.6215852949679196e26
-2.5734487850203827e26
-2.524520290428661e26
-2.474822115056457e26
-2.424376999158466e26
-2.3732081080454985e26
-2.3213390204877273e26
-2.2687937168625766e26
-2.215596567052932e26
-2.1617723181023464e26
-2.1073460816331837e26
-2.0523433210348708e26
-1.9967898384287656e26
-1.9407117614162088e26
-1.8841355296173913e26
-1.827087881007697e26
-1.769595838059184e26
-1.711686693694114e26
-1.653387997058684e26
-1.59472753912428e26
-1.5357333381238622e26
-1.4764336248318038e26
-1.4168568276947932e26
-1.3570315578222162e26
-1.2969865938436972e26
-1.2367508666427019e26
-1.1763534439742857e26
-1.1158235149751175e26
-1.0551903745749615e26
-9.944834078176833e25
-9.337320741008565e25
-8.729658913421625e25
-8.1221442008207e25
-7.515072475311058e25
-6.908739715709802e25
-6.303441847180867e25
-5.699474580588597e25
-5.097133251658145e25
-4.4967126600296635e25
-3.898506908303678e25
-3.302809241163018e25
-2.7099118846665906e25
-2.1201058858005127e25
-1.5336809523845502e25
-9.509252934217152e24
-3.721254599792299e24
2.0243381330177694e24
7.724697659824024e24
1.3377017687933862e25
1.897851479708724e25
2.4526429990295695e25
3.001803023390977e25
3.545060998606467e25
4.082149271254606e25
4.612803238925122e25
5.13676149903311e25
5.653765996119542e25
6.163562167545563e25
6.665899087500194e25
7.1605296092331256e25
7.647210505433733e25
8.125702606667554e25
8.59577093779115e25
9.057184852267089e25
9.509718164293438e25
9.953149278673768e25
1.0387261318346591e26
1.0811842249502144e26
1.1226685004206152e26
1.1631587600458999e26
1.2026353259620271e26
1.2410790521122106e26
1.2784713354405965e26
1.3147941268011175e26
1.3500299415752643e26
1.384161869991731e26
1.4171735871418115e26
1.4490493626845459e26
1.4797740702350924e26
1.5093331964308565e26
1.5377128496693693e26
1.5648997685127618e26
1.5908813297530517e26
1.6156455561334024e26
1.6391811237201494e26
1.661477368921138e26
1.682524295145374e26
1.7023125790997976e26
1.720833576719155e26
1.7380793287245957e26
1.7540425658075306e26
1.7687167134349395e26
1.78209589627305e26
1.794174942225889e26
1.8049493860859327e26
1.8144154727942752e26
1.8225701603074963e26
1.8294111220691628e26
1.8349367490838403e26
1.839146151591835e26
1.8420391603429037e26
1.8436163274676394e26
1.8438789269454855e26
1.8428289546682002e26
1.840469128098284e26
1.836802885521753e26
1.8318343848952085e26
1.825568502286956e26
1.8180108299126064e26
1.8091676737654724e26
1.7990460508426212e26
1.7876536859673198e26
1.7749990082091597e26
1.761091146903206e26
1.745939927269873e26
1.7295558656372383e26
1.7119501642679957e26
1.6931347057933734e26
1.6731220472564896e26
1.6519254137679738e26
1.6295586917768797e26
1.6060364219600553e26
1.5813737917334898e26
1.5555866273892655e26
1.5286913858620725e26
1.5007051461293449e26
1.4716456002493907e26
1.4415310440420923e26
1.4103803674168031e26
1.3782130443527282e26
1.345049122536577e26
1.3109092126631706e26
1.275814477404484e26
1.2397866200529338e26
1.2028478728449155e26
1.1650209849707355e26
1.1263292102773703e26
1.0867962946705835e26
1.0464464632231353e26
1.0053044069960464e26
9.633952695799934e25
9.207446333641508e25
8.77378505539849e25
8.333233038467738e25
7.886058420693157e25
7.432533152912635e25
6.972932849166005e25
6.507536634648688e25
6.036626991494089e25
5.560489602469268e25
5.079413192671333e25
4.593689369311912e25
4.10361245967807e25
3.6094793473611112e25
3.1115893068436377e25
2.61024383653803e25
2.1057464903687824e25
1.5984027079946758e25
1.0885196437649045e25
5.764059945067644e24
6.237182623935784e23
-4.5327160008378995e24
-9.70212003709901e24
-1.4881362599978006e25
-2.0067305770043964e25
-2.5256806726473994e25
-3.0446719523422167e25
-3.5633896870131407e25
-4.081519191375122e25
-4.598746002385222e25
-5.114756057761459e25
-5.629235874465637e25
-6.141872727048142e25
-6.652354825751185e25
-7.160371494268667e25
-7.665613347059628e25
-8.167772466110011e25
-8.66654257704516e25
-9.161619224486101e25
-9.652699946549904e25
-1.0139484448391439e26
-1.0621674774685931e26
-1.1098975480950527e26
-1.157109380360505e26
-1.2037739828671821e26
-1.2498626659015726e26
-1.2953470580025478e26
-1.3401991223638446e26
-1.3843911730612564e26
-1.4278958910948436e26
-1.470686340236682e26
-1.5127359826748085e26
-1.5540186944437813e26
-1.5945087806330094e26
-1.6341809903634753e26
-1.673010531523982e26
-1.71097308525808e26
-1.7480448201928954e26
-1.7842024064013478e26
-1.8194230290892464e26
-1.853684401999015e26
-1.8869647805218728e26
-1.9192429745104795e26
-1.950498360784232e26
-1.980710895319527e26
-2.009861125117514e26
-2.0379301997420718e26
-2.06489988252065e26
-2.090752561401376e26
-2.1154712594593762e26
-2.139039645045832e26
-2.1614420415734273e26
-2.1826634369320012e26
-2.2026894925283597e26
-2.221506551944621e26
-2.2391016492094302e26
-2.25546251667682e26
-2.2705775925074513e26
-2.2844360277475213e26
-2.2970276930006152e26
-2.30834318468795e26
-2.318373830893014e26
-2.327111696786536e26
-2.3345495896279995e26
-2.3406810633403002e26
-2.3455004226543096e26
-2.3490027268203626e26
-2.3511837928837335e26
-2.352040198521893e26
-2.3515692844410702e26
-2.3497691563302864e26
-2.3466386863708908e26
-2.342177514300407e26
-2.3363860480292352e26
-2.3292654638094185e26
-2.320817705954499e26
-2.3110454861103362e26
-2.299952282076572e26
-2.2875423361786403e26
-2.2738206531909426e26
-2.2587929978116216e26
-2.2424658916899284e26
-2.2248466100070055e26
-2.2059431776118745e26
-2.1857643647141086e26
-2.1643196821348563e26
-2.1416193761188538e26
-2.1176744227094732e26
-2.0924965216897908e26
-2.066098090092225e26
-2.038492255280417e26
-2.009692847606616e26
-1.97971439264801e26
-1.948572103026515e26
-1.9162818698157385e26
-1.882860253540017e26
-1.848324474769681e26
-1.812692404318145e26
-1.7759825530455123e26
-1.7382140612745186e26
-1.6994066878239585e26
-1.6595807986661187e26
-1.6187573552140456e26
-1.5769579022447285e26
-1.5342045554653831e26
-1.4905199887291308e26
-1.4459274209074762e26
-1.4004506024262647e26
-1.3541138014732365e26
-1.3069417898844781e26
-1.2589598287173205e26
-1.2101936535183813e26
-1.1606694592944236e26
-1.1104138851948793e26
-1.0594539989140519e26
-1.0078172808224847e26
-9.555316078360997e25
-9.026252370319198e25
-8.49126789020348e25
-7.950652310828509e25
-7.404698600851028e25
-6.853702851747257e25
-6.297964102742634e25
-5.737784163788174e25
-5.173467436689401e25
-4.6053207344846625e25
-4.033653099184057e25
-3.45877561797058e25
-2.8810012379663006e25
-2.3006445796781e25
-1.7180217492248918e25
-1.1334501494601133e25
-5.472482900931985e24
4.026440307200953e23
