8.880416015625242e-15
9.18471184696843e9
1.6155663687113425e11
9.41031305601236e11
3.518704026490876e12
1.0298637550848865e13
2.567983358417893e13
5.703226146205608e13
1.1588421603528075e14
2.1931768028611534e14
3.9156777746735194e14
6.658218136532885e14
1.0862128355416201e15
1.7100020611622075e15
2.609943983834908e15
3.8768274032632555e15
5.622185103027241e15
7.981164371904779e15
1.111555005834824e16
1.521693135398954e16
2.0510003024148452e16
2.7255991341850776e16
3.57561945376854e16
4.635562715177494e16
5.944675726700982e16
7.547332521528651e16
9.493423198154718e16
1.1838748518467194e17
1.4645419019041686e17
1.7982257361029658e17
2.1925202616220278e17
2.6557715161424374e17
3.197118083033483e17
3.826531295151367e17
4.554855088319177e17
5.3938453640189946e17
6.356208719552256e17
7.455640402916444e17
8.706861348908649e17
1.012565415250253e18
1.1728897835357312e18
1.353460126140839e18
1.5561935057860544e18
1.7831261898558292e18
2.036416500764484e18
2.3183474742641935e18
2.631329311758816e18
2.9779016128662804e18
3.360735374679519e18
3.7826347444116296e18
4.2465385123745526e18
4.755521332532397e18
5.312794658189917e18
5.921707380723582e18
6.585746159636882e18
7.30853543262234e18
8.093837094740251e18
8.945549836277472e18
9.867708129328663e18
1.0864480853646363e19
1.1940169552834808e19
1.309920631251494e19
1.4346151252663577e19
1.5685689626928292e19
1.7122628522339643e19
1.8661893153483903e19
2.030852274586134e19
2.206766600383631e19
2.394457615928601e19
2.594460559777231e19
2.807320005979646e19
3.0335892415447413e19
3.2738296011520324e19
3.5286097590962352e19
3.798504978529543e19
4.084096318147132e19
4.38596979654296e19
4.704715514545538e19
5.040926735926745e19
5.395198926960951e19
5.768128755396519e19
6.160313049487016e19
6.572347717815269e19
7.004826630729198e19
7.458340464294629e19
7.933475507756288e19
8.430812435584157e19
8.950925045268275e19
9.494378962110202e19
1.0061730312344509e20
1.0653524366007619e20
1.1270294151055078e20
1.1912559040310629e20
1.2580823312912258e20
1.3275574692000548e20
1.3997282860473944e20
1.4746397956713074e20
1.5523349052252393e20
1.6328542613451974e20
1.7162360949294603e20
1.802516064750433e20
1.8917271001250932e20
1.9838992428771315e20
2.0790594888302956e20
2.177231629078586e20
2.2784360912849178e20
2.3826897812654165e20
2.4900059251219546e20
2.600393912190553e20
2.713859139078072e20
2.8304028550640098e20
2.9500220091484586e20
3.0727090990309225e20
3.1984520223083e20
3.327233930183295e20
3.4590330839773636e20
3.5938227147445817e20
3.731570886284836e20
3.8722403618563673e20
4.015788474888773e20
4.162167003998528e20
4.311322052609301e20
4.4631939334794405e20
4.61771705843844e20
4.7748198336333454e20
4.934424560584774e20
5.096447343350358e20
5.260798002091306e20
5.427379993335086e20
5.596090337224105e20
5.76681955203673e20
5.939451596262998e20
6.11386381851283e20
6.289926915529703e20
6.467504898577322e20
6.646455068460961e20
6.826627999438912e20
7.00786753227265e20
7.19001077665715e20
7.372888123265173e20
7.556323265631043e20
7.740133232091215e20
7.92412842798955e20
8.108112688346068e20
8.291883341177967e20
8.475231281651363e20
8.657941057231625e20
8.839790963988946e20
9.020553154204302e20
9.199993755408995e20
9.377873000978785e20
9.55394537239073e20
9.727959753238004e20
9.89965959508437e20
1.0068783095226363e21
1.0235063386417062e21
1.039822873859091e21
1.0558002772614365e21
1.0714104686072103e21
1.086624949108314e21
1.1014148264125782e21
1.1157508407834319e21
1.1296033924714437e21
1.1429425702707964e21
1.1557381812521021e21
1.1679597816613089e21
1.1795767089727397e21
1.1905581150826314e21
1.200873000627791e21
1.2104902504122928e21
1.219378669923364e21
1.2275070229158942e21
1.234844070043219e21
1.2413586085100947e21
1.2470195127220033e21
1.2517957759031692e21
1.2556565526539162e21
1.2585712024162269e21
1.2605093338146212e21
1.261440849837733e21
1.2613359938242124e21
1.2601653962148864e21
1.2579001220313857e21
1.254511719039753e21
1.249972266555899e21
1.2442544248480926e21
1.2373314850900644e21
1.2291774198166934e21
1.2197669338326714e21
1.2090755155229907e21
1.197079488512598e21
1.1837560636210626e21
1.1690833910566773e21
1.1530406127929904e21
1.1356079150694214e21
1.1167665809562721e21
1.0964990429231742e21
1.0747889353487908e21
1.0516211469083935e21
1.0269818727748234e21
1.0008586665672455e21
9.732404919810965e20
9.441177740316762e20
9.13482449842861e20
8.813280189116833e20
8.476495927786013e20
8.124439440326984e20
7.757095545802698e20
7.374466631048008e20
6.976573116456875e20
6.563453912227253e20
6.135166864329634e20
5.6917891894617814e20
5.233417898251354e20
4.760170205964862e20
4.2721839299825015e20
3.769617873296869e20
3.252652193296189e20
2.7214887550925835e20
2.1763514686605086e20
1.617486609051804e20
1.0451631189601314e20
4.596728929107536e19
-1.386689576406125e19
-7.495238590109635e19
-1.3725295504969984e20
-2.0072998807804874e20
-2.653424626215972e20
-3.3104693316752894e20
-3.9779751746112455e20
-4.6554588529916294e20
-5.342412497740391e20
-6.038303610310545e20
-6.742575025996482e20
-7.454644903579837e20
-8.173906741884336e20
-8.899729423799425e20
-9.631457288312568e20
-1.0368410231071822e21
-1.1109883833980054e21
-1.1855149524300538e21
-1.2603454763732946e21
-1.33540232678949e21
-1.4106055256622013e21
-1.4858727735473626e21
-1.5611194808808075e21
-1.6362588024763478e21
-1.7112016752455254e21
-1.7858568591672664e21
-1.860130981532959e21
-1.9339285844894936e21
-2.007152175899938e21
-2.079702283538404e21
-2.1514775126326462e21
-2.2223746067646899e21
-2.2922885121366588e21
-2.3611124452055746e21
-2.428737963687716e21
-2.4950550409295183e21
-2.559952143638792e21
-2.623316312966305e21
-2.6850332489244313e21
-2.7449873981257946e21
-2.8030620448213613e21
-2.8591394052136847e21
-2.9131007250172593e21
-2.9648263802343496e21
-3.0141959811106944e21
-3.061088479231882e21
-3.105382277717221e21
-3.1469553444642315e21
-3.18568532839287e21
-3.221449678634927e21
-3.254125766609996e21
-3.2835910109256305e21
-3.309723005035382e21
-3.332399647584576e21
-3.351499275369744e21
-3.366900798833862e21
-3.3784838400155876e21
-3.3861288728669675e21
-3.389717365850174e21
-3.3891319267201516e21
-3.3842564493961865e21
-3.3749762628217943e21
-3.361178281708568e21
-3.342751159056003e21
-3.319585440335785e21
-3.291573719225306e21
-3.258610794771912e21
-3.220593829865779e21
-3.1774225108959625e21
-3.1289992084609575e21
-3.075229139001722e21
-3.016020527222091e21
-2.9512847691583156e21
-2.880936595756495e21
-2.8048942368137675e21
-2.723079585136297e21
-2.6354183607642594e21
-2.541840275111592e21
-2.442279194865484e21
-2.3366733054883867e21
-2.2249652741628135e21
-2.1071024120171195e21
-1.98303683546827e21
-1.8527256265156607e21
-1.7161309918182396e21
-1.5732204203853564e21
-1.4239668397102649e21
-1.268348770173724e21
-1.1063504775437023e21
-9.37962123396226e20
-7.631799132810922e20
-5.820062424555331e20
-3.9444983900795935e20
-2.0052590419338697e20
-2.5624980180330086e17
2.063305676198099e20
4.1919911587092916e20
6.383069597057637e20
8.636045371253169e20
1.0950350395320002e21
1.3325342959249355e21
1.576030661313469e21
1.8254449095254795e21
2.0806901305861401e21
2.3416716328414305e21
2.608286849999554e21
2.880425253261567e21
3.157968268711043e21
3.4407892001305815e21
3.7287531574108766e21
4.0217169907157807e21
4.3195292305644805e21
4.622030033989068e21
4.929051136923263e21
5.240415812974633e21
5.555938838730174e21
5.875426465740908e21
6.198676399328509e21
6.52547778435253e21
6.855611198073536e21
7.18884865024291e21
7.524953590546309e21
7.863680923522904e21
8.204777031078504e21
8.547979802705345e21
8.893018673517001e21
9.239614670201288e21
9.58748046498927e21
9.936320437732633e21
1.0285830746176634e22
1.0635699404509544e22
1.0985606370264426e22
1.1335223639642049e22
1.1684215351318835e22
1.2032237898796129e22
1.237894005134189e22
1.272396308356825e22
1.3066940913682578e22
1.3407500250442164e22
1.3745260748836272e22
1.4079835174511638e22
1.4410829576951025e22
1.473784347140632e22
1.5060470029581178e22
1.5378296279049823e22
1.569090331139176e22
1.5997866499013968e22
1.629875572062478e22
1.659313559531534e22
1.688056572519723e22
1.7160600946536253e22
1.7432791589314684e22
1.769668374514634e22
1.7951819543460016e22
1.8197737435859666e22
1.843397248856031e22
1.8660056682791604e22
1.8875519223051565e22
1.907988685308579e22
1.9272684179458045e22
1.945343400257107e22
1.9621657654986768e22
1.977687534688806e22
1.9918606518515164e22
2.0046370199401866e22
2.0159685374228197e22
2.025807135509879e22
2.034104816004694e22
2.0408136897557453e22
2.045886015689243e22
2.0492742403996808e22
2.050931038275244e22
2.050809352134157e22
2.048862434347325e22
2.0450438884218223e22
2.0393077110190905e22
2.031608334380897e22
2.0219006691354775e22
2.010140147455484e22
1.9962827665387253e22
1.9802851323820087e22
1.9621045038176428e22
1.941698836781647e22
1.9190268287819564e22
1.894047963534381e22
1.8667225557333877e22
1.8370117959243495e22
1.8048777954431464e22
1.7702836313886703e22
1.7331933915930694e22
1.6935722195542637e22
1.6513863592946384e22
1.6066032001094544e22
1.559191321168085e22
1.5091205359307074e22
1.4563619363428422e22
1.4008879367696358e22
1.3426723176315888e22
1.2816902687029652e22
1.2179184320340717e22
1.151334944458143e22
1.0819194796434994e22
1.0096532896513327e22
9.345192459594662e21
8.565018799121824e21
7.755874225561929e21
6.917638438226647e21
6.050208910153556e21
5.153501265647129e21
4.2274496500797423e21
3.272007091552253e21
2.2871458540164638e21
1.2728577814612893e21
2.2915463276744042e20
-8.439315931640648e20
-1.9463483424002068e21
-3.07802220147043e21
-4.2388586037531713e21
-5.42874154713751e21
-6.64753332333808e21
-7.895074259238819e21
-9.171182470636321e21
-1.0475653628747642e22
-1.180826073984551e22
-1.3168753938373867e22
-1.4556860293895544e22
-1.5972283632214067e22
-1.7414704371008824e22
-1.888377937031141e22
-2.037914179814875e22
-2.1900401011666803e22
-2.344714245404512e22
-2.5018927567499466e22
-2.661529372266588e22
-2.8235754164647144e22
-2.98797979759969e22
-3.154689005690295e22
-3.3236471122825335e22
-3.494795771983275e22
-3.668074225787076e22
-3.843419306218428e22
-4.0207654443106374e22
-4.200044678441305e22
-4.38118666504338e22
-4.564118691209357e22
-4.748765689205063e22
-4.935050252908358e22
-5.12289265618644e22
-5.312210873224696e22
-5.502920600818038e22
-5.694935282634903e22
-5.888166135462343e22
-6.082522177439505e22
-6.277910258285007e22
-6.474235091522711e22
-6.671399288708565e22
-6.869303395659986e22
-7.067845930687447e22
-7.26692342482672e22
-7.466430464068406e22
-7.666259733580167e22
-7.866302063915042e22
-8.066446479198106e22
-8.26658024728181e22
-8.466588931858993e22
-8.666356446520567e22
-8.86576511074378e22
-9.064695707794678e22
-9.263027544527471e22
-9.4606385130611e22
-9.657405154312311e22
-9.853202723362441e22
-1.0047905256633632e23
-1.0241385640848617e23
-1.0433515683746298e23
-1.0624166186523935e23
-1.0813207017975003e23
-1.1000507190290081e23
-1.1185934936486587e23
-1.1369357789431427e23
-1.1550642662419079e23
-1.1729655931266011e23
-1.1906263517880608e23
-1.2080330975266339e23
-1.225172357391417e23
-1.2420306389538815e23
-1.2585944392111655e23
-1.2748502536141822e23
-1.2907845852155264e23
-1.306383953932026e23
-1.3216349059166246e23
-1.3365240230341398e23
-1.3510379324353081e23
-1.3651633162233698e23
-1.3788869212073235e23
-1.392195568735847e23
-1.40507616460573e23
-1.4175157090385593e23
-1.429501306719259e23
-1.4410201768899644e23
-1.4520596634926002e23
-1.4626072453534054e23
-1.472650546402546e23
-1.4821773459218475e23
-1.491175588813573e23
-1.4996333958830754e23
-1.5075390741280576e23
-1.5148811270270762e23
-1.521648264819865e23
-1.5278294147719237e23
-1.5334137314157992e23
-1.5383906067613652e23
-1.5427496804673713e23
-1.5464808499664457e23
-1.5495742805357098e23
-1.5520204153050762e23
-1.55380998519527e23
-1.5549340187776e23
-1.555383852047403e23
-1.555151138103138e23
-1.5542278567230045e23
-1.5526063238310027e23
-1.5502792008443017e23
-1.5472395038937837e23
-1.543480612909641e23
-1.5389962805639053e23
-1.5337806410617785e23
-1.5278282187736892e23
-1.5211339366999764e23
-1.5136931247601825e23
-1.5055015278989226e23
-1.49655531400038e23
-1.4868510816034913e23
-1.4763858674099817e23
-1.4651571535774224e23
-1.453162874789582e23
-1.4404014250964165e23
-1.4268716645161065e23
-1.4125729253916503e23
-1.3975050184946039e23
-1.3816682388686712e23
-1.3650633714059461e23
-1.3476916961487231e23
-1.3295549933098856e23
-1.310655548005074e23
-1.290996154689887e23
-1.2705801212955512e23
-1.2494112730566493e23
-1.2274939560245899e23
-1.204833040260738e23
-1.1814339227032163e23
-1.1573025297016123e23
-1.132445319213928e23
-1.106869282660397e23
-1.0805819464288677e23
-1.0535913730267347e23
-1.025906161874505e23
-9.975354497364109e22
-9.684889107835574e22
-9.387767562854246e22
-9.084097339256565e22
-8.773991267384052e22
-8.457567516616166e22
-8.134949577039904e22
-7.806266237224684e22
-7.471651558074673e22
-7.131244842732329e22
-6.785190602509997e22
-6.433638518828496e22
-6.076743401144891e22
-5.714665140853738e22
-5.347568661148979e22
-4.975623862836756e22
-4.599005566091189e22
-4.2178934481495345e22
-3.832471976944311e22
-3.44293034067424e22
-3.049462373317509e22
-2.6522664760951343e22
-2.251545534893822e22
-1.8475068336618875e22
-1.4403619637935106e22
-1.0303267295211446e22
-6.176210493374711e21
-2.024688534725117e21
2.1490202254664102e21
6.342599482214076e21
1.0553696122590259e22
1.4779921405636501e22
1.9018852180013865e22
2.326803213894939e22
2.752497311201826e22
3.1787156393259067e22
3.6052034105099634e22
4.031703059752665e22
4.457954388191562e22
4.8836947098894644e22
5.3086590019597815e22
5.732580057961875e22
6.155188644495859e22
6.576213660922419e22
6.995382302130452e22
7.412420224272811e22
7.827051713386653e22
8.238999856812864e22
8.647986717325566e22
9.053733509880529e22
9.45596078088757e22
9.854388589910348e22
1.0248736693693301e23
1.0638724732413852e23
1.1024072418054112e23
1.1404499724784942e23
1.1779727081251908e23
1.2149475564650876e23
1.2513467096477741e23
1.2871424639835312e23
1.3223072398177364e23
1.3568136015368422e23
1.3906342776934703e23
1.4237421812380403e23
1.4561104298440995e23
1.4877123663143677e23
1.5185215790542536e23
1.5485119225994967e23
1.577657538184365e23
1.6059328743366803e23
1.6333127074858247e23
1.6597721625696552e23
1.6852867336262065e23
1.709832304355836e23
1.7333851686394478e23
1.755922050998192e23
1.7774201269800584e23
1.797857043458575e23
1.817210938828848e23
1.8354604630859764e23
1.8525847977709313e23
1.868563675768831e23
1.883377400944589e23
1.897006867600768e23
1.9094335797425654e23
1.920639670134718e23
1.9306079191352375e23
1.939321773290754e23
1.9467653636783816e23
1.952923523978965e23
1.957781808266646e23
1.9613265084997346e23
1.9635446716978823e23
1.964424116790677e23
1.9639534511228713e23
1.962122086601467e23
1.9589202554700684e23
1.9543390256959703e23
1.9483703159556424e23
1.9410069102043116e23
1.9322424718155787e23
1.9220715572770976e23
1.9104896294286162e23
1.8974930702287034e23
1.8830791930368313e23
1.867246254397591e23
1.8499934653140975e23
1.831321001997801e23
1.8112300160822107e23
1.789722644288249e23
1.7668020175292804e23
1.74247226944401e23
1.7167385443458474e23
1.6896070045775324e23
1.6610848372602247e23
1.6311802604264097e23
1.599902528526483e23
1.5672619372990274e23
1.533269827995338e23
1.4979385909488653e23
1.461281668480826e23
1.42331355713344e23
1.3840498092227997e23
1.3435070337035309e23
1.3017028963380662e23
1.258656119163523e23
1.214386479249828e23
1.1689148067428957e23
1.1222629821873194e23
1.074453933123333e23
1.0255116299533787e23
9.754610810738885e22
9.243283272685303e22
8.721404353594996e22
8.189254911140869e22
7.647125914039625e22
7.095318356153524e22
6.534143163087307e22
5.963921091269869e22
5.384982619517395e22
4.797667833078234e22
4.202326300166502e22
3.5993169409942535e22
2.9890078893197274e22
2.3717763465325966e22
1.7480084283040488e22
1.1180990038327083e22
4.824515277251108e21
-1.585221354473063e21
-8.044018938651888e21
-1.4547596183999334e22
-2.1091593397138295e22
-2.767157452457932e22
-3.4283029264968582e22
-4.092137525086263e22
-4.758196029921322e22
-5.426006472970844e22
-6.095090375004417e22
-6.764962990716941e22
-7.435133560347308e22
-8.105105567684275e22
-8.774377004345613e22
-9.442440640213706e22
-1.0108784299902943e23
-1.0772891145131228e23
-1.1434239962860391e23
-1.2092305459068334e23
-1.2746558558007436e23
-1.3396466706801073e23
-1.404149418522339e23
-1.4681102420504498e23
-1.531475030699637e23
-1.5941894530531903e23
-1.656198989730267e23
-1.717448966707899e23
-1.7778845890589035e23
-1.8374509750870768e23
-1.8960931908404744e23
-1.953756284983334e23
-2.0103853240066708e23
-2.0659254277570632e23
-2.1203218052630448e23
-2.1735197908378094e23
-2.2254648804368102e23
-2.2761027682482595e23
-2.3253793834944067e23
-2.3732409274209176e23
-2.4196339104515418e23
-2.4645051894847177e23
-2.50780200530875e23
-2.549472020111609e23
-2.5894633550613867e23
-2.6277246279329167e23
-2.6642049907561392e23
-2.6988541674612297e23
-2.7316224914955695e23
-2.7624609433872083e23
-2.7913211882294735e23
-2.818155613061085e23
-2.8429173641160432e23
-2.8655603839173254e23
-2.8860394481884742e23
-2.9043102025568943e23
-2.9203291990226456e23
-2.9340539321664407e23
-2.9454428750705527e23
-2.954455514926211e23
-2.961052388301099e23
-2.965195116040538e23
-2.9668464377760076e23
-2.9659702460146367e23
-2.9625316197833383e23
-2.9564968578013692e23
-2.9478335111552028e23
-2.936510415449651e23
-2.922497722409304e23
-2.905766930904553e23
-2.8862909173765695e23
-2.8640439656358555e23
-2.8390017960090412e23
-2.8111415938090308e23
-2.780442037103662e23
-2.7468833237583683e23
-2.7104471977286027e23
-2.6711169745780956e23
-2.6288775661992744e23
-2.5837155047125445e23
-2.535618965521473e23
-2.4845777895012683e23
-2.430583504298427e23
-2.3736293447195242e23
-2.313710272188031e23
-2.250822993248041e23
-2.1849659770944423e23
-2.116139472109547e23
-2.0443455213866354e23
-1.9695879772213666e23
-1.891872514552695e23
-1.8112066433350688e23
-1.727599719824859e23
-1.641062956763956e23
-1.551609432444415e23
-1.4592540986385011e23
-1.364013787379154e23
-1.2659072165765092e23
-1.1649549944567698e23
-1.0611796228104649e23
-9.546054990374979e22
-8.452589169776932e22
-7.331680665155829e22
-6.183630319493515e22
-5.00875789114397e22
-3.80740201252785e22
-2.5799201362056904e22
-1.3266884682588438e22
-4.810188891096875e20
1.2554261396626642e22
2.5834636783892277e22
3.935560429254888e22
5.3112478661961415e22
6.710039378949635e22
8.13143042987613e22
9.574898723764192e22
1.1039904390615096e23
1.2525890181394421e23
1.4032281676734914e23
1.555848750856104e23
1.7103899594599652e23
1.8667893385731224e23
2.024982812612734e23
2.184904712611194e23
2.3464878047672667e23
2.5096633202545095e23
2.674360986277511e23
2.8405090583663834e23
3.008034353898645e23
3.1768622868367124e23
3.346916903668554e23
3.5181209205378953e23
3.690395761549548e23
3.8636615982349036e23
4.037837390160957e23
4.21284092666613e23
4.3885888697048494e23
4.5649967977820634e23
4.7419792509580164e23
4.9194497769027166e23
5.0973209779785767e23
5.275504559329292e23
5.453911377951373e23
5.63245149272471e23
5.811034215377282e23
5.989568162358436e23
6.167961307594318e23
6.346121036098283e23
6.523954198408182e23
6.701367165822102e23
6.878265886402608e23
7.054555941719563e23
7.230142604300389e23
7.404930895756137e23
7.578825645550948e23
7.751731550381745e23
7.923553234134566e23
8.094195308382887e23
8.263562433393264e23
8.431559379602215e23
8.598091089528397e23
8.763062740083166e23
8.926379805242085e23
9.087948119039528e23
9.247673938847944e23
9.405464008902711e23
9.561225624033484e23
9.714866693561827e23
9.866295805325063e23
1.0015422289785615e24
1.0162156284184756e24
1.0306408796699341e24
1.0448091770559803e24
1.0587118148087205e24
1.0723401934607328e24
1.0856858262198821e24
1.098740345323278e24
1.1114955083660719e24
1.1239432046007701e24
1.136075461202722e24
1.1478844494974447e24
1.159362491145417e24
1.1705020642799814e24
1.1812958095939963e24
1.1917365363708481e24
1.2018172284554742e24
1.2115310501610296e24
1.2208713521068345e24
1.229831676983272e24
1.2384057652392925e24
1.2465875606882177e24
1.254371216027551e24
1.261751098268514e24
1.268721794071067e24
1.2752781149802012e24
1.2814151025592998e24
1.2871280334164292e24
1.2924124241194377e24
1.297264035995791e24
1.301678879813107e24
1.3056532203364062e24
1.3091835807581476e24
1.3122667469971532e24
1.314899771862606e24
1.3170799790793352e24
1.3188049671706998e24
1.3200726131953977e24
1.3208810763346472e24
1.3212288013262066e24
1.3211145217418228e24
1.3205372631047156e24
1.319496345843839e24
1.317991388081696e24
1.3160223082526144e24
1.313589327548412e24
1.3106929721885442e24
1.3073340755118454e24
1.3035137798871425e24
1.2992335384400394e24
1.2944951165933317e24
1.2893005934185803e24
1.283652362796491e24
1.2775531343838325e24
1.271005934384768e24
1.264014106124536e24
1.2565813104236006e24
1.248711525770418e24
1.2404090482911637e24
1.2316784915148224e24
1.2225247859322175e24
1.212953178347621e24
1.2029692310217616e24
1.1925788206051411e24
1.1817881368607159e24
1.1706036811751133e24
1.1590322648576997e24
1.1470810072269301e24
1.1347573334835789e24
1.1220689723705237e24
1.109023953618962e24
1.0956306051810213e24
1.0818975502488947e24
1.0678337040607551e24
1.0534482704938449e24
1.0387507384452982e24
1.0237508780013498e24
1.0084587363957765e24
9.928846337585183e23
9.770391586556205e23
9.609331634216942e23
9.445777592863437e23
9.279843112960678e23
9.111644330333347e23
8.941299811346393e23
8.768930496095285e23
8.594659639626914e23
8.418612751213913e23
8.240917531706226e23
8.061703808985195e23
7.881103471547307e23
7.699250400245653e23
7.516280398218633e23
7.332331119037055e23
7.147541993101921e23
6.962054152326815e23
6.77601035313987e23
6.589554897841688e23
6.402833554357252e23
6.215993474420862e23
6.029183110234328e23
5.8425521296403215e23
5.656251329853688e23
5.470432549795107e23
5.285248581072397e23
5.100853077656e23
4.9174004642967166e23
4.7350458437346084e23
4.553944902749028e23
4.374253817101213e23
4.196129155421631e23
4.019727782095695e23
3.8452067592019536e23
3.672723247558597e23
3.5024344069342194e23
3.334497295480804e23
3.169068768446742e23
3.0063053762292743e23
2.8463632618265183e23
2.689398057749719e23
2.5355647824575957e23
2.3850177363751463e23
2.237910397560032e23
2.0943953170804803e23
1.9546240141691363e23
1.81874687121796e23
1.6869130286800074e23
1.5592702799441222e23
1.4359649662494278e23
1.3171418717068257e23
1.2029441184949417e23
1.0935130622987738e23
9.88988188059232e22
8.895070061021981e22
7.952049487161065e22
7.062152672470899e22
6.22668929780967e22
5.44694519481554e22
4.724181336547303e22
4.05963283607821e22
3.4545079537382187e22
2.9099871137004144e22
2.427221930603424e22
2.0073342469049533e22
1.6514151816551805e22
1.360524191379486e22
1.1356881437555482e22
9.779004047675896e21
8.881199400163919e21
8.672704308597823e21
9.162394060532431e21
1.0358773895562002e22
1.2269970651629056e22
1.4903724586113681e22
1.8267381378177976e22
2.23678843187595e22
2.7211766694548347e22
3.280514437218705e22
3.915370858887222e22
4.626271895542377e22
5.413699667782079e22
6.27809180030817e22
7.2198407895291445e22
8.23929339474565e22
9.336750053475416e22
1.0512464321465489e23
1.176664233792417e23
1.309944231649736e23
1.4510974062495272e23
1.6001298516869383e23
1.757042732742019e23
1.921832244770661e23
2.0944895764109394e23
2.2750008751491775e23
2.4633472157879088e23
2.6595045718571286e23
2.8634437900076606e23
3.07513056742495e23
3.294525432299066e23
3.521583727385553e23
3.756255596689616e23
3.998485975304919e23
4.248214582435833e23
4.505375917630992e23
4.7698992602530244e23
5.041708672208754e23
5.320723003961249e23
5.606855903843765e23
5.900015830693177e23
6.200106069819183e23
6.507024752322903e23
6.82066487777681e23
7.140914340275928e23
7.467655957867901e23
7.800767505367767e23
8.140121750561001e23
8.485586493796062e23
8.837024610966165e23
9.194294099877168e23
9.557248129996645e23
9.925735095577097e23
1.0299598672143859e24
1.067867787633618e24
1.1062807129087971e24
1.1451816322131797e24
1.1845530887808554e24
1.2243771872162246e24
1.2646356011296836e24
1.305309581097145e24
1.3463799629405786e24
1.3878271763267342e24
1.4296312536808502e24
1.471771839412027e24
1.5142281994466566e24
1.5569792310661257e24
1.6000034730447466e24
1.643279116083699e24
1.686784013536551e24
1.730495692421652e24
1.7743913647165327e24
1.8184479389292368e24
1.8626420319412744e24
1.9069499811167006e24
1.9513478566715734e24
1.9958114742979143e24
2.0403164080360586e24
2.0848380033890505e24
2.129351390672573e24
2.17383149859376e24
2.2182530680519437e24
2.2625906661543034e24
2.3068187004391082e24
2.3509114332991493e24
2.3948429965977498e24
2.438587406469535e24
2.4821185782979983e24
2.525410341861782e24
2.568436456641351e24
2.611170627277638e24
2.6535865191740327e24
2.695657774233022e24
2.737358026718557e24
2.7786609192351526e24
2.8195401188145066e24
2.8599693331004283e24
2.8999223266225915e24
2.939372937149644e24
2.9782950921119484e24
3.0166628250843035e24
3.054450292318699e24
3.091631789317194e24
3.12818176743487e24
3.1640748505027125e24
3.1992858514602345e24
3.233789788987512e24
3.267561904126321e24
3.3005776768799377e24
3.332812842781134e24
3.364243409417826e24
3.394845672905846e24
3.42459623429819e24
3.4534720159201603e24
3.481450277619668e24
3.508508632922102e24
3.534625065079013e24
3.559777942999959e24
3.583946037056793e24
3.607108534749735e24
3.6292450562245473e24
3.6503356696301885e24
3.6703609063063033e24
3.6893017757899977e24
3.7071397806313585e24
3.7238569310072297e24
3.739435759122819e24
3.75385933339076e24
3.7671112723773766e24
3.779175758505893e24
3.790037551506474e24
3.7996820016030647e24
3.8080950624270875e24
3.8152633036481535e24
3.8211739233120806e24
3.825814759876591e24
3.8291743039352453e24
3.8312417096202444e24
3.8320068056748994e24
3.8314601061867004e24
3.8295928209721145e24
3.826396865604317e24
3.8218648710752976e24
3.8159901930839545e24
3.8087669209418806e24
3.800189886088873e24
3.790254670210258e24
3.778957612948386e24
3.7662958192008555e24
3.7522671659981906e24
3.736870308953972e24
3.720104688280617e24
3.701970534364145e24
3.682468872891704e24
3.6616015295256404e24
3.6393711341182897e24
3.615781124461844e24
3.590835749567943e24
3.564540072471852e24
3.5368999725564314e24
3.507922147391201e24
3.4776141140823434e24
3.445984210129487e24
3.41304159378558e24
3.3787962439163614e24
3.343258959356267e24
3.3064413577578614e24
3.268355873932264e24
3.229015757678149e24
3.1884350710975075e24
3.146628685396353e24
3.103612277169058e24
3.0594023241652463e24
3.014016100538509e24
2.967471671576496e24
2.9197878879122824e24
2.870984379217259e24
2.8210815473759755e24
2.7701005591439364e24
2.718063338289442e24
2.6649925572210073e24
2.6109116281022267e24
2.5558446934562197e24
2.499816616262191e24
2.442852969546958e24
2.384980025474497e24
2.326224743937176e24
2.2666147606523637e24
2.2061783747686388e24
2.1449445359860583e24
2.0829428311953208e24
2.020203470640941e24
1.956757273613999e24
1.8926356536800727e24
1.8278706034487055e24
1.7624946788906946e24
1.6965409832100298e24
1.6300431502775468e24
1.563035327633706e24
1.4955521590681917e24
1.4276287667843818e24
1.3593007331570247e24
1.2906040820916488e24
1.2215752599948172e24
1.1522511163643245e24
1.0826688840088958e24
1.0128661589072086e24
9.4288087971632e23
8.727513069398765e23
8.025160017668098e23
7.322138045912751e23
6.618838132252396e23
5.915653608150073e23
5.212979934734248e23
4.511214476397195e23
3.810756271791489e23
3.112005802348821e23
2.415364758448277e23
1.7212358033611793e23
1.0300223351056937e23
3.4212824634261963e22
-3.420423175520108e22
-1.0220852021005494e23
-1.6975964888846278e23
-2.36817274211261e23
-3.033411256451334e23
-3.692910305977251e23
-4.346269394103049e23
-4.993089504330233e23
-5.6329733516808454e23
-6.265525634657663e23
-6.890353287581844e23
-7.507065733155648e23
-8.115275135096998e23
-8.714596650690818e23
-9.304648683103448e23
-9.885053133301997e23
-1.0455435651423396e24
-1.101542588743506e24
-1.1564657740929443e24
-1.2102769609894058e24
-1.26294046382984e24
-1.3144210962338131e24
-1.3646841955179242e24
-1.4136956470040688e24
-1.4614219081458308e24
-1.507830032457026e24
-1.5528876932265616e24
-1.5965632070037697e24
-1.638825556838436e24
-1.679644415259796e24
-1.7189901669788053e24
-1.7568339312981997e24
-1.7931475842146815e24
-1.82790378019795e24
-1.861075973631251e24
-1.892638439898212e24
-1.922566296100968e24
-1.9508355213946016e24
-1.97742297692314e24
-2.0023064253425405e24
-2.0254645499160875e24
-2.046876973168026e24
-2.0665242750813157e24
-2.0843880108255743e24
-2.100450728001543e24
-2.1146959833885854e24
-2.1271083591819694e24
-2.137673478706926e24
-2.1463780215966747e24
-2.1532097384218928e24
-2.1581574647594295e24
-2.161211134688174e24
-2.162361793700425e24
-2.161601611017361e24
-2.1589238912974048e24
-2.1543230857267293e24
-2.1477948024813747e24
-2.1393358165508e24
-2.128944078913006e24
-2.1166187250517208e24
-2.1023600828064668e24
-2.0861696795467562e24
-2.0680502486618782e24
-2.048005735358244e24
-2.0260413017565798e24
-2.0021633312816666e24
-1.9763794323376346e24
-1.9486984412623402e24
-1.9191304245546216e24
-1.8876866803688285e24
-1.8543797392711476e24
-1.8192233642529968e24
-1.7822325499969197e24
-1.743423521390977e24
-1.7028137312880588e24
-1.6604218575069297e24
-1.6162677990723176e24
-1.5703726716917893e24
-1.5227588024675126e24
-1.4734497238417898e24
-1.4224701667751502e24
-1.3698460531568278e24
-1.3156044874475425e24
-1.25977374755513e24
-1.2023832749439968e24
-1.1434636639798475e24
-1.0830466505115563e24
-1.0211650996927841e24
-9.578529930459525e23
-8.931454147721176e23
-8.270785373105596e23
-7.596896061523594e23
-6.910169239128379e23
-6.210998336680051e23
-5.4997870156103875e23
-4.776948986847117e23
-4.042907822467307e23
-3.298096760250625e23
-2.5429585012096665e23
-1.7779450001785296e23
-1.003517249545949e23
-2.2014505622276726e22
5.716931880581698e22
1.3715107430131617e23
2.178812762542869e23
2.993096543822792e23
3.813851782636175e23
4.64056083483022e23
5.472698983773743e23
6.309734713689925e23
7.151129988730486e23
7.99634053765962e23
8.84481614400516e23
9.696000941534212e23
1.0549333714905972e24
1.1404248205348949e24
1.2260173421207545e24
1.3116533953199142e24
1.39727502942157e24
1.482823916350656e24
1.5682413835069154e24
1.6534684470074326e24
1.738445845314885e24
1.8231140732333972e24
1.907413416253547e24
1.9912839852279593e24
2.0746657513580797e24
2.157498581473241e24
2.239722273582063e24
2.3212765926764462e24
2.4021013067678962e24
2.482136223135872e24
2.561321224767359e24
2.6395963069669545e24
2.716901614116047e24
2.79317747656013e24
2.8683644476024634e24
2.94240334058246e24
3.0152352660169284e24
3.086801668782083e24
3.1570443653142644e24
3.2259055808067414e24
3.2933279863805673e24
3.359254736206582e24
3.4236295045560896e24
3.486396522757418e24
3.5475006160355623e24
3.6068872402120486e24
3.664502518242197e24
3.7202932765666157e24
3.774207081254315e24
3.826192273914229e24
3.876198007352341e24
3.924174280951457e24
3.970071975750793e24
4.0138428892025374e24
4.0554397695827364e24
4.09481635003364e24
4.1319273822152414e24
4.166728669543335e24
4.199177099991898e24
4.2292306784375484e24
4.256848558524128e24
4.281991074025511e24
4.3046197696850184e24
4.3246974315098634e24
4.342188116499544e24
4.357057181787012e24
4.3692713131718897e24
4.3787985530251837e24
4.385608327545228e24
4.389671473344922e24
4.3909602633504783e24
4.3894484319923666e24
4.3851111996694163e24
4.377925296467306e24
4.367868985113084e24
4.354922083147734e24
4.339065984299101e24
4.320283679038023e24
4.2985597743007073e24
4.2738805123609694e24
4.246233788836381e24
4.2156091698126767e24
4.1819979080713157e24
4.1453929584055596e24
4.105788992010854e24
4.063182409935814e24
4.0175713555806193e24
3.9689557262300173e24
3.91733718360888e24
3.8627191634485447e24
3.805106884052821e24
3.74450735385308e24
3.6809293779423863e24
3.614383563579191e24
3.5448823246517313e24
3.472439885094646e24
3.3970722812503114e24
3.3187973631675737e24
3.2376347948313973e24
3.1536060533175026e24
3.066734426866674e24
2.977045011874045e24
2.884564708789306e24
2.789322216924469e24
2.6913480281661943e24
2.5906744195908506e24
2.487335444980584e24
2.381366925239645e24
2.27280643771081e24
2.1616933043923345e24
2.0480685790566393e24
1.9319750332725983e24
1.813457141333665e24
1.6925610640953821e24
1.5693346317258034e24
1.4438273253734842e24
1.3160902577581656e24
1.1861761526900405e24
1.0541393235241553e24
9.200356505571849e23
7.839225573742636e23
6.458589861547761e23
5.0590537194607356e23
3.641236159151339e23
2.2057705758864872e23
7.533044609291206e22
-7.1550089594735795e22
-2.1999707137033117e23
-3.699417036902084e23
-5.213139062069496e23
-6.740423473393988e23
-8.280544787619512e23
-9.832765707972707e23
-1.1396337486959154e24
-1.2970500297860954e24
-1.455448361475787e24
-1.614750660088931e24
-1.7748778505172095e24
-1.935749906667574e24
-2.0972858926858554e24
-2.259404004935825e24
-2.422021614712498e24
-2.5850553116681804e24
-2.748420947928961e24
-2.9120336828788656e24
-3.075808028588683e24
-3.2396578958653537e24
-3.4034966408979167e24
-3.567237112475304e24
-3.7307916997505494e24
-3.894072380526055e24
-4.056990770033601e24
-4.2194581701827037e24
-4.3813856192501727e24
-4.5426839419839056e24
-4.703263800092725e24
-4.863035743094515e24
-5.021910259493914e24
-5.179797828261039e24
-5.336608970581854e24
-5.492254301850914e24
-5.646644583876557e24
-5.799690777268846e24
-5.951304093979638e24
-6.101396049964384e24
-6.24987851793506e24
-6.396663780173051e24
-6.541664581370956e24
-6.684794181472003e24
-6.82596640847546e24
-6.965095711176688e24
-7.102097211809814e24
-7.236886758561315e24
-7.369380977922668e24
-7.499497326849947e24
-7.627154144698423e24
-7.752270704900125e24
-7.874767266352195e24
-7.994565124484213e24
-8.111586661972262e24
-8.225755399067845e24
-8.336996043509861e24
-8.44523453998772e24
-8.550398119124019e24
-8.652415345945146e24
-8.751216167808466e24
-8.846731961754801e24
-8.938895581255321e24
-9.027641402321758e24
-9.112905368949569e24
-9.194625037863613e24
-9.272739622536234e24
-9.34719003644801e24
-9.417918935561607e24
-9.484870759979674e24
-9.547991774757904e24
-9.607230109844777e24
-9.662535799119984e24
-9.71386081850387e24
-9.761159123110559e24
-9.804386683418116e24
-9.843501520429196e24
-9.8784637397965e24
-9.909235564887569e24
-9.935781368764054e24
-9.958067705051104e24
-9.976063337673204e24
-9.989739269433048e24
-9.999068769410958e24
-1.0004027399162765e25
-1.0004593037694587e25
-1.0000745905193957e25
-9.99246858549681e24
-9.979746047271135e24
-9.9625656638982e24
-9.940917232033445e24
-9.91479298882935e24
-9.884187627803791e24
-9.849098313337715e24
-9.809524693787034e24
-9.76546891319407e24
-9.716935621584988e24
-9.663931983840188e24
-9.606467687125514e24
-9.544554946872968e24
-9.478208511300317e24
-9.407445664459927e24
-9.332286227808058e24
-9.252752560286299e24
-9.168869556908238e24
-9.080664645844949e24
-8.988167784003782e24
-8.891411451095956e24
-8.790430642189243e24
-8.685262858742797e24
-8.575948098122652e24
-8.462528841596058e24
-8.345050040805637e24
-8.223559102722999e24
-8.098105873084623e24
-7.968742618311768e24
-7.835524005918311e24
-7.698507083411323e24
-7.55775125568896e24
-7.413318260942971e24
-7.265272145071996e24
-7.113679234615e24
-6.95860810821267e24
-6.80012956660807e24
-6.638316601196394e24
-6.473244361136189e24
-6.304990119035147e24
-6.133633235223101e24
-5.959255120628267e24
-5.781939198270567e24
-5.601770863390192e24
-5.418837442226943e24
-5.233228149470105e24
-5.045034044396797e24
-4.854347985718953e24
-4.6612645851605545e24
-4.4658801597851903e24
-4.268292683098281e24
-4.068601734945469e24
-3.8669084502331057e24
-3.6633154664942826e24
-3.457926870327024e24
-3.2508481427315127e24
-3.0421861033724e24
-2.832048853796171e24
-2.6205457196304767e24
-2.407787191797035e24
-2.1938848667665128e24
-1.9789513858882598e24
-1.763100373825358e24
-1.5464463761277424e24
-1.329104795977346e24
-1.1111918301373948e24
-8.928244041422076e23
-6.741201067604237e23
-4.5519712376940135e23
-2.36174171074763e23
-1.7170427214006273e22
2.0169453472037724e23
4.203008156996626e23
6.385282598807471e23
8.562565241938257e23
1.073365148354777e24
1.2897336252646013e24
1.5052414717539438e24
1.7197682996337065e24
1.9331938870104513e24
2.1453982498247215e24
2.3562617135723772e24
2.565664985165211e24
2.773489224890825e24
2.979616118427457e24
3.183927948873154e24
3.3863076687447365e24
3.5866389719051353e24
3.7848063653754086e24
3.980695240987673e24
4.174191946837182e24
4.3651838584882735e24
4.553559449892754e24
4.739208363975319e24
4.92202148284448e24
5.101890997583809e24
5.278710477581564e24
5.452374939354824e24
5.622780914824457e24
5.789826518999258e24
5.95341151702465e24
6.113437390555048e24
6.269807403405705e24
6.422426666443156e24
6.571202201671738e24
6.716043005474032e24
6.856860110965082e24
6.993566649417874e24
7.126077910720941e24
7.254311402826409e24
7.378186910150019e24
7.497626550882425e24
7.612554833173959e24
7.722898710153994e24
7.828587633746615e24
7.929553607246316e24
8.025731236615636e24
8.117057780470004e24
8.203473198712801e24
8.28492019978713e24
8.361344286508838e24
8.432693800448239e24
8.49891996482733e24
8.559976925900001e24
8.615821792785087e24
8.666414675720322e24
8.711718722708811e24
8.751700154528011e24
8.786328298074058e24
8.815575618013897e24
8.839417746718709e24
8.857833512453844e24
8.870804965800323e24
8.878317404284813e24
8.880359395195038e24
8.876922796559837e24
8.868002776272517e24
8.853597829338623e24
8.833709793229405e24
8.808343861323229e24
8.777508594419396e24
8.741215930308027e24
8.699481191382717e24
8.65232309028224e24
8.599763733549749e24
8.541828623298413e24
8.478546656873777e24
8.409950124504352e24
8.336074704933223e24
8.256959459024101e24
8.172646821337009e24
8.083182589669844e24
7.9886159125629e24
7.88899927476519e24
7.784388480662192e24
7.674842635665831e24
7.560424125569471e24
7.44119859387062e24
7.317234917066457e24
7.188605177928024e24
7.05538463676e24
6.917651700654682e24
6.775487890749335e24
6.628977807498394e24
6.478209093971785e24
6.323272397193186e24
6.164261327532509e24
6.00127241616836e24
5.834405070637422e24
5.663761528488999e24
5.48944680906366e24
5.311568663417502e24
5.130237522412559e24
4.945566442997266e24
4.757671052700623e24
4.56666949236557e24
4.372682357147811e24
4.175832635808017e24
3.976245648325576e24
3.7740489818645725e24
3.569372425122196e24
3.3623479010919316e24
3.1531093982749047e24
2.941792900373156e24
2.7285363145005707e24
2.5134793979473405e24
2.2967636835354552e24
2.078532403603892e24
1.8589304126619643e24
1.6381041087519665e24
1.4162013535616745e24
1.1933713913292942e24
9.697647665833794e23
7.455332407622486e23
5.208297077567627e23
2.9580810842313505e23
7.062334411122558e22
-1.5456881074415653e23
-3.796117969208162e23
-6.0434835954735144e23
-8.286206380321954e23
-1.0522702567337893e24
-1.2751384163211115e24
-1.4970659857728369e24
-1.7178935949640333e24
-1.9374617277870744e24
-2.1556108157543176e24
-2.3721813320286166e24
-2.587013885827947e24
-2.7999493171496725e24
-3.010828791759072e24
-3.2194938963876185e24
-3.42578673408485e24
-3.629550019668084e24
-3.830627175213582e24
-4.02886242553286e24
-4.2241008935771964e24
-4.4161886957138255e24
-4.6049730368158466e24
-4.7903023051098194e24
-4.972026166722811e24
-5.149995659871914e24
-5.324063288638814e24
-5.494083116271937e24
-5.659910857958894e24
-5.821403973012129e24
-5.978421756410045e24
-6.130825429637396e24
-6.278478230767553e24
-6.421245503730216e24
-6.558994786708263e24
-6.69159589960755e24
-6.818921030544019e24
-6.940844821292819e24
-7.057244451643946e24
-7.167999722610516e24
-7.272993138435127e24
-7.37210998734072e24
-7.465238420972842e24
-7.55226953248102e24
-7.633097433186829e24
-7.707619327788016e24
-7.77573558804706e24
-7.837349824915347e24
-7.892368959042877e24
-7.940703289625247e24
-7.982266561540643e24
-8.016976030729155e24
-8.044752527769621e24
-8.065520519607254e24
-8.079208169389753e24
-8.085747394366913e24
-8.085073921812812e24
-8.077127342928408e24
-8.061851164684592e24
-8.039192859567053e24
-8.009103913183843e24
-7.971539869699766e24
-7.926460375060782e24
-7.873829217974956e24
-7.813614368615056e24
-7.745788015012159e24
-7.670326597107967e24
-7.587210838436667e24
-7.496425775408568e24
-7.397960784166735e24
-7.291809604993031e24
-7.177970364236988e24
-7.05644559374647e24
-6.927242247776948e24
-6.790371717359742e24
-6.645849842111194e24
-6.493696919463765e24
-6.333937711305166e24
-6.166601448009108e24
-5.991721829846964e24
-5.809337025766614e24
-5.61948966953097e24
-5.422226853206007e24
-5.217600117992131e24
-5.005665442394752e24
-4.786483227728017e24
-4.560118280952587e24
-4.326639794843926e24
-4.086121325495187e24
-3.838640767154426e24
-3.5842803244032996e24
-3.3231264816808355e24
-3.055269970160654e24
-2.7808057319917495e24
-2.499832881911144e24
-2.212454666243706e24
-1.9187784192999663e24
-1.6189155171905307e24
-1.3129813290717148e24
-1.0010951658421425e24
-6.833802263117344e23
-3.599635408623116e23
-3.097591262668436e22
3.0344814379219596e23
6.431704660318494e23
9.880493100859876e23
1.337939418792137e24
1.6926920926627355e24
2.052155263025655e24
2.4161735674388588e24
2.7845884273461476e24
3.1572381279331674e24
3.5339579001486867e24
3.9145800048471703e24
4.298933819014836e24
4.6868459240325753e24
5.078140195934094e24
5.472637897612637e24
5.870157772927713e24
6.270516142666545e24
6.673527002306738e24
7.079002121533057e24
7.486751145452275e24
7.896581697455783e24
8.308299483673876e24
8.721708398964932e24
9.136610634385414e24
9.552806786078873e24
9.97009596552881e24
1.0388275911111174e25
1.0807143100889323e25
1.1226492866585518e25
1.1646119508668615e25
1.206581641249313e25
1.2485376165423166e25
1.2904590674878723e25
1.3323251287233906e25
1.3741148907503735e25
1.4158074119747521e25
1.4573817308123862e25
1.4988168778524308e25
1.540091888071842e25
1.5811858130938635e25
1.6220777334832404e25
1.6627467710713078e25
1.7031721013033668e25
1.7433329656014828e25
1.7832086837350374e25
1.822778666192023e25
1.8620224265435956e25
1.9009195937944062e25
1.9394499247115935e25
1.9775933161246795e25
2.0153298171892917e25
2.0526396416069494e25
2.089503179793799e25
2.1259010109905628e25
2.1618139153065133e25
2.197222885689979e25
2.2321091398178526e25
2.2664541318969994e25
2.3002395643698747e25
2.333447399517358e25
2.366059870951184e25
2.3980594949890304e25
2.429429081904738e25
2.460151747046747e25
2.4902109218175204e25
2.5195903645068153e25
2.5482741709720125e25
2.576246785158297e25
2.6034930094520986e25
2.629998014860727e25
2.6557473510116946e25
2.680726955965005e25
2.704923165831768e25
2.7283227241928964e25
2.7509127913112595e25
2.7726809531312605e25
2.7936152300594727e25
2.813704085520453e25
2.8329364342816203e25
2.851301650541486e25
2.8687895757755066e25
2.885390526333855e25
2.9010953007858282e25
2.915895187005385e25
2.92978196899274e25
2.94274793342685e25
2.954785875943969e25
2.965889107137392e25
2.9760514582738464e25
2.98526728672202e25
2.993531481088847e25
3.0008394660595165e25
3.0071872069370466e25
3.012571213877709e25
3.0169885458185494e25
3.020436814093535e25
3.022914185735012e25
3.0244193864572603e25
3.024951703319224e25
3.0245109870636054e25
3.0230976541296755e25
3.0207126883374016e25
3.0173576422406533e25
3.013034638147387e25
3.0077463688049975e25
3.0014960977491397e25
2.994287659314512e25
2.986125458306413e25
2.9770144693318725e25
2.966960235789552e25
2.9559688685177077e25
2.9440470440997225e25
2.931202002826952e25
2.91744154631878e25
2.902774034800013e25
2.8872083840360116e25
2.8707540619259713e25
2.8534210847552357e25
2.8352200131074755e25
2.8161619474379914e25
2.7962585233094343e25
2.775521906291508e25
2.7539647865265504e25
2.731600372962791e25
2.708442387257648e25
2.6845050573533307e25
2.659803110727461e25
2.6343517673213933e25
2.6081667321493863e25
2.581264187591674e25
2.553660785374993e25
2.5253736382440948e25
2.4964203113280367e25
2.466818813205348e25
2.4365875866721344e25
2.405745499217674e25
2.374311833211928e25
2.3423062758098536e25
2.3097489085774665e25
2.2766601968446994e25
2.2430609787905536e25
2.2089724542658597e25
2.1744161733595286e25
2.1394140247139593e25
2.103988223595828e25
2.0681612997282713e25
2.031956084890983e25
1.995395700294694e25
1.9585035437366628e25
1.921303276544175e25
1.8838188103128521e25
1.8460742934471284e25
1.8080940975099765e25
1.7699028033894843e25
1.7315251872897846e25
1.6929862065539738e25
1.65431098532703e25
1.6155248000664539e25
1.5766530649089613e25
1.5377213169011784e25
1.4987552011028853e25
1.4597804555709587e25
1.4208228962328436e25
1.381908401657868e25
1.3430628977352735e25
1.3043123422677896e25
1.2656827094894688e25
1.2271999745169585e25
1.1888900977429866e25
1.1507790091814674e25
1.1128925927731103e25
1.0752566706608372e25
1.0378969874444982e25
1.000839194423838e25
9.641088338393303e24
9.277313231202678e24
8.91731939149384e24
8.561358025536855e24
8.209678620307077e24
7.862528787199979e24
7.520154106289952e24
7.182797971230909e24
6.850701434891828e24
6.524103055822841e24
6.203238745647178e24
5.88834161747217e24
5.579641835415101e24
5.277366465336872e24
4.981739326877817e24
4.6929808468882766e24
4.4113079143469315e24
4.13693373685958e24
3.870067698828733e24
3.610915221386509e24
3.3596776241792724e24
3.1165519890955545e24
2.8817310260236476e24
2.655402940728553e24
2.4377513049337747e24
2.2289549286942973e24
2.0291877351458105e24
1.8386186377128482e24
1.6574114198598078e24
1.4857246174645225e24
1.3237114038958534e24
1.171519477872907e24
1.0292909541841036e24
8.971622573413569e23
7.752640182441594e23
6.637209739265192e23
5.626518704579799e23
4.7216936906860536e23
3.923799555658389e23
3.2338385310986305e23
2.652749384118671e23
2.18140661418106e23
1.8206196854079686e23
1.5711322949473717e23
1.4336216779705748e23
1.4086979498498385e23
1.496903486049779e23
1.6987123402428706e23
2.0145297011385565e23
2.4446913884954276e23
2.989463388764121e23
3.649041430783684e23
4.423550601938068e23
5.313045005148045e23
6.317507457061236e23
7.43684922776798e23
8.670909822360226e23
1.0019456804612582e24
1.1482185663054102e24
1.3058719719667566e24
1.474861008142375e24
1.655133563485103e24
1.8466303083790772e24
2.0492847030490072e24
2.263023010013252e24
2.487764310890498e24
2.7234205275658106e24
2.969896447719371e24
3.227089754719689e24
3.4948910618787676e24
3.773183951066238e24
4.0618450156741913e24
4.3607439079249144e24
4.669743390507798e24
4.988699392532331e24
5.317461069778794e24
5.655870869226754e24
6.003764597839888e24
6.360971495580149e24
6.727314312625492e24
7.102609390758638e24
7.486666748895994e24
7.879290172719186e24
8.280277308372135e24
8.689419760183056e24
9.106503192366729e24
9.531307434663153e24
9.96360659186204e24
1.0403169157164522e25
1.0849758129326341e25
1.1303131133529068e25
1.1763040545919351e25
1.2229233621755922e25
1.2701452627102606e25
1.3179434973999562e25
1.3662913359047853e25
1.4151615905334555e25
1.4645266307628872e25
1.5143583980772528e25
1.5646284211188982e25
1.6153078311433088e25
1.666367377769852e25
1.7177774450202553e25
1.7695080676360434e25
1.8215289476665195e25
1.873809471318118e25
1.9263187260563636e25
1.9790255179508112e25
2.0318983892538705e25
2.084905636203713e25
2.138015327041429e25
2.191195320232699e25
2.2444132828835856e25
2.2976367093405164e25
2.3508329399636612e25
2.4039691800635167e25
2.4570125189898137e25
2.5099299493618954e25
2.562688386429811e25
2.6152546875548185e25
2.6675956717983707e25
2.719678139608092e25
2.771468892589521e25
2.8229347533520156e25
2.874042585417404e25
2.924759313179638e25
2.975051941903713e25
3.0248875777522247e25
3.074233447827503e25
3.12305692021769e25
3.1713255240345183e25
3.2190069694311286e25
3.2660691675876382e25
3.3124802506526156e25
3.3582085916283416e25
3.4032228241876953e25
3.447491862410807e25
3.4909849204291893e25
3.533671531965443e25
3.5755215697563995e25
3.616505264847778e25
3.656593225748301e25
3.695756457431335e25
3.7339663801722125e25
3.7711948482093198e25
3.8074141682172536e25
3.8425971175802145e25
3.876716962454151e25
3.909747475605958e25
3.941662954018373e25
3.972438236249132e25
4.002048719533139e25
4.0304703766165634e25
4.057679772311689e25
4.083654079761761e25
4.1083710964049716e25
4.1318092596269376e25
4.1539476620912565e25
4.174766066737709e25
4.1942449214379846e25
4.21236537329896e25
4.229109282603556e25
4.244459236379682e25
4.2583985615876546e25
4.270911337916918e25
4.281982410182902e25
4.29159740031515e25
4.299742718928142e25
4.306405576466202e25
4.31157399391442e25
4.31523681306744e25
4.3173837063485e25
4.318005186171025e25
4.317092613835673e25
4.314638207955612e25
4.310635052403374e25
4.305077103772765e25
4.2979591983494355e25
4.289277058584361e25
4.279027299064228e25
4.267207431973598e25
4.253815872043381e25
4.238851940981062e25
4.222315871377841e25
4.204208810088533e25
4.184532821080283e25
4.163290887746248e25
4.140486914681082e25
4.116125728914905e25
4.0902130806032705e25
4.0627556431704296e25
4.033761012903858e25
4.003237707998382e25
3.97119516704803e25
3.937643746984957e25
3.902594720464011e25
3.8660602726930037e25
3.8280534977079494e25
3.7885883940938913e25
3.7476798601514083e25
3.7053436885097315e25
3.66159656018778e25
3.6164560381041456e25
3.5699405600383644e25
3.5220694310450234e25
3.4728628153237316e25
3.422341727547187e25
3.370528023650984e25
3.317444391088219e25
3.2631143385527872e25
3.207562185175725e25
3.1508130491985466e25
3.0928928361289356e25
3.0338282263832526e25
2.9736466624219084e25
2.9123763353828133e25
2.850046171219173e25
2.786685816348213e25
2.7223256228169737e25
2.6569966329928527e25
2.590730563785496e25
2.5235597904083416e25
2.4555173296870305e25
2.386636822923567e25
2.3169525183241873e25
2.246499252999937e25
2.1753124345492537e25
2.1034280222313727e25
2.0308825077408673e25
1.957712895592511e25
1.8839566831273704e25
1.809651840149815e25
1.7348367882068793e25
1.6595503795203096e25
1.5838318755827264e25
1.5077209254295876e25
1.4312575435979957e25
1.3544820877850022e25
1.277435236216724e25
1.200157964741407e25
1.1226915236582938e25
1.0450774142953325e25
9.673573653488948e24
8.895733089979962e24
8.117673568071158e24
7.339817754302725e24
6.562589621308159e24
5.786414201299577e24
5.011717337987277e24
4.2389254370686697e24
3.4684652154314507e24
2.700763449216936e24
1.9362467208823693e24
1.1753411654158298e24
4.184722158427003e23
-3.339356518201049e23
-1.0814591740216696e24
-1.8236765553887307e24
-2.56016772454757e24
-3.290514589902433e24
-4.0143012952169914e24
-4.731114474852704e24
-5.440543508504556e24
-6.14218077528916e24
-6.835621907025399e24
-7.520466040560597e24
-8.196316068987265e24
-8.862778891595219e24
-9.519465662412797e24
-1.0165992037177441e25
-1.08019784185915e25
-1.1427050199704506e25
-1.2040838005278286e25
-1.2642977930978102e25
-1.323311178024569e25
-1.3810887298703566e25
-1.437595840594073e25
-1.4927985424538694e25
-1.546663530618521e25
-1.599158185473882e25
-1.6502505946093775e25
-1.6999095744710558e25
-1.7481046916665593e25
-1.7948062839086036e25
-1.8399854805831064e25
-1.8836142229281786e25
-1.9256652838111906e25
-1.966112287090053e25
-2.004929726546437e25
-2.0420929843775337e25
-2.0775783492343012e25
-2.1113630337936692e25
-2.143425191852444e25
-2.1737439349314607e25
-2.202299348377916e25
-2.2290725069549487e25
-2.254045489906955e25
-2.277201395490247e25
-2.298524354958067e25
-2.3179995459900486e25
-2.3356132055559975e25
-2.35135264220417e25
-2.3652062477650567e25
-2.3771635084611336e25
-2.387215015414278e25
-2.3953524745420334e25
-2.4015687158349962e25
-2.405857702007221e25
-2.4082145365125017e25
-2.408635470919319e25
-2.407117911637729e25
-2.4036604259919445e25
-2.3982627476324262e25
-2.3909257812820894e25
-2.381651606811124e25
-2.3704434826357255e25
-2.3573058484362035e25
-2.3422443271901653e25
-2.325265726517428e25
-2.306378039332872e25
-2.2855904438046586e25
-2.262913302615033e25
-2.2383581615217202e25
-2.2119377472180777e25
-2.1836659644906695e25
-2.153557892673499e25
-2.121629781398118e25
-2.087899045639731e25
-2.0523842600595166e25
-2.015105152643887e25
-1.9760825976418654e25
-1.9353386078021223e25
-1.8928963259115693e25
-1.8487800156381396e25
-1.8030150516802302e25
-1.75562790922632e25
-1.7066461527282537e25
-1.656098423992312e25
-1.604014429592517e25
-1.5504249276111168e25
-1.4953617137114076e25
-1.4388576065488721e25
-1.3809464325264567e25
-1.3216630099007206e25
-1.2610431322457132e25
-1.1991235512819225e25
-1.1359419590780542e25
-1.0715369696337407e25
-1.005948099851652e25
-9.392157499081346e24
-8.713811830313365e24
-8.024865046967984e24
-7.325746412503523e24
-6.616893179689142e24
-5.898750365698001e24
-5.171770521798782e24
-4.436413497758425e24
-3.6931462010778903e24
-2.942442351179627e24
-2.1847822286738198e24
-1.4206524198325853e24
-6.505455564024922e23
1.2503994910755014e23
9.056001725263373e23
1.6906259513663856e24
2.479603162270316e24
3.2720130024132437e24
4.0673322747078537e24
4.865033676662053e24
5.664586092731356e24
6.465454890009906e24
7.267102217098559e24
8.068987305986115e24
8.870566776780443e24
9.671294945120226e24
1.0470624132098331e25
1.1268004976524255e25
1.2062886749353017e25
1.2854717670103355e25
1.3642945225090127e25
1.4427016487287801e25
1.5206378437649262e25
1.5980478287694269e25
1.6748763803184897e25
1.7510683628704164e25
1.8265687612950105e25
1.9013227134560021e25
1.9752755428276158e25
2.048372791126293e25
2.1205602509388193e25
2.1917839983276854e25
2.2619904253946675e25
2.3311262727834614e25
2.3991386621023084e25
2.465975128247336e25
2.531583651607635e25
2.595912690132577e25
2.658911211242613e25
2.7205287235641225e25
2.7807153084693762e25
2.8394216514024974e25
2.8965990729724976e25
2.9521995597944145e25
3.006175795059841e25
3.058481188817869e25
3.109069907948144e25
3.157896905807257e25
3.2049179515302103e25
3.2500896589686847e25
3.293369515247984e25
3.3347159089248435e25
3.374088157728072e25
3.4114465358648038e25
3.446752300874666e25
3.4799677200148857e25
3.511056096159244e25
3.539981793194189e25
3.566710260895641e25
3.591208059270176e25
3.6134428823445926e25
3.6333835813881583e25
3.6510001875521388e25
3.666263933911279e25
3.679147276892589e25
3.689623917076694e25
3.697668819357551e25
3.7032582324468043e25
3.706369707708776e25
3.7069821173134096e25
3.7050756716937437e25
3.700631936295862e25
3.69363384760881e25
3.684065728462886e25
3.6719133025849897e25
3.657163708399807e25
3.639805512066522e25
3.619828719740593e25
3.597224789051198e25
3.5719866397845623e25
3.5441086637647545e25
3.5135867339231024e25
3.4804182125483205e25
3.4446019587100556e25
3.406138334848158e25
3.3650292125217367e25
3.3212779773111214e25
3.2748895328676827e25
3.2258703041056266e25
3.174228239531659e25
3.119972812707743e25
3.0631150228433515e25
3.0036673945142153e25
2.941643976504176e25
2.8770603397686194e25
2.809933574516917e25
2.7402822864134062e25
2.6681265918954914e25
2.59348811260889e25
2.5163899689605574e25
2.4368567727893792e25
2.354914619156806e25
2.2705910772583223e25
2.1839151804590017e25
2.094917415455068e25
2.0036297105657428e25
1.910085423158493e25
1.814319326212423e25
1.7163675940249738e25
1.6162677870666319e25
1.5140588359905273e25
1.4097810248023784e25
1.303475973198756e25
1.1951866180801067e25
1.084957194247491e25
9.728332142907569e24
8.588614476773392e24
7.430898990515786e24
6.255677857536019e24
5.06345514569305e24
3.8547465772120867e24
2.630079281127021e24
1.3899915383659497e24
1.35032519607689e23
-1.1342379839605895e24
-2.417249836860124e24
-3.713422842364186e24
-5.022167032238682e24
-6.342882963022466e24
-7.674962018709227e24
-9.0177867196657e24
-1.0370731037636294e25
-1.1733160716669638e25
-1.3104433599795949e25
-1.4483899961294997e25
-1.5870902844369303e25
-1.7264778404056485e25
-1.8664856255188815e25
-2.0070459825225324e25
-2.14809067117593e25
-2.28955090445171e25
-2.4313573851651144e25
-2.5734403430125214e25
-2.715729572000096e25
-2.8581544682410107e25
-3.000644068101916e25
-3.1431270866763635e25
-3.285531956565258e25
-3.427786866942337e25
-3.569819802882784e25
-3.7115585849340165e25
-3.8529309089054687e25
-3.993864385856224e25
-4.1342865822570415e25
-4.274125060305083e25
-4.41330741836771e25
-4.551761331533178e25
-4.689414592244849e25
-4.8261951509954666e25
-4.962031157058992e25
-5.0968509992356725e25
-5.230583346587921e25
-5.363157189142407e25
-5.49450187853592e25
-5.624547168580343e25
-5.7532232557239205e25
-5.880460819384856e25
-6.00619106213329e25
-6.130345749698836e25
-6.252857250779104e25
-6.373658576626589e25
-6.4926834203896e25
-6.6098661961844835e25
-6.725142077875505e25
-6.838447037538905e25
-6.949717883588657e25
-7.058892298540122e25
-7.165908876389609e25
-7.270707159586195e25
-7.3732276755742386e25
-7.473411972883322e25
-7.571202656744211e25
-7.666543424208477e25
-7.759379098749934e25
-7.849655664327008e25
-7.937320298883903e25
-8.02232140727052e25
-8.104608653559594e25
-8.1841329927413e25
-8.26084670177466e25
-8.334703409976343e25
-8.405658128727213e25
-8.473667280477419e25
-8.538688727031405e25
-8.6006817970942e25
-8.659607313061203e25
-8.715427617033461e25
-8.76810659604147e25
-8.81760970646049e25
-8.863903997600826e25
-8.90695813445737e25
-8.94674241960242e25
-8.983228814207075e25
-9.016390958176156e25
-9.0462041893828e25
-9.07264556198873e25
-9.0956938638372e25
-9.115329632905777e25
-9.1315351728068e25
-9.144294567323767e25
-9.153593693972565e25
-9.15942023657683e25
-9.161763696847406e25
-9.160615404956305e25
-9.155968529096213e25
-9.147818084017135e25
-9.136160938532239e25
-9.120995821985764e25
-9.102323329676098e25
-9.08014592722816e25
-9.05446795390928e25
-9.02529562488395e25
-8.992637032402925e25
-8.956502145922927e25
-8.916902811154192e25
-8.873852748032818e25
-8.827367547616651e25
-8.777464667902876e25
-8.724163428567255e25
-8.6674850046244e25
-8.607452419010373e25
-8.544090534088217e25
-8.477426042078732e25
-8.407487454418941e25
-8.334305090051123e25
-8.25791106264661e25
-8.178339266768278e25
-8.095625362977237e25
-8.009806761888918e25
-7.920922607185236e25
-7.829013757589527e25
-7.734122767811673e25
-7.636293868472033e25
-7.535572945012266e25
-7.4320075156031666e25
-7.325646708058766e25
-7.2165412357680465e25
-7.104743372654769e25
-6.990306927177598e25
-6.873287215383097e25
-6.753741033023802e25
-6.631726626756008e25
-6.507303664430239e25
-6.380533204490211e25
-6.251477664494473e25
-6.120200788777502e25
-5.986767615265907e25
-5.851244441466769e25
-5.713698789646066e25
-5.5741993712140885e25
-5.432816050337508e25
-5.289619806795841e25
-5.144682698102927e25
-4.998077820912118e25
-4.849879271726836e25
-4.700162106936326e25
-4.549002302198192e25
-4.396476711190234e25
-4.2426630237522486e25
-4.087639723442009e25
-3.931486044526977e25
-3.774281928436409e25
-3.6161079796966116e25
-3.4570454213738713e25
-3.2971760500499735e25
-3.1365821903540797e25
-2.975346649077441e25
-2.8135526688949966e25
-2.6512838817210705e25
-2.4886242617237782e25
-2.3256580780258023e25
-2.162469847117083e25
-1.9991442850065026e25
-1.8357662591404006e25
-1.6724207401136111e25
-1.509192753202163e25
-1.3461673297437394e25
-1.1834294583951246e25
-1.0210640362931233e25
-8.591558201484383e24
-6.977893772995727e24
-5.370490367554542e24
-3.7701884025566957e24
-2.1778249337554031e24
-5.94233167060087e23
9.797580286465514e23
2.5433246073732927e24
4.095647830293044e24
5.635914748134287e24
7.163318681399505e24
8.677059698140585e24
1.0176345088991136e25
1.1660389839187659e25
1.3128417097283564e25
1.4579658640288746e25
1.6013355334942363e25
1.7428757594850796e25
1.8825125833210502e25
2.0201730910837083e25
2.155785457923804e25
2.2892789918446164e25
2.4205841769358723e25
2.5496327160303307e25
2.6763575727581024e25
2.8006930129713214e25
2.922574645514584e25
3.0419394623152395e25
3.1587258777681084e25
3.2728737673908337e25
3.3843245057243294e25
3.4930210034554822e25
3.598907743737371e25
3.701930817684707e25
3.8020379590212975e25
3.899178577856876e25
3.9933037935722014e25
4.084366466789964e25
4.172321230411528e25
4.257124519698067e25
4.338734601377008e25
4.417111601753468e25
4.492217533808428e25
4.564016323264939e25
4.632473833604279e25
4.697557890015421e25
4.759238302260289e25
4.817486886439517e25
4.872277485642376e25
4.923585989466745e25
4.971390352394079e25
5.01567061100633e25
5.056408900031505e25
5.093589467205357e25
5.127198686937938e25
5.157225072773409e25
5.1836592886332115e25
5.206494158832631e25
5.2257246768618225e25
5.2413480129230856e25
5.253363520216525e25
5.2617727399676365e25
5.266579405190143e25
5.267789443179123e25
5.265410976729251e25
5.259454324074584e25
5.24993199754625e25
5.236858700945837e25
5.220251325632557e25
5.200128945323107e25
5.176512809604192e25
5.149426336157741e25
5.118895101700752e25
5.084946831640933e25
5.047611388451494e25
5.006920758768284e25
4.96290903921364e25
4.915612420951938e25
4.865069172982523e25
4.811319624176686e25
4.754406144065808e25
4.694373122388774e25
4.631266947407391e25
4.565135982999309e25
4.496030544538699e25
4.424002873575677e25
4.349107111326198e25
4.271399270984643e25
4.190937208872853e25
4.1077805944386935e25
4.021990879119284e25
3.933631264084028e25
3.84276666687338e25
3.749463686950036e25
3.653790570179988e25
3.555817172261284e25
3.455614921119387e25
3.3532567782882687e25
3.248817199297416e25
3.142372093085164e25
3.0339987804597896e25
2.9237759516301306e25
2.8117836228278946e25
2.698103092045609e25
2.5828168939125495e25
2.466008753733926e25
2.347763540717415e25
2.2281672204127243e25
2.107306806389704e25
1.9852703111814553e25
1.862146696519358e25
1.7380258228870598e25
1.6129983984215256e25
1.487155927189057e25
1.3605906568652784e25
1.2333955258478512e25
1.1056641098317362e25
9.774905678767423e24
8.489695879973115e24
7.201963323062243e24
5.912663817417266e24
4.622756804105781e24
3.3332047957797757e24
2.0449728133659307e24
7.590278198657007e23
-5.23661848407388e23
-1.8021270528297197e24
-3.075398425378579e24
-4.3425069431207176e24
-5.602484503948751e24
-6.854364503227876e24
-8.097182411020675e24
-9.329976349550577e24
-1.0551787670567733e25
-1.1761661532281508e25
-1.295864747551085e25
-1.4141799998726645e25
-1.5310179131634906e25
-1.6462851006967205e25
-1.7598888430135265e25
-1.8717371446413148e25
-1.9817387905305686e25
-2.0898034021767248e25
-2.195841493393271e25
-2.299764525702459e25
-2.4014849633103007e25
-2.500916327632384e25
-2.5979732513375724e25
-2.692571531876453e25
-2.7846281844622583e25
-2.874061494470931e25
-2.960791069229213e25
-3.0447378891580116e25
-3.125824358239704e25
-3.2039743537780226e25
-3.2791132754195148e25
-3.3511680934058897e25
-3.420067396027066e25
-3.4857414362449407e25
-3.5481221774584476e25
-3.607143338380908e25
-3.662740437000893e25
-3.7148508335987242e25
-3.7634137727906564e25
-3.808370424573812e25
-3.8496639243451923e25
-3.887239411868323e25
-3.921044069162531e25
-3.9510271572893485e25
-3.977140052011959e25
-3.9993362783035585e25
-4.017571543681793e25
-4.031803770346246e25
-4.041993126097533e25
-4.048102054016195e25
-4.050095300881297e25
-4.047939944308388e25
-4.041605418587772e25
-4.0310635392047385e25
-4.016288526023528e25
-3.997257025118554e25
-3.973948129236027e25
-3.946343396870811e25
-3.914426869943635e25
-3.878185090064505e25
-3.8376071133696077e25
-3.7926845239185324e25
-3.74341144564118e25
-3.6897845528226173e25
-3.631803079116929e25
-3.569468825079979e25
-3.5027861642138445e25
-3.431762047514675e25
-3.3564060065177986e25
-3.2767301548347636e25
-3.192749188176576e25
-3.1044803828604496e25
-3.011943592795615e25
-2.915161244947534e25
-2.814158333277751e25
-2.708962411160367e25
-2.599603582274588e25
-2.486114489975172e25
-2.3685303051434947e25
-2.246888712521358e25
-2.121229895533039e25
-1.9915965195990496e25
-1.8580337139490341e25
-1.7205890519393353e25
-1.5793125298834258e25
-1.4342565444042894e25
-1.2854758683169306e25
-1.1330276250529835e25
-9.769712616369653e24
-8.17368520228012e24
-6.542834082383308e24
-4.877821670439473e24
-3.1793323930107655e24
-1.448072348842329e24
3.1523104536877185e23
2.1098294226591863e24
3.9349538467397854e24
5.78981520602093e24
7.673604620506052e24
9.585493861367123e24
1.1524635782969966e25
1.3490164767142858e25
1.5481197179453988e25
1.7496831837254307e25
1.953615048925663e25
2.1598218306381076e25
2.3682084383627314e25
2.5786782252687827e25
2.7911330405045485e25
3.0054732825268876e25
3.2215979534212215e25
3.4394047141843255e25
3.6587899409378777e25
3.8796487820443415e25
4.101875216091827e25
4.325362110718331e25
4.5500012822408395e25
4.775683556058155e25
5.002298827793289e25
5.229736125140648e25
5.4578836703854725e25
5.686628943558236e25
5.9158587461908845e25
6.145459265636827e25
6.375316139920565e25
6.605314523078161e25
6.835339150953167e25
7.065274407409871e25
7.295004390925442e25
7.524412981524487e25
7.753383908015612e25
7.981800815493385e25
8.209547333064708e25
8.436507141762096e25
8.662564042603906e25
8.887602024761016e25
9.111505333792239e25
9.334158539906255e25
9.555446606212331e25
9.775254956917567e25
9.99346954543261e25
1.0209976922343593e26
1.0424664303211751e26
1.0637419636159654e26
1.0848131669203445e26
1.105669001729221e26
1.1262985229012664e26
1.146690885292099e26
1.1668353503459979e26
1.1867212926423747e26
1.2063382063928359e26
1.2256757118850705e26
1.244723561869565e26
1.2634716478851953e26
1.2819100065199714e26
1.3000288256029148e26
1.3178184503234342e26
1.3352693892742499e26
1.3523723204142601e26
1.3691180969475861e26
1.3854977531150756e26
1.4015025098947703e26
1.4171237806076009e26
1.4323531764249263e26
1.4471825117742827e26
1.461603809640052e26
1.4756093067555302e26
1.4891914586831766e26
1.502342944779723e26
1.5150566730429033e26
1.5273257848367401e26
1.5391436594921894e26
1.5505039187802376e26
1.5614004312543757e26
1.5718273164596913e26
1.581778949005634e26
1.59124996249982e26
1.6002352533401582e26
1.608729984362676e26
1.6167295883426225e26
1.6242297713463046e26
1.6312265159313974e26
1.6377160841933937e26
1.6436950206560496e26
1.649160155003706e26
1.6541086046534604e26
1.6585377771653215e26
1.662445372488428e26
1.665829385041682e26
1.6686881056270646e26
1.6710201231741558e26
1.672824326314321e26
1.6740999047832773e26
1.67484635065071e26
1.675063459375807e26
1.6747513306876395e26
1.673910369289389e26
1.6725412853856123e26
1.6706450950317102e26
1.668223120304987e26
1.6652769892967085e26
1.6618086359247242e26
1.6578202995662813e26
1.6533145245107948e26
1.648294159232424e26
1.6427623554824147e26
1.6367225672012862e26
1.6301785492510214e26
1.623134355967549e26
1.6155943395339017e26
1.60756314817454e26
1.599045724171444e26
1.5900473017026607e26
1.58057340450416e26
1.5706298433558588e26
1.5602227133928676e26
1.549358391243089e26
1.5380435319923885e26
1.5262850659786643e26
1.5140901954162898e26
1.5014663908524228e26
1.4884213874568844e26
1.4749631811472862e26
1.4611000245513348e26
1.4468404228081783e26
1.4321931292109223e26
1.4171671406923975e26
1.4017716931564623e26
1.386016256657157e26
1.3699105304281818e26
1.3534644377651903e26
1.3366881207635144e26
1.3195919349140972e26
1.3021864435603667e26
1.2844824122189764e26
1.2664908027674136e26
1.2482227675014825e26
1.2296896430658937e26
1.2109029442610991e26
1.1918743577297864e26
1.1726157355263267e26
1.15313908857274e26
1.1334565800046541e26
1.1135805184108691e26
1.0935233509703486e26
1.0732976564901854e26
1.052916138348574e26
1.032391617346528e26
1.0117370244724274e26
9.909653935833143e25
9.700898540070548e25
9.49123623069541e25
9.280799985510252e25
9.069723510759492e25
8.858141164404325e25
8.646187878818877e25
8.433999082950169e25
8.221710623987441e25
8.009458688584472e25
7.797379723680103e25
7.585610356963556e25
7.374287317028116e25
7.163547353261312e25
6.953527155516256e25
6.744363273612039e25
6.53619203670859e25
6.32914947260428e25
6.123371227002295e25
5.918992482793495e25
5.716147879403464e25
5.514971432250268e25
5.315596452361584e25
5.118155466197488e25
4.922780135727684e25
4.729601178809683e25
4.538748289915511e25
4.35035006125546e25
4.164533904344095e25
3.98142597205762e25
3.801151081228053e25
3.6238326358221134e25
3.4495925507502704e25
3.2785511763532563e25
3.110827223611206e25
2.9465376901214266e25
2.785797786890494e25
2.628720865984831e25
2.4754183490853613e25
2.3259996569894306e25
2.1805721401047276e25
2.0392410099772904e25
1.902109271897873e25
1.769277658627396e25
1.640844565284059e25
1.5169059854332754e25
1.3975554484203198e25
1.282883957986364e25
1.1729799322063995e25
1.0679291447882797e25
9.678146677702358e24
8.727168156542086e24
7.827130910115844e24
6.978781315964832e24
6.18283659001986e24
5.439984288927806e24
4.7508818284791466e24
4.1161560184537806e24
3.536402614206887e24
3.012185885292554e24
2.544038201426046e24
2.132459636070578e24
1.7779175879239825e24
1.480846420574808e24
1.2416471205829505e24
1.0606869742339187e24
9.382992632018125e23
8.747829793487076e23
8.704025588752156e23
9.25387636027348e23
1.0399328165537808e24
1.2141974710960784e24
1.448305548683646e24
1.742345410493356e24
2.0963696840229503e24
2.510395137815156e24
2.984402576858394e24
3.518336758776465e24
4.1121063309111853e24
4.765583788384843e24
5.47860545322343e24
6.250971474602442e24
7.082445850272809e24
7.972756469203383e24
8.921595175472551e24
9.928617853423644e24
1.0993444534086456e25
1.2115659522859997e25
1.329481154843197e25
1.4530413932902638e25
1.5821944783066655e25
1.7168847202796624e25
1.857052952645197e25
2.0026365573234777e25
2.15356949223948e25
2.3097823209171397e25
2.471202244135871e25
2.637753133635191e25
2.809355567853761e25
2.9859268696861637e25
3.167381146241091e25
3.3536293305824287e25
3.5445792254334327e25
3.7401355488241204e25
3.94019998165928e25
4.144671217184416e25
4.353445012325317e25
4.566414240876281e25
4.783468948509647e25
5.00449640957986e25
5.2293811856929874e25
5.458005186011336e25
5.6902477292632715e25
5.925985607424915e25
6.165093151041909e25
6.4074422961558315e25
6.652902652801372e25
6.901341575036801e25
7.1526242324715525e25
7.406613683252768e25
7.663170948470224e25
7.922155087942105e25
8.183423277338265e25
8.446830886601021e25
8.712231559619315e25
8.97947729511384e25
9.248418528688333e25
9.51890421600147e25
9.790781917014447e25
1.0063897881266663e26
1.0338097134132226e26
1.0613223564010309e26
1.0889120010398889e26
1.116562835280387e26
1.1442589600432483e26
1.1719843982622311e26
1.1997231039951829e26
1.2274589715983262e26
1.2551758449585196e26
1.2828575267781036e26
1.310487787907167e26
1.3380503767177666e26
1.3655290285148674e26
1.3929074749784061e26
1.4201694536311048e26
1.4472987173266344e26
1.474279043752447e26
1.501094244941896e26
1.5277281767899835e26
1.554164748567306e26
1.5803879324264517e26
1.606381772895391e26
1.632130396352209e26
1.6576180204755962e26
1.682828963665503e26
1.707747654428327e26
1.732358640721142e26
1.756646599249268e26
1.780596344711706e26
1.8041928389888404e26
1.8274212002669483e26
1.8502667120939286e26
1.8727148323608068e26
1.894751202203625e26
1.9163616548201963e26
1.937532224196429e26
1.958249153736859e26
1.9784989047940655e26
1.9982681650917728e26
2.0175438570363805e26
2.0363131459118424e26
2.054563447952724e26
2.0722824382904675e26
2.0894580587678485e26
2.1060785256167644e26
2.122132336994459e26
2.1376082803734568e26
2.1524954397805006e26
2.1667832028798668e26
2.1804612678965253e26
2.1935196503746904e26
2.2059486897673892e26
2.2177390558527887e26
2.2288817549730122e26
2.2393681360914607e26
2.2491898966645585e26
2.258339088324033e26
2.2668081223659512e26
2.2745897750427843e26
2.2816771926549374e26
2.2880638964382362e26
2.293743787244031e26
2.2987111500086027e26
2.302960658008792e26
2.3064873769008013e26
2.3092867685392153e26
2.311354694573542e26
2.312687419819556e26
2.313281615402907e26
2.3131343616725907e26
2.312243150882033e26
2.3106058896356127e26
2.3082209010985585e26
2.3050869269684368e26
2.3012031292063856e26
2.2965690915265803e26
2.2911848206423004e26
2.2850507472674565e26
2.2781677268722208e26
2.270537040191837e26
2.262160393487522e26
2.25303991855889e26
2.243178172507179e26
2.23257813724871e26
2.221243218778415e26
2.2091772461831224e26
2.1963844704046404e26
2.1828695627525724e26
2.168637613167348e26
2.153694128233737e26
2.1380450289453022e26
2.1216966482206837e26
2.1046557281723895e26
2.0869294171292084e26
2.0685252664131588e26
2.0494512268725254e26
2.029715645172276e26
2.009327259843298e26
1.9882951970924483e26
1.96662896637503e26
1.9443384557319056e26
1.9214339268931098e26
1.8979260101505903e26
1.873825699002245e26
1.849144344570013e26
1.8238936497944696e26
1.7980856634090883e26
1.7717327736969955e26
1.744847702033187e26
1.7174434962157744e26
1.6895335235893804e26
1.6611314639643928e26
1.632251302335435e26
1.6029073214031718e26
1.5731140939031634e26
1.5428864747456358e26
1.5122395929706363e26
1.4811888435225411e26
1.449749878848517e26
1.4179386003250899e26
1.3857711495178149e26
1.3532638992785734e26
1.3204334446850951e26
1.287296593828061e26
1.253870358450429e26
1.2201719444443853e26
1.186218742210772e26
1.1520283168867431e26
1.1176183984466891e26
1.083006871682196e26
1.0482117660662192e26
1.013251245507607e26
9.78143598001436e25
9.429072251808085e25
9.07560631776402e25
8.721224149893531e25
8.366112537837702e25
8.010458981045768e25
7.654451580272537e25
7.298278928454703e25
6.942130001026302e25
6.586194045740628e25
6.230660472058224e25
5.8757187401674915e25
5.521558249698382e25
5.168368228197974e25
4.816337619430497e25
4.465654971565228e25
4.116508325321264e25
3.7690851021314025e25
3.4235719923932764e25
3.080154843869932e25
2.7390185503100846e25
2.4003469403503023e25
2.064322666767653e25
1.7311270961450698e25
1.4009401990192859e25
1.0739404405750022e25
7.503046719487781e24
4.3020802221197605e24
1.1382379109438598e24
-1.9867665748427863e24
-5.07124001013725e24
-8.113510630554874e24
-1.111192916906357e25
-1.406486988201447e25
-1.697073156390276e25
-1.982793855026674e25
-2.263494170808448e25
-2.539021941308691e25
-2.8092278513344123e25
-3.073965527854396e25
-3.3330916334386372e25
-3.5864659581472875e25
-3.8339515098143055e25
-4.075414602666684e25
-4.31072494422592e25
-4.53975572043287e25
-4.762383678944523e25
-4.97848921054709e25
-5.187956428635589e25
-5.390673246705374e25
-5.586531453806553e25
-5.775426787913407e25
-5.957259007157445e25
-6.131931958879457e25
-6.299353646452739e25
-6.459436293835002e25
-6.612096407802601e25
-6.757254837826023e25
-6.894836833546773e25
-7.024772099813306e25
-7.1469948492395966e25
-7.261443852247655e25
-7.36806248456062e25
-7.46679877210908e25
-7.557605433319424e25
-7.640439918753457e25
-7.715264448067215e25
-7.782046044262236e25
-7.840756565201043e25
-7.891372732362945e25
-7.93387615681425e25
-7.968253362372146e25
-7.994495805940344e25
-8.012599894998645e25
-8.022567002227374e25
-8.024403477251478e25
-8.018120655490369e25
-8.00373486410036e25
-7.981267424998626e25
-7.95074465495959e25
-7.912197862776695e25
-7.865663343482567e25
-7.81118236962397e25
-7.748801179589442e25
-7.678570962987895e25
-7.60054784307988e25
-7.51479285626368e25
-7.421371928621223e25
-7.32035584952916e25
-7.211820242343418e25
-7.095845532166935e25
-6.972516910711438e25
-6.841924298266192e25
-6.704162302789604e25
-6.559330176138434e25
-6.407531767454028e25
-6.2488754737249534e25
-6.083474187547735e25
-5.911445242108866e25
-5.7329103534130636e25
-5.547995559784456e25
-5.356831158668743e25
-5.159551640766529e25
-4.956295621529067e25
-4.747205770049907e25
-4.532428735386782e25
-4.3121150703505815e25
-4.086419152798506e25
-3.855499104472357e25
-3.6195167074210835e25
-3.3786373180514116e25
-3.133029778850222e25
-2.8828663278237962e25
-2.6283225057012892e25
-2.369577060950648e25
-2.1068118526562902e25
-1.84021175131027e25
-1.569964537568912e25
-1.296260799028969e25
-1.0192938250778426e25
-7.39259499874875e24
-4.563561935208801e24
-1.707846514744157e24
1.1725211772531763e24
4.075489563665686e24
6.998986730441204e24
9.94092159644924e24
1.2899185097758445e25
1.5871651385689749e25
1.8856179037975745e25
2.1850612282365085e25
2.4852782231979304e25
2.7860508131740344e25
3.0871598615174e25
3.38838529708766e25
3.689506241793905e25
3.990301138960473e25
4.290547882444205e25
4.590023946428897e25
4.888506515824525e25
5.185772617195204e25
5.481599250142955e25
5.775763519070668e25
6.068042765248914e25
6.358214699111139e25
6.646057532699981e25
6.931350112188518e25
7.2138720503999586e25
7.493403859247867e25
7.76972708202039e25
8.042624425430717e25
8.31187989135696e25
8.577278908193377e25
8.83860846173598e25
9.095657225525681e25
9.34821569057034e25
9.596076294370776e25
9.839033549172228e25
1.00768841693659e26
1.0309427197963615e26
1.0536464132070173e26
1.0757799047277722e26
1.0973238720907346e26
1.1182592754023008e26
1.1385673692144028e26
1.1582297144582704e26
1.1772281902334019e26
1.1955450054445467e26
1.2131627102795458e26
1.2300642075209433e26
1.2462327636844403e26
1.2616520199771405e26
1.2763060030689345e26
1.2901791356701809e26
1.3032562469090789e26
1.3155225825022098e26
1.326963814711779e26
1.3375660520832845e26
1.3473158489573555e26
1.3562002147497076e26
1.3642066229931702e26
1.3713230201360106e26
1.3775378340907949e26
1.3828399825281438e26
1.3872188809100088e26
1.3906644502570588e26
1.39316712464511e26
1.3947178584253422e26
1.3953081331636793e26
1.3949299642944324e26
1.393575907483587e26
1.391239064697445e26
1.3879130899722175e26
1.3835921948805828e26
1.3782711536910962e26
1.3719453082168704e26
1.3646105723498447e26
1.3562634362771043e26
1.3469009703762036e26
1.3365208287862481e26
1.3251212526519677e26
1.3127010730378971e26
1.2992597135103314e26
1.2847971923845798e26
1.2693141246354713e26
1.2528117234689473e26
1.2352918015532263e26
1.2167567719078447e26
1.1972096484490417e26
1.1766540461905862e26
1.1550941810988065e26
1.1325348696012258e26
1.108981527747926e26
1.0844401700255666e26
1.0589174078237193e26
1.0324204475533435e26
1.004957088417951e26
9.765357198375822e25
9.471653185264213e25
9.168554452245411e25
8.856162410851702e25
8.534584237185201e25
8.203932828933897e25
7.864326758985608e25
7.515890225654708e25
7.158752999544261e25
6.793050367062268e25
6.418923070620593e25
6.03651724553904e25
5.645984353685567e25
5.247481113878745e25
4.841169429089031e25
4.427216310470695e25
4.005793798257715e25
3.577078879566672e25
3.1412534031414216e25
2.6985039910847053e25
2.2490219476156163e25
1.793003164902926e25
1.3306480260190016e25
8.6216130506051e24
3.877520644914175e24
-9.236645024383961e23
-5.779769187797645e24
-1.068858056510839e25
-1.5647847278316072e25
-2.065528061879558e25
-2.5708555707228624e25
-3.0805312699261148e25
-3.5943158014340293e25
-4.111966558706302e25
-4.633237814040435e25
-5.157880848009805e25
-5.685644080951972e25
-6.216273206433348e25
-6.749511326623009e25
-7.285099089496999e25
-7.822774827801395e25
-8.362274699701155e25
-8.903332831032576e25
-9.445681459086264e25
-9.98905107783814e25
-1.0533170584553318e26
-1.1077767427676452e26
-1.1622567755929741e26
-1.2167296568537374e26
-1.2711677866488922e26
-1.3255434804760987e26
-1.3798289845408822e26
-1.4339964911446688e26
-1.488018154142534e26
-1.5418661044621888e26
-1.595512465675717e26
-1.6489293696147126e26
-1.7020889720204138e26
-1.754963468219613e26
-1.8075251088178347e26
-1.8597462154002876e26
-1.911599196232039e26
-1.9630565619481026e26
-2.0140909412247613e26
-2.0646750964227137e26
-2.114781939193161e26
-2.1643845460380548e26
-2.213456173814986e26
-2.2619702751781157e26
-2.3099005139458327e26
-2.357220780386555e26
-2.4039052064132543e26
-2.44992818067802e26
-2.495264363557963e26
-2.539888702023183e26
-2.5837764443783906e26
-2.6269031548691483e26
-2.6692447281444095e26
-2.7107774035663546e26
-2.7514777793590673e26
-2.791322826587901e26
-2.8302899029606337e26
-2.8683567664424603e26
-2.905501588676369e26
-2.9417029682010436e26
-2.9769399434579107e26
-3.011192005579665e26
-3.0444391109522685e26
-3.07666169354295e26
-3.107840676986311e26
-3.137957486421241e26
-3.166994060071358e26
-3.1949328605615736e26
-3.2217568859638476e26
-3.2474496805651064e26
-3.2719953453506685e26
-3.2953785481963354e26
-3.317584533762785e26
-3.338599133085968e26
-3.358408772857189e26
-3.3770004843869965e26
-3.3943619122469446e26
-3.410481322583676e26
-3.425347611099695e26
-3.438950310695594e26
-3.451279598768656e26
-3.4623263041627505e26
-3.4720819137649034e26
-3.4805385787439064e26
-3.487689120426642e26
-3.493527035807915e26
-3.4980465026898826e26
-3.5012423844472724e26
-3.503110234414875e26
-3.503646299893951e26
-3.502847525774425e26
-3.500711557769949e26
-3.497236745263154e26
-3.492422143758573e26
-3.486267516941029e26
-3.478773338337375e26
-3.469940792579852e26
-3.459771776269442e26
-3.448268898437803e26
-3.435435480606754e26
-3.421275556444312e26
-3.405793871016705e26
-3.388995879635754e26
-3.370887746301602e26
-3.3514763417407365e26
-3.330769241039433e26
-3.308774720873348e26
-3.285501756333758e26
-3.2609600173516095e26
-3.235159864720272e26
-3.208112345718761e26
-3.179829189336824e26
-3.15032280110396e26
-3.119606257524232e26
-3.0876933001195473e26
-3.0545983290838327e26
-3.0203363965507162e26
-2.9849231994781767e26
-2.948375072153031e26
-2.910708978319065e26
-2.8719425029321414e26
-2.8320938435466335e26
-2.791181801337176e26
-2.7492257717598626e26
-2.7062457348579463e26
-2.662262245216456e26
-2.6172964215710572e26
-2.571369936075969e26
-2.5245050032368544e26
-2.4767243685141027e26
-2.428051296602105e26
-2.3785095593910197e26
-2.3281234236169606e26
-2.2769176382071808e26
-2.2249174213265785e26
-2.1721484471327944e26
-2.118636832246472e26
-2.0644091219441742e26
-2.009492276080825e26
-1.95391365474973e26
-1.8977010036876144e26
-1.8408824394322007e26
-1.7834864342409235e26
-1.7255418007784365e26
-1.667077676581564e26
-1.608123508309661e26
-1.5487090357895503e26
-1.488864275863438e26
-1.4286195060484872e26
-1.3680052480174651e26
-1.3070522509091747e26
-1.2457914744782352e26
-1.1842540720929985e26
-1.1224713735916765e26
-1.0604748680059199e26
-9.982961861611436e25
-9.359670831640038e25
-8.7351942078624e25
-8.109851497552162e25
-7.483962919605373e25
-6.857849225874681e25
-6.231831521867035e25
-5.606231086909885e25
-4.981369193883519e25
-4.3575669286270215e25
-3.7351450091186404e25
-3.1144236045301124e25
-2.495722154265022e25
-1.879359187079367e25
-1.2656521403921455e25
-6.549171798843907e24
-4.746901949714604e23
5.563792580708026e24
1.1563163802647972e25
1.7520330628654502e25
2.3432221873711287e25
2.9295789774644744e25
3.510801174465395e25
4.086589211661927e25
4.656646387419094e25
5.2206790369683965e25
5.7783967027695675e25
6.329512303350031e25
6.873742300518226e25
7.410806864857166e25
7.940430039393423e25
8.462339901349488e25
8.976268721879252e25
9.481953123696274e25
9.97913423649435e25
1.0467557850070002e26
1.0946974565057498e26
1.1417139941179485e26
1.1877814642928457e26
1.2328764582587185e26
1.2769761060505409e26
1.3200580902542021e26
1.3621006594590917e26
1.4030826414110536e26
1.4429834558570515e26
1.4817831270740648e26
1.5194622960740878e26
1.55600223247807e26
1.5913848460508413e26
1.6255926978900326e26
1.658609011262138e26
1.6904176820783646e26
1.7210032890039965e26
1.7503511031944977e26
1.7784470976524286e26
1.805277956198694e26
1.8308310820525515e26
1.8550946060145328e26
1.8780573942471582e26
1.89970905564783e26
1.9200399488091428e26
1.9390411885620036e26
1.9567046520966817e26
1.973022984657801e26
1.9879896048090136e26
2.001598709263827e26
2.013845277278671e26
2.0247250746050705e26
2.0342346569979714e26
2.0423713732771143e26
2.049133367939086e26
2.0545195833176768e26
2.05852976129056e26
2.061164444530325e26
2.062424977298434e26
2.062313505780922e26
2.0608329779645903e26
2.0579871430531315e26
2.053780550422572e26
2.0482185481159657e26
2.0413072808771737e26
2.0330536877242047e26
2.023465499062578e26
2.012551233339684e26
2.000320193241084e26
1.986782461430241e26
1.9719488958332614e26
1.9558311244706617e26
1.9384415398381504e26
1.9197932928389947e26
1.899900286270678e26
1.878777167868721e26
1.8564393229109603e26
1.8329028663857673e26
1.808184634727906e26
1.7823021771260723e26
1.7552737464063435e26
1.727118289496068e26
1.69785543747293e26
1.6675054952042147e26
1.6360894305815336e26
1.603628863356402e26
1.570146053582691e26
1.5356638896715472e26
1.5002058760652682e26
1.4637961205364801e26
1.426459321119296e26
1.3882207526793649e26
1.3491062531298927e26
1.309142209301025e26
1.2683555424701167e26
1.2267736935606148e26
1.1844246080175936e26
1.1413367203680393e26
1.09753893847432e26
1.053060627489298e26
1.0079315935219715e26
9.62182067022384e25
9.158426858951935e25
8.689444783508583e25
8.21518845504118e25
7.735975437293307e25
7.252126667823707e25
6.763966276991141e25
6.271821404805512e25
5.776022015746633e25
5.276900711655596e25
4.774792542802381e25
4.270034817236624e25
3.7629669085277487e25
3.253930062004227e25
2.7432671996002347e25
2.231322723421428e25
1.7184423181384967e25
1.2049727523257745e25
6.912616788527599e24
1.77657434445003e24
-3.3549116147078853e24
-8.478350085234225e24
-1.3590249276389602e25
-1.8687118636525205e25
-2.3765470881720747e25
-2.8821824025779397e25
-3.3852703410411835e25
-3.885464373442379e25
-4.382419108073707e25
-4.875790494006318e25
-5.365236023005612e25
-5.8504149308770605e25
-6.330988398122075e25
-6.806619749791561e25
-7.276974654415503e25
-7.74172132189395e25
-8.200530700232112e25
-8.653076671004486e25
-9.09903624343132e25
-9.538089746953547e25
-9.96992102219139e25
-1.0394217610173709e26
-1.0810670939724872e26
-1.1218976512897452e26
-1.1618834088340479e26
-1.2009947862492422e26
-1.239202664849065e26
-1.2764784052690522e26
-1.3127938648684777e26
-1.3481214148721853e26
-1.3824339572416489e26
-1.4157049412650948e26
-1.4479083798565894e26
-1.4790188655541183e26
-1.509011586206877e26
-1.5378623403420972e26
-1.565547552201992e26
-1.5920442864415057e26
-1.6173302624777258e26
-1.641383868482081e26
-1.6641841750065692e26
-1.6857109482354613e26
-1.7059446628542173e26
-1.7248665145272928e26
-1.742458431977208e26
-1.7587030886569917e26
-1.7735839140084886e26
-1.7870851042994424e26
-1.7991916330322625e26
-1.8098892609175918e26
-1.8191645454063283e26
-1.827004849773664e26
-1.8333983517492014e26
-1.838334051687182e26
-1.8418017802715107e26
-1.843792205750231e26
-1.8442968406942538e26
-1.8433080482759093e26
-1.8408190480626556e26
-1.8368239213217833e26
-1.831317615832137e26
-1.8242959501993818e26
-1.815755617671374e26
-1.8056941894503677e26
-1.7941101174996425e26
-1.7810027368417426e26
-1.766372267346365e26
-1.7502198150056567e26
-1.7325473726957027e26
-1.7133578204225838e26
-1.6926549250522033e26
-1.6704433395228242e26
-1.646728601540299e26
-1.621517131755708e26
-1.5948162314253253e26
-1.5666340795538328e26
-1.5369797295212409e26
-1.5058631051948531e26
-1.4732949965272258e26
-1.4392870546423535e26
-1.4038517864118135e26
-1.3670025485228827e26
-1.3287535410417809e26
-1.2891198004744538e26
-1.2481171923284378e26
-1.2057624031787915e26
-1.1620729322424707e26
-1.1170670824649353e26
-1.0707639511230326e26
-1.0231834199494696e26
-9.74346144783229e25
-9.242735447516238e25
-8.729877909888698e25
-8.205117948977169e25
-7.668691959595998e25
-7.120843491001107e25
-6.561823116157582e25
-5.991888296696557e25
-5.411303243628927e25
-4.820338773886623e25
-4.219272162775221e25
-3.608386992410825e25
-2.9879729962274975e25
-2.358325899632584e25
-1.7197472569043317e25
-1.0725442844166312e25
-4.1702969027833044e24
2.464784995118643e24
9.17657118306013e24
1.596178039340207e25
2.281708359468085e25
2.973910585984028e25
3.6724428264365957e25
4.376958981330335e25
5.087108939599986e25
5.802538776754785e25
6.522890955576418e25
7.247804529265035e25
7.976915346909706e25
8.709856261174713e25
9.446257338078423e25
1.0185746068753677e26
1.0927947583059732e26
1.167248486492919e26
1.2418978969330765e26
1.3167049240715005e26
1.391631353282556e26
1.4666388429744025e26
1.5416889468048936e26
1.6167431359951934e26
