1.8179198296874995e-13
1.8181009267200464e11
2.9097898679204155e12
1.4737837339389715e13
4.660994288008602e13
1.1389137690682127e14
2.3641223834410522e14
4.385232498109168e14
7.491636532183269e14
1.201941027458964e15
1.835222818165322e15
2.6922393381670725e15
3.8211979663414345e15
5.275408242078401e15
7.113417522626683e15
9.399156841198292e15
1.2202096574940778e16
1.559741150378646e16
1.966615481380664e16
2.449544057208391e16
3.017863417431523e16
3.681555024141705e16
4.4512657417368184e16
5.338328949743817e16
6.354786229385312e16
7.513409562488555e16
8.827723979336282e16
1.031203059017043e17
1.1981429933286248e17
1.385184557099862e17
1.594004786322837e17
1.8263677847047123e17
2.084127114923717e17
2.369228185777211e17
2.683710627710505e17
3.029710649126959e17
3.4094633658053094e17
3.8253050956897894e17
4.279675611272208e17
4.775120341753297e17
5.3142925171530925e17
5.89995524653733e17
6.534983522538714e17
7.22236614437859e17
7.965207551636186e17
8.766729561069034e17
9.630272998859638e17
1.0559299220749869e18
1.155739151262577e18
1.262825636423178e18
1.3775724608824143e18
1.5003752421719255e18
1.6316422170852628e18
1.7717943112639365e18
1.9212651926615844e18
2.0805013082545623e18
2.2499619033889969e18
2.4301190231774126e18
2.621457495382511e18
2.8244748942514386e18
3.039681484790943e18
3.2676001470021693e18
3.5087662796233784e18
3.7637276829596754e18
4.0330444204107254e18
4.317288658340521e18
4.617044483967391e18
4.932907700987615e18
5.265485602682228e18
5.615396722293686e18
5.983270560497182e18
6.369747289830226e18
6.775477435983944e18
7.201121535899849e18
7.647349772657235e18
8.114841587177986e18
8.604285266818141e18
9.116377510958464e18
9.651822973749727e18
1.0211333784212253e19
1.079562904393356e19
1.1405434302652332e19
1.2041481012061778e19
1.2704505958210386e19
1.3395250672923003e19
1.4114460824710296e19
1.4862885589679653e19
1.5641277003005559e19
1.6450389291562246e19
1.729097818836593e19
1.8163800229518223e19
1.9069612034386305e19
2.000916956979869e19
2.098322739907855e19
2.199253791677898e19
2.303785057002608e19
2.4119911067417186e19
2.52394605764614e19
2.6397234910589518e19
2.7593963706798416e19
2.883036959503299e19
3.010716736044506e19
3.1425063099703935e19
3.27847533725679e19
3.4186924349958476e19
3.5632250959811502e19
3.712139603200889e19
3.86550094437243e19
4.023372726654327e19
4.185817091674413e19
4.352894631015042e19
4.5246643022988616e19
4.701183346020496e19
4.882507203271576e19
5.068689434508153e19
5.2597816395112055e19
5.455833378692263e19
5.656892095897304e19
5.863003042863169e19
6.0742092054813704e19
6.290551232024852e19
6.51206736349352e19
6.738793366234579e19
6.9707624669935714e19
7.208005290551744e19
7.450549800104854e19
7.698421240537773e19
7.951642084748236e19
8.210231983171972e19
8.474207716659908e19
8.743583152856556e19
9.01836920622673e19
9.298573801875682e19
9.584201843305269e19
9.875255184246253e19
1.0171732604703949e20
1.0473629791351359e20
1.0780939322400639e20
1.1093650657080141e20
1.1411750129840631e20
1.1735220949410025e20
1.2064043202812106e20
1.2398193864459792e20
1.2737646810429235e20
1.3082372838015802e20
1.3432339690668029e20
1.378751208839027e20
1.4147851763699106e20
1.4513317503212903e20
1.4883865194947884e20
1.5259447881387894e20
1.5640015818388685e20
1.6025516539970958e20
1.6415894929049692e20
1.681109329414025e20
1.7211051452074806e20
1.7615706816755207e20
1.8024994493961047e20
1.843884738222411e20
1.8857196279772568e20
1.9279969997540514e20
1.9707095478230332e20
2.013849792140726e20
2.0574100914597328e20
2.1013826570351428e20
2.1457595669229758e20
2.190532780865247e20
2.2356941557553555e20
2.281235461676635e20
2.3271483985060397e20
2.373424613074018e20
2.4200557168707915e20
2.4670333042883088e20
2.5143489713863082e20
2.561994335169958e20
2.6099610533657254e20
2.6582408446811567e20
2.7068255095334076e20
2.7557069512304463e20
2.8048771975879688e20
2.8543284229641873e20
2.9040529706937696e20
2.9540433759013444e20
3.00429238867411e20
3.0547929975722515e20
3.1055384534550204e20
3.156522293599484e20
3.207738366088163e20
3.25918085444095e20
3.310844302465916e20
3.3627236393028374e20
3.414814204632536e20
3.467111774024348e20
3.5196125843933607e20
3.572313359538343e20
3.6252113357305905e20
3.6783042873233e20
3.7315905523504284e20
3.7850690580833645e20
3.8387393465132437e20
3.892601599726056e20
3.946656665137298e20
4.00090608055235e20
4.0553520990182834e20
4.10999771343246e20
4.164846680872735e20
4.2199035466138576e20
4.275173667794201e20
4.330663236696741e20
4.386379303607873e20
4.442329799217451e20
4.4985235565232574e20
4.554970332202909e20
4.6116808274161284e20
4.6686667080002096e20
4.725940624021471e20
4.7835162286455004e20
4.8414081962890245e20
4.899632240016317e20
4.958205128143232e20
5.017144700012018e20
5.0764698809004235e20
5.1362006960287135e20
5.1963582836286226e20
5.256964907038561e20
5.318043965789821e20
5.379620005648892e20
5.4417187275815754e20
5.504366995605008e20
5.567592843494367e20
5.631425480311552e20
5.6958952947239223e20
5.7610338580817104e20
5.8268739262236485e20
5.8934494399810345e20
5.960795524351362e20
6.028948486313463e20
6.097945811257141e20
6.167826158001159e20
6.238629352374509e20
6.310396379336953e20
6.383169373615908e20
6.456991608837959e20
6.531907485134374e20
6.607962515201359e20
6.685203308796927e20
6.763677555657689e20
6.84343400682016e20
6.924522454332597e20
7.006993709344777e20
7.090899578564676e20
7.176292839072414e20
7.263227211483413e20
7.351757331454328e20
7.441938719526861e20
7.533827749306198e20
7.627481613972558e20
7.722958291125944e20
7.820316505965957e20
7.919615692810335e20
8.020915954957529e20
8.12427802290058e20
8.229763210901236e20
8.337433371935289e20
8.447350851021727e20
8.559578436950397e20
8.674179312424667e20
8.791217002637518e20
8.910755322301388e20
9.032858321154129e20
9.157590227965232e20
9.285015393068578e20
9.41519822944987e20
9.548203152418832e20
9.684094517898316e20
9.822936559364363e20
9.964793323473252e20
1.0109728604413535e21
1.0257805877023018e21
1.0409088228712616e21
1.0563638290240889e21
1.0721518165385114e21
1.0882789359556525e21
1.1047512707409368e21
1.1215748299495286e21
1.1387555408016326e21
1.1562992411731826e21
1.1742116720076216e21
1.1924984696546475e21
1.2111651581419932e21
1.23021714138647e21
1.2496596953506686e21
1.2694979601519068e21
1.2897369321301402e21
1.310381455881737e21
1.3314362162661685e21
1.352905730392811e21
1.3747943395952107e21
1.397106201400302e21
1.4198452815002044e21
1.4430153457343642e21
1.4666199520899189e21
1.4906624427283138e21
1.5151459360462697e21
1.5400733187793664e21
1.5654472381565617e21
1.5912700941141066e21
1.6175440315773645e21
1.6442709328191766e21
1.6714524099034538e21
1.6990897972227683e21
1.727184144138786e21
1.7557362077344177e21
1.784746445686642e21
1.8142150092689823e21
1.8441417364926568e21
1.8745261453954554e21
1.905367427487399e21
1.9366644413622817e21
1.9684157064841585e21
2.0006193971578725e21
2.0332733366926796e21
2.0663749917680203e21
2.0999214670104505e21
2.133909499790706e21
2.168335455249833e21
2.2031953215632593e21
2.2384847054516016e21
2.2741988279469531e21
2.3103325204233013e21
2.3468802208996275e21
2.383835970624143e21
2.421193410948028e21
2.4589457804968665e21
2.4970859126479027e21
2.535606233321069e21
2.5744987590915984e21
2.613755095631873e21
2.653366436490009e21
2.6933235622124894e21
2.733616839817971e21
2.7742362226292205e21
2.815171250469895e21
2.85641105023272e21
2.897944336825349e21
2.939759414499989e21
2.98184417857265e21
3.0241861175375755e21
3.066772315582244e21
3.1095894555079664e21
3.152623822060931e21
3.195861305678181e21
3.2392874066528017e21
3.282887239722223e21
3.326645539083309e21
3.370546663837534e21
3.414574603869278e21
3.4587129861599034e21
3.502945081539986e21
3.5472538118816945e21
3.5916217577329813e21
3.6360311663949135e21
3.680463960443081e21
3.7249017466936676e21
3.769325825614409e21
3.8137172011802794e21
3.858056591173344e21
3.9023244379258754e21
3.946500919505387e21
3.990565961339883e21
4.0344992482812e21
4.078280237103914e21
4.121888169436885e21
4.165302085124102e21
4.208500836011067e21
4.251463100152535e21
4.294167396437036e21
4.336592099623151e21
4.378715455782101e21
4.4205155981407976e21
4.4619705633190477e21
4.503058307954232e21
4.543756725706257e21
4.5840436646352776e21
4.623896944944132e21
4.6632943770771244e21
4.702213780166256e21
4.740633000815673e21
4.77852993221462e21
4.815882533568795e21
4.852668849839573e21
4.88886703178016e21
4.924455356257343e21
4.959412246847021e21
4.99371629469144e21
5.027346279605495e21
5.0602811914192e21
5.092500251542942e21
5.123982934741859e21
5.154708991105158e21
5.184658468195988e21
5.213811733366985e21
5.242149496226331e21
5.26965283123876e21
5.296303200445686e21
5.322082476288192e21
5.346972964516406e21
5.370957427168379e21
5.394019105601332e21
5.416141743557855e21
5.437309610249293e21
5.457507523438358e21
5.476720872502683e21
5.494935641460826e21
5.512138431941952e21
5.528316486080225e21
5.543457709314747e21
5.557550693075577e21
5.570584737336326e21
5.58254987301351e21
5.593436884192771e21
5.603237330161862e21
5.611943567230235e21
5.619548770314846e21
5.626046954271819e21
5.63143299495337e21
5.635702649969444e21
5.638852579133415e21
5.64088036457111e21
5.641784530472448e21
5.641564562464974e21
5.640220926588538e21
5.637755087850413e21
5.634169528340137e21
5.629467764883562e21
5.623654366215443e21
5.616734969650214e21
5.608716297230522e21
5.59960617133336e21
5.589413529713673e21
5.578148439965546e21
5.565822113381197e21
5.552446918188267e21
5.538036392146055e21
5.522605254481556e21
5.506169417146583e21
5.488745995377166e21
5.470353317537166e21
5.451010934227954e21
5.430739626646552e21
5.409561414174857e21
5.387499561183022e21
5.364578583030371e21
5.340824251247643e21
5.316263597884751e21
5.290924919008745e21
5.264837777336996e21
5.238033003991202e21
5.210542699358171e21
5.182400233043965e21
5.153640242908435e21
5.124298633167649e21
5.094412571552399e21
5.064020485511413e21
5.03316205744856e21
5.001878218983874e21
4.970211144228848e21
4.938204242067066e21
4.905902147431993e21
4.873350711574096e21
4.840596991310597e21
4.807689237251282e21
4.77467688099508e21
4.741610521292263e21
4.708541909168358e21
4.675523932006067e21
4.6426105965827766e21
4.6098570110615515e21
4.577319365934495e21
4.5450549139180754e21
4.51312194880086e21
4.4815797832447143e21
4.450488725541629e21
4.4199100553287927e21
4.3899059982656497e21
4.360539699677319e21
4.3318751971697303e21
4.3039773922224e21
4.2769120207660426e21
4.250745622752604e21
4.2255455107265614e21
4.2013797374067695e21
4.178317062289453e21
4.1564269172834236e21
4.1357793713896387e21
4.116445094438107e21
4.098495319895889e21
4.082001806760937e21
4.067036800557259e21
4.0536729934478977e21
4.041983483482871e21
4.0320417330003276e21
4.0239215261997974e21
4.017696925907418e21
4.0134422295537443e21
4.011231924385741e21
4.011140641935189e21
4.013243111766769e21
4.017614114529704e21
4.02432843433784e21
4.0334608105036673e21
4.0450858886527336e21
4.059278171245543e21
4.0761119675349037e21
4.095661342987372e21
4.1180000681982155e21
4.1432015673300804e21
4.1713388661061557e21
4.2024845393894855e21
4.236710658380577e21
4.2740887374663e21
4.314689680753635e21
4.3585837283224427e21
4.4058404022320124e21
4.456528452317027e21
4.5107158018086457e21
4.56846949281743e21
4.62985563171525e21
4.694939334453521e21
4.763784671856184e21
4.836454614925738e21
4.913010980201483e21
4.993514375209338e21
5.078024144043114e21
5.166598313117395e21
5.25929353713266e21
5.356165045293444e21
5.457266587820781e21
5.562650382800316e21
5.672367063407845e21
5.786465625554071e21
5.904993375990806e21
6.027995880920745e21
6.155516915153178e21
6.287598411848253e21
6.424280412892086e21
6.565601019945525e21
6.711596346208976e21
6.862300468945906e21
7.017745382807525e21
7.177960954001038e21
7.342974875343738e21
7.512812622245098e21
7.687497409658765e21
7.867050150046292e21
8.051489412393948e21
8.240831382323896e21
8.435089823340549e21
8.634276039252781e21
8.838398837811908e21
9.047464495605432e21
9.261476724245531e21
9.48043663789147e21
9.704342722143804e21
9.933190804348454e21
1.016697402534756e22
1.0405682812713836e22
1.0649304855504115e22
1.0897825080567507e22
1.1151225630442442e22
1.140948584287646e22
1.1672582232001766e22
1.1940488471198514e22
1.2213175377677299e22
1.24906108988111e22
1.2772760100246548e22
1.3059585155822617e22
1.3351045339324745e22
1.3647097018100815e22
1.3947693648564697e22
1.4252785773611779e22
1.4562321021970002e22
1.487624410950869e22
1.5194496842526477e22
1.5517018123038185e22
1.5843743956079693e22
1.6174607459048105e22
1.6509538873093971e22
1.6848465576580312e22
1.719131210062244e22
1.753800014672093e22
1.788844860649904e22
1.8242573583554145e22
1.8600288417431763e22
1.896150370972906e22
1.9326127352333356e22
1.9694064557799942e22
2.006521789187162e22
2.0439487308141357e22
2.0816770184857547e22
2.119696136387037e22
2.1579953191715475e22
2.19656355628306e22
2.2353895964898216e22
2.2744619526306746e22
2.3137689065720287e22
2.353298514374615e22
2.3930386116687153e22
2.4329768192364736e22
2.4731005487996648e22
2.5133970090111938e22
2.5538532116483963e22
2.594455978006105e22
2.6351919454871917e22
2.676047574388252e22
2.7170091548778233e22
2.7580628141644815e22
2.7991945238518685e22
2.8403901074776865e22
2.881635248233401e22
2.9229154968613532e22
2.9642162797257276e22
3.0055229070537287e22
3.0468205813431385e22
3.0880944059322567e22
3.1293293937281317e22
3.1705104760887524e22
3.2116225118547846e22
3.2526502965262674e22
3.293578571579544e22
3.3343920339195307e22
3.3750753454623182e22
3.415613142842929e22
3.4559900472429643e22
3.4961906743326536e22
3.536199644321771e22
3.5760015921137083e22
3.6155811775568696e22
3.6549230957874314e22
3.6940120876573893e22
3.7328329502416884e22
3.7713705474181392e22
3.809609820513658e22
3.847535799010318e22
3.88513361130457e22
3.922388495512855e22
3.959285810316796e22
3.995811045841007e22
4.0319498345565e22
4.067687962202546e22
4.103011378719835e22
4.137906209187597e22
4.172358764757378e22
4.206355553576007e22
4.239883291690308e22
4.272928913925955e22
4.3054795847329185e22
4.337522708989791e22
4.3690459427593425e22
4.400037203987519e22
4.430484683138124e22
4.460376853755362e22
4.489702482946429e22
4.518450641776246e22
4.546610715566511e22
4.574172414091144e22
4.601125781660285e22
4.627461207084885e22
4.6531694335141e22
4.678241568137519e22
4.702669091744462e22
4.72644386813246e22
4.749558153357155e22
4.772004604815799e22
4.79377629015671e22
4.81486669600692e22
4.835269736510452e22
4.854979761669591e22
4.87399156548172e22
4.892300393864218e22
4.909901952360074e22
4.926792413616941e22
4.942968424632447e22
4.95842711375863e22
4.9731660974585e22
4.98718348680783e22
5.000477893735398e22
5.013048436994976e22
5.024894747862515e22
5.036016975552114e22
5.046415792344461e22
5.056092398421585e22
5.065048526401915e22
5.073286445569752e22
5.08080896579349e22
5.087619441126961e22
5.0937217730886e22
5.099120413613128e22
5.103820367670768e22
5.1078271955491115e22
5.111147014792954e22
5.113786501797592e22
5.115752893051369e22
5.117053986023261e22
5.11769813969171e22
5.117694274710958e22
5.1170518732114875e22
5.115780978231248e22
5.113892192774678e22
5.111396678496708e22
5.108306154009219e22
5.104632892807537e22
5.1003897208149415e22
5.0955900135432555e22
5.090247692868015e22
5.084377223416705e22
5.0779936085690565e22
5.071112386068515e22
5.063749623244251e22
5.055921911843382e22
5.0476463624733155e22
5.038940598654434e22
5.029822750483491e22
5.020311447908502e22
5.0104258136160715e22
5.000185455532453e22
4.989610458939836e22
4.9787213782096865e22
4.967539228155205e22
4.9560854750053114e22
4.944382027002715e22
4.932451224629057e22
4.920315830460262e22
4.907999018655656e22
4.8955243640844865e22
4.882915831093991e22
4.870197761923242e22
4.857394864767426e22
4.844532201497367e22
4.83163517503948e22
4.818729516421519e22
4.80584127148993e22
4.792996787304619e22
4.7802226982175e22
4.7675459116412455e22
4.754993593515111e22
4.7425931534747465e22
4.730372229733405e22
4.718358673682036e22
4.706580534216147e22
4.6950660417974195e22
4.683843592258495e22
4.672941730359383e22
4.662389133104458e22
4.652214592828911e22
4.642447000064086e22
4.6331153261911154e22
4.62424860589268e22
4.615875919412781e22
4.608026374634707e22
4.600729088987657e22
4.594013171192506e22
4.587907702857594e22
4.582441719935447e22
4.5776441940517295e22
4.573544013717612e22
4.5701699654372645e22
4.567550714722052e22
4.565714787023394e22
4.564690548596244e22
4.5645061873054295e22
4.565189693387092e22
4.566768840177799e22
4.569271164823787e22
4.572723948983151e22
4.577154199533683e22
4.582588629299445e22
4.589053637808932e22
4.596575292098045e22
4.6051793075710215e22
4.614891028932646e22
4.625735411204992e22
4.637737000842152e22
4.65091991695636e22
4.665307832669017e22
4.680923956600069e22
4.69779101450933e22
4.715931231103238e22
4.7353663120206415e22
4.756117426011096e22
4.778205187319238e22
4.801649638288701e22
4.8264702321991065e22
4.8526858163494385e22
4.880314615401283e22
4.9093742149951665e22
4.939881545653275e22
4.971852866981668e22
5.005303752185075e22
5.040249072907242e22
5.076702984409663e22
5.114678911101436e22
5.154189532432858e22
5.1952467691652115e22
5.237861770029056e22
5.282044898783213e22
5.3278057216863755e22
5.3751529953932375e22
5.4240946552867e22
5.4746378042575965e22
5.5267887019432455e22
5.5805527544357016e22
5.6359345044706185e22
5.692937622107199e22
5.751564895909606e22
5.811818224639845e22
5.873698609471961e22
5.937206146737028e22
6.002340021208308e22
6.069098499935383e22
6.1374789266360836e22
6.207477716654509e22
6.279090352493239e22
6.352311379927472e22
6.4271344047085045e22
6.503552089863674e22
6.581556153599407e22
6.661137367813995e22
6.742285557225835e22
6.824989599123059e22
6.909237423739748e22
6.995016015263707e22
7.082311413480304e22
7.171108716056605e22
7.26139208146947e22
7.353144732581134e22
7.446348960865057e22
7.540986131284719e22
7.637036687827438e22
7.734480159694942e22
7.833295168152001e22
7.933459434033924e22
8.034949785913372e22
8.137742168926537e22
8.241811654258123e22
8.347132449284283e22
8.453677908372207e22
8.561420544334441e22
8.670332040535887e22
8.780383263650548e22
8.891544277065068e22
9.003784354925239e22
9.117071996821683e22
9.231374943109844e22
9.346660190859525e22
9.462894010428436e22
9.580041962653827e22
9.698068916655794e22
9.81693906824556e22
9.936615958931145e22
1.005706249551305e23
1.0178240970261394e23
1.030011308166601e23
1.0422639955750352e23
1.0545782167939615e23
1.0669499765473063e23
1.0793752290350107e23
1.0918498802799164e23
1.1043697905258107e23
1.1169307766854315e23
1.1295286148372352e23
1.1421590427696383e23
1.1548177625714584e23
1.1675004432671819e23
1.1802027234956882e23
1.1929202142309923e23
1.2056485015435555e23
1.2183831494006398e23
1.2311197025041737e23
1.2438536891645477e23
1.256580624208722e23
1.2692960119209915e23
1.2819953490147151e23
1.2946741276333044e23
1.3073278383786856e23
1.3199519733654852e23
1.3325420292990798e23
1.3450935105756916e23
1.3576019324026296e23
1.3700628239367787e23
1.3824717314393962e23
1.3948242214452583e23
1.4071158839441564e23
1.4193423355727552e23
1.4314992228147534e23
1.4435822252072999e23
1.4555870585515973e23
1.4675094781255803e23
1.4793452818965658e23
1.4910903137317398e23
1.5027404666043268e23
1.5142916857932956e23
1.52573997207441e23
1.5370813849004488e23
1.5483120455683942e23
1.5594281403713825e23
1.570425923733205e23
1.5813017213231464e23
1.592051933148917e23
1.6026730366254766e23
1.6131615896175054e23
1.6235142334532877e23
1.6337276959078048e23
1.6437987941527745e23
1.653724437671452e23
1.6635016311359496e23
1.6731274772448788e23
1.6825991795191155e23
1.6919140450534863e23
1.7010694872222135e23
1.7100630283359367e23
1.718892302248177e23
1.7275550569090936e23
1.7360491568644292e23
1.7443725856975368e23
1.752523448412419e23
1.7604999737557252e23
1.7683005164756638e23
1.7759235595158498e23
1.7833677161420867e23
1.790631732000143e23
1.7977144871026036e23
1.804614997742918e23
1.8113324183347654e23
1.817866043174947e23
1.824215308127998e23
1.8303797922307837e23
1.8363592192153725e23
1.8421534589485087e23
1.8477625287860714e23
1.8531865948409226e23
1.8584259731626177e23
1.863481130827485e23
1.8683526869376098e23
1.8730414135273592e23
1.8775482363760612e23
1.8818742357255784e23
1.886020646901494e23
1.8899888608367622e23
1.8937804244966398e23
1.8973970412038586e23
1.900840570862984e23
1.9041130300830195e23
1.9072165921973233e23
1.9101535871800213e23
1.9129265014580955e23
1.9155379776184616e23
1.917990814009343e23
1.920287964235364e23
1.9224325365458227e23
1.924427793115685e23
1.926277149218889e23
1.9279841722936365e23
1.9295525808994047e23
1.9309862435654848e23
1.9322891775309136e23
1.933465547375753e23
1.9345196635437234e23
1.9354559807562763e23
1.9362790963182725e23
1.9369937483154784e23
1.937604813704196e23
1.938117306293397e23
1.938536374619796e23
1.9388672997163995e23
1.9391154927751178e23
1.9392864927040956e23
1.939385963580523e23
1.9394196919997206e23
1.939393584321404e23
1.9393136638140767e23
1.9391860676985958e23
1.9390170440920094e23
1.938812948852871e23
1.938580242329255e23
1.938325486010825e23
1.9380553390863547e23
1.9377765549081636e23
1.9374959773650238e23
1.9372205371651507e23
1.9369572480309663e23
1.936713202807385e23
1.9364955694854785e23
1.936311587143365e23
1.9361685618063383e23
1.9360738622282465e23
1.9360349155962172e23
1.9360592031608934e23
1.9361542557944274e23
1.9363276494784972e23
1.936587000724741e23
1.936939961929978e23
1.9373942166687386e23
1.937957474925626e23
1.9386374682700976e23
1.939441944976336e23
1.940378665090908e23
1.9414553954509794e23
1.942679904655909e23
1.9440599579950806e23
1.9456033123348948e23
1.9473177109678978e23
1.9492108784270487e23
1.951290515268197e23
1.9535642928238632e23
1.956039847931483e23
1.958724777639287e23
1.9616266338930523e23
1.9647529182069828e23
1.9681110763220182e23
1.9717084928548993e23
1.975552485941356e23
1.9796503018768007e23
1.9840091097579594e23
1.9886359961288656e23
1.993537959634699e23
1.998721905686952e23
2.00419464114343e23
2.009962869006612e23
2.0160331831439035e23
2.022412063033349e23
2.0291058685383483e23
2.0361208347149593e23
2.0434630666553582e23
2.051138534371041e23
2.0591530677193427e23
2.0675123513768616e23
2.076221919863364e23
2.0852871526197357e23
2.0947132691435545e23
2.104505324185837e23
2.1146682030124928e23
2.125206616734019e23
2.136125097706954e23
2.1474279950105597e23
2.1591194700022237e23
2.171203491955009e23
2.183683833780775e23
2.1965640678422576e23
2.2098475618574693e23
2.2235374748997264e23
2.237636753496613e23
2.252148127831113e23
2.2670741080481177e23
2.282416980669483e23
2.2981788051207416e23
2.314361410372556e23
2.3309663916999057e23
2.34799510756201e23
2.3654486766058697e23
2.3833279747962963e23
2.4016336326752214e23
2.420366032753021e23
2.4395253070345345e23
2.4591113346823507e23
2.4791237398199445e23
2.4995618894770935e23
2.5204248916799867e23
2.541711593688332e23
2.563420580381727e23
2.5855501727974326e23
2.6080984268216636e23
2.631063132036363e23
2.6544418107234256e23
2.6782317170281526e23
2.702429836283738e23
2.7270328844983902e23
2.752037308006699e23
2.7774392832866892e23
2.8032347169439754e23
2.829419245864248e23
2.8559882375353426e23
2.8829367905399227e23
2.9102597352198095e23
2.9379516345128025e23
2.9660067849628147e23
2.9944192179039823e23
3.02318270081932e23
3.052290738874405e23
3.081736576626445e23
3.111513199908985e23
3.1416133378924e23
3.1720294653202044e23
3.2027538049211046e23
3.233778329996622e23
3.265094767183966e23
3.296694599393754e23
3.3285690689220664e23
3.360709180736187e23
3.393105705933277e23
3.4257491853711164e23
3.458629933469949e23
3.4917380421843254e23
3.525063385143698e23
3.558595621960534e23
3.592324202704411e23
3.626238372540608e23
3.66032717653148e23
3.694579464598868e23
3.728983896645637e23
3.7635289478343254e23
3.798202914020785e23
3.832993917340597e23
3.867889911945889e23
3.902878689890135e23
3.93794788715832e23
3.9730849898398425e23
4.0082773404413396e23
4.0435121443365713e23
4.0787764763503287e23
4.1140572874732886e23
4.1493414117046304e23
4.184615573019047e23
4.2198663924547846e23
4.255080395319204e23
4.290244018508228e23
4.3253436179359996e23
4.3603654760709284e23
4.3952958095742485e23
4.430120777037108e23
4.4648264868121115e23
4.4993990049351516e23
4.533824363133295e23
4.568088566914384e23
4.602177603733983e23
4.636077451235103e23
4.669774085556234e23
4.703253489702979e23
4.73650166197862e23
4.7695046244688046e23
4.8022484315755394e23
4.834719178595559e23
4.866903010338122e23
4.8987861297771597e23
4.9303548067327537e23
4.9615953865767515e23
4.992494298957369e23
5.0230380665375056e23
5.0532133137415355e23
5.083006775505219e23
5.11240530602338e23
5.1413958874899847e23
5.1699656388251303e23
5.19810182438358e23
5.225791862639255e23
5.253023334840281e23
5.279783993628996e23
5.306061771621419e23
5.331844789940605e23
5.357121366698346e23
5.3818800254196435e23
5.406109503404396e23
5.4297987600207055e23
5.452936984924288e23
5.475513606198397e23
5.497518298408746e23
5.518940990567889e23
5.53977187400355e23
5.5600014101254525e23
5.579620338085153e23
5.5986196823234576e23
5.616990760000058e23
5.6347251883e23
5.651814891611676e23
5.668252108571084e23
5.684029398967108e23
5.699139650502662e23
5.713576085406585e23
5.7273322668912e23
5.740402105450573e23
5.752779864994523e23
5.764460168813526e23
5.775438005369704e23
5.7857087339092284e23
5.7952680898914476e23
5.804112190230237e23
5.8122375383430516e23
5.819641029003386e23
5.826319952992242e23
5.832272001544536e23
5.837495270586266e23
5.8419882647585116e23
5.845749901224354e23
5.848779513254936e23
5.85107685359105e23
5.852642097576652e23
5.853475846060905e23
5.853579128065427e23
5.852953403213589e23
5.851600563918769e23
5.849522937328641e23
5.846723287022729e23
5.8432048144605136e23
5.8389711601776235e23
5.83402640472764e23
5.828375069367366e23
5.8220221164833746e23
5.814972949757917e23
5.807233414072376e23
5.798809795146598e23
5.789708818912581e23
5.7799376506212297e23
5.76950389368085e23
5.758415588226486e23
5.7466812094191235e23
5.734309665474071e23
5.721310295417933e23
5.70769286657382e23
5.6934675717745265e23
5.6786450263036096e23
5.6632362645645184e23
5.647252736477954e23
5.630706303607974e23
5.613609235017419e23
5.5959742028534264e23
5.577814277664001e23
5.5591429234467256e23
5.539973992430938e23
5.52032171959483e23
5.5002007169190436e23
5.479625967378667e23
5.4586128186755246e23
5.437176976712941e23
5.415334498815315e23
5.393101786694943e23
5.370495579168808e23
5.34753294462816e23
5.324231273263813e23
5.300608269050432e23
5.2766819414930865e23
5.2524705971395924e23
5.2279928308622726e23
5.2032675169130423e23
5.1783137997557154e23
5.1531510846798045e23
5.127799028200021e23
5.102277528245992e23
5.0766067141468505e23
5.0508069364154446e23
5.024898756337109e23
4.998902935368088e23
4.972840424348849e23
4.94673235253764e23
4.9206000164698764e23
4.894464868648895e23
4.8683485060740296e23
4.842272658611818e23
4.816259177216478e23
4.790330022005806e23
4.7645072501988574e23
4.7388130039218035e23
4.7132694978886205e23
4.687899006963138e23
4.6627238536094234e23
4.6377663952372627e23
4.6130490114498207e23
4.5885940912005595e23
4.5644240198666454e23
4.5405611662461334e23
4.5170278694863175e23
4.493846425950786e23
4.4710390760326175e23
4.448627990921516e23
4.426635259332488e23
4.405082874203894e23
4.383992719372705e23
4.363386556234899e23
4.343286010398935e23
4.3237125583403746e23
4.3046875140656204e23
4.28623201579301e23
4.2683670126593014e23
4.251113251459794e23
4.234491263430261e23
4.218521351078937e23
4.2032235750768045e23
4.188617741214459e23
4.174723387433768e23
4.161559770942672e23
4.1491458554213514e23
4.137500298328027e23
4.1266414383126576e23
4.116587282746765e23
4.107355495377595e23
4.0989633841148045e23
4.091427888957832e23
4.0847655700720265e23
4.0789925960216674e23
4.074124732167847e23
4.0701773292392045e23
4.067165312083411e23
4.065103168607268e23
4.064004938913159e23
4.063884204639611e23
4.06475407851351e23
4.0666271941215815e23
4.069515695908563e23
4.073431229409353e23
4.0783849317225e23
4.084387422232085e23
4.091448793585079e23
4.0995786029310834e23
4.108785863431241e23
4.119079036043024e23
4.1304660215874295e23
4.142954153104963e23
4.1565501885067363e23
4.171260303526784e23
4.187090084981542e23
4.204044524342393e23
4.222128011626879e23
4.241344329614118e23
4.261696648389754e23
4.28318752022564e23
4.305818874799207e23
4.329592014757391e23
4.354507611629685e23
4.3805657020948264e23
4.407765684605367e23
4.436106316374159e23
4.465585710726651e23
4.496201334822671e23
4.527950007751116e23
4.560827899000897e23
4.5948305273110204e23
4.629952759902831e23
4.666188812096877e23
4.703532247316874e23
4.741975977482919e23
4.78151226379588e23
4.8221327179147265e23
4.863828303528249e23
4.906589338322435e23
4.9504054963445954e23
4.99526581076486e23
5.041158677035806e23
5.088071856450386e23
5.1359924800982726e23
5.184907053220458e23
5.23480145996167e23
5.2856609685199616e23
5.337470236692618e23
5.39021331781708e23
5.443873667105676e23
5.4984341483724105e23
5.553877041149918e23
5.610184048194472e23
5.667336303376643e23
5.725314379955026e23
5.784098299229993e23
5.843667539574564e23
5.9040010458388433e23
5.965077239124473e23
6.026874026925221e23
6.089368813629584e23
6.152538511381039e23
6.216359551291435e23
6.28080789500247e23
6.345859046590449e23
6.411488064808828e23
6.477669575663036e23
6.544377785311821e23
6.611586493289096e23
6.67926910604002e23
6.747398650764935e23
6.81594778956428e23
6.884888833877855e23
6.954193759211073e23
7.023834220140957e23
7.093781565594367e23
7.164006854390624e23
7.234480871040626e23
7.305174141794344e23
7.376056950928172e23
7.447099357263816e23
7.51827121090985e23
7.589542170217025e23
7.660881718938341e23
7.732259183584468e23
7.80364375096523e23
7.875004485907478e23
7.946310349139534e23
8.017530215332459e23
8.088632891287929e23
8.159587134262604e23
8.230361670418583e23
8.300925213389549e23
8.371246482951929e23
8.44129422379043e23
8.511037224346945e23
8.580444335742138e23
8.649484490758442e23
8.718126722873412e23
8.786340185332209e23
8.854094170247848e23
8.921358127717891e23
8.988101684945952e23
9.054294665356729e23
9.119907107692735e23
9.184909285081249e23
9.249271724059694e23
9.312965223547795e23
9.375960873754723e23
9.438230075009494e23
9.499744556502708e23
9.560476394928029e23
9.620398033011408e23
9.679482297916392e23
9.737702419513643e23
9.795032048502945e23
9.851445274375951e23
9.906916643208036e23
9.961421175267383e23
1.001493438242999e24
1.0067432285388822e24
1.0118891430645685e24
1.0169288907274416e24
1.021860236344404e24
1.0266810022690625e24
1.0313890699926708e24
1.0359823817177158e24
1.0404589419030617e24
1.0448168187795634e24
1.0490541458350757e24
1.0531691232678032e24
1.0571600194069455e24
1.0610251720996052e24
1.0647629900629473e24
1.0683719542006012e24
1.0718506188823366e24
1.0751976131860364e24
1.0784116421010166e24
1.0814914876917782e24
1.0844360102212595e24
1.0872441492327225e24
1.0899149245893767e24
1.0924474374709152e24
1.0948408713261217e24
1.097094492780748e24
1.09920765249988e24
1.101179786004033e24
1.1030104144382433e24
1.1046991452934477e24
1.1062456730794612e24
1.1076497799489021e24
1.1089113362714288e24
1.1100303011576812e24
1.1110067229323564e24
1.1118407395558585e24
1.1125325789940131e24
1.1130825595353416e24
1.1134910900554451e24
1.1137586702280495e24
1.1138858906823273e24
1.1138734331061049e24
1.1137220702946244e24
1.1134326661445477e24
1.113006175592923e24
1.1124436445008653e24
1.1117462094817398e24
1.1109150976736666e24
1.1099516264561883e24
1.108857203111002e24
1.1076333244266567e24
1.1062815762471724e24
1.1048036329645746e24
1.1032012569553485e24
1.1014762979608735e24
1.099630692411932e24
1.0976664626973944e24
1.095585716377261e24
1.093390645340233e24
1.0910835249060483e24
1.0886667128728356e24
1.0861426485097877e24
1.083513851495479e24
1.0807829208021971e24
1.077952533526676e24
1.0750254436676807e24
1.0720044808508977e24
1.0688925490016405e24
1.0656926249659049e24
1.062407757080344e24
1.0590410636917706e24
1.05559573162682e24
1.0520750146124563e24
1.0484822316480068e24
1.0448207653294875e24
1.0410940601269728e24
1.0373056206158197e24
1.0334590096625823e24
1.0295578465664788e24
1.0256058051573166e24
1.021606611850804e24
1.0175640436621959e24
1.0134819261792874e24
1.0093641314957534e24
1.0052145761058967e24
1.0010372187618768e24
9.968360582945269e23
9.926151313988932e23
9.883785103856637e23
9.841303008996567e23
9.798746396066051e23
9.756156918494613e23
9.713576492754887e23
9.671047274354339e23
9.628611633560816e23
9.586312130875345e23
9.544191492265712e23
9.502292584174615e23
9.460658388316316e23
9.419331976276079e23
9.378356483926655e23
9.337775085676483e23
9.297630968564235e23
9.257967306214667e23
9.218827232670817e23
9.180253816117824e23
9.142290032513534e23
9.10497873914163e23
9.068362648102725e23
9.032484299759211e23
8.99738603614967e23
8.963109974388808e23
8.929697980068916e23
8.897191640679008e23
8.86563223905769e23
8.835060726896131e23
8.80551769830737e23
8.77704336347823e23
8.749677522420287e23
8.72345953883619e23
8.698428314117823e23
8.674622261492608e23
8.652079280334361e23
8.630836730655135e23
8.610931407794317e23
8.59239951732132e23
8.575276650168091e23
8.559597758007712e23
8.545397128895148e23
8.532708363186207e23
8.521564349750745e23
8.511997242495872e23
8.50403843721503e23
8.497718548778518e23
8.493067388680963e23
8.49011394296119e23
8.488886350509622e23
8.489411881778326e23
8.491716917908634e23
8.495826930290937e23
8.501766460571367e23
8.50955910111953e23
8.519227475971506e23
8.530793222261997e23
8.544276972159358e23
8.559698335316832e23
8.577075881853344e23
8.596427125876688e23
8.61776850956183e23
8.641115387796768e23
8.666482013407987e23
8.693881522977476e23
8.72332592326272e23
8.754826078230972e23
8.78839169671875e23
8.824031320727018e23
8.861752314362501e23
8.901560853434908e23
8.943461915719663e23
8.987459271895491e23
9.03355547716547e23
9.081751863570338e23
9.132048533001907e23
9.184444350924457e23
9.238936940811434e23
9.295522679304373e23
9.354196692100572e23
9.414952850575725e23
9.477783769147155e23
9.54268080338298e23
9.609634048862163e23
9.67863234078974e23
9.749663254371396e23
9.822713105950926e23
9.89776695491361e23
9.974808606358388e23
1.0053820614540883e24
1.013478428708916e24
1.0217679689993584e24
1.0302485653371446e24
1.0389179778007124e24
1.0477738442667222e24
1.0568136812190712e24
1.066034884635256e24
1.075434730949973e24
1.0850103780957556e24
1.0947588666203793e24
1.1046771208807963e24
1.1147619503132002e24
1.1250100507789082e24
1.1354180059855486e24
1.1459822889831621e24
1.156699263734601e24
1.1675651867597281e24
1.178576208852755e24
1.1897283768720393e24
1.2010176356016796e24
1.2124398296840707e24
1.223990705622698e24
1.2356659138542165e24
1.247461010889024e24
1.2593714615192774e24
1.271392641093434e24
1.2835198378562666e24
1.2957482553532234e24
1.308073014898101e24
1.320489158102752e24
1.332991649467725e24
1.3455753790324868e24
1.3582351650840058e24
1.3709657569223237e24
1.3837618376817245e24
1.3966180272061373e24
1.4095288849772413e24
1.422488913093857e24
1.435492559301008e24
1.4485342200671685e24
1.4616082437080007e24
1.4747089335550091e24
1.4878305511674087e24
1.5009673195854626e24
1.5141134266236168e24
1.5272630282015592e24
1.5404102517115021e24
1.5535491994197347e24
1.5666739519006841e24
1.579778571501491e24
1.5928571058352513e24
1.6059035913009412e24
1.6189120566280174e24
1.6318765264437653e24
1.6447910248612874e24
1.6576495790861672e24
1.6704462230396562e24
1.6831750009963738e24
1.6958299712343763e24
1.7084052096954476e24
1.7208948136535467e24
1.7332929053891573e24
1.7455936358674794e24
1.7577911884181684e24
1.7698797824145448e24
1.781853676949956e24
1.79370717450918e24
1.8054346246325935e24
1.8170304275708714e24
1.828489037928053e24
1.8398049682906452e24
1.8509727928406265e24
1.8619871509500224e24
1.8728427507549007e24
1.8835343727064687e24
1.8940568730971104e24
1.9044051875591045e24
1.9145743345337784e24
1.924559418708949e24
1.934355634422361e24
1.9439582690290144e24
1.9533627062301088e24
1.962564429361502e24
1.9715590246395005e24
1.9803421843618062e24
1.988909710061563e24
1.9972575156123158e24
2.0053816302818648e24
2.013278201732888e24
2.020943498968339e24
2.0283739152195394e24
2.0355659707750235e24
2.042516315748139e24
2.0492217327814348e24
2.0556791396859816e24
2.061885592013661e24
2.0678382855606563e24
2.0735345588002297e24
2.0789718952430863e24
2.0841479257234924e24
2.0890604306094938e24
2.0937073419355232e24
2.0980867454557345e24
2.1021968826165283e24
2.1060361524466267e24
2.1096031133632474e24
2.112896484892841e24
2.1159151493050185e24
2.1186581531582315e24
2.1211247087558932e24
2.123314195511633e24
2.1252261612224517e24
2.1268603232485745e24
2.12821656959884e24
2.1292949599205664e24
2.1300957263928109e24
2.1306192745220644e24
2.1308661838394292e24
2.130837208498385e24
2.1305332777723568e24
2.1299554964512598e24
2.12910514513635e24
2.1279836804326986e24
2.1265927350386965e24
2.1249341177320635e24
2.1230098132518436e24
2.1208219820760026e24
2.118372960094252e24
2.1156652581757875e24
2.1127015616317135e24
2.1094847295719753e24
2.10601779415668e24
2.1023039597417474e24
2.0983466019189123e24
2.0941492664501249e24
2.0897156680965235e24
2.085049689342134e24
2.0801553790125867e24
2.0750369507891614e24
2.0696987816185578e24
2.0641454100188436e24
2.058381534282073e24
2.0524120105742095e24
2.0462418509329318e24
2.0398762211640754e24
2.033320438637461e24
2.0265799699829525e24
2.019660428687635e24
2.0125675725950796e24
2.0053073013076938e24
1.9978856534932963e24
1.990308804096994e24
1.9825830614596154e24
1.9747148643439547e24
1.9667107788701541e24
1.9585774953616126e24
1.9503218251028803e24
1.941950697011012e24
1.933471154222005e24
1.9248903505938774e24
1.9162155471281036e24
1.907454108311142e24
1.8986134983778227e24
1.8897012774984637e24
1.8807250978916008e24
1.8716926998642673e24
1.8626119077818763e24
1.8534906259696832e24
1.8443368345479958e24
1.8351585852032438e24
1.8259639968971276e24
1.8167612515160722e24
1.8075585894632989e24
1.7983643051958093e24
1.7891867427087234e24
1.7800342909693163e24
1.770915379303263e24
1.7618384727355696e24
1.7528120672887298e24
1.7438446852406842e24
1.7349448703451724e24
1.726121183017138e24
1.71738219548586e24
1.708736486918489e24
1.7001926385167495e24
1.6917592285895564e24
1.6834448276043327e24
1.6752579932198438e24
1.6672072653033676e24
1.6593011609351008e24
1.6515481694026168e24
1.6439567471883125e24
1.636535312952742e24
1.6292922425167624e24
1.6222358638454367e24
1.61537445203664e24
1.6087162243173158e24
1.6022693350503997e24
1.5960418707553233e24
1.5900418451451188e24
1.5842771941830988e24
1.578755771162093e24
1.5734853418092248e24
1.568473579419215e24
1.5637280600191728e24
1.5592562575678854e24
1.5550655391925122e24
1.5511631604656873e24
1.5475562607259468e24
1.5442518584444155e24
1.5412568466406764e24
1.5385779883507055e24
1.5362219121497595e24
1.534195107733082e24
1.5325039215572528e24
1.5311545525449931e24
1.530153047856226e24
1.5295052987281428e24
1.5292170363870016e24
1.5292938280343748e24
1.5297410729104793e24
1.5305639984372737e24
1.5317676564438616e24
1.5333569194767945e24
1.5353364771977938e24
1.537710832871342e24
1.540484299944621e24
1.543660998722128e24
1.547244853137398e24
1.5512395876240262e24
1.5556487240883438e24
1.5604755789858446e24
1.5657232605035924e24
1.5713946658506533e24
1.5774924786585762e24
1.5840191664939566e24
1.590976978484941e24
1.5983679430635908e24
1.6061938658258413e24
1.6144563275108792e24
1.623156682101519e24
1.6322960550472653e24
1.6418753416115848e24
1.6518952053448103e24
1.6623560766842022e24
1.6732581516823698e24
1.6846013908654522e24
1.6963855182221436e24
1.7086100203247744e24
1.7212741455834724e24
1.734376903634334e24
1.7479170648626126e24
1.7618931600616248e24
1.7763034802282596e24
1.7911460764956155e24
1.8064187602035136e24
1.8221191031072585e24
1.8382444377251867e24
1.85479185782533e24
1.871758219051396e24
1.8891401396884108e24
1.9069340015679482e24
1.92513595111317e24
1.9437419005234277e24
1.9627475290984814e24
1.9821482847019456e24
2.0019393853637862e24
2.022115821021442e24
2.0426723553990387e24
2.063603528024287e24
2.0849036563822465e24
2.1065668382054383e24
2.1285869538992936e24
2.1509576691022406e24
2.1736724373793573e24
2.1967245030485122e24
2.2201069041380048e24
2.243812475474281e24
2.2678338518986516e24
2.2921634716114144e24
2.3167935796421368e24
2.341716231444346e24
2.3669232966131884e24
2.3924064627242816e24
2.418157239291915e24
2.444166961844923e24
2.4704267961180815e24
2.496927742357248e24
2.5236606397359333e24
2.5506161708813777e24
2.577784866507695e24
2.605157110153937e24
2.632723143024667e24
2.660473068930497e24
2.6883968593262864e24
2.7164843584441954e24
2.7447252885191577e24
2.773109255103882e24
2.8016257524707557e24
2.830264169097763e24
2.859013793235449e24
2.8878638185521603e24
2.9168033498543166e24
2.945821408878891e24
2.974906940154747e24
3.00404881692987e24
3.033235847161086e24
3.0624567795631175e24
3.0917003097136437e24
3.1209550862108795e24
3.150209716880468e24
3.179452775027995e24
3.2086728057338797e24
3.2378583321868667e24
3.2669978620527816e24
3.2960798938747367e24
3.325092923501318e24
3.354025450539031e24
3.38286598482523e24
3.4116030529179964e24
3.440225204599e24
3.4687210193858124e24
3.497079113049649e24
3.525288144134952e24
3.5533368204768846e24
3.5812139057128554e24
3.6089082257844225e24
3.636408675425476e24
3.6637042246331004e24
3.6907839251170114e24
3.7176369167239297e24
3.7442524338328377e24
3.7706198117173964e24
3.796728492871635e24
3.8225680332949725e24
3.848128108732927e24
3.873398520869457e24
3.8983692034673617e24
3.9230302284527103e24
3.947371811939759e24
3.971384320192394e24
3.9950582755185176e24
4.018384362093628e24
4.041353431709861e24
4.0639565094469707e24
4.0861847992614995e24
4.1080296894906914e24
4.129482758267489e24
4.150535778843218e24
4.171180724814456e24
4.191409775250622e24
4.211215319719056e24
4.2305899632040947e24
4.2495265309170534e24
4.268018072993733e24
4.2860578690764495e24
4.3036394327773305e24
4.320756516019958e24
4.3374031132563314e24
4.3535734655561727e24
4.3692620645658376e24
4.384463656333924e24
4.399173245000967e24
4.413386096350462e24
4.427097741218759e24
4.440303978761214e24
4.4530008795722626e24
4.465184788657031e24
4.476852328252183e24
4.488000400493912e24
4.4986261899308577e24
4.5087271658800453e24
4.518301084623812e24
4.527345991445947e24
4.535860222505276e24
4.543842406544979e24
4.551291466436131e24
4.5582066205539583e24
4.5645873839853983e24
4.5704335695667137e24
4.575745288749942e24
4.5805229522970803e24
4.5847672708010214e24
4.58847925503234e24
4.591660216111085e24
4.5943117655029785e24
4.596435814839308e24
4.5980345755601045e24
4.599110558380181e24
4.5996665725777404e24
4.5997057251054e24
4.5992314195235247e24
4.5982473547558985e24
4.5967575236679257e24
4.594766211467507e24
4.592277993929027e24
4.589297735440843e24
4.5858305868768943e24
4.581881983293045e24
4.577457641448949e24
4.57256355715637e24
4.56720600245486e24
4.561391522615952e24
4.555126932977038e24
4.548419315606264e24
4.54127601579981e24
4.533704638413138e24
4.525713044027734e24
4.5173093449551784e24
4.5085019010802936e24
4.4992993155453053e24
4.489710430277107e24
4.479744321359677e24
4.469410294253967e24
4.4587178788675055e24
4.447676824476225e24
4.4362970945009967e24
4.4245888611414917e24
4.412562499870104e24
4.4002285837887366e24
4.3875978778513526e24
4.3746813329552776e24
4.361490079904352e24
4.348035423247063e24
4.334328834992971e24
4.320381948210714e24
4.3062065505110127e24
4.291814577418249e24
4.277218105634075e24
4.262429346196855e24
4.247460637540536e24
4.232324438456847e24
4.2170333209646866e24
4.2015999630905956e24
4.1860371415644056e24
4.1703577244340707e24
4.1545746636038794e24
4.138700987300208e24
4.122749792469115e24
4.106734237110026e24
4.09066753255e24
4.07456293566284e24
4.058433741037637e24
4.042293273101238e24
4.02615487819914e24
4.0100319166395026e24
3.9939377547047975e24
3.9778857566359315e24
3.961889276593381e24
3.945961650600148e24
3.930116188471382e24
3.914366165735298e24
3.898724815550314e24
3.8832053206232324e24
3.867820805133245e24
3.852584326666723e24
3.837508868167537e24
3.8226073299079496e24
3.8078925214847863e24
3.7933771538459293e24
3.7790738313518966e24
3.764995043877477e24
3.751153158958266e24
3.7375604139869264e24
3.7242289084641076e24
3.7111705963087986e24
3.6983972782329605e24
3.685920594185226e24
3.6737520158684364e24
3.6619028393357906e24
3.650384177670274e24
3.6392069537521033e24
3.6283818931187583e24
3.6179195169223277e24
3.6078301349885835e24
3.598123838982438e24
3.5888104956841675e24
3.579899740380867e24
3.571400970377497e24
3.563323338631811e24
3.5556757475174713e24
3.548466842719468e24
3.541705007266037e24
3.5353983557010863e24
3.529554728401169e24
3.5241816860408517e24
3.5192865042103975e24
3.514876168189459e24
3.510957367880514e24
3.5075364929056204e24
3.504619627869998e24
3.502212547795888e24
3.500320713730008e24
3.4989492685278677e24
3.4981030328180623e24
3.4977865011496264e24
3.498003838325407e24
3.498758875924268e24
3.500055109014922e24
3.5018956930640065e24
3.504283441040944e24
3.5072208207220304e24
3.510709952196043e24
3.514752605573591e24
3.5193501989022904e24
3.524503796289737e24
3.5302141062361284e24
3.536481480178277e24
3.54330591124663e24
3.550687033236766e24
3.558624119796778e24
3.56711608383175e24
3.576161477126453e24
3.585758490187276e24
3.5959049523041984e24
3.606598331833613e24
3.617835736702516e24
3.629613915134617e24
3.641929256598657e24
3.6547777929791303e24
3.668155199969561e24
3.68205679868817e24
3.6964775575158296e24
3.711412094155907e24
3.7268546779156e24
3.7427992322081006e24
3.759239337274898e24
3.776168233127359e24
3.793578822706519e24
3.8114636752600405e24
3.8298150299349784e24
3.8486247995850025e24
3.8678845747904975e24
3.887585628089902e24
3.907718918420438e24
3.9282750957663194e24
3.949244506012361e24
3.9706171960007553e24
3.9923829187887387e24
4.014531139104609e24
4.037051038999586e24
4.0599315236927016e24
4.0831612276059616e24
4.1067285205867573e24
4.1306215143144154e24
4.15482806888775e24
4.179335799590165e24
4.20413208382897e24
4.2292040682452166e24
4.2545386759904816e24
4.280122614166692e24
4.3059423814251296e24
4.331984275720611e24
4.358234402216613e24
4.3846786813372355e24
4.4113028569615176e24
4.438092504755796e24
4.46503304063943e24
4.49210972937938e24
4.519307693308761e24
4.546611921164682e24
4.5740072770403574e24
4.601478509446495e24
4.629010260476935e24
4.6565870750732605e24
4.6841934103832547e24
4.7118136452077456e24
4.7394320895305517e24
4.76703299412601e24
4.7946005602385177e24
4.822118949328567e24
4.849572292879519e24
4.8769447022595e24
4.904220278632543e24
4.931383122913221e24
4.958417345758888e24
4.985307077593575e24
5.01203647865765e24
5.038589749077154e24
5.064951138946897e24
5.091104958421122e24
5.117035587805814e24
5.142727487646335e24
5.168165208804482e24
5.193333402518623e24
5.218216830440874e24
5.242800374645117e24
5.267069047599626e24
5.29100800209824e24
5.314602541143781e24
5.337838127777647e24
5.360700394849355e24
5.383175154719926e24
5.405248408892966e24
5.426906357567324e24
5.448135409105264e24
5.468922189410059e24
5.489253551207039e24
5.509116583222006e24
5.528498619251195e24
5.547387247116726e24
5.565770317501816e24
5.583635952659851e24
5.60097255499159e24
5.617768815484811e24
5.634013722010734e24
5.649696567471673e24
5.664806957794384e24
5.679334819763687e24
5.693270408691021e24
5.706604315912598e24
5.719327476112026e24
5.731431174462237e24
5.742907053581709e24
5.753747120300076e24
5.763943752228244e24
5.773489704128334e24
5.782378114078765e24
5.79060250942997e24
5.798156812546348e24
5.805035346330093e24
5.811232839522764e24
5.816744431780448e24
5.821565678518656e24
5.825692555523001e24
5.82912146332207e24
5.831849231318818e24
5.833873121677075e24
5.835190832959875e24
5.835800503516359e24
5.835700714614313e24
5.834890493315325e24
5.833369315089929e24
5.831137106170002e24
5.828194245636081e24
5.824541567237163e24
5.820180360940909e24
5.81511237421223e24
5.80933981301836e24
5.802865342558802e24
5.795692087718475e24
5.787823633242863e24
5.779264023633791e24
5.770017762764824e24
5.760089813215485e24
5.749485595323387e24
5.738210985953936e24
5.72627231698698e24
5.713676373520425e24
5.70043039179051e24
5.686542056809094e24
5.672019499718053e24
5.6568712948613e24
5.641106456575156e24
5.624734435697632e24
5.607765115797885e24
5.590208809126671e24
5.572076252289412e24
5.553378601643058e24
5.534127428418674e24
5.514334713571348e24
5.494012842359494e24
5.473174598655812e24
5.451833158991985e24
5.430002086339926e24
5.407695323631896e24
5.384927187022653e24
5.361712358896364e24
5.338065880621543e24
5.314003145057441e24
5.289539888815088e24
5.264692184277e24
5.239476431378949e24
5.213909349158144e24
5.188007967071582e24
5.161789616089131e24
5.135271919565537e24
5.108472783895986e24
5.081410388960079e24
5.054103178358756e24
5.026569849449549e24
4.99882934318491e24
4.970900833759274e24
4.942803718069881e24
4.914557604997253e24
4.886182304510731e24
4.857697816604935e24
4.8291243200732314e24
4.8004821611239065e24
4.7717918418456145e24
4.743074008527925e24
4.7143494398437895e24
4.685639034900049e24
4.6569638011627283e24
4.6283448422639224e24
4.599803345696736e24
4.5713605704055583e24
4.5430378342782265e24
4.514856501547538e24
4.4868379701088354e24
4.459003658761272e24
4.431374994379727e24
4.403973399024832e24
4.3768202769986784e24
4.349937001853359e24
4.323344903360255e24
4.297065254447288e24
4.2711192581121387e24
4.2455280343187437e24
4.2203126068851497e24
4.1954938903701996e24
4.171092676966939e24
4.147129623410676e24
4.123625237909244e24
4.1005998671036743e24
4.0780736830667655e24
4.0560666703477877e24
4.034598613070909e24
4.013689082095315e24
3.993357422245029e24
3.973622739615991e24
3.9545038889685636e24
3.936019461212998e24
3.918187770995893e24
3.901026844395206e24
3.8845544067317563e24
3.8687878705047154e24
3.853744323458829e24
3.839440516791066e24
3.825892853503982e24
3.813117376913617e24
3.801129759319018e24
3.7899452908410777e24
3.7795788684376584e24
3.770044985102508e24
3.761357719254884e24
3.7535307243269913e24
3.7465772185563304e24
3.740509974989533e24
3.735341311704786e24
3.731083082259194e24
3.7277466663678953e24
3.7253429608211874e24
3.723882370646059e24
3.723374800518413e24
3.723829646431892e24
3.725255787629448e24
3.727661578803312e24
3.7310548425692314e24
3.735442862220318e24
3.7408323747661114e24
3.7472295642619865e24
3.754640055434011e24
3.7630689076043624e24
3.772520608921825e24
3.7829990709023095e24
3.7945076232835875e24
3.807049009198783e24
3.820625380672521e24
3.835238294443909e24
3.8508887081199577e24
3.8675769766631314e24
3.885302849216437e24
3.904065466269235e24
3.92386335716689e24
3.944694437967042e24
3.9665560096452193e24
3.989444756652201e24
4.0133567458254433e24
4.038287425656656e24
4.0642316259172756e24
4.091183557643694e24
4.1191368134835184e24
4.1480843684042536e24
4.1780185807653475e24
4.208931193754523e24
4.2408133371889996e24
4.2736555296819315e24
4.307447681174428e24
4.342179095833025e24
4.37783847531241e24
4.4144139223829805e24
4.451892944922572e24
4.4902624602714783e24
4.5295087999497086e24
4.5696177147350983e24
4.610574380100885e24
4.652363402010883e24
4.69496882307042e24
4.7383741290307643e24
4.782562255644776e24
4.827515595871065e24
4.873216007423994e24
4.919644820666333e24
4.966782846841494e24
5.014610386641828e24
5.063107239109309e24
5.11225271086483e24
5.16202562566195e24
5.212404334260893e24
5.263366724618337e24
5.314890232388199e24
5.36695185172872e24
5.419528146410644e24
5.472595261221328e24
5.526128933659207e24
5.580104505913127e24
5.634496937120548e24
5.689280815898781e24
5.744430373142865e24
5.799919495083879e24
5.855721736601079e24
5.911810334781078e24
5.968158222717306e24
6.024738043542556e24
6.081522164687516e24
6.138482692357881e24
6.195591486222409e24
6.252820174304459e24
6.310140168068958e24
6.367522677697021e24
6.424938727539959e24
6.482359171744568e24
6.539754710041266e24
6.597095903686534e24
6.654353191551196e24
6.711496906345657e24
6.768497290973363e24
6.825324515003462e24
6.881948691253684e24
6.93833989247422e24
6.994468168123504e24
7.050303561226324e24
7.105816125305167e24
7.160975941375085e24
7.215753134992631e24
7.270117893349243e24
7.324040482399357e24
7.377491264013588e24
7.430440713147163e24
7.482859435013724e24
7.534718182254754e24
7.585987872094679e24
7.636639603471691e24
7.68664467413441e24
7.735974597694384e24
7.784601120624488e24
7.832496239193285e24
7.879632216325258e24
7.925981598377114e24
7.971517231820108e24
8.016212279818504e24
8.060040238694247e24
8.102974954268009e24
8.144990638066736e24
8.186061883387994e24
8.226163681211212e24
8.265271435946318e24
8.303360981010051e24
8.340408594220381e24
8.37639101299959e24
8.411285449376579e24
8.445069604779148e24
8.477721684606836e24
8.509220412575448e24
8.539545044823962e24
8.568675383775104e24
8.596591791740616e24
8.62327520426259e24
8.648707143182285e24
8.672869729427969e24
8.695745695513425e24
8.717318397739022e24
8.737571828087278e24
8.756490625804984e24
8.774060088664275e24
8.790266183894954e24
8.805095558780699e24
8.818535550912035e24
8.830574198088755e24
8.841200247865199e24
8.850403166731444e24
8.85817314892407e24
8.864501124860062e24
8.86937876918776e24
8.872798508449015e24
8.874753528346661e24
8.875237780611982e24
8.874245989466693e24
8.871773657674574e24
8.867817072177633e24
8.862373309312417e24
8.855440239601882e24
8.847016532118682e24
8.837101658416079e24
8.825695896022451e24
8.812800331496334e24
8.798416863038348e24
8.782548202657435e24
8.765197877888293e24
8.746370233057849e24
8.726070430098341e24
8.704304448904996e24
8.681079087236885e24
8.656401960159024e24
8.630281499025025e24
8.602726949998861e24
8.573748372115524e24
8.543356634879824e24
8.511563415403256e24
8.478381195079294e24
8.443823255797025e24
8.407903675694331e24
8.370637324450954e24
8.33203985812322e24
8.292127713521299e24
8.25091810213126e24
8.208429003583485e24
8.164679158669887e24
8.119688061912594e24
8.073475953686493e24
8.026063811899227e24
7.977473343231381e24
7.927726973941045e24
7.876847840236017e24
7.82485977821829e24
7.771787313404815e24
7.717655649829248e24
7.662490658729851e24
7.606318866828127e24
7.549167444204258e24
7.491064191774296e24
7.43203752837563e24
7.372116477466369e24
7.311330653445213e24
7.249710247598612e24
7.187286013681554e24
7.124089253139717e24
7.060151799979598e24
6.995506005294849e24
6.930184721455886e24
6.864221285971371e24
6.797649505029325e24
6.730503636726311e24
6.662818373993675e24
6.594628827228997e24
6.52597050664244e24
6.456879304326547e24
6.38739147605947e24
6.317543622850592e24
6.247372672238872e24
6.176915859353293e24
6.10621070774577e24
6.035295010006885e24
5.964206808174345e24
5.89298437394539e24
5.821666188703088e24
5.750290923368113e24
5.678897418086304e24
5.607524661763426e24
5.536211771458464e24
5.464997971646298e24
5.393922573361821e24
5.323024953236382e24
5.252344532438811e24
5.181920755532148e24
5.111793069258469e24
5.042000901263167e24
4.972583638770892e24
4.903580607225341e24
4.8350310489044194e24
4.7669741015235993e24
4.6994487768389036e24
4.6324939392624397e24
4.566148284501995e24
4.5004503182375777e24
4.4354383348466994e24
4.371150396190824e24
4.30762431047547e24
4.244897611195719e24
4.1830075361799855e24
4.1219910067437044e24
4.0618846069656133e24
4.00272456309844e24
3.944546723126214e24
3.887386536480501e24
3.831279033927116e24
3.776258807635763e24
3.722359991443984e24
3.669616241327742e24
3.61806071608979e24
3.5677260582779563e24
3.518644375344495e24
3.4708472210580553e24
3.424365577179701e24
3.3792298354137904e24
3.3354697796452693e24
3.2931145684737657e24
3.252192718055725e24
3.2127320852648477e24
3.174759851181589e24
3.13830250492183e24
3.1033858278149314e24
3.070034877941237e24
3.038273975038604e24
3.008126685787876e24
2.979615809486288e24
2.952763364118529e24
2.927590572834006e24
2.9041178508393525e24
2.8823647927148466e24
2.862350160162771e24
2.8440918701962576e24
2.827606983776188e24
2.81291169490404e24
2.800021320177945e24
2.788950288819258e24
2.779712133176501e24
2.772319479713305e24
2.766784040486903e24
2.763116605123099e24
2.7613270332938097e24
2.7614242477025653e24
2.7634162275834417e24
2.7673100027183344e24
2.773111647977428e24
2.7808262783872145e24
2.7904580447302924e24
2.802010129680765e24
2.815484744478852e24
2.8308831261478993e24
2.8482055352568247e24
2.8674512542306103e24
2.8886185862111255e24
2.911704854470447e24
2.936706402378192e24
2.9636185939244585e24
2.9924358147992567e24
3.0231514740293616e24
3.0557580061728543e24
3.0902468740716344e24
3.1266085721614996e24
3.164832630339456e24
3.2049076183872144e24
3.246821150949814e24
3.290559893067848e24
3.3361095662613105e24
3.38345495516318e24
3.4325799146999134e24
3.483467377816376e24
3.536099363741795e24
3.590456986793409e24
3.6465204657141254e24
3.7042691335398265e24
3.763681447992197e24
3.8247350023921076e24
3.8874065370886863e24
3.951671951398542e24
4.0175063160496507e24
4.084883886123792e24
4.153778114491207e24
4.2241616657311586e24
4.296006430531086e24
4.36928354055764e24
4.443963383791639e24
4.520015620319633e24
4.597409198573653e24
4.676112372011037e24
4.7560927162256867e24
4.837317146481674e24
4.919751935660466e24
5.003362732611727e24
5.088114580898754e24
5.173971937927871e24
5.260898694452311e24
5.348858194439429e24
5.437813255291245e24
5.527726188407124e24
5.618558820077141e24
5.710272512695563e24
5.802828186282043e24
5.896186340299455e24
5.990307075755787e24
6.085150117578388e24
6.180674837248089e24
6.276840275680298e24
6.373605166341002e24
6.470927958584075e24
6.568766841197481e24
6.667079766144567e24
6.765824472487699e24
6.864958510480077e24
6.964439265812678e24
7.0642239840024e24
7.164269794907091e24
7.264533737354312e24
7.364972783868925e24
7.465543865485979e24
7.56620389663405e24
7.666909800075284e24
7.767618531887117e24
7.868287106471732e24
7.968872621578468e24
8.069332283324447e24
8.169623431199307e24
8.269703563038743e24
8.369530359952947e24
8.469061711194495e24
8.568255738951663e24
8.667070823052278e24
8.765465625563106e24
8.863399115270918e24
8.960830592029787e24
9.057719710960843e24
9.15402650648929e24
9.249711416204864e24
9.344735304530818e24
9.439059486187513e24
9.532645749436328e24
9.625456379089458e24
9.717454179272113e24
9.808602495922647e24
9.898865239017337e24
9.988206904505602e24
1.0076592595942782e25
1.0163988045806294e25
1.0250359636482693e25
1.0335674420912128e25
1.04199001428772e25
1.0503005256923947e25
1.058495894790179e25
1.0665731150110702e25
1.0745292566042853e25
1.0823614684707238e25
1.090066979952535e25
1.0976431025786243e25
1.1050872317650039e25
1.1123968484688413e25
1.1195695207951708e25
1.1266029055551583e25
1.133494749774949e25
1.1402428921540298e25
1.146845264472191e25
1.1532998929440973e25
1.1596048995205563e25
1.1657585031356101e25
1.1717590208985566e25
1.1776048692301047e25
1.1832945649418265e25
1.1888267262581724e25
1.1942000737802712e25
1.1994134313908472e25
1.2044657270995577e25
1.209355993828118e25
1.2140833701346083e25
1.2186471008763892e25
1.2230465378110974e25
1.2272811401351973e25
1.231350474959651e25
1.2352542177222587e25
1.2389921525362706e25
1.2425641724749295e25
1.2459702797916032e25
1.2492105860752446e25
1.2522853123409062e25
1.2551947890551264e25
1.2579394560959955e25
1.2605198626477793e25
1.2629366670300024e25
1.2651906364609323e25
1.2672826467554512e25
1.2692136819573235e25
1.2709848339059392e25
1.272597301737607e25
1.2740523913215523e25
1.2753515146307818e25
1.276496189048042e25
1.2774880366071122e25
1.278328783169731e25
1.2790202575384869e25
1.2795643905060366e25
1.279963213841066e25
1.280218859211432e25
1.2803335570449757e25
1.2803096353285264e25
1.2801495183456553e25
1.279855725353779e25
1.2794308692012405e25
1.2788776548850556e25
1.2781988780500137e25
1.2773974234298886e25
1.2764762632315435e25
1.2754384554627366e25
1.274287142204487e25
1.273025547828891e25
1.2716569771632986e25
1.2701848136018165e25
1.2686125171651216e25
1.2669436225096138e25
1.2651817368869504e25
1.263330538055065e25
1.261393772141773e25
1.2593752514621238e25
1.2572788522906869e25
1.2551085125899511e25
1.252868229696115e25
1.2505620579634993e25
1.2481941063689064e25
1.245768536077222e25
1.2432895579696278e25
1.2407614301357858e25
1.238188455331398e25
1.2355749784025664e25
1.2329253836783878e25
1.2302440923332725e25
1.2275355597204522e25
1.22480427267821e25
1.2220547468103566e25
1.2192915237424833e25
1.2165191683556093e25
1.2137422659987543e25
1.210965419682077e25
1.2081932472521805e25
1.2054303785512328e25
1.20268145256153e25
1.1999511145371836e25
1.197244013124592e25
1.1945647974733792e25
1.1919181143395055e25
1.18930860518224e25
1.1867409032567144e25
1.1842196307037732e25
1.1817493956388462e25
1.179334789241573e25
1.176980382847901e25
1.1746907250464307e25
1.1724703387806929e25
1.1703237184591461e25
1.1682553270746047e25
1.1662695933348575e25
1.1643709088061923e25
1.1625636250715854e25
1.160852050905265e25
1.1592404494653875e25
1.1577330355065393e25
1.1563339726137815e25
1.1550473704599343e25
1.1538772820878053e25
1.1528277012190392e25
1.15190255959126e25
1.1511057243251853e25
1.1504409953233324e25
1.1499121027019753e25
1.1495227042579566e25
1.1492763829719634e25
1.1491766445498473e25
1.1492269150035645e25
1.1494305382732722e25
1.1497907738921158e25
1.150310794695217e25
1.150993684574335e25
1.15184243627968e25
1.1528599492702975e25
1.1540490276144534e25
1.1554123779413953e25
1.1569526074458564e25
1.1586722219466336e25
1.160573624000546e25
1.1626591110730481e25
1.1649308737667393e25
1.167390994108996e25
1.170041443899896e25
1.1728840831215993e25
1.1759206584102866e25
1.1791528015917612e25
1.1825820282817375e25
1.1862097365518536e25
1.1900372056623763e25
1.1940655948625264e25
1.198295942259358e25
1.202729163756023e25
1.2073660520602789e25
1.2122072757640015e25
1.2172533784944707e25
1.2225047781381296e25
1.2279617661374706e25
1.2336245068617053e25
1.2394930370517636e25
1.245567265340201e25
1.2518469718464746e25
1.258331807848085e25
1.2650212955279525e25
1.2719148277984287e25
1.2790116682022624e25
1.28631095089077e25
1.2938116806794939e25
1.3015127331814874e25
1.3094128550184153e25
1.3175106641095274e25
1.3258046500386004e25
1.3342931744988082e25
1.342974471815525e25
1.3518466495469552e25
1.3609076891624428e25
1.3701554467983317e25
1.3795876540910875e25
1.389201919087478e25
1.3989957272314357e25
1.4089664424272858e25
1.4191113081789188e25
1.4294274488044166e25
1.439911870725708e25
1.4505614638326224e25
1.461373002920825e25
1.4723431492029313e25
1.483468451892192e25
1.4947453498579389e25
1.5061701733520947e25
1.517739145805905e25
1.5294483856960003e25
1.541293908478963e25
1.5532716285933659e25
1.5653773615283863e25
1.5776068259578708e25
1.5899556459388878e25
1.602419353173545e25
1.614993389333013e25
1.6276731084425246e25
1.6404537793260877e25
1.6533305881097264e25
1.6662986407818391e25
1.6793529658094364e25
1.6924885168087749e25
1.7057001752690494e25
1.7189827533276614e25
1.7323309965955444e25
1.7457395870311087e25
1.759203145861143e25
1.772716236547202e25
1.786273367795756e25
1.7998689966105562e25
1.8134975313854452e25
1.8271533350359769e25
1.8408307281681046e25
1.854523992282113e25
1.8682273730101212e25
1.8819350833852274e25
1.8956413071405752e25
1.909340202036375e25
1.9230259032131126e25
1.9366925265689473e25
1.950334172159452e25
1.9639449276177383e25
1.9775188715929774e25
1.991050077205426e25
2.0045326155158653e25
2.017960559007577e25
2.031327985078718e25
2.044628979543169e25
2.0578576401377897e25
2.0710080800339843e25
2.084074431351634e25
2.0970508486732163e25
2.1099315125561564e25
2.1227106330412337e25
2.1353824531550818e25
2.1479412524045894e25
2.1603813502612255e25
2.1726971096331605e25
2.184882940323095e25
2.196933302469778e25
2.208842709971077e25
2.220605733886605e25
2.232217005817775e25
2.243671221263309e25
2.254963142948072e25
2.2660876041232817e25
2.2770395118360276e25
2.287813850166079e25
2.2984056834280414e25
2.308810159336809e25
2.3190225121344256e25
2.3290380656763304e25
2.3388522364751226e25
2.348460536699905e25
2.357858577129307e25
2.367042070056363e25
2.3760068321433463e25
2.3847487872247945e25
2.3932639690568796e25
2.401548524011406e25
2.4095987137126494e25
2.417410917615357e25
2.4249816355222197e25
2.4323074900391475e25
2.4393852289667545e25
2.446211727626447e25
2.4527839911195828e25
2.459099156518145e25
2.465154494985505e25
2.4709474138257713e25
2.4764754584603647e25
2.481736314330416e25
2.4867278087236765e25
2.4914479125246503e25
2.495894741886689e25
2.5000665598248634e25
2.5039617777284343e25
2.5075789567918093e25
2.5109168093629126e25
2.51397420020794e25
2.516750147691514e25
2.5192438248713043e25
2.521454560506232e25
2.5233818399774005e25
2.5250253061209904e25
2.52638475997234e25
2.527460161420551e25
2.5282516297729635e25
2.5287594442289068e25
2.5289840442621942e25
2.5289260299118603e25
2.5285861619807402e25
2.5279653621414576e25
2.527064712949531e25
2.5258854577633044e25
2.52442900057049e25
2.522696905721138e25
2.520690897566943e25
2.518412860006802e25
2.5158648359386354e25
2.5130490266175117e25
2.509967790920189e25
2.5066236445162166e25
2.5030192589458284e25
2.4991574606048876e25
2.4950412296372025e25
2.4906736987346026e25
2.486058151845205e25
2.4811980227903565e25
2.476096893790796e25
2.4707584939026353e25
2.4651866973638165e25
2.4593855218517294e25
2.4533591266527876e25
2.4471118107447344e25
2.440648010792578e25
2.433972299059043e25
2.427089381230551e25
2.420004094159702e25
2.412721403525385e25
2.4052464014116004e25
2.3975843038061873e25
2.3897404480206847e25
2.3817202900326025e25
2.373529401751419e25
2.3651734682096605e25
2.3566582846805376e25
2.347989753723532e25
2.3391738821594975e25
2.3302167779768195e25
2.321124647170211e25
2.311903790513837e25
2.302560600270392e25
2.293101556837927e25
2.283533225336143e25
2.27386225213399e25
2.264095361320414e25
2.2542393511201116e25
2.244301090256304e25
2.2342875142623514e25
2.2242056217443496e25
2.2140624705966113e25
2.2038651741722038e25
2.1936208974105505e25
2.183336852924256e25
2.173020297047337e25
2.1626785258469668e25
2.1523188711010335e25
2.141948696243654e25
2.1315753922809868e25
2.1212063736795563e25
2.1108490742294475e25
2.1005109428846666e25
2.090199439582985e25
2.0799220310477335e25
2.0696861865737804e25
2.059499373800213e25
2.049369054472044e25
2.03930268019344e25
2.029307688174825e25
2.0193914969763797e25
2.0095615022503235e25
1.999825072484471e25
1.990189544749537e25
1.9806622204526134e25
1.9712503610993458e25
1.961961184067228e25
1.9528018583925354e25
1.9437795005733327e25
1.9349011703910206e25
1.9261738667529517e25
1.9176045235584591e25
1.9092000055908612e25
1.9009671044378014e25
1.8929125344424146e25
1.885042928687684e25
1.8773648350164557e25
1.8698847120894477e25
1.862608925483657e25
1.855543743833541e25
1.8486953350172592e25
1.842069762390361e25
1.8356729810691604e25
1.8295108342661248e25
1.8235890496794589e25
1.817913235939211e25
1.8124888791119892e25
1.8073213392665315e25
1.8024158471022496e25
1.797777500642836e25
1.793411261997043e25
1.789321954188645e25
1.7855142580576164e25
1.7819927092344767e25
1.7787616951897466e25
1.77582545236041e25
1.77318806335523e25
1.7708534542407408e25
1.7688253919096744e25
1.7671074815335709e25
1.7657031641012213e25
1.764615714044627e25
1.76384823695402e25
1.7634036673835162e25
1.7632847667488862e25
1.7634941213188908e25
1.7640341403015702e25
1.7649070540268324e25
1.7661149122266318e25
1.767659582413966e25
1.7695427483618846e25
1.771765908683622e25
1.7743303755149364e25
1.7772372732996604e25
1.7804875376794238e25
1.7840819144884472e25
1.7880209588542353e25
1.7923050344049689e25
1.7969343125842913e25
1.8019087720741725e25
1.8072281983264212e25
1.8128921832034115e25
1.818900124728466e25
1.8252512269463397e25
1.8319444998941152e25
1.8389787596828382e25
1.846352628690066e25
1.8540645358635285e25
1.862112717135973e25
1.870495215951215e25
1.879209883901389e25
1.888254381475258e25
1.8976261789174543e25
1.907322557198388e25
1.917340609094561e25
1.927677240378894e25
1.938329171120661e25
1.949292937094547e25
1.960564891298244e25
1.972141205578009e25
1.984017872361453e25
1.996190706496871e25
2.0086553471982323e25
2.021407260095027e25
2.0344417393859817e25
2.0477539100956596e25
2.061338730432894e25
2.075190994249915e25
2.0893053336009887e25
2.103676221399313e25
2.11829797417091e25
2.133164754904067e25
2.148270575992977e25
2.1636093022740687e25
2.17917465415345e25
2.1949602108239493e25
2.210959413570009e25
2.2271655691587987e25
2.243571853315722e25
2.260171314282577e25
2.276956876456412e25
2.2939213441072278e25
2.311057405172551e25
2.328357635126779e25
2.345814500923364e25
2.3634203650075867e25
2.3811674893978616e25
2.399048039833296e25
2.417054089985291e25
2.435177625730898e25
2.4534105494855514e25
2.4717446845928627e25
2.490171779769023e25
2.508683513599349e25
2.5272714990845755e25
2.5459272882342444e25
2.564642376704744e25
2.5834082084793205e25
2.602216180587583e25
2.621057647861663e25
2.639923927726505e25
2.658806305021571e25
2.6776960368511497e25
2.696584357460616e25
2.7154624831357926e25
2.734321617122732e25
2.7531529545649852e25
2.7719476874556013e25
2.7906970096010523e25
2.809392121594141e25
2.828024235793102e25
2.846584581303967e25
2.8650644089633863e25
2.883454996318916e25
2.9017476526039523e25
2.9199337237043834e25
2.9380045971140685e25
2.9559517068762253e25
2.97376653850783e25
2.991440633904181e25
3.0089655962206456e25
3.0263330947287785e25
3.0435348696438977e25
3.060562736921283e25
3.0774085930181054e25
3.0940644196182465e25
3.1105222883172446e25
3.126774365264465e25
3.1428129157597644e25
3.158630308801871e25
3.174219021585707e25
3.1895716439459525e25
3.2046808827441253e25
3.219539566196553e25
3.234140648140512e25
3.2484772122359947e25
3.2625424761004627e25
3.276329795374094e25
3.289832667712942e25
3.3030447367075775e25
3.3159597957247526e25
3.3285717916696863e25
3.3408748286666056e25
3.3528631716552275e25
3.3645312499009084e25
3.3758736604162466e25
3.386885171291887e25
3.397560724934503e25
3.4078954412097667e25
3.4178846204883373e25
3.4275237465928487e25
3.4368084896439865e25
3.445734708803774e25
3.454298454914242e25
3.4624959730297332e25
3.470323704841114e25
3.477778290990284e25
3.484856573273365e25
3.491555596731062e25
3.4978726116247363e25
3.503805075296811e25
3.50935065391412e25
3.5145072240930016e25
3.5192728744049058e25
3.5236459067613766e25
3.5276248376773475e25
3.531208399411766e25
3.534395540984608e25
3.537185429069448e25
3.5395774487607385e25
3.5415712042151756e25
3.5431665191664287e25
3.544363437312732e25
3.5451622225767628e25
3.5455633592374617e25
3.5455675519334234e25
3.545175725537538e25
3.5443890249027524e25
3.543208814478789e25
3.541636677799797e25
3.539674416842904e25
3.5373240512578683e25
3.534587817467939e25
3.5314681676421725e25
3.5279677685396004e25
3.524089500225583e25
3.5198364546609092e25
3.515211934164084e25
3.510219449747573e25
3.5048627193286393e25
3.4991456658155246e25
3.493072415069924e25
3.486647293746611e25
3.4798748270112957e25
3.47275973613767e25
3.4653069359849594e25
3.4575215323570767e25
3.4494088192447857e25
3.440974275952098e25
3.43222356410852e25
3.4231625245685788e25
3.4137971742001374e25
3.4041337025633106e25
3.3941784684815666e25
3.3839379965069087e25
3.3734189732808387e25
3.3626282437932047e25
3.3515728075408186e25
3.340259814587834e25
3.328696561530136e25
3.3168904873657904e25
3.3048491692738893e25
3.292580318303916e25
3.2800917749781828e25
3.2673915048096454e25
3.254487593737458e25
3.241388243482989e25
3.2281017668286876e25
3.2146365828225423e25
3.2010012119106467e25
3.187204271000777e25
3.173254468459586e25
3.159160599046348e25
3.1449315387859307e25
3.130576239784105e25
3.1161037249880078e25
3.101523082894645e25
3.086843462210666e25
3.072074066466257e25
3.0572241485863774e25
3.042303005422284e25
3.027319972246676e25
3.012284417215548e25
2.9972057357998565e25
2.9820933451904126e25
2.96695667867909e25
2.9518051800197453e25
2.9366482977719594e25
2.9214954796311207e25
2.9063561667480593e25
2.891239788041505e25
2.8761557545068765e25
2.8611134535246214e25
2.8461222431715984e25
2.8311914465386775e25
2.816330346058185e25
2.80154817784438e25
2.786854126050463e25
2.7722573172453487e25
2.7577668148137496e25
2.743391613382868e25
2.729140633278946e25
2.7150227150172274e25
2.7010466138285026e25
2.687220994225689e25
2.6735544246135955e25
2.660055371945342e25
2.6467321964286265e25
2.6335931462850052e25
2.6206463525655794e25
2.607899824026167e25
2.5953614420652112e25
2.5830389557274464e25
2.5709399767766094e25
2.559071974840174e25
2.5474422726290906e25
2.5360580412357147e25
2.524926295512723e25
2.5140538895360827e25
2.503447512154804e25
2.4931136826304907e25
2.4830587463693587e25
2.4732888707495565e25
2.463810041046361e25
2.4546280564580637e25
2.4457485262350382e25
2.4371768659144968e25
2.4289182936635265e25
2.420977826732751e25
2.4133602780230333e25
2.4060702527674424e25
2.3991121453308413e25
2.3924901361292197e25
2.3862081886708277e25
2.3802700467212853e25
2.3746792315945267e25
2.3694390395715966e25
2.364552539449004e25
2.3600225702185486e25
2.355851738880231e25
2.3520424183898427e25
2.3485967457428665e25
2.3455166201960844e25
2.342803701628326e25
2.3404594090416203e25
2.338484919204043e25
2.3368811654353726e25
2.3356488365366562e25
2.334788375864608e25
2.334299980551844e25
2.3341836008737065e25
2.3344389397624194e25
2.3350654524692638e25
2.3360623463753033e25
2.337428580951182e25
2.3391628678663235e25
2.341263671247918e25
2.3437292080898705e25
2.346557448811828e25
2.3497461179683848e25
2.353292695108373e25
2.3571944157841353e25
2.361448272710527e25
2.3660510170733785e25
2.3709991599869943e25
2.376288974100192e25
2.381916495350332e25
2.38787752486467e25
2.394167631008238e25
2.4007821515774716e25
2.4077161961386195e25
2.414964648509924e25
2.42252216938647e25
2.43038319910652e25
2.4385419605580434e25
2.446992462224088e25
2.4557285013655463e25
2.464743667339781e25
2.4740313450534904e25
2.4835847185481216e25
2.493396774716053e25
2.5034603071456627e25
2.5137679200933796e25
2.524312032580638e25
2.535084882613693e25
2.5460785315240717e25
2.557284868427436e25
2.5686956147985072e25
2.580302329159654e25
2.5920964118806633e25
2.6040691100871525e25
2.61621152267499e25
2.6285146054280485e25
2.6409691762365122e25
2.653565920412957e25
2.666295396103269e25
2.6791480397894686e25
2.6921141718814456e25
2.7051840023945226e25
2.718347636709682e25
2.731595081413322e25
2.744916250213285e25
2.7583009699278366e25
2.771738986544279e25
2.7852199713437773e25
2.7987335270889972e25
2.812269194271014e25
2.8258164574119792e25
2.8393647514200024e25
2.8529034679925806e25
2.86642196206495e25
2.879909558299674e25
2.8933555576137436e25
2.906749243739428e25
2.9200798898150964e25
2.9333367650022045e25
2.9465091411246026e25
2.959586299326322e25
2.9725575367439264e25
2.985412173189582e25
2.99813955784088e25
3.0107290759335046e25
3.0231701554528235e25
3.0354522738204195e25
3.0475649645716162e25
3.0594978240200466e25
3.0712405179052914e25
3.0827827880196155e25
3.0941144588098437e25
3.1052254439504288e25
3.116105752883722e25
3.1267454973235567e25
3.1371348977181537e25
3.147264289668487e25
3.1571241302981464e25
3.1667050045708673e25
3.175997631551819e25
3.1849928706088446e25
3.193681727549805e25
3.2020553606922584e25
3.210105086861715e25
3.2178223873147173e25
3.2251989135830814e25
3.2322264932356243e25
3.23889713555376e25
3.245203037117395e25
3.25113658729758e25
3.2566903736524254e25
3.261857187222861e25
3.2666300277248143e25
3.2710021086344956e25
3.2749668621634818e25
3.2785179441203815e25
3.2816492386559008e25
3.284354862888203e25
3.2866291714054924e25
3.2884667606428543e25
3.2898624731304283e25
3.2908114016100285e25
3.2913088930174714e25
3.291350552327848e25
3.2909322462611567e25
3.290050106845645e25
3.288700534836458e25
3.2868802029871337e25
3.284586059171587e25
3.281815329354398e25
3.2785655204071617e25
3.274834422768888e25
3.270620112948342e25
3.2659209558665393e25
3.260735607037485e25
3.255063014585417e25
3.2489024210969712e25
3.242253365306641e25
3.2351156836141483e25
3.2274895114322415e25
3.2193752843637896e25
3.2107737392068915e25
3.2016859147869815e25
3.192113152614875e25
3.18205709736997e25
3.1715196972077807e25
3.160503203891042e25
3.149010172743948e25
3.137043462428916e25
3.1246062345456113e25
3.111701953051789e25
3.098334383505979e25
3.084507592131833e25
3.070225944704109e25
3.055494105256584e25
3.040317034611992e25
3.0246999887344727e25
3.008648516904766e25
2.992168459718945e25
2.975265946911225e25
2.957947395001534e25
2.940219504768878e25
2.9220892585513363e25
2.9035639173738537e25
2.884651017904841e25
2.865358369243085e25
2.845694049536152e25
2.825666402431911e25
2.805284033364559e25
2.78455580567707e25
2.7634908365817118e25
2.7420984929604016e25
2.7203883870071555e25
2.698370371714423e25
2.6760545362056824e25
2.6534512009163444e25
2.6305709126255403e25
2.607424439341157e25
2.5840227650405106e25
2.5603770842695645e25
2.536498796603162e25
2.5123995009692795e25
2.488090989839951e25
2.463585243292092e25
2.4388944229411728e25
2.4140308657507626e25
2.3890070777213785e25
2.3638357274618153e25
2.3385296396463695e25
2.3131017883612802e25
2.2875652903441543e25
2.2619333981197297e25
2.2362194930358363e25
2.2104370782030367e25
2.184599771342017e25
2.158721297542445e25
2.1328154819371183e25
2.106896242295607e25
2.080977581541218e25
2.0550735801955493e25
2.0291983887545236e25
2.003366220000388e25
1.9775913412537313e25
1.951888066569799e25
1.9262707488835396e25
1.9007537721076467e25
1.875351543188106e25
1.85007848412151e25
1.8249490239388316e25
1.7999775906600628e25
1.7751786032241322e25
1.7505664633989118e25
1.7261555476756563e25
1.7019601991526803e25
1.6779947194126443e25
1.654273360398375e25
1.6308103162916333e25
1.6076197153996375e25
1.5847156120538749e25
1.5621119785259963e25
1.539822696965435e25
1.5178615513632865e25
1.496242219547348e25
1.4749782652127715e25
1.4540831299931466e25
1.4335701255764602e25
1.4134524258707656e25
1.393743059224071e25
1.3744549007029632e25
1.3556006644346891e25
1.337192896017122e25
1.3192439650012015e25
1.3017660574502065e25
1.2847711685804628e25
1.2682710954878656e25
1.2522774299644387e25
1.2368015514094974e25
1.2218546198395384e25
1.2074475690011942e25
1.1935910995913482e25
1.180295672588688e25
1.1675715027006692e25
1.1554285519300158e25
1.143876523264627e25
1.1329248544949285e25
1.1225827121624444e25
1.1128589856433537e25
1.1037622813708235e25
1.0953009171997171e25
1.0874829169172446e25
1.0803160049030774e25
1.0738076009423353e25
1.0679648151948042e25
1.062794443323601e25
1.0583029617865155e25
1.0544965232930923e25
1.051380952430461e25
1.0489617414608075e25
1.047244046293358e25
1.0462326826335502e25
1.0459321223120608e25
1.0463464897962121e25
1.0474795588862035e25
1.0493347495984894e25
1.0519151252385699e25
1.055223389665295e25
1.0592618847487413e25
1.0640325880235498e25
1.0695371105395863e25
1.0757766949115868e25
1.0827522135693888e25
1.0904641672102963e25
1.098912683454844e25
1.108097515707334e25
1.1180180422221806e25
1.1286732653772177e25
1.1400618111547667e25
1.1521819288313082e25
1.165031490876502e25
1.178607993061992e25
1.1929085547805523e25
1.2079299195758005e25
1.2236684558828138e25
1.2401201579795877e25
1.257280647149374e25
1.275145173053781e25
1.2937086153162659e25
1.3129654853156968e25
1.3329099281893818e25
1.3535357250450796e25
1.374836295381041e25
1.396804699713324e25
1.4194336424093127e25
1.442715474726428e25
1.4666421980546341e25
1.4912054673614372e25
1.5163965948380378e25
1.5422065537447692e25
1.5686259824543495e25
1.5956451886909197e25
1.6232541539631676e25
1.6514425381891802e25
1.6801996845110064e25
1.7095146242967297e25
1.7393760823274091e25
1.7697724821665857e25
1.8006919517095607e25
1.832122328909945e25
1.8640511676803734e25
1.896465743964543e25
1.9293530619776858e25
1.9626998606120633e25
1.9964926200043678e25
2.0307175682616272e25
2.0653606883423243e25
2.1004077250888947e25
2.1358441924082207e25
2.1716553805961705e25
2.2078263638026744e25
2.2443420076330413e25
2.28118697688172e25
2.318345743394564e25
2.355802594055088e25
2.393541638890784e25
2.43154681929493e25
2.469801916359808e25
2.508290559316501e25
2.546996234076915e25
2.585902291873534e25
2.6249919579919538e25
2.6642483405917026e25
2.703654439610343e25
2.74319315574632e25
2.7828472995152492e25
2.8225996003748937e25
2.8624327159139726e25
2.9023292410993735e25
2.942271717576998e25
2.9822426430208326e25
3.02222448052541e25
3.062199668036038e25
3.102150627811851e25
3.142059775916205e25
3.1819095317293725e25
3.2216823274778946e25
3.2613606177753834e25
3.3009268891695917e25
3.3403636696900143e25
3.3796535383909123e25
3.418779134884155e25
3.457723168856786e25
3.496468429567511e25
3.534997795316904e25
3.5732942428861034e25
3.6113408569382136e25
3.6491208393773723e25
3.686617518659839e25
3.723814359052117e25
3.7606949698303607e25
3.797243114415933e25
3.8334427194420493e25
3.869277883745835e25
3.904732887280907e25
3.939792199945051e25
3.9744404903181574e25
4.008662634304932e25
4.042443723677598e25
4.075769074513373e25
4.1086242355220425e25
4.140994996258364e25
4.1728673952146e25
4.204227727788577e25
4.235062554122157e25
4.265358706805756e25
4.295103298444104e25
4.324283729078944e25
4.35288769346396e25
4.380903188187637e25
4.408318518639927e25
4.435122305818177e25
4.461303492968461e25
4.486851352058014e25
4.511755490075139e25
4.536005855152325e25
4.559592742509013e25
4.582506800210421e25
4.60473903473855e25
4.626280816372169e25
4.647123884372169e25
4.667260351969266e25
4.686682711150611e25
4.705383837242428e25
4.7233569932856145e25
4.740595834201651e25
4.757094410745846e25
4.772847173245451e25
4.787848975120251e25
4.802095076183033e25
4.8155811457178785e25
4.828303265334032e25
4.840257931593507e25
4.851442058410359e25
4.8618529792199715e25
4.8714884489168535e25
4.880346645559236e25
4.8884261718392754e25
4.895726056317581e25
4.902245754421028e25
4.907985149202801e25
4.912944551863901e25
4.917124702035496e25
4.920526767821414e25
4.923152345600502e25
4.925003459588445e25
4.926082561159078e25
4.9263925279249705e25
4.925936662577607e25
4.924718691487287e25
4.922742763063311e25
4.920013445874838e25
4.916535726533206e25
4.912315007336508e25
4.907357103677415e25
4.901668241215282e25
4.895255052813821e25
4.888124575245733e25
4.880284245665745e25
4.871741897853759e25
4.862505758229861e25
4.8525844416431114e25
4.841986946936164e25
4.830722652287879e25
4.818801310336292e25
4.8062330430842945e25
4.793028336590682e25
4.779198035449219e25
4.764753337058497e25
4.74970578568572e25
4.7340672663272325e25
4.717849998369172e25
4.70106652905149e25
4.68372972673879e25
4.6658527740015225e25
4.6474491605112045e25
4.628532675753449e25
4.609117401562686e25
4.589217704482577e25
4.56884822795622e25
4.5480238843503675e25
4.526759846817977e25
4.505071541003452e25
4.482974636595183e25
4.460485038729863e25
4.4376188792534486e25
4.414392507843364e25
4.390822482996968e25
4.366925562891189e25
4.342718696118371e25
4.318219012303466e25
4.293443812607797e25
4.268410560124586e25
4.243136870171706e25
4.217640500486977e25
4.191939341331547e25
4.16605140550684e25
4.139994818290733e25
4.1137878072985655e25
4.087448692274768e25
4.060995874820679e25
4.03444782806467e25
4.007823086280116e25
3.981140234457231e25
3.9544178978347375e25
3.927674731397218e25
3.9009294093442405e25
3.874200614537142e25
3.8475070279296394e25
3.8208673179882328e25
3.794300130108468e25
3.7678240760331984e25
3.7414577232788797e25
3.715219584576017e25
3.6891281073298495e25
3.6632016631073204e25
3.637458537156617e25
3.611916917965029e25
3.586594886861491e25
3.5615104076697096e25
3.5366813164179528e25
3.5121253111114714e25
3.4878599415735845e25
3.4639025993613525e25
3.4402705077617537e25
3.4169807118742385e25
3.394050068785524e25
3.3714952378424238e25
3.3493326710284144e25
3.3275786034497015e25
3.306249043936396e25
3.2853597657643274e25
3.2649262975031953e25
3.2449639139962898e25
3.2254876274773295e25
3.2065121788296907e25
3.1880520289932713e25
3.1701213505241633e25
3.1527340193122225e25
3.1359036064615536e25
3.119643370338793e25
3.1039662487940728e25
3.08888485155935e25
3.0744114528287856e25
3.0605579840256812e25
3.047336026760449e25
3.0347568059838833e25
3.0228311833401285e25
3.011569650723236e25
3.0009823240414927e25
2.9910789371933725e25
2.9818688362588628e25
2.973360973909838e25
2.9655639040430513e25
2.958485776639117e25
2.952134332850776e25
2.9465169003236386e25
2.941640388752408e25
2.937511285675488e25
2.934135652510711e25
2.931519120834907e25
2.929666888909684e25
2.9285837184558158e25
2.9282739316785167e25
2.928741408545581e25
2.9299895843203233e25
2.932021447351116e25
2.9348395371192045e25
2.9384459425461787e25
2.942842300562519e25
2.9480297949383284e25
2.954009155377422e25
2.960780656875471e25
2.9683441193430644e25
2.9766989074941828e25
2.985843931000627e25
2.9957776449125177e25
3.0064980503450254e25
3.0180026954314007e25
3.030288676541963e25
3.0433526397687526e25
3.057190782675291e25
3.0717988563109535e25
3.0871721674888897e25
3.1033055813266346e25
3.1201935240483995e25
3.1378299860475112e25
3.1562085252077636e25
3.1753222704819374e25
3.1951639257259533e25
3.215725773786515e25
3.2369996808402785e25
3.258977100982555e25
3.2816490810628184e25
3.305006265764864e25
3.3290389029287067e25
3.353736849111742e25
3.379089575385872e25
3.405086173367825e25
3.4317153614791918e25
3.458965491433165e25
3.4868245549441073e25
3.515280190656477e25
3.544319691289543e25
3.5739300109936157e25
3.604097772914053e25
3.6348092769586996e25
3.6660505077647478e25
3.697807142860255e25
3.7300645610159693e25
3.7628078507830175e25
3.7960218192112617e25
3.8296910007438324e25
3.8637996662825518e25
3.898331832419529e25
3.933271270829296e25
3.968601517816387e25
4.00430588401315e25
4.040367464221874e25
4.0767691473959855e25
4.113493626754387e25
4.150523410023479e25
4.187840829800612e25
4.225428054033352e25
4.263267096608288e25
4.3013398280436674e25
4.339627986279238e25
4.3781131875573094e25
4.416776937388918e25
4.455600641598323e25
4.494565617439807e25
4.533653104780002e25
4.572844277339656e25
4.612120253987798e25
