1.7366146874999993e-13
1.7366567684167963e11
2.7788137856848906e12
1.406915502815904e13
4.447172946640979e13
1.0859314584479572e14
2.2522822038287578e14
4.1737091904089506e14
7.122274801982858e14
1.141231567899912e15
1.7400612793741595e15
2.5486578044713035e15
3.611245509069037e15
4.976353189403153e15
6.696836219762916e15
8.829899292099569e15
1.1437119422888664e16
1.458446888011748e16
1.8342337661591824e16
2.2785555134924016e16
2.7993410429628656e16
3.404967115276319e16
4.1042599981557e16
4.906496866952125e16
5.821406898666929e16
6.859172009974661e16
8.030427188481402e16
9.34626036521871e16
1.0818211775264902e17
1.2458272752405941e17
1.4278883902901131e17
1.6292932602707968e17
1.851374976194845e17
2.095510579996895e17
2.3631205774059923e17
2.6556683604763498e17
2.974659534070688e17
3.3216411406061606e17
3.6982007774042714e17
4.10596560103312e17
4.546601213092744e17
5.021810421972445e17
5.533331875202868e17
6.082938557135259e17
6.672436146805821e17
7.303661230984403e17
7.978479367563846e17
8.698782994619278e17
9.466489180655049e17
1.0283537211761272e18
1.1151886011621435e18
1.207351139054739e18
1.3050403119968133e18
1.408456182906358e18
1.5177995720514196e18
1.6332717102631311e18
1.7550738735441252e18
1.883406998861816e18
2.0184712809496236e18
2.160465749974053e18
2.309587829961708e18
2.466032877917679e18
2.6299937036053535e18
2.8016600699973965e18
2.9812181744484895e18
3.1688501106823014e18
3.3647333117280543e18
3.5690399739858534e18
3.7819364626447053e18
4.003582698722688e18
4.234131528045057e18
4.473728072523143e18
4.72250906414455e18
4.980602162133466e18
5.248125253788681e18
5.525185739556119e18
5.811879802942346e18
6.108291665925405e18
6.414492830569488e18
6.730541307600265e18
7.056480832748108e18
7.392340071716776e18
7.73813181468559e18
8.093852161303116e18
8.459479697180518e18
8.83497466294226e18
9.220278116941082e18
9.615311092793094e18
1.0019973752936856e19
1.0434144539468036e19
1.0857679323548135e19
1.1290410554731702e19
1.1732146411601773e19
1.2182669955147491e19
1.2641738286360986e19
1.3109081709572602e19
1.358440290308463e19
1.406737609870286e19
1.4557646271803892e19
1.5054828343612463e19
1.5558506397398516e19
1.606823291033721e19
1.6583528002806833e19
1.7103878706930147e19
1.762873825619232e19
1.8157525397995663e19
1.868962373103528e19
1.922438106940246e19
1.976110883534249e19
2.0299081482612023e19
2.083753595239659e19
2.1375671163762434e19
2.1912647540628038e19
2.244758657724913e19
2.2979570444217352e19
2.350764163697631e19
2.4030802668859593e19
2.4548015810653983e19
2.5058202878686593e19
2.556024507342746e19
2.605298287058975e19
2.6535215966696354e19
2.7005703281066807e19
2.746316301615979e19
2.7906272778184802e19
2.8333669759873106e19
2.8743950987270046e19
2.9135673632380944e19
2.950735539346979e19
2.985747494477332e19
3.0184472457353925e19
3.048675019277263e19
3.0762673171218276e19
3.1010569915680047e19
3.1228733273699676e19
3.1415421318185443e19
3.156885832871166e19
3.1687235854668325e19
3.176871386156104e19
3.1811421961695814e19
3.181346073041392e19
3.177290310896958e19
3.1687795895068398e19
3.155616132200742e19
3.1375998727275598e19
3.1145286311392047e19
3.0861982987671634e19
3.052403032352059e19
3.0129354573772214e19
2.967586880648053e19
2.9161475121491853e19
2.85840669620181e19
2.7941531519332688e19
2.72317522306083e19
2.645261136981031e19
2.560199273145211e19
2.4677784406910517e19
2.367788165288659e19
2.260018985148684e19
2.144262756128278e19
2.0203129658592477e19
1.887965056810991e19
1.7470167581887828e19
1.5972684265561272e19
1.4385233950576534e19
1.2705883311067685e19
1.0932736023900217e19
9.063936510277542e18
7.097673757179036e18
5.032185216776159e18
2.865760781844742e18
5.967468350664704e17
-1.7764496300132106e18
-4.255356818730336e18
-6.841433878237856e18
-9.536066576241189e18
-1.234056291827182e19
-1.5256148706362204e19
-1.828396304210727e19
-2.1425053777222762e19
-2.468037291483521e19
-2.8050771964854428e19
-3.153699725690644e19
-3.513968521441775e19
-3.885935759356345e19
-4.269641669090288e19
-4.66511405236465e19
-5.072367798660216e19
-5.491404398996356e19
-5.9222114582210806e19
-6.364762206249487e19
-6.819015008698125e19
-7.284912877373221e19
-7.762382981079364e19
-8.251336157225912e19
-8.751666424716086e19
-9.263250498613628e19
-9.785947307089566e19
-1.0319597511159554e20
-1.0864023027730658e20
-1.14190265564829e20
-1.1984391111117927e20
-1.2559879555514237e20
-1.314523414533341e20
-1.374017607562788e20
-1.4344405035006561e20
-1.4957598766917485e20
-1.5579412638613268e20
-1.620947921836627e20
-1.6847407861506245e20
-1.749278430585328e20
-1.814517027712316e20
-1.8804103104883e20
-1.946909534963554e20
-2.0139634441612788e20
-2.0815182331857607e20
-2.1495175156173105e20
-2.2179022912516974e20
-2.286610915241817e20
-2.355579068698826e20
-2.4247397308100503e20
-2.494023152530203e20
-2.563356831902481e20
-2.6326654910652154e20
-2.701871054999613e20
-2.7708926320731685e20
-2.8396464964330036e20
-2.9080460723024042e20
-2.9760019202332203e20
-3.043421725365861e20
-3.1102102877477765e20
-3.1762695147602464e20
-3.2414984157024616e20
-3.305793098580484e20
-3.369046769147883e20
-3.4311497322432784e20
-3.491989395469044e20
-3.551450275253801e20
-3.609414005340188e20
-3.66575934773773e20
-3.720362206179223e20
-3.773095642117429e20
-3.82382989329717e20
-3.872432394936409e20
-3.9187678035477935e20
-3.962698023430791e20
-4.004082235862182e20
-4.04277693101114e20
-4.078635942602923e20
-4.111510485353291e20
-4.141249195193561e20
-4.167698172304175e20
-4.1907010269724744e20
-4.210098928288055e20
-4.225730655686892e20
-4.237432653353044e20
-4.245039087484372e20
-4.2483819064264425e20
-4.247290903676086e20
-4.241593783753822e20
-4.2311162309417094e20
-4.2156819808807695e20
-4.19511289501931e20
-4.169229037901047e20
-4.1378487572793144e20
-4.100788767040677e20
-4.057864232919021e20
-4.008888860977999e20
-3.9536749888373424e20
-3.8920336796155616e20
-3.823774818558895e20
-3.748707212323543e20
-3.666638690875406e20
-3.577376211968771e20
-3.480725968162564e20
-3.376493496329989e20
-3.26448378961446e20
-3.144501411782041e20
-3.016350613917826e20
-2.879835453410517e20
-2.734759915167326e20
-2.5809280349978404e20
-2.4181440251031834e20
-2.2462124016038753e20
-2.064938114037024e20
-1.8741266767509887e20
-1.6735843021224686e20
-1.463118035519157e20
-1.2425358919274371e20
-1.0116469941628292e20
-7.70261712577999e19
-5.181918061806099e19
-2.5525056507077198e19
1.874704589431898e18
3.0398424230358286e19
6.006422743605825e19
9.089002801167742e19
1.2289351378713497e20
1.5609213178417997e20
1.9050307332111493e20
2.2614325906602105e20
2.630293240494736e20
3.0117760264799506e20
3.406041135495854e20
3.813245447129427e20
4.233542383320835e20
4.6670817581828184e20
5.114009628113488e20
5.5744681423249146e20
6.048595393910581e20
6.536525271576263e20
7.038387312160489e20
7.554306554071115e20
8.084403391766198e20
8.628793431407885e20
9.187587347818917e20
9.760890742872261e20
1.0348804005444615e21
1.0951422173065385e21
1.156883479539303e21
1.2201125799650766e21
1.2848373358154188e21
1.3510649758062988e21
1.4188021273489456e21
1.4880548040095653e21
1.5588283932311518e21
1.631127644330535e21
1.7049566567837826e21
1.780318868813001e21
1.8572170462875248e21
1.9356532719523605e21
2.0156289349967146e21
2.097144720975271e21
2.180200602094786e21
2.2647958278784423e21
2.3509289162202475e21
2.438597644841638e21
2.527799043162172e21
2.6185293845962115e21
2.7107841792870827e21
2.804558167290167e21
2.899845312216034e21
2.99663879534463e21
3.094931010221124e21
3.1947135577439695e21
3.2959772417552375e21
3.398712065143256e21
3.502907226467035e21
3.608551117111941e21
3.715631318985466e21
3.82413460276195e21
3.9340469266844127e21
4.0453534359317025e21
4.158038462558421e21
4.272085526015093e21
4.3874773342552924e21
4.504195785436468e21
4.6222219702203696e21
4.741536174679005e21
4.862117883811251e21
4.983945785675148e21
5.106997776140193e21
5.231250964263795e21
5.356681678295218e21
5.483265472310379e21
5.610977133479862e21
5.739790689972517e21
5.869679419496141e21
6.000615858476562e21
6.132571811875663e21
6.265518363648727e21
6.39942588784049e21
6.534264060319389e21
6.670001871148378e21
6.806607637590551e21
6.944049017747181e21
7.082293024825104e21
7.221306042030152e21
7.36105383808241e21
7.501501583348928e21
7.642613866588593e21
7.784354712303698e21
7.926687598691798e21
8.069575476191331e21
8.212980786613445e21
8.356865482852439e21
8.501191049166167e21
8.645918522017684e21
8.791008511468412e21
8.936421223112983e21
9.082116480544985e21
9.228053748342617e21
9.374192155562485e21
9.520490519729407e21
9.666907371309374e21
9.813400978652565e21
9.959929373392439e21
1.0106450376286752e22
1.0252921623485597e22
1.039930059321117e22
1.0545544632833422e22
1.0691610986325368e22
1.083745682208113e22
1.0983039261079593e22
1.112831540537582e22
1.1273242366902159e22
1.141777729656029e22
1.156187741358531e22
1.1705500035162158e22
1.184860260627472e22
1.1991142729767052e22
1.2133078196596324e22
1.227436701625611e22
1.2414967447348866e22
1.2554838028285595e22
1.2693937608090764e22
1.2832225377289928e22
1.2969660898857298e22
1.3106204139200331e22
1.3241815499157908e22
1.3376455844988644e22
1.351008653932536e22
1.364266947207187e22
1.3774167091217646e22
1.3904542433546085e22
1.4033759155211567e22
1.4161781562160758e22
1.4288574640373044e22
1.4414104085895234e22
1.453833633464518e22
1.4661238591959425e22
1.4782778861859247e22
1.490292597601016e22
1.5021649622349128e22
1.5138920373354576e22
1.5254709713933542e22
1.5368990068900987e22
1.5481734830025748e22
1.5592918382618341e22
1.570251613163528e22
1.5810504527275346e22
1.591686109004263e22
1.6021564435252296e22
1.6124594296954173e22
1.6225931551250433e22
1.6325558238983064e22
1.642345758776771e22
1.651961403335033e22
1.6614013240263689e22
1.6706642121760788e22
1.679748885900289e22
1.6886542919480015e22
1.697379507464229e22
1.7059237416720864e22
1.714286337471748e22
1.722466772954246e22
1.73046466282811e22
1.7382797597569125e22
1.7459119556058205e22
1.7533612825953333e22
1.7606279143604162e22
1.7677121669133165e22
1.7746144995083828e22
1.7813355154073176e22
1.7878759625432943e22
1.794236734082502e22
1.8004188688816787e22
1.8064235518403358e22
1.8122521141463908e22
1.8179060334140219e22
1.8233869337126469e22
1.8286965854859627e22
1.833836905360113e22
1.8388099558400917e22
1.8436179448935892e22
1.8482632254215615e22
1.8527482946149023e22
1.8570757931966638e22
1.8612485045493835e22
1.865269353727125e22
1.8691414063519824e22
1.8728678673948367e22
1.8764520798402885e22
1.8798975232357438e22
1.8832078121247615e22
1.8863866943648416e22
1.8894380493299423e22
1.8923658859980857e22
1.8951743409245584e22
1.897867676101257e22
1.900450276702871e22
1.902926648720647e22
1.905301416484643e22
1.9075793200754127e22
1.9097652126262135e22
1.911864057516898e22
1.9138809254607615e22
1.9158209914857362e22
1.9176895318113777e22
1.9194919206232573e22
1.9212336267463846e22
1.922920210219487e22
1.924557318771989e22
1.9261506842056764e22
1.9277061186831084e22
1.929229510924968e22
1.9307268223185977e22
1.9322040829401035e22
1.933667387492466e22
1.935122891162244e22
1.93657680539749e22
1.9380353936096426e22
1.939504966802214e22
1.940991879129204e22
1.9425025233862546e22
1.9440433264376385e22
1.945620744582272e22
1.9472412588620214e22
1.9489113703156556e22
1.950637595181877e22
1.952426460054948e22
1.9542844969964857e22
1.9562182386071108e22
1.9582342130616777e22
1.960338939111881e22
1.9625389210601337e22
1.9648406437086385e22
1.9672505672876807e22
1.9697751223671772e22
1.9724207047556307e22
1.97519367039066e22
1.978100330225326e22
1.9811469451145704e22
1.984339720706045e22
1.987684802339751e22
1.991188269960888e22
1.994856133050359e22
1.9986943255774195e22
2.0027087009790126e22
2.0069050271703096e22
2.0112889815910536e22
2.0158661462922912e22
2.020642003068109e22
2.025621928637009e22
2.030811189877561e22
2.0362149391229847e22
2.0418382095193135e22
2.047685910451797e22
2.0537628230441887e22
2.0600735957355898e22
2.066622739939432e22
2.0734146257892873e22
2.0804534779760504e22
2.087743371681116e22
2.095288228610079e22
2.1030918131315024e22
2.1111577285252348e22
2.1194894133447476e22
2.1280901378978806e22
2.1369630008503964e22
2.1461109259566387e22
2.155536658921578e22
2.1652427643984407e22
2.175231623126085e22
2.185505429210192e22
2.1960661875523074e22
2.206915711430645e22
2.2180556202365543e22
2.229487337370407e22
2.2412120883006215e22
2.253230898789429e22
2.2655445932888893e22
2.278153793510623e22
2.2910589171725217e22
2.304260176925711e22
2.3177575794648514e22
2.33155092482479e22
2.345639805866444e22
2.360023607954706e22
2.3747015088309833e22
2.389672478682946e22
2.4049352804138354e22
2.420488470113625e22
2.4363303977341497e22
2.452459207970215e22
2.4688728413485096e22
2.4855690355260602e22
2.5025453267997606e22
2.5197990518284152e22
2.5373273495685267e22
2.5551271634249544e22
2.573195243617377e22
2.5915281497633468e22
2.6101222536785594e22
2.628973742394796e22
2.6480786213958322e22
2.667432718071418e22
2.6870316853893024e22
2.706871005785058e22
2.726945995269324e22
2.7472518077518654e22
2.7677834395817282e22
2.788535734302531e22
2.8095033876217785e22
2.8306809525929247e22
2.852062845008665e22
2.8736433490038308e22
2.8954166228660097e22
2.917376705051865e22
2.9395175204069346e22
2.9618328865864923e22
2.9843165206748814e22
3.006962046000538e22
3.0297629991437194e22
3.0527128371337993e22
3.0758049448327693e22
3.0990326425014344e22
3.122389193544548e22
3.1458678124310363e22
3.1694616727851773e22
3.1931639156444985e22
3.2169676578799185e22
3.2408660007735213e22
3.2648520387491264e22
3.2889188682506848e22
3.3130595967633298e22
3.3372673519717383e22
3.361535291050284e22
3.3858566100793283e22
3.4102245535817553e22
3.4346324241737845e22
3.459073592323832e22
3.4835415062131388e22
3.508029701691617e22
3.5325318123223138e22
3.557041579507655e22
3.581552862690558e22
3.6060596496232937e22
3.6305560666968942e22
3.6550363893237237e22
3.67949505236572e22
3.7039266606006894e22
3.7283259992188897e22
3.7526880443420402e22
3.777007973556789e22
3.801281176454505e22
3.825503265169228e22
3.849670084905472e22
3.8737777244474595e22
3.897822526641318e22
3.9218010988416665e22
3.945710323313927e22
3.969547367583627e22
3.993309694723915e22
4.016995073572404e22
4.040601588868431e22
4.0641276513017706e22
4.087572007463757e22
4.1109337496917935e22
4.134212325798116e22
4.157407548673728e22
4.18051960575834e22
4.2035490683671705e22
4.2264969008654406e22
4.249364469681395e22
4.272153552148694e22
4.294866345169025e22
4.31750547368579e22
4.340073998959794e22
4.362575426637822e22
4.385013714605105e22
4.407393280612658e22
4.429719009670579e22
4.45199626119841e22
4.474230875923773e22
4.496429182520522e22
4.518598003977786e22
4.540744663691305e22
4.562876991268625e22
4.585003328039749e22
4.607132532265008e22
4.629273984032017e22
4.651437589833666e22
4.673633786819301e22
4.6958735467113095e22
4.718168379379546e22
4.740530336066097e22
4.762972012253148e22
4.785506550166777e22
4.808147640909769e22
4.830909526216618e22
4.8538069998241975e22
4.8768554084516474e22
4.90007065238332e22
4.923469185648779e22
4.947068015794073e22
4.970884703238752e22
4.994937360213273e22
5.0192446492716835e22
5.043825781374767e22
5.068700513538996e22
5.093889146046926e22
5.119412519214934e22
5.1452920097144555e22
5.171549526443091e22
5.198207505942342e22
5.225288907358853e22
5.2528172069465054e22
5.2808163921067925e22
5.3093109549653935e22
5.338325885483011e22
5.3678866640989225e22
5.3980192539059545e22
5.428750092355951e22
5.460106082495055e22
5.492114583728478e22
5.524803402114801e22
5.558200780190023e22
5.592335386322095e22
5.627236303596864e22
5.662933018236747e22
5.699455407553779e22
5.736833727439006e22
5.775098599390564e22
5.814280997083125e22
5.854412232481633e22
5.895523941502824e22
5.9376480692281e22
5.980816854671923e22
6.025062815110022e22
6.070418729972259e22
6.116917624305203e22
6.164592751809876e22
6.213477577460487e22
6.263605759710278e22
6.315011132291022e22
6.367727685613007e22
6.42178954777268e22
6.477230965175551e22
6.534086282782218e22
6.59238992398572e22
6.652176370128852e22
6.713480139670312e22
6.776335767008938e22
6.840777780975637e22
6.906840683002895e22
6.974558924982118e22
7.0439668868193746e22
7.115098853700429e22
7.1879889930762186e22
7.26267133138035e22
7.339179730490387e22
7.4175478639450716e22
7.497809192929857e22
7.579996942043495e22
7.664144074858678e22
7.750283269289947e22
7.838446892782464e22
7.928666977335448e22
8.020975194374358e22
8.115402829486087e22
8.21198075703182e22
8.310739414652361e22
8.411708777680896e22
8.514918333478558e22
8.62039705570819e22
8.728173378562108e22
8.838275170959672e22
8.95072971073073e22
9.065563658801295e22
9.182803033397863e22
9.302473184286927e22
9.42459876706647e22
9.549203717526392e22
9.676311226094871e22
9.80594371238781e22
9.93812279987866e22
1.0072869290706061e23
1.021020314063666e23
1.0350143434200862e23
1.0492708360018912e23
1.0637915186335214e23
1.0785780236778532e23
1.0936318866365941e23
1.1089545437768207e23
1.1245473297854622e23
1.1404114754534958e23
1.1565481053916593e23
1.172958235779434e23
1.189642772149105e23
1.2066025072066557e23
1.2238381186912767e23
1.2413501672752455e23
1.2591390945059301e23
1.2772052207916758e23
1.2955487434332981e23
1.3141697347029077e23
1.3330681399717883e23
1.3522437758890143e23
1.3716963286125054e23
1.391425352094164e23
1.4114302664207595e23
1.431710356212199e23
1.4522647690787594e23
1.4730925141389081e23
1.4941924605992566e23
1.5155633363981947e23
1.537203726914721e23
1.5591120737439642e23
1.581286673540853e23
1.6037256769333867e23
1.62642708750688e23
1.6493887608605876e23
1.6726084037380346e23
1.6960835732323713e23
1.7198116760680072e23
1.7437899679597933e23
1.768015553050923e23
1.792485383430752e23
1.8171962587336178e23
1.842144825819785e23
1.867327578539542e23
1.8927408575814563e23
1.9183808504057337e23
1.9442435912636278e23
1.9703249613037376e23
1.9966206887660333e23
2.0231263492643935e23
2.049837366158371e23
2.0767490110148643e23
2.1038564041603525e23
2.1311545153242376e23
2.1586381643738556e23
2.1863020221416168e23
2.2141406113446974e23
2.2421483075976765e23
2.2703193405184013e23
2.298647794927373e23
2.3271276121408457e23
2.3557525913577822e23
2.3845163911407854e23
2.413412530991011e23
2.4424343930170574e23
2.4715752236977646e23
2.5008281357387523e23
2.5301861100225306e23
2.5596419976519056e23
2.5891885220863783e23
2.6188182813711518e23
2.648523750458314e23
2.6782972836196917e23
2.7081311169508188e23
2.738017370965422e23
2.7679480532797077e23
2.79791506138572e23
2.8279101855129965e23
2.8579251115776063e23
2.8879514242176965e23
2.91798060991453e23
2.9480040601979592e23
2.9780130749352806e23
3.0079988657022312e23
3.037952559234956e23
3.0678652009616204e23
3.0977277586123426e23
3.127531125906034e23
3.157266126312665e23
3.1869235168894515e23
3.216493992189375e23
3.2459681882403864e23
3.2753366865936064e23
3.3045900184387586e23
3.333718668785045e23
3.3627130807055766e23
3.3915636596434636e23
3.420260777777569e23
3.448794778445928e23
3.477155980624751e23
3.505334683460851e23
3.533321170855378e23
3.5611057160965836e23
3.588678586539377e23
3.616030048329318e23
3.643150371168734e23
3.670029833122482e23
3.696658725460978e23
3.723027357537924e23
3.749126061700265e23
3.7749451982277395e23
3.800475160299453e23
3.8257063789847976e23
3.850629328256055e23
3.875234530019914e23
3.899512559165223e23
3.9234540486241125e23
3.9470496944437314e23
3.9702902608657203e23
3.9931665854105715e23
4.015669583963969e23
4.037790255862198e23
4.0595196889736547e23
4.0808490647735705e23
4.1017696634088736e23
4.122272868750261e23
4.142350173428455e23
4.1619931838516057e23
4.181193625200824e23
4.199943346400785e23
4.2182343250623654e23
4.23605867239424e23
4.253408638080389e23
4.2702766151204545e23
4.2866551446298585e23
4.302536920596661e23
4.3179147945920433e23
4.3327817804314433e23
4.347131058783197e23
4.360955981721752e23
4.374250077222346e23
4.3870070535942e23
4.399220803849183e23
4.410885410003013e23
4.421995147306011e23
4.4325444884004595e23
4.442528107401695e23
4.451940883899995e23
4.460777906880448e23
4.4690344785579245e23
4.476706118124398e23
4.483788565405813e23
4.490277784425791e23
4.496169966873453e23
4.501461535472758e23
4.506149147250661e23
4.5102296967016076e23
4.513700318845764e23
4.5165583921785686e23
4.518801541509118e23
4.520427640685043e23
4.521434815201531e23
4.521821444692242e23
4.521586165299865e23
4.520727871924197e23
4.5192457203455945e23
4.517139129221835e23
4.514407781956313e23
4.511051628435752e23
4.5070708866355146e23
4.502466044090805e23
4.497237859231974e23
4.491387362582365e23
4.484915857817074e23
4.477824922681206e23
4.470116409766109e23
4.461792447142369e23
4.452855438848178e23
4.443308065232026e23
4.433153283148488e23
4.422394326006181e23
4.4110347036669e23
4.3990782021951344e23
4.3865288834571156e23
4.3733910845688204e23
4.359669417192212e23
4.345368766679365e23
4.330494291063901e23
4.315051419899535e23
4.2990458529453985e23
4.282483558698098e23
4.265370772770343e23
4.247713996116274e23
4.229519993103594e23
4.210795789432708e23
4.191548669903234e23
4.171786176028246e23
4.151516103496865e23
4.13074649948565e23
4.1094856598196514e23
4.0877421259837747e23
4.065524681985519e23
4.042842351069893e23
4.01970439228775e23
3.9961202969186036e23
3.97209978474932e23
3.9476528002099465e23
3.922789508368205e23
3.897520290784189e23
3.8718557412269715e23
3.8458066612547836e23
3.819384055660689e23
3.79259912778563e23
3.765463274700948e23
3.737988082262418e23
3.710185320038054e23
3.6820669361119636e23
3.653645051766698e23
3.6249319560464816e23
3.595940100203967e23
3.5666820920331124e23
3.5371706900909756e23
3.5074187978111844e23
3.4774394575120094e23
3.44724584430202e23
3.4168512598864244e23
3.386269126277147e23
3.355512979409953e23
3.324596462671829e23
3.2935333203420864e23
3.262337390950509e23
3.2310226005561494e23
3.199602955950269e23
3.168092537787166e23
3.136505493646484e23
3.104856031030827e23
3.073158410302557e23
3.041426937563563e23
3.0096759574820123e23
2.9779198460700617e23
2.9461730034166176e23
2.9144498463791635e23
2.8827648012388967e23
2.851132296323282e23
2.8195667546003545e23
2.7880825862489457e23
2.7566941812092195e23
2.7254159017178346e23
2.694262074832135e23
2.6632469849477647e23
2.632384866314139e23
2.6016898955522893e23
2.5711761841794886e23
2.540857771145242e23
2.5107486153830856e23
2.4808625883828382e23
2.4512134667877422e23
2.421814925021122e23
2.392680527947081e23
2.363823723569873e23
2.3352578357764044e23
2.3069960571265247e23
2.279051441695598e23
2.251436897973971e23
2.2241651818277822e23
2.1972488895257133e23
2.17070045083612e23
2.1445321221991054e23
2.1187559799778936e23
2.093383913794016e23
2.068427619950645e23
2.0438985949485357e23
2.0198081290987902e23
1.996167300236841e23
1.9729869675418228e23
1.9502777654656333e23
1.928050097775746e23
1.906314131715951e23
1.8850797922890368e23
1.8643567566654758e23
1.844154448721975e23
1.8244820337138062e23
1.805348413084776e23
1.786762219418489e23
1.768731811534654e23
1.7512652697339977e23
1.7343703911953474e23
1.718054685528285e23
1.7023253704847798e23
1.687189367833037e23
1.6726532993968395e23
1.6587234832633914e23
1.6454059301627418e23
1.6327063400216888e23
1.6206300986950187e23
1.6091822748767547e23
1.5983676171940857e23
1.588190551486461e23
1.5786551782723275e23
1.5697652704057443e23
1.561524270925115e23
1.5539352910961274e23
1.5470011086508696e23
1.5407241662249647e23
1.5351065699944876e23
1.5301500885142558e23
1.5258561517590476e23
1.522225850369055e23
1.5192599351008896e23
1.5169588164851953e23
1.515322564691979e23
1.514350909604405e23
1.5140432411018797e23
1.5143986095529935e23
1.51541572651885e23
1.51709296566705e23
1.5194283638966227e23
1.52241962267389e23
1.5260641095793273e23
1.5303588600650836e23
1.535300579422927e23
1.540885644962094e23
1.5471101083964677e23
1.5539696984402995e23
1.561459823611592e23
1.5695755752421428e23
1.5783117306930655e23
1.5876627567744598e23
1.5976228133678062e23
1.6081857572495207e23
1.6193451461138927e23
1.6310942427935903e23
1.6434260196756956e23
1.656333163311179e23
1.6698080792154616e23
1.683842896857749e23
1.6984294748364874e23
1.7135594062383478e23
1.7292240241778584e23
1.7454144075147697e23
1.7621213867460478e23
1.779335550069336e23
1.7970472496144453e23
1.81524660783954e23
1.8339235240882924e23
1.8530676813043845e23
1.8726685528994707e23
1.892715409770656e23
1.9131973274633864e23
1.9341031934756174e23
1.9554217146988324e23
1.9771414249916492e23
1.9992506928813103e23
2.0217377293885355e23
2.0445905959709344e23
2.0677972125801393e23
2.0913453658277004e23
2.115222717254703e23
2.1394168116999625e23
2.1639150857615153e23
2.188704876346169e23
2.2137734293016054e23
2.239107908125579e23
2.2646954027466457e23
2.290522938370731e23
2.3165774843878463e23
2.3428459633331336e23
2.3693152598963332e23
2.395972229973859e23
2.4228037097573457e23
2.4497965248527216e23
2.4769374994236604e23
2.50421346535329e23
2.5316112714179297e23
2.5591177924666467e23
2.5867199386003307e23
2.6144046643440208e23
2.6421589778060817e23
2.6699699498179194e23
2.6978247230478085e23
2.725710521082463e23
2.7536146574698903e23
2.7815245447171362e23
2.809427703236448e23
2.8373117702334498e23
2.865164508530901e23
2.8929738153215576e23
2.9207277308437856e23
2.9484144469735e23
2.9760223157260202e23
3.0035398576615536e23
3.0309557701879114e23
3.0582589357541874e23
3.085438429929178e23
3.112483529358268e23
3.139383719592643e23
3.16612870278472e23
3.192708405243704e23
3.21911298484529e23
3.2453328382895504e23
3.271358608201124e23
3.29718119006596e23
3.322791738998803e23
3.348181676335833e23
3.373342696046892e23
3.398266770961802e23
3.422946158805406e23
3.4473734080360486e23
3.471541363482315e23
3.49544317177294e23
3.519072286554934e23
3.54242247349507e23
3.565487815059956e23
3.588262715070137e23
3.6107419030236855e23
3.6329204381849305e23
3.654793713434107e23
3.676357458873782e23
3.6976077451881726e23
3.718540986751471e23
3.73915394448154e23
3.759443728435464e23
3.779407800143563e23
3.799043974678683e23
3.818350422457706e23
3.837325670772356e23
3.855968605046636e23
3.874278469818283e23
3.8922548694418694e23
3.909897768511357e23
3.927207492000027e23
3.944184725115969e23
3.960830512871403e23
3.9771462593643656e23
3.993133726771447e23
4.008795034050438e23
4.0241326553519566e23
4.0391494181393257e23
4.0538485010160946e23
4.068233431260933e23
4.082308082069628e23
4.0960766695043096e23
4.109543749150071e23
4.122714212479461e23
4.1355932829254274e23
4.148186511663596e23
4.160499773104877e23
4.1725392600996703e23
4.184311478855066e23
4.1958232435667374e23
4.2070816707673025e23
4.21809417339329e23
4.228868454572884e23
4.239412501136949e23
4.249734576855994e23
4.259843215405929e23
4.269747213065674e23
4.279455621149923e23
4.2889777381804826e23
4.298323101799909e23
4.307501480431264e23
4.3165228646880884e23
4.3253974585388535e23
4.3341356702303215e23
4.342748102974515e23
4.351245545404069e23
4.3596389618010996e23
4.367939482104691e23
4.376158391702508e23
4.384307121012059e23
4.392397234857425e23
4.400440421647369e23
4.408448482360962e23
4.416433319347041e23
4.424406924943935e23
4.4323813699261205e23
4.440368791784595e23
4.448381382847914e23
4.456431378251032e23
4.464531043759197e23
4.472692663454327e23
4.4809285272914176e23
4.489250918532719e23
4.4976721010674876e23
4.506204306625315e23
4.5148597218911415e23
4.523650475530166e23
4.5325886251310464e23
4.541686144075799e23
4.55095490834504e23
4.5604066832672275e23
4.57005311022067e23
4.579905693297244e23
4.5899757859367355e23
4.600274577540934e23
4.6108130800765485e23
4.62160211467624e23
4.6326522982470084e23
4.643974030095331e23
4.655577478578421e23
4.6674725677911246e23
4.679668964297937e23
4.6921760639197206e23
4.705002978584698e23
4.718158523253375e23
4.73165120292701e23
4.745489199749328e23
4.75968036021115e23
4.7742321824675984e23
4.78915180377763e23
4.8044459880755054e23
4.820121113683906e23
4.836183161178339e23
4.852637701412451e23
4.8694898837138394e23
4.886744424259949e23
4.904405594643493e23
4.9224772106369544e23
4.9409626211654935e23
4.959864697497641e23
4.979185822663027e23
4.9989278811063787e23
5.0190922485868384e23
5.039679782331684e23
5.060690811453344e23
5.0821251276385434e23
5.1039819761183203e23
5.1262600469274686e23
5.1489574664619504e23
5.172071789342585e23
5.195599990593282e23
5.219538458141862e23
5.2438829856514505e23
5.2686287656901816e23
5.29377038324692e23
5.319301809600383e23
5.345216396549029e23
5.371506871008808e23
5.398165329985743e23
5.4251832359300584e23
5.452551412478491e23
5.480260040591092e23
5.508298655088712e23
5.5366561415971664e23
5.5653207339037515e23
5.594280011731726e23
5.6235208989380025e23
5.653029662139164e23
5.682791909770651e23
5.712792591583691e23
5.7430159985843995e23
5.773445763419133e23
5.804064861209973e23
5.834855610843961e23
5.865799676719439e23
5.896878070952613e23
5.928071156047128e23
5.959358648029254e23
5.990719620050933e23
6.022132506462752e23
6.053575107358492e23
6.085024593592768e23
6.116457512272899e23
6.147849792725867e23
6.179176752940949e23
6.210413106488349e23
6.241532969913774e23
6.272509870608649e23
6.303316755155438e23
6.333925998147071e23
6.364309411479327e23
6.39443825411466e23
6.424283242315611e23
6.453814560345743e23
6.483001871635646e23
6.511814330411203e23
6.540220593781249e23
6.568188834281054e23
6.595686752868148e23
6.622681592366424e23
6.649140151354249e23
6.675028798492083e23
6.700313487284585e23
6.724959771272121e23
6.748932819646136e23
6.772197433282586e23
6.794718061187339e23
6.816458817347123e23
6.837383497979348e23
6.857455599173816e23
6.87663833491897e23
6.894894655505189e23
6.912187266297167e23
6.928478646867329e23
6.943731070481769e23
6.957906623930018e23
6.970967227689659e23
6.98287465641656e23
6.99359055975113e23
7.003076483430867e23
7.011293890699088e23
7.018204183999626e23
7.023768726946818e23
7.027948866560089e23
7.030705955751972e23
7.032001376058461e23
7.031796560599969e23
7.030053017261325e23
7.026732352078757e23
7.021796292821761e23
7.015206712757417e23
7.006925654584642e23
6.996915354525467e23
6.985138266560644e23
6.971557086796113e23
6.956134777947252e23
6.938834593927327e23
6.919620104526462e23
6.89845522016743e23
6.875304216724226e23
6.850131760389291e23
6.822902932575382e23
6.793583254837448e23
6.762138713800271e23
6.7285357860772e23
6.692741463165352e23
6.654723276302504e23
6.61444932127074e23
6.571888283132202e23
6.527009460881589e23
6.479782792000631e23
6.430178876899355e23
6.378169003228973e23
6.323725170051286e23
6.266820111849393e23
6.207427322364372e23
6.145521078243082e23
6.081076462481392e23
6.01406938764802e23
5.944476618873651e23
5.8722757965902174e23
5.797445459005262e23
5.719965064296341e23
5.639815012510349e23
5.5569766671531565e23
5.4714323764543345e23
5.3831654942924793e23
5.292160400766377e23
5.198402522397461e23
5.101878351949168e23
5.00257546784884e23
4.900482553197899e23
4.7955894143565935e23
4.6878869990889993e23
4.577367414254831e23
4.464023943034456e23
4.347851061673721e23
4.228844455735414e23
4.107001035844436e23
3.9823189529136746e23
3.854797612838512e23
3.724437690647043e23
3.591241144094309e23
3.455211226688542e23
3.316352500137819e23
3.174670846205806e23
3.030173477965365e23
2.8828689504396047e23
2.732767170619298e23
2.5798794068468533e23
2.424218297556761e23
2.26579785936286e23
2.1046334944831567e23
1.9407419974932203e23
1.7741415613993135e23
1.6048517830233646e23
1.4328936676912048e23
1.258289633216863e23
1.081063513175554e23
9.012405594583033e22
7.188474441018165e22
5.3391226038736845e22
3.4646452320272522e22
1.565351686622609e22
-3.5843447020590664e21
-2.3063754941243113e22
-4.278119484951311e22
-6.2733004206092275e22
-8.291538198707762e22
-1.0332438685789394e23
-1.2395593774265347e23
-1.4480581447057342e23
-1.6586965849968895e23
-1.8714297371796044e23
-2.086211273218504e23
-2.3029935077242844e23
-2.5217274082899643e23
-2.7423626066017967e23
-2.9648474103242156e23
-3.189128815756854e23
-3.415152521262514e23
-3.642862941463522e23
-3.872203222203599e23
-4.103115256272413e23
-4.335539699888934e23
-4.569415989939733e23
-4.804682361967654e23
-5.0412758689056274e23
-5.279132400550663e23
-5.51818670377189e23
-5.7583724034462594e23
-5.99962202411524e23
-6.241867012355297e23
-6.485037759854596e23
-6.729063627187334e23
-6.973872968277859e23
-7.219393155545034e23
-7.465550605717605e23
-7.712270806310865e23
-7.959478342753944e23
-8.207096926157374e23
-8.45504942170972e23
-8.703257877691362e23
-8.951643555093993e23
-9.200126957833178e23
-9.448627863541019e23
-9.697065354926187e23
-9.945357851687305e23
-1.0193423142965924e24
-1.044117842032495e24
-1.0688540311237144e24
-1.0935424913069475e24
-1.1181747827547276e24
-1.1427424195682482e24
-1.1672368733150122e24
-1.1916495766096136e24
-1.2159719267360035e24
-1.2401952893095158e24
-1.2643110019768867e24
-1.288310378152536e24
-1.3121847107892555e24
-1.3359252761815126e24
-1.3595233377994579e24
-1.3829701501518102e24
-1.4062569626756328e24
-1.4293750236511207e24
-1.4523155841393838e24
-1.4750699019412767e24
-1.497629245575251e24
-1.519984898272178e24
-1.5421281619851281e24
-1.5640503614120115e24
-1.585742848029003e24
-1.607197004132628e24
-1.6284042468884188e24
-1.649356032383994e24
-1.6700438596843996e24
-1.6904592748875817e24
-1.7105938751777904e24
-1.730439312874754e24
-1.749987299476453e24
-1.7692296096932342e24
-1.7881580854711432e24
-1.806764640002229e24
-1.8250412617196022e24
-1.842980018275067e24
-1.8605730604970894e24
-1.877812626326906e24
-1.8946910447305622e24
-1.9112007395846506e24
-1.927334233533584e24
-1.9430841518161864e24
-1.9584432260594056e24
-1.973404298036983e24
-1.9879603233908898e24
-2.002104375313391e24
-2.0158296481875668e24
-2.0291294611841631e24
-2.0419972618126537e24
-2.054426629424418e24
-2.0664112786659032e24
-2.0779450628797702e24
-2.0890219774519128e24
-2.0996361631023483e24
-2.109781909117989e24
-2.1194536565252673e24
-2.1286460012007036e24
-2.1373536969174565e24
-2.1455716583259736e24
-2.1532949638668374e24
-2.1605188586139954e24
-2.1672387570465312e24
-2.173450245747218e24
-2.1791490860260825e24
-2.1843312164672907e24
-2.1889927553976491e24
-2.1931300032751097e24
-2.1967394449956413e24
-2.1998177521169434e24
-2.202361784997431e24
-2.2043685948490533e24
-2.205835425702461e24
-2.206759716283169e24
-2.2071391017973256e24
-2.2069714156257905e24
-2.2062546909252652e24
-2.2049871621352577e24
-2.2031672663897124e24
-2.200793644832179e24
-2.1978651438334745e24
-2.1943808161107837e24
-2.1903399217472832e24
-2.1857419291113087e24
-2.180586515674272e24
-2.1748735687264594e24
-2.1686031859900046e24
-2.1617756761283014e24
-2.1543915591512456e24
-2.1464515667156798e24
-2.1379566423205529e24
-2.1289079413962924e24
-2.119306831287975e24
-2.109154891131969e24
-2.0984539116256852e24
-2.0872058946903013e24
-2.075413053026144e24
-2.0630778095607642e24
-2.050202796789474e24
-2.036790856008529e24
-2.0228450364408595e24
-2.0083685942545555e24
-1.9933649914742958e24
-1.977837894785912e24
-1.9617911742344508e24
-1.9452289018160483e24
-1.928155349964108e24
-1.910574989930191e24
-1.892492490060273e24
-1.873912713966873e24
-1.854840718597806e24
-1.8352817522022818e24
-1.8152412521950901e24
-1.7947248429198243e24
-1.773738333311947e24
-1.7522877144628098e24
-1.7303791570855098e24
-1.7080190088838102e24
-1.685213791825233e24
-1.6619701993194702e24
-1.6382950933035336e24
-1.6141955012347997e24
-1.58967861299349e24
-1.5647517776959016e24
-1.5394225004200022e24
-1.5136984388448123e24
-1.487587399805304e24
-1.4610973357644292e24
-1.4342363412039166e24
-1.4070126489357732e24
-1.3794346263361e24
-1.3515107715032836e24
-1.3232497093423143e24
-1.294660187577316e24
-1.2657510726942566e24
-1.2365313458158314e24
-1.207010098510776e24
-1.1771965285395727e24
-1.147099935538919e24
-1.1167297166470222e24
-1.0860953620721666e24
-1.0552064506066698e24
-1.0240726450888122e24
-9.927036878149143e23
-9.611093959040929e23
-9.292996566181905e23
-8.972844226392543e23
-8.650737073072307e23
-8.326775798202888e23
-8.001061604004875e23
-7.673696154273256e23
-7.344781525417991e23
-7.014420157237287e23
-6.682714803449006e23
-6.349768482008908e23
-6.015684425241539e23
-5.6805660298123716e23
-5.3445168065683005e23
-5.007640330274618e23
-4.6700401892760795e23
-4.331819935110279e23
-3.9930830321021706e23
-3.653932806966674e23
-3.3144723984494613e23
-2.974804707032315e23
-2.6350323447340725e23
-2.295257585032837e23
-1.9555823129404824e23
-1.6161079752562352e23
-1.2769355310284937e23
-9.381654022537865e22
-5.998974248399873e22
-2.6223079986344514e22
7.473595485260043e21
4.1090505280981385e22
7.461794865290413e22
1.0804630748393045e23
1.4136605097329868e23
1.7456774027612538e23
2.076420330940572e23
2.4057968821452793e23
2.7337156999568704e23
3.060086527946068e23
3.3848202533589864e23
3.707828950182862e23
4.029025921564955e23
4.348325741558758e23
4.665644296173429e23
4.980898823700526e23
5.29400795429434e23
5.604891748781236e23
5.913471736675055e23
6.219670953374264e23
6.523413976518977e23
6.824626961484951e23
7.123237675992586e23
7.419175533809548e23
7.712371627525893e23
8.0027587603816e23
8.290271477125686e23
8.574846093888178e23
8.856420727045773e23
9.134935321062301e23
9.410331675287311e23
9.682553469693755e23
9.951546289540164e23
1.0217257648939357e24
1.0479637013319687e24
1.0738635820762866e24
1.0994207502204901e24
1.1246307500486332e24
1.1494893288238759e24
1.173992438459549e24
1.1981362370714756e24
1.2219170904104812e24
1.2453315731740152e24
1.2683764701960054e24
1.2910487775140198e24
1.3133457033129226e24
1.335264668744364e24
1.3568033086213093e24
1.3779594719871665e24
1.3987312225588934e24
1.4191168390436946e24
1.439114815328931e24
1.458723860544949e24
1.4779428990006377e24
1.4967710699915678e24
1.515207727480631e24
1.5332524396512508e24
1.5509049883332242e24
1.5681653683013727e24
1.5850337864472758e24
1.601510660824386e24
1.6175966195669816e24
1.6332924996833761e24
1.648599345724021e24
1.6635184083251038e24
1.6780511426283597e24
1.6921992065779217e24
1.705964459095063e24
1.719348958131786e24
1.7323549586043109e24
1.7449849102075242e24
1.757241455111624e24
1.7691274255421802e24
1.7806458412449554e24
1.7917999068368997e24
1.8025930090447901e24
1.813028713833069e24
1.8231107634225346e24
1.8328430732015183e24
1.8422297285314078e24
1.851274981448271e24
1.859983247262555e24
1.86835910105878e24
1.8764072740973303e24
1.8841326501203962e24
1.8915402615643008e24
1.8986352856803907e24
1.905423040566837e24
1.911908981113711e24
1.9180986948637178e24
1.9239978977911332e24
1.9296124300014226e24
1.9349482513541945e24
1.9400114370121135e24
1.9448081729184665e24
1.9493447512061956e24
1.9536275655411387e24
1.9576631064023996e24
1.9614579563026964e24
1.9650187849517058e24
1.9683523443653197e24
1.9714654639239496e24
1.9743650453828592e24
1.9770580578377162e24
1.9795515326484997e24
1.9818525583249288e24
1.9839682753766888e24
1.985905871131642e24
1.9876725745254015e24
1.9892756508654676e24
1.9907223965733935e24
1.9920201339082348e24
1.993176205674727e24
1.9941979699196025e24
1.995092794619419e24
1.995868052363415e24
1.9965311150347543e24
1.9970893484937204e24
1.9975501072662567e24
1.9979207292413678e24
1.998208530380891e24
1.9984207994450677e24
1.9985647927374732e24
1.99864772887273e24
1.998676783570568e24
1.9986590844796089e24
1.998601706034463e24
1.9985116643495098e24
1.9983959121528456e24
1.9982613337638711e24
1.998114740117857e24
1.9979628638409765e24
1.9978123543791173e24
1.9976697731838718e24
1.9975415889590077e24
1.99743417297076e24
1.9973537944251761e24
1.9973066159157771e24
1.9972986889447722e24
1.9973359495209236e24
1.9974242138373034e24
1.997569174031916e24
1.9977763940343497e24
1.9980513055013918e24
1.998399203844583e24
1.9988252443526645e24
1.9993344384117072e24
1.9999316498258165e24
2.0006215912410783e24
2.001408820675538e24
2.0022977381577656e24
2.0032925824766629e24
2.0043974280449718e24
2.00561618187897e24
2.0069525806967477e24
2.0084101881373566e24
2.009992392103123e24
2.0117024022272614e24
2.0135432474689558e24
2.0155177738378758e24
2.0176286422501573e24
2.01987832651767e24
2.0222691114724138e24
2.0248030912277645e24
2.0274821675781833e24
2.030308048538998e24
2.0332822470276756e24
2.0364060796880352e24
2.0396806658586551e24
2.0431069266867186e24
2.046685584388424e24
2.0504171616569854e24
2.0543019812191777e24
2.0583401655412852e24
2.0625316366852062e24
2.0668761163153833e24
2.0713731258571483e24
2.0760219868069404e24
2.0808218211947815e24
2.0857715521993255e24
2.090869904915618e24
2.096115407275712e24
2.1015063911220974e24
2.1070409934338503e24
2.1127171577052976e24
2.1185326354769008e24
2.1244849880179473e24
2.1305715881605453e24
2.1367896222843305e24
2.143136092451178e24
2.1496078186891184e24
2.1562014414245588e24
2.1629134240618012e24
2.1697400557087819e24
2.1766774540477968e24
2.183721568349951e24
2.1908681826319183e24
2.1981129189535204e24
2.2054512408545384e24
2.2128784569290708e24
2.2203897245356477e24
2.2279800536412262e24
2.2356443107971043e24
2.243377223244662e24
2.2511733831487944e24
2.259027251956771e24
2.266933164880178e24
2.2748853354975217e24
2.282877860474953e24
2.2909047244025185e24
2.298959804743245e24
2.307036876892253e24
2.3151296193430636e24
2.3232316189581281e24
2.331336376340573e24
2.3394373113040355e24
2.3475277684374105e24
2.3556010227612562e24
2.3636502854725102e24
2.371668709774113e24
2.3796493967860602e24
2.387585401534342e24
2.395469739014136e24
2.4032953903235943e24
2.4110553088644717e24
2.41874242660578e24
2.4263496604066293e24
2.4338699183943107e24
2.4412961063936545e24
2.4486211344036506e24
2.4558379231172196e24
2.4629394104800446e24
2.4699185582842623e24
2.476768358792823e24
2.48348184139024e24
2.490052079255455e24
2.496472196052479e24
2.5027353726344414e24
2.5088348537566663e24
2.5147639547943416e24
2.5205160684603346e24
2.5260846715186984e24
2.531463331489347e24
2.536645713339426e24
2.541625586156825e24
2.5463968298013165e24
2.5509534415287693e24
2.555289542583878e24
2.559399384756858e24
2.563277356899566e24
2.566917991396443e24
2.5703159705857965e24
2.57346613312682e24
2.5763634803078457e24
2.579003182291314e24
2.5813805842909373e24
2.583491212676589e24
2.585330781002443e24
2.586895195953949e24
2.5881805632091813e24
2.5891831932102586e24
2.5898996068403953e24
2.590326541002349e24
2.5904609540939485e24
2.590300031376481e24
2.5898411902317713e24
2.58908208530375e24
2.5880206135205195e24
2.5866549189927823e24
2.584983397784705e24
2.5830047025532913e24
2.5807177470523614e24
2.578121710497414e24
2.575216041787522e24
2.5720004635807356e24
2.5684749762192614e24
2.564639861501022e24
2.5604956862940476e24
2.556043305990394e24
2.55128386779632e24
2.546218813855433e24
2.5408498842018254e24
2.535179119540019e24
2.5292088638489496e24
2.5229417668069775e24
2.5163807860353487e24
2.5095291891573115e24
2.502390555670401e24
2.4949687786295013e24
2.487268066138178e24
2.4792929426462463e24
2.471048250051235e24
2.462539148601912e24
2.453771117601798e24
2.4447499559109494e24
2.4354817822443546e24
2.4259730352652466e24
2.4162304734720374e24
2.4062611748773747e24
2.3960725364782765e24
2.3856722735160457e24
2.37506841852523e24
2.3642693201705506e24
2.3532836418712025e24
2.342120360211968e24
2.3307887631404848e24
2.3192984479505807e24
2.307659319051207e24
2.2958815855211112e24
2.28397575844908e24
2.2719526480601478e24
2.259823360627872e24
2.2475992951732322e24
2.2352921399507414e24
2.222913868722339e24
2.2104767368200906e24
2.1979932769984467e24
2.1854762950773875e24
2.1729388653774888e24
2.160394325948368e24
2.147856273592063e24
2.135338558682804e24
2.1228552797851635e24
2.110420778072237e24
2.0980496315461336e24
2.0857566490626583e24
2.0735568641627458e24
2.0614655287128442e24
2.0494981063568502e24
2.0376702657824012e24
2.0259978738040498e24
2.0144969882665465e24
2.003183850770981e24
1.9920748792272268e24
1.9811866602357023e24
1.970535941302153e24
1.960139622888683e24
1.9500147503048877e24
1.9401785054428231e24
1.9306481983595466e24
1.9214412587114332e24
1.9125752270441235e24
1.9040677459425376e24
1.8959365510451084e24
1.8881994619266568e24
1.8808743728545836e24
1.873979243422743e24
1.8675320890679947e24
1.861550971473952e24
1.8560539888671298e24
1.8510592662101824e24
1.8465849452976272e24
1.84264917475892e24
1.8392700999743283e24
1.836465852908932e24
1.8342545418699885e24
1.832654241193384e24
1.831682980864478e24
1.8313587360792e24
1.8316994167508753e24
1.832722856968689e24
1.8344468044134981e24
1.8368889097368766e24
1.840066715909406e24
1.8439976475439822e24
1.8486990002003862e24
1.854187929676981e24
1.8604814412957464e24
1.8675963791867591e24
1.8755494155782306e24
1.884357040098427e24
1.894035549095546e24
1.904601034981858e24
1.916069375608455e24
1.9284562236767036e24
1.9417769961928948e24
1.9560468639722373e24
1.9712807411985646e24
1.9874932750460283e24
2.0046988353691566e24
2.022911504467443e24
2.042145066930832e24
2.0624129995724082e24
2.0837284614543721e24
2.1061042840138116e24
2.1295529612940998e24
2.1540866402884815e24
2.1797171114017096e24
2.2064557990359357e24
2.2343137523069734e24
2.2633016358968152e24
2.2934297210485277e24
2.3247078767093522e24
2.3571455608278575e24
2.3907518118110263e24
2.425535240147005e24
2.461504020199119e24
2.498665882176835e24
2.537028104289179e24
2.576597505086112e24
2.61738043599309e24
2.659382774044301e24
2.702609914819664e24
2.747066765590703e24
2.792757738680368e24
2.8396867450416727e24
2.887857188059992e24
2.937271957583811e24
2.9879334241882895e24
3.039843433676491e24
3.093003301822372e24
3.1474138093599495e24
3.2030751972227305e24
3.2599871620374644e24
3.318148851876086e24
3.3775588622697103e24
3.43821523248811e24
3.500115442088454e24
3.563256407736492e24
3.6276344803034683e24
3.6932454422418626e24
3.760084505242903e24
3.828146308178628e24
3.897424915331248e24
3.967913814912077e24
4.0396059178726837e24
4.11249355701024e24
4.1865684863691896e24
4.261821880941096e24
4.338244336664397e24
4.4158258707255925e24
4.494555922163414e24
4.574423352776839e24
4.6554164483385084e24
4.737522920114018e24
4.820729906688082e24
4.905023976097953e24
4.990391128274601e24
5.076816797791799e24
5.164285856923237e24
5.252782619007351e24
5.342290842119789e24
5.432793733052926e24
5.524273951601708e24
5.616713615155134e24
5.710094303592213e24
5.804397064481444e24
5.899602418582102e24
5.995690365646171e24
6.09264039051901e24
6.190431469536878e24
6.289042077219318e24
6.388450193254105e24
6.488633309772401e24
6.589568438911569e24
6.691232120662672e24
6.79360043100009e24
6.896648990289835e24
7.000352971973523e24
7.104687111524379e24
7.209625715671884e24
7.315142671891054e24
7.421211458152745e24
7.52780515293049e24
7.634896445459939e24
7.742457646246443e24
7.850460697815991e24
7.9588771857051e24
8.067678349684484e24
8.176835095211709e24
8.286318005107566e24
8.396097351450689e24
8.506143107685334e24
8.616424960936288e24
8.726912324525494e24
8.837574350684289e24
8.948379943455424e24
9.059297771778535e24
9.170296282753102e24
9.281343715072013e24
9.392408112619778e24
9.503457338228441e24
9.61445908758442e24
9.72538090327969e24
9.836190188999998e24
9.946854223843492e24
1.005734017676202e25
1.0167615121118466e25
1.0277646049352384e25
1.0387399887746546e25
1.0496843511287049e25
1.060594375860916e25
1.0714667447021445e25
1.0822981387600307e25
1.093085240034705e25
1.1038247329399815e25
1.114513305829226e25
1.1251476525251095e25
1.1357244738524345e25
1.1462404791732344e25
1.156692387923326e25
1.1670769311495151e25
1.177390853046594e25
1.187630912493368e25
1.1977938845868358e25
1.2078765621737193e25
1.21787575737852e25
1.2277883031272497e25
1.2376110546660335e25
1.2473408910737403e25
1.2569747167678058e25
1.2665094630024392e25
1.2759420893583723e25
1.2852695852233288e25
1.2944889712623983e25
1.3035973008774855e25
1.3125916616550244e25
1.3214691768011539e25
1.3302270065635208e25
1.33886234963894e25
1.3473724445660908e25
1.3557545711024687e25
1.364006051584799e25
1.37212425227214e25
1.3801065846709053e25
1.3879505068410272e25
1.3956535246825198e25
1.4032131932016945e25
1.4106271177562728e25
1.4178929552786884e25
1.4250084154768384e25
1.431971262011596e25
1.438779313650371e25
1.445430445396031e25
1.4519225895905202e25
1.4582537369925028e25
1.4644219378283825e25
1.4704253028160608e25
1.4762620041608055e25
1.4819302765226304e25
1.4874284179545752e25
1.4927547908113123e25
1.4979078226275056e25
1.502886006965386e25
1.5076879042309782e25
1.5123121424584956e25
1.516757418062361e25
1.5210224965563933e25
1.52510621323968e25
1.5290074738486774e25
1.53272525517511e25
1.536258605649252e25
1.539606645888186e25
1.5427685692086573e25
1.5457436421041754e25
1.5485312046859948e25
1.5511306710876792e25
1.5535415298329218e25
1.5557633441663484e25
1.5577957523470457e25
1.559638467904546e25
1.5612912798570768e25
1.562754052891847e25
1.5640267275071889e25
1.5651093201164258e25
1.5660019231132672e25
1.5667047048986766e25
1.5672179098690603e25
1.5675418583657403e25
1.5676769465856251e25
1.5676236464530792e25
1.5673825054529432e25
1.5669541464247385e25
1.5663392673180984e25
1.5655386409094388e25
1.5645531144800018e25
1.5633836094553125e25
1.5620311210062264e25
1.560496717611649e25
1.5587815405831585e25
1.5568868035516614e25
1.5548137919163107e25
1.5525638622559415e25
1.5501384417032199e25
1.5475390272818442e25
1.5447671852070307e25
1.5418245501496592e25
1.5387128244643697e25
1.5354337773819866e25
1.531989244166675e25
1.5283811252381758e25
1.5246113852596049e25
1.5206820521911987e25
1.5165952163105296e25
1.512353029199606e25
1.5079577026994349e25
1.5034115078325046e25
1.498716773693762e25
1.4938758863106558e25
1.4888912874727856e25
1.4837654735318056e25
1.478500994172152e25
1.4731004511532748e25
1.4675664970239778e25
1.4619018338095926e25
1.4561092116726234e25
1.4501914275475856e25
1.4441513237507836e25
1.4379917865657062e25
1.4317157448048621e25
1.425326168348746e25
1.418826066662793e25
1.4122184872930573e25
1.4055065143414406e25
1.3986932669213333e25
1.3917818975944274e25
1.384775590789635e25
1.3776775612048928e25
1.3704910521927985e25
1.363219334130896e25
1.3558657027775644e25
1.3484334776143641e25
1.3409260001757742e25
1.333346632367271e25
1.325698754772617e25
1.3179857649513743e25
1.3102110757275125e25
1.3023781134701486e25
1.2944903163672956e25
1.2865511326936568e25
1.2785640190733986e25
1.2705324387388774e25
1.2624598597863417e25
1.254349753429534e25
1.2462055922522437e25
1.238030848460745e25
1.2298289921371642e25
1.2216034894947296e25
1.2133578011359131e25
1.2050953803144833e25
1.1968196712024146e25
1.188534107162706e25
1.1802421090290372e25
1.1719470833933302e25
1.1636524209021171e25
1.1553614945627842e25
1.1470776580606046e25
1.1388042440875722e25
1.130544562684017e25
1.1223018995939223e25
1.1140795146349617e25
1.105880640084159e25
1.0977084790801577e25
1.0895662040429934e25
1.0814569551123504e25
1.0733838386051812e25
1.0653499254936067e25
1.0573582499040264e25
1.0494118076382869e25
1.0415135547178262e25
1.033666405951617e25
1.0258732335288156e25
1.01813686563691e25
1.0104600851062162e25
1.0028456280815533e25
9.952961827218482e24
9.878143879285216e24
9.804028321033497e24
9.730640519366258e24
9.658005312262957e24
9.586146997288375e24
9.51508932042554e24
9.444855465239677e24
9.375468042380065e24
9.306949079425913e24
9.239320011082891e24
9.172601669736016e24
9.106814276365218e24
9.041977431828763e24
8.978110108520502e24
8.915230642405822e24
8.853356725441371e24
8.792505398383784e24
8.732693043991339e24
8.673935380623561e24
8.616247456242376e24
8.559643642819204e24
8.504137631151234e24
8.449742426090609e24
8.396470342189585e24
8.344332999764638e24
8.293341321382289e24
8.243505528768884e24
8.194835140146897e24
8.1473389679993e24
8.101025117264082e24
8.055900983960043e24
8.01197325424525e24
7.969247903909067e24
7.927730198298254e24
7.88742469267783e24
7.848335233026534e24
7.810464957267075e24
7.7738162969305e24
7.738390979254257e24
7.704190029713003e24
7.671213774980819e24
7.639461846323673e24
7.608933183420197e24
7.579626038608964e24
7.551537981559944e24
7.524665904367751e24
7.499006027063798e24
7.474553903544528e24
7.451304427912297e24
7.429251841225441e24
7.4083897386538e24
7.388711077035539e24
7.370208182831122e24
7.352872760469756e24
7.336695901083624e24
7.321668091624819e24
7.307779224359682e24
7.295018606735064e24
7.2833749716107e24
7.272836487851756e24
7.263390771275231e24
7.255024895943834e24
7.247725405800577e24
7.241478326637217e24
7.236269178389389e24
7.232082987751071e24
7.228904301100824e24
7.226717197732041e24
7.225505303379235e24
7.225251804032144e24
7.225939460029325e24
7.227550620422673e24
7.230067237604077e24
7.233470882185296e24
7.237742758121969e24
7.242863718072443e24
7.248814278982007e24
7.255574637882845e24
7.26312468790008e24
7.271444034453846e24
7.280512011647403e24
7.290307698831117e24
7.300809937331874e24
7.311997347337614e24
7.32384834492622e24
7.336341159228249e24
7.349453849712544e24
7.363164323583927e24
7.377450353281901e24
7.392289594069275e24
7.407659601699573e24
7.42353785015187e24
7.439901749421892e24
7.456728663357768e24
7.473995927529212e24
7.491680867118443e24
7.509760814821424e24
7.528213128747804e24
7.547015210307911e24
7.566144522075237e24
7.585578605612694e24
7.605295099251065e24
7.625271755807906e24
7.645486460235314e24
7.665917247184883e24
7.686542318478245e24
7.707340060471616e24
7.728289061302728e24
7.749368128008738e24
7.77055630350352e24
7.791832883403052e24
7.813177432687404e24
7.834569802188214e24
7.855990144890325e24
7.87741893203647e24
7.89883696902408e24
7.92022541108314e24
7.941565778724408e24
7.962839972947166e24
7.984030290196005e24
8.005119437056092e24
8.026090544676654e24
8.046927182912461e24
8.067613374173197e24
8.088133606970953e24
8.108472849155945e24
8.128616560831035e24
8.148550706935509e24
8.16826176948904e24
8.187736759486658e24
8.206963228435954e24
8.225929279527889e24
8.24462357843266e24
8.2630353637125e24
8.281154456843278e24
8.298971271837204e24
8.316476824458922e24
8.333662741027749e24
8.350521266798933e24
8.367045273916955e24
8.383228268934373e24
8.399064399889748e24
8.414548462938552e24
8.429675908531197e24
8.444442847132581e24
8.458846054477793e24
8.472882976358987e24
8.486551732938571e24
8.499851122584234e24
8.512780625221615e24
8.525340405200664e24
8.537531313672052e24
8.549354890470298e24
8.560813365500585e24
8.571909659626455e24
8.582647385056045e24
8.593030845224598e24
8.603065034171547e24
8.612755635410554e24
8.622109020291373e24
8.631132245852557e24
8.63983305216454e24
8.648219859162726e24
8.656301762970727e24
8.664088531714082e24
8.67159060082514e24
8.678819067840202e24
8.685785686690141e24
8.692502861486299e24
8.698983639803502e24
8.705241705462641e24
8.711291370815306e24
8.717147568533538e24
8.722825842907889e24
8.728342340657403e24
8.733713801255443e24
8.738957546775543e24
8.744091471261861e24
8.749134029629082e24
8.754104226096894e24
8.759021602164585e24
8.76390622413147e24
8.768778670169297e24
8.773660016952972e24
8.77857182585634e24
8.78353612872e24
8.7885754131984e24
8.793712607693852e24
8.798971065885274e24
8.804374550859843e24
8.809947218855948e24
8.815713602626187e24
8.821698594429328e24
8.82792742866054e24
8.834425664129325e24
8.841219165994949e24
8.848334087369418e24
8.85579685059814e24
8.863634128228942e24
8.871872823680022e24
8.880540051617898e24
8.889663118056534e24
8.899269500189023e24
8.909386825963501e24
8.920042853415078e24
8.931265449765853e24
8.943082570305244e24
8.955522237063016e24
8.968612517287644e24
8.98238150174274e24
8.996857282834533e24
9.012067932583443e24
9.028041480453029e24
9.044805891049724e24
9.062389041706819e24
9.080818699966452e24
9.100122500973279e24
9.120327924793846e24
9.141462273675504e24
9.163552649259185e24
9.186625929759977e24
9.21070874712999e24
9.235827464217743e24
9.262008151938479e24
9.28927656646998e24
9.317658126488215e24
9.34717789045762e24
9.377860533990347e24
9.409730327289304e24
9.442811112689434e24
9.477126282311997e24
9.512698755846457e24
9.549550958474449e24
9.587704798950665e24
9.627181647854951e24
9.668002316030407e24
9.7101870332217e24
9.753755426928203e24
9.798726501486307e24
9.84511861739495e24
9.89294947089898e24
9.942236073843956e24
9.992994733816879e24
1.0045241034586328e25
1.0098989816856136e25
1.0154255159345905e25
1.0211050360212198e25
1.0269387918823624e25
1.0329279517902894e25
1.0390736006049287e25
1.045376738065394e25
1.0518382771221144e25
1.0584590423107695e25
1.0652397681693147e25
1.0721810976992496e25
1.0792835808723835e25
1.0865476731842216e25
1.093973734255131e25
1.1015620264804339e25
1.1093127137304814e25
1.1172258601018376e25
1.1253014287205708e25
1.133539280598714e25
1.1419391735448777e25
1.1505007611299609e25
1.159223591708951e25
1.1681071074996584e25
1.1771506437193349e25
1.1863534277799545e25
1.1957145785430578e25
1.2052331056348563e25
1.2149079088224337e25
1.2247377774517286e25
1.234721389947968e25
1.2448573133792695e25
1.2551440030839538e25
1.26557980236224e25
1.2761629422327853e25
1.286891541254675e25
1.2977636054152517e25
1.3087770280843014e25
1.3199295900349703e25
1.3312189595317484e25
1.3426426924859305e25
1.3541982326787428e25
1.3658829120524986e25
1.3776939510698874e25
1.3896284591416642e25
1.4016834351228325e25
1.4138557678773908e25
1.4261422369117823e25
1.4385395130769512e25
1.4510441593391064e25
1.4636526316190004e25
1.476361279699746e25
1.4891663482029097e25
1.5020639776327778e25
1.5150502054885576e25
1.5281209674441764e25
1.5412720985954932e25
1.5544993347744412e25
1.5677983139298432e25
1.5811645775743385e25
1.5945935722970923e25
1.6080806513416338e25
1.621621076248391e25
1.6352100185612872e25
1.64884256159772e25
1.6625137022813706e25
1.6762183530369915e25
1.6899513437465718e25
1.7037074237659542e25
1.7174812640011859e25
1.7312674590437028e25
1.7450605293633951e25
1.7588549235587318e25
1.7726450206628243e25
1.786425132504571e25
1.8001895061236762e25
1.8139323262386173e25
1.82764771776629e25
1.8413297483923031e25
1.8549724311906789e25
1.8685697272916884e25
1.8821155485967073e25
1.8956037605386232e25
1.90902818488666e25
1.9223826025940973e25
1.935660756687673e25
1.9488563551970834e25
1.961963074123308e25
1.974974560444177e25
1.987884435155722e25
2.000686296347826e25
2.013373722312529e25
2.0259402746835526e25
2.0383795016052932e25
2.050684940929788e25
2.0628501234399694e25
2.0748685760974626e25
2.086733825313409e25
2.0984394002404134e25
2.10997883608406e25
2.1213456774321123e25
2.1325334815997593e25
2.143535821989008e25
2.1543462914605316e25
2.164958505716107e25
2.1753661066898233e25
2.185562765946267e25
2.1955421880837526e25
2.2052981141408717e25
2.2148243250043373e25
2.2241146448164144e25
2.233162944379889e25
2.2419631445588302e25
2.2505092196731835e25
2.2587952008852543e25
2.266815179576311e25
2.2745633107112427e25
2.282033816189528e25
2.289220988180463e25
2.296119192440863e25
2.3027228716132694e25
2.309026548502789e25
2.3150248293306847e25
2.3207124069627722e25
2.3260840641108476e25
2.3311346765051456e25
2.3358592160360932e25
2.34025275386339e25
2.34431046349065e25
2.3480276238037656e25
2.351399622071106e25
2.354421956903872e25
2.357090241174675e25
2.3594002048927136e25
2.3613476980336637e25
2.362928693322632e25
2.3641392889684483e25
2.3649757113475493e25
2.3654343176358566e25
2.365511598386907e25
2.3652041800547242e25
2.3645088274596995e25
2.363422446196037e25
2.3619420849790936e25
2.3600649379311735e25
2.357788346804274e25
2.3551098031382593e25
2.3520269503531183e25
2.348537585773823e25
2.3446396625864914e25
2.34033129172445e25
2.3356107436829287e25
2.3304764502611636e25
2.3249270062305735e25
2.3189611709279174e25
2.3125778697721965e25
2.305776195704262e25
2.2985554105479528e25
2.290914946291826e25
2.2828544062903852e25
2.2743735663839287e25
2.265472375936023e25
2.2561509587877997e25
2.2464096141281987e25
2.2362488172793704e25
2.2256692203965244e25
2.2146716530814927e25
2.203257122909333e25
2.1914268158674877e25
2.1791820967067432e25
2.16652450920364e25
2.1534557763337697e25
2.139977800355598e25
2.126092662804386e25
2.1118026243959417e25
2.0971101248398785e25
2.082017782562189e25
2.0665283943369325e25
2.050644934826928e25
2.0343705560333636e25
2.017708586654292e25
2.0006625313520645e25
1.9832360699296706e25
1.9654330564163357e25
1.94725751806225e25
1.9287136542428873e25
1.9098058352730764e25
1.8905386011311903e25
1.870916660093807e25
1.8509448872812762e25
1.8306283231146726e25
1.8099721716846567e25
1.7889817990328126e25
1.7676627313461048e25
1.746020653065112e25
1.724061404906779e25
1.7017909818024458e25
1.6792155307520066e25
1.6563413485949648e25
1.6331748796995413e25
1.609722713570499e25
1.585991582376918e25
1.5619883584009065e25
1.5377200514083514e25
1.513193805942879e25
1.4884168985442238e25
1.4633967348922365e25
1.4381408468778338e25
1.4126568896022156e25
1.3869526383057343e25
1.3610359852278122e25
1.3349149363993972e25
1.3085976083694452e25
1.282092224866892e25
1.2554071133999326e25
1.2285507017938945e25
1.2015315146696223e25
1.1743581698639513e25
1.1470393747940386e25
1.1195839227672902e25
1.0920006892387142e25
1.0642986280175108e25
1.0364867674247744e25
1.0085742064042116e25
9.805701105877897e24
9.52483708318292e24
9.243242866307442e24
8.961011871947509e24
8.678238022197854e24
8.395015703253949e24
8.111439723786776e24
7.827605273007992e24
7.54360787844942e24
7.259543363477349e24
6.975507804563714e24
6.691597488335943e24
6.407908868427761e24
6.124538522153082e24
5.841583107025548e24
5.559139317146245e24
5.277303839482265e24
4.996173310058964e24
4.7158442700888427e24
4.4364131220599663e24
4.157976085807274e24
3.880629154588829e24
3.604468051192727e24
3.3295881840945273e24
3.0560846036909727e24
2.784051958632246e24
2.513584452276138e24
2.244775799287431e24
1.97771918240558e24
1.71250720940401e24
1.4492318702640208e24
1.1879844945862614e24
9.288557092629307e23
6.719353964334287e23
4.173126517461189e23
1.6507574294920766e23
-8.468793116793323e22
-3.318918814581774e23
-5.7645056870581617e23
-8.182794434970145e23
-1.0572949856509428e24
-1.293414743189385e24
-1.5265573708239142e24
-1.7566426679389908e24
-1.9835916160503594e24
-2.2073264157179557e24
-2.4277705228927495e24
-2.644848684677664e24
-2.858486974482292e24
-3.068612826552337e24
-3.2751550698539596e24
-3.478043961294476e24
-3.677211218261133e24
-3.8725900504580683e24
-4.0641151910259634e24
-4.251722926924925e24
-4.435351128564274e24
-4.614939278662192e24
-4.7904285003190486e24
-4.961761584288064e24
-5.128883015428281e24
-5.291738998324145e24
-5.450277482057404e24
-5.604448184116898e24
-5.754202613432398e24
-5.899494092519335e24
-6.040277778721338e24
-6.176510684538348e24
-6.308151697028685e24
-6.435161596272571e24
-6.55750307288783e24
-6.675140744586021e24
-6.788041171760091e24
-6.896172872093254e24
-6.999506334181344e24
-7.098014030159341e24
-7.191670427325319e24
-7.280451998753595e24
-7.364337232891497e24
-7.443306642132857e24
-7.517342770362956e24
-7.58643019947045e24
-7.650555554820808e24
-7.709707509689257e24
-7.763876788647292e24
-7.813056169903287e24
-7.857240486592482e24
-7.896426627016606e24
-7.930613533831214e24
-7.959802202180776e24
-7.983995676782313e24
-8.003199047957265e24
-8.017419446614514e24
-8.026666038185234e24
-8.030950015513425e24
-8.030284590704482e24
-8.024684985935862e24
-8.014168423234966e24
-7.998754113227736e24
-7.978463242865777e24
-7.953318962135168e24
-7.923346369757214e24
-7.888572497885306e24
-7.849026295808156e24
-7.804738612666406e24
-7.755742179192136e24
-7.702071588481529e24
-7.643763275809382e24
-7.580855497498067e24
-7.513388308850187e24
-7.441403541158879e24
-7.364944777805908e24
-7.284057329462575e24
-7.198788208405196e24
-7.109186101959619e24
-7.015301345090205e24
-6.917185892145951e24
-6.814893287781943e24
-6.708478637069527e24
-6.597998574813663e24
-6.483511234092896e24
-6.365076214039702e24
-6.242754546879804e24
-6.116608664246965e24
-5.986702362794044e24
-5.853100769117138e24
-5.715870304014618e24
-5.575078646098606e24
-5.430794694781429e24
-5.283088532656042e24
-5.13203138729193e24
-4.97769559246873e24
-4.8201545488675897e24
-4.6594826842444286e24
-4.495755413105242e24
-4.329049095908413e24
-4.1594409978147984e24
-3.987009247010997e24
-3.8118327926275524e24
-3.6339913622767506e24
-3.4535654192345344e24
-3.270636119289199e24
-3.0852852672834715e24
-2.897595273372464e24
-2.7076491090244776e24
-2.5155302627879244e24
-2.3213226958504262e24
-2.1251107974159896e24
-1.926979339924002e24
-1.7270134341378472e24
-1.5252984841266245e24
-1.3219201421678662e24
-1.1169642635950001e24
-9.105168616175038e23
-7.026640621380497e23
-4.934920585931752e23
-2.830870668443295e23
-7.153528014333847e22
1.4107717579946476e23
3.54664287620895e23
5.691401989560702e23
7.844192549117534e23
1.0004160463337635e24
1.2170454538447703e24
1.4342226916261274e24
1.651863350917861e24
1.869883443213058e24
2.088199443119678e24
2.3067283308669476e24
2.525387634429538e24
2.7440954712467924e24
2.9627705895118063e24
3.18133240900597e24
3.399701061456477e24
3.617797430391473e24
3.8355431904714575e24
4.0528608462719864e24
4.2696737704971157e24
4.4859062415989587e24
4.7014834807832215e24
4.916331688378297e24
5.130378079545816e24
5.343550919313442e24
5.555779556907307e24
5.766994459365936e24
5.977127244413841e24
6.186110712577528e24
6.393878878522969e24
6.600367001597736e24
6.805511615559025e24
7.009250557469613e24
7.21152299574601e24
7.412269457340519e24
7.611431854043021e24
7.80895350788499e24
8.004779175632359e24
8.198855072352036e24
8.391128894037591e24
8.581549839282081e24
8.770068629983553e24
8.95663753107253e24
9.141210369248307e24
9.323742550714367e24
9.504191077901037e24
9.682514565166572e24
9.858673253466965e24
1.0032629023985194e25
1.0204345410713157e25
1.0373787611977337e25
1.0540922500902727e25
1.070571863480763e25
1.0868146263525037e25
1.1028177336644386e25
1.1185785509670508e25
1.134094614909582e25
1.1493636336382313e25
1.164383487085219e25
1.1791522271484178e25
1.1936680777615906e25
1.2079294348550905e25
1.221934866207142e25
1.235683111185787e25
1.2491730803816195e25
1.2624038551316476e25
1.275374686934472e25
1.2880849967572655e25
1.3005343742348861e25
1.3127225767617404e25
1.3246495284768556e25
1.3363153191428986e25
1.34772020291979e25
1.3588645970336734e25
1.369749080342141e25
1.3803743917965279e25
1.3907414288023219e25
1.4008512454786437e25
1.4107050508179626e25
1.420304206747125e25
1.4296502260909793e25
1.4387447704398467e25
1.4475896479221596e25
1.4561868108837168e25
1.4645383534749528e25
1.4726465091478104e25
1.4805136480637215e25
1.4881422744143818e25
1.4955350236569991e25
1.5026946596657303e25
1.509624071801154e25
1.5163262718995925e25
1.5228043911842143e25
1.5290616770998578e25
1.5351014900736015e25
1.5409273002031124e25
1.5465426838749035e25
1.551951320314641e25
1.557156988071687e25
1.5621635614401417e25
1.5669750068186494e25
1.5715953790113143e25
1.5760288174720706e25
1.5802795424949327e25
1.5843518513525642e25
1.5882501143856328e25
1.5919787710454896e25
1.5955423258927002e25
1.5989453445540175e25
1.602192449640415e25
1.6052883166287975e25
1.6082376697100814e25
1.6110452776063268e25
1.6137159493596318e25
1.6162545300955412e25
1.61866589676373e25
1.6209549538587227e25
1.6231266291234754e25
1.6251858692386155e25
1.6271376355001647e25
1.6289868994886064e25
1.6307386387321246e25
1.6323978323668925e25
1.6339694567972739e25
1.6354584813588105e25
1.6368698639868763e25
1.6382085468938727e25
1.6394794522578593e25
1.6406874779254855e25
1.6418374931321058e25
1.6429343342419564e25
1.6439828005112447e25
1.6449876498770234e25
1.6459535947746892e25
1.646885297986941e25
1.6477873685270187e25
1.6486643575590331e25
1.6495207543581724e25
1.6503609823135532e25
1.651189394976476e25
1.652010272156795e25
1.652827816070123e25
1.6536461475385364e25
1.6544693022474407e25
1.6553012270611979e25
1.6561457764001349e25
1.6570067086814623e25
1.6578876828266406e25
1.6587922548376816e25
1.659723874444829e25
1.6606858818280266e25
1.6616815044145608e25
1.6627138537551832e25
1.6637859224810117e25
1.664900581343446e25
1.6660605763392868e25
1.6672685259232134e25
1.6685269183096927e25
1.66983810886639e25
1.6712043176010544e25
1.6726276267438197e25
1.6741099784268123e25
1.6756531724628746e25
1.6772588642251947e25
1.6789285626295296e25
1.6806636282206883e25
1.6824652713648562e25
1.68433455054928e25
1.6862723707907915e25
1.6882794821545522e25
1.6903564783843574e25
1.6925037956457695e25
1.6947217113832677e25
1.6970103432925533e25
1.6993696484090672e25
1.7017994223137063e25
1.7042992984566623e25
1.7068687476002279e25
1.709507077381345e25
1.7122134319945955e25
1.7149867919962643e25
1.7178259742300261e25
1.72072963187473e25
1.723696254614698e25
1.726724168932845e25
1.7298115385268896e25
1.7329563648488136e25
1.7361564877676776e25
1.7394095863558073e25
1.7427131797982933e25
1.7460646284256657e25
1.7494611348695345e25
1.752899745340902e25
1.7563773510307696e25
1.7598906896326079e25
1.7634363469861413e25
1.7670107588418616e25
1.7706102127455878e25
1.7742308500422882e25
1.777868667998367e25
1.7815195220414625e25
1.7851791281167968e25
1.788843065158988e25
1.7925067776781884e25
1.7961655784593413e25
1.799814651373236e25
1.8034490542980225e25
1.8070637221497156e25
1.8106534700201991e25
1.8142129964211142e25
1.8177368866319937e25
1.821219616150908e25
1.8246555542457992e25
1.8280389676046666e25
1.8313640240826397e25
1.8346247965439376e25
1.837815266796648e25
1.840929329618179e25
1.8439607968691855e25
1.846903401693704e25
1.849750802803167e25
1.852496588841905e25
1.8551342828316913e25
1.8576573466928223e25
1.860059185839173e25
1.862333153844597e25
1.8644725571780108e25
1.866470660004429e25
1.868320689049176e25
1.8700158385224416e25
1.8715492751013165e25
1.8729141429663718e25
1.8741035688898282e25
1.8751106673722966e25
1.8759285458250397e25
1.876550309794665e25
1.876969068227119e25
1.8771779387678157e25
1.8771700530946926e25
1.8769385622809672e25
1.8764766421843353e25
1.875777498859292e25
1.8748343739892826e25
1.8736405503353167e25
1.8721893571976926e25
1.870474175887414e25
1.8684884452039112e25
1.8662256669156446e25
1.8636794112400977e25
1.8608433223197669e25
1.85771112369063e25
1.8542766237396449e25
1.8505337211477559e25
1.8464764103149582e25
1.8420987867639115e25
1.8373950525185687e25
1.832359521454398e25
1.8269866246166257e25
1.8212709155030986e25
1.8152070753081822e25
1.8087899181243306e25
1.8020143960977882e25
1.794875604535049e25
1.7873687869565388e25
1.7794893400942305e25
1.7712328188297416e25
1.7625949410694908e25
1.7535715925536846e25
1.7441588315957022e25
1.734352893748692e25
1.7241501963959785e25
1.7135473432622008e25
1.7025411288419148e25
1.691128542742444e25
1.6793067739379885e25
1.667073214931795e25
1.654425465823449e25
1.6413613382781545e25
1.627878859395224e25
1.6139762754727956e25
1.5996520556658416e25
1.5849048955348675e25
1.5697337204823677e25
1.5541376890745142e25
1.538116196245243e25
1.5216688763803965e25
1.504795606279242e25
1.4874965079910277e25
1.46977195152404e25
1.451622557425035e25
1.433049199226702e25
1.4140530057608703e25
1.3946353633355642e25
1.3747979177736802e25
1.3545425763114677e25
1.3338715093547132e25
1.3127871520910613e25
1.2912922059566096e25
1.269389639955012e25
1.2470826918277469e25
1.224374869073849e25
1.2012699498178535e25
1.1777719835243874e25
1.1538852915584357e25
1.1296144675899854e25
1.1049643778418574e25
1.079940161179993e25
1.054547229045078e25
1.0287912652248638e25
1.0026782254662287e25
9.762143369266484e24
9.494060974643017e24
9.222602747665449e24
8.947839053161455e24
8.669842931953365e24
8.388690087273621e24
8.104458869552873e24
7.817230259584601e24
7.527087850063947e24
7.234117825505696e24
6.938408940541208e24
6.640052496601842e24
6.339142316992398e24
6.035774720358556e24
5.730048492559061e24
5.422064856947156e24
5.111927443072869e24
4.799742253812065e24
4.485617630937541e24
4.1696642191413125e24
3.8519949285193477e24
3.5327248955359604e24
3.2119714424788876e24
2.889854035423419e24
2.5664942407180103e24
2.2420156800130784e24
1.9165439838478653e24
1.5902067438166713e24
1.2631334633312448e24
9.354555070039881e23
6.073060486721298e23
2.7882001808301306e23
-4.986595373165472e22
-3.7861359037176035e23
-7.072830272474137e23
-1.0357328699976703e24
-1.3638202541185348e24
-1.6914009057745218e24
-2.01832920376763e24
-2.3444582426302117e24
-2.6696398968157423e24
-2.993724885953664e24
-3.3165628411413083e24
-3.638002372235807e24
-3.957891136115947e24
-4.2760759058820566e24
-4.5924026409559244e24
-4.906716558049421e24
-5.218862202963843e24
-5.528683523187664e24
-5.83602394125146e24
-6.140726428806772e24
-6.442633581388248e24
-6.741587693824557e24
-7.037430836255268e24
-7.33000493071607e24
-7.61915182825523e24
-7.904713386536359e24
-8.186531547890864e24
-8.464448417776271e24
-8.738306343602833e24
-9.007947993882154e24
-9.273216437658008e24
-9.533955224179128e24
-9.790008462766625e24
-1.004122090283716e25
-1.0287438014035677e25
-1.0528506066438098e25
-1.0764272210776037e25
-1.099458455864155e25
-1.1219292262630768e25
-1.1438245596377134e25
-1.1651296034434397e25
-1.185829633196216e25
-1.2059100604173422e25
-1.22535644054953e25
-1.2441544808402108e25
-1.2622900481874213e25
-1.2797491769441481e25
-1.2965180766763471e25
-1.3125831398704025e25
-1.3279309495858422e25
-1.3425482870485233e25
-1.356422139180266e25
-1.3695397060603263e25
-1.3818884083148245e25
-1.393455894429278e25
-1.4042300479803254e25
-1.4141989947824768e25
-1.4233511099453962e25
-1.4316750248378008e25
-1.4391596339536747e25
-1.4457941016769691e25
-1.4515678689404275e25
-1.4564706597746847e25
-1.4604924877438612e25
-1.4636236622634098e25
-1.4658547947966444e25
-1.4671768049259626e25
-1.467580926295306e25
-1.4670587124197549e25
-1.4656020423591133e25
-1.463203126251494e25
-1.4598545107038208e25
-1.4555490840355011e25
-1.450280081372049e25
-1.4440410895855211e25
-1.4368260520782777e25
-1.428629273407192e25
-1.4194454237450779e25
-1.4092695431765871e25
-1.3980970458254376e25
-1.3859237238102957e25
-1.3727457510267184e25
-1.358559686752262e25
-1.3433624790724642e25
-1.3271514681249736e25
-1.3099243891599643e25
-1.291679375413966e25
-1.272414960795298e25
-1.2521300823791142e25
-1.2308240827097862e25
-1.2084967119090246e25
-1.1851481295877905e25
-1.1607789065605122e25
-1.1353900263598488e25
-1.1089828865506821e25
-1.0815592998419105e25
-1.0531214949948982e25
-1.0236721175273202e25
-9.932142302114567e24
-9.617513133659517e24
-9.292872649404333e24
-8.958264003919866e24
-8.613734523530853e24
-8.259335700905873e24
-7.895123187552293e24
-7.521156784215303e24
-7.137500429179567e24
-6.744222184472783e24
-6.341394219972633e24
-5.929092795419171e24
-5.507398240336213e24
-5.076394931865708e24
-4.636171270521011e24
-4.186819653866185e24
-3.7284364481288397e24
-3.261121957754397e24
-2.7849803929163167e24
-2.30011983498772e24
-1.806652199991431e24
-1.304693200040077e24
-7.943623027820424e23
-2.7578268886843677e23
2.5091879254157848e23
7.856116702185948e23
1.3281618992250422e24
1.87843191118104e24
2.4362806664123655e24
3.0015637079582933e24
3.574133217415213e24
4.1538380725914906e24
4.740523906949518e24
5.334033170803186e24
5.934205194249747e24
6.540876251802155e24
7.153879628694099e24
7.77304568882655e24
8.398201944324076e24
9.029173126668168e24
9.665781259374004e24
1.0307845732175795e25
1.0955183376685638e25
1.1607608543488938e25
1.226493318063988e25
1.29269669135181e25
1.3593517126008053e25
1.4264389042961013e25
1.4939385813901162e25
1.561830859792911e25
1.6300956649788024e25
1.698712740704437e25
1.7676616578341627e25
1.8369218232682865e25
1.9064724889696858e25
1.976292761084308e25
2.046361609150868e25
2.1166578753951408e25
2.1871602841041178e25
2.2578474510752415e25
2.3286978931359034e25
2.399690037728336e25
2.470802232555003e25
2.5420127552794443e25
2.6132998232778446e25
2.684641603435715e25
2.756016221985353e25
2.827401774378434e25
2.8987763351888084e25
2.970117968040334e25
3.0414047355545374e25
3.1126147093128965e25
3.1837259798285803e25
3.2547166665223178e25
3.3255649276972374e25
3.3962489705073573e25
3.4667470609145205e25
3.537037533628447e25
3.6070988020246572e25
3.6769093680351917e25
3.746447832006324e25
3.8156929025187715e25
3.884623406164583e25
3.953218297275744e25
4.021456667599217e25
4.08931775591327e25
4.156780957579897e25
4.22382583402823e25
4.290432122163819e25
4.356579743698716e25
4.4222488143973214e25
4.48741965323299e25
4.55207279145046e25
4.616188981529173e25
4.679749206042581e25
4.742734686408838e25
4.805126891527615e25
4.8669075462989645e25
4.928058640019121e25
4.98856243464883e25
5.048401472949641e25
5.10755858648369e25
5.166016903472634e25
5.2237598565113265e25
5.280771190132096e25
5.337034968215333e25
5.3925355812423915e25
5.4472577533867825e25
5.5011865494396285e25
5.554307381565705e25
5.606606015886123e25
5.6580685788843275e25
5.708681563631193e25
5.758431835826546e25
5.807306639653193e25
5.855293603440288e25
5.902380745132984e25
5.9485564775651416e25
5.993809613532294e25
6.038129370661777e25
6.081505376077502e25
6.123927670856634e25
6.1653867142755495e25
6.205873387842835e25
6.245378999116894e25
6.283895285306046e25
6.321414416649064e25
6.357928999573977e25
6.393432079633739e25
6.427917144216737e25
6.461378125030541e25
6.493809400357672e25
6.525205797081913e25
6.555562592483851e25
6.584875515804834e25
6.6131407495781675e25
6.640354930726913e25
6.666515151427321e25
6.6916189597376905e25
6.715664359992032e25
6.738649812958104e25
6.760574235759954e25
6.781437001564805e25
6.8012379390341995e25
6.819977331539864e25
6.83765591614461e25
6.854274882348758e25
6.8698358706025124e25
6.884340970585375e25
6.897792719253237e25
6.910194098654356e25
6.921548533515027e25
6.931859888596726e25
6.9411324658256855e25
6.949371001196799e25
6.956580661453097e25
6.962767040543061e25
6.967936155857461e25
6.97209444424765e25
6.97524875782769e25
6.977406359562556e25
6.978574918644904e25
6.978762505662609e25
6.977977587560204e25
6.976229022396823e25
6.973526053903231e25
6.969878305841517e25
6.965295776170138e25
6.959788831017846e25
6.953368198469498e25
6.946044962167621e25
6.937830554733147e25
6.92873675100868e25
6.918775661128724e25
6.90795972342004e25
6.8963016971367956e25
6.883814655033881e25
6.870511975783217e25
6.856407336236883e25
6.841514703541717e25
6.825848327109432e25
6.809422730447253e25
6.792252702853519e25
6.77435329098258e25
6.755739790284416e25
6.73642773632328e25
6.716432895980691e25
6.695771258547251e25
6.674459026708935e25
6.652512607432771e25
6.629948602756604e25
6.606783800489074e25
6.583035164824353e25
6.5587198268775305e25
6.533855075145432e25
6.508458345898999e25
6.4825472135124e25
6.4561393807341096e25
6.429252668906149e25
6.401905008136567e25
6.374114427431196e25
6.345899044789781e25
6.317277057272877e25
6.288266731044649e25
6.258886391397737e25
6.229154412765322e25
6.1990892087268575e25
6.168709222012869e25
6.138032914514309e25
6.107078757302834e25
6.075865220667259e25
6.044410764172327e25
6.012733826745016e25
5.980852816794747e25
5.9487861023728816e25
5.91655200137697e25
5.884168771805992e25
5.851654602071754e25
5.819027601372418e25
5.786305790133289e25
5.753507090520971e25
5.720649317036121e25
5.687750167190035e25
5.654827212271036e25
5.621897888205582e25
5.58897948651974e25
5.556089145405875e25
5.5232438409003e25
5.490460378176623e25
5.457755382960165e25
5.425145293068064e25
5.392646350080514e25
5.36027459114777e25
5.328045840937483e25
5.295975703727559e25
5.264079555648805e25
5.232372537082186e25
5.20086954521472e25
5.1695852267589435e25
5.138533970839941e25
5.107729902053864e25
5.077186873702583e25
5.046918461207983e25
5.01693795571011e25
4.987258357852527e25
4.957892371759021e25
4.928852399204993e25
4.900150533986738e25
4.87179855649241e25
4.843807928477484e25
4.816189788048101e25
4.788954944854851e25
4.7621138755003445e25
4.735676719162895e25
4.709653273439167e25
4.684052990407908e25
4.658884972917508e25
4.63415797109939e25
4.6098803791090884e25
4.586060232097372e25
4.562705203412844e25
4.539822602037953e25
4.517419370259567e25
4.495502081575903e25
4.474076938840857e25
4.453149772646654e25
4.432726039946135e25
4.412810822915194e25
4.393408828056243e25
4.374524385542932e25
4.3561614488068614e25
4.338323594366341e25
4.321014021897106e25
4.3042355545452945e25
4.287990639482175e25
4.272281348700476e25
4.257109380051558e25
4.242476058523105e25
4.228382337756279e25
4.214828801801582e25
4.201815667112114e25
4.189342784773255e25
4.177409642967274e25
4.166015369671237e25
4.155158735586768e25
4.144838157299686e25
4.135051700667709e25
4.125797084433916e25
4.117071684064011e25
4.108872535804875e25
4.101196340961829e25
4.094039470392145e25
4.087397969211897e25
4.081267561713327e25
4.07564365648955e25
4.070521351763606e25
4.065895440918461e25
4.061760418224456e25
4.058110484760843e25
4.054939554527533e25
4.052241260743427e25
4.050008962327246e25
4.048235750556996e25
4.046914455903799e25
4.046037655035893e25
4.04559767798838e25
4.045586615494304e25
4.045996326472446e25
4.046818445667124e25
4.048044391435265e25
4.0496653736758344e25
4.0516724018966665e25
4.054056293413574e25
4.056807681676666e25
4.059917024718576e25
4.06337461371925e25
4.067170581681957e25
4.071294912215004e25
4.075737448413583e25
4.080487901836152e25
4.085535861569645e25
4.090870803377767e25
4.0964820989265205e25
4.102359025081145e25
4.1084907732684905e25
4.114866458898882e25
4.12147513084142e25
4.128305780946687e25
4.135347353610712e25
4.142588755374101e25
4.150018864550077e25
4.157626540875329e25
4.165400635177361e25
4.173329999052119e25
4.181403494545639e25
4.18961000383341e25
4.19793843889119e25
4.206377751150948e25
4.214916941135651e25
4.223545068066596e25
4.232251259436984e25
4.241024720545458e25
4.249854743983333e25
4.258730719069256e25
4.2676421412250776e25
4.276578621286704e25
4.285529894743749e25
4.294485830901853e25
4.303436441961538e25
4.312371892007518e25
4.321282505902443e25
4.330158778079078e25
4.338991381224999e25
4.3477711748538944e25
4.3564892137576746e25
4.365136756333611e25
4.373705272780813e25
4.382186453160404e25
4.390572215313849e25
4.398854712633952e25
4.407026341683097e25
4.4150797496534605e25
4.423007841663893e25
4.430803787888392e25
4.438461030511074e25
4.445973290502679e25
4.453334574213792e25
4.460539179779992e25
4.4675817033342695e25
4.474457045022214e25
4.481160414815484e25
4.487687338119287e25
4.494033661169647e25
4.500195556216381e25
4.50616952648783e25
4.511952410933508e25
4.51754138874098e25
4.52293398362335e25
4.528128067873977e25
4.533121866185075e25
4.537913959227019e25
4.542503286985359e25
4.546889151852636e25
4.551071221472247e25
4.555049531331786e25
4.558824487103379e25
4.56239686672875e25
4.565767822246828e25
4.568938881361925e25
4.571911948750649e25
4.57468930710583e25
4.577273617915977e25
4.5796679219788575e25
4.581875639648028e25
4.583900570811215e25
4.585746894599707e25
4.587419168828041e25
4.588922329163356e25
4.590261688024101e25
4.591442933207804e25
4.592472126247905e25
4.593355700499665e25
4.594100458955505e25
4.5947135717901794e25
4.595202573636379e25
4.595575360591521e25
4.595840186956709e25
4.596005661708952e25
4.596080744707859e25
4.596074742638322e25
4.595997304690763e25
4.5958584179807035e25
4.595668402709581e25
4.595437907068939e25
4.595177901890268e25
4.594899675042825e25
4.594614825582143e25
4.594335257651876e25
4.59407317414196e25
4.593841070106053e25
4.593651725941581e25
4.5935182003357125e25
4.59345382298072e25
4.593472187062561e25
4.59358714152633e25
4.593812783122714e25
4.594163448239413e25
4.594653704521932e25
4.595298342288063e25
4.596112365740638e25
4.597110983983182e25
4.598309601843357e25
4.599723810509101e25
4.601369377982514e25
4.603262239356748e25
4.605418486921195e25
4.607854360100438e25
4.6105862352324865e25
4.613630615192045e25
4.6170041188646e25
4.620723470477111e25
4.624805488791512e25
4.6292670761669625e25
4.634125207497166e25
4.639396919028979e25
4.645099297068777e25
4.6512494665830556e25
4.657864579699768e25
4.664961804117156e25
4.6725583114267345e25
4.6806712653572615e25
4.689317809946558e25
4.698515057648135e25
4.708280077379605e25
4.7186298825199964e25
4.729581418863014e25
4.741151552533446e25
4.7533570578739835e25
4.766214605309599e25
4.7797407491968825e25
4.793951915665598e25
4.808864390459849e25
4.824494306786214e25
4.8408576331762835e25
4.85797016137098e25
4.875847494234137e25
4.894505033702732e25
4.91395796878128e25
4.934221263587736e25
4.955309645458448e25
4.97723759311955e25
5.000019324932136e25
5.023668787218749e25
5.0481996426784535e25
5.073625258897893e25
5.099958696965593e25
5.127212700196866e25
5.155399682976492e25
5.184531719726398e25
5.214620534005467e25
5.245677487748608e25
5.277713570652071e25
5.310739389711987e25
5.344765158923104e25
5.379800689144465e25
5.415855378138852e25
5.45293820079265e25
5.491057699522743e25
5.530221974876976e25
5.570438676334517e25
5.611714993312628e25
5.654057646385841e25
5.697472878723865e25
5.741966447754074e25
5.787543617054712e25
5.8342091484843206e25
5.8819672945532665e25
5.930821791042932e25
5.980775849877849e25
6.031832152256212e25
6.0839928420438e25
6.137259519436664e25
6.191633234896928e25
6.247114483367007e25
6.303703198766441e25
6.361398748776164e25
6.4201999299141344e25
6.480104962906716e25
6.541111488359859e25
6.603216562733672e25
6.6664166546242945e25
6.73070764135636e25
6.796084805889717e25
6.862542834043174e25
6.93007581203848e25
6.9986772243675285e25
7.068339951985001e25
7.13905627082941e25
7.2108178506742526e25
7.283615754312108e25
7.3574404370729215e25
7.43228174667849e25
7.5081289234349086e25
7.584970600763882e25
7.662794806074452e25
7.741588961975802e25
7.821339887832379e25
7.902033801661367e25
7.983656322373302e25
8.066192472355805e25
8.149626680400749e25
8.233942784974269e25
8.319124037829346e25
8.405153107960849e25
8.492012085901346e25
8.579682488357616e25
8.66814526318597e25
8.757380794705703e25
8.847368909348424e25
8.938088881641769e25
9.02951944052594e25
9.121638776000167e25
9.214424546097299e25
9.307853884183641e25
9.401903406581766e25
9.496549220512757e25
9.591766932355048e25
9.68753165621689e25
9.78381802281832e25
9.880600188679316e25
9.977851845610115e25
1.0075546230500041e26
1.0173656135399927e26
1.0272153917894284e26
1.037101151175822e26
1.0470200437894898e26
1.0569691815547939e26
1.0669456373783888e26
1.0769464463239962e26
1.0869686068130762e26
1.0970090818509034e26
1.1070648002774277e26
1.1171326580423801e26
1.127209519503947e26
1.1372922187504326e26
1.147377560944286e26
1.157462323687792e26
1.167543258409803e26
1.1776170917727924e26
1.187680527099598e26
1.1977302458190743e26
1.2077629089299666e26
1.2177751584823146e26
1.2277636190755634e26
1.2377248993726954e26
1.2476555936295579e26
1.2575522832386873e26
1.2674115382867521e26
1.2772299191248827e26
1.2870039779510348e26
1.2967302604036443e26
1.3064053071656402e26
1.3160256555780658e26
1.3255878412624653e26
1.3350883997511283e26
1.3445238681244003e26
1.3538907866541497e26
1.3631857004525846e26
1.3724051611254801e26
