2.9601386718751932e-15
3.2627200602570305e9
6.672368834240418e10
4.602522045396217e11
1.9961499863581316e12
6.571822360756001e12
1.7927303772019637e13
4.2615428232275e13
9.118181079413516e13
1.7955118659444094e14
3.306160406029074e14
5.760228550019594e14
9.581507032063199e14
1.5322763309736262e15
2.368919286918502e15
3.556360098065524e15
5.203323931889176e15
7.441821645601622e15
1.0430139597254222e16
1.4355969082487228e16
1.9439665766445684e16
2.59376290034051e16
3.414579047792213e16
4.4403201161721896e16
5.709570516090634e16
7.26596886292416e16
9.158589154605178e16
1.1442326980237696e17
1.4178289470727766e17
1.743418767181916e17
2.1284729991573142e17
2.5812015348489856e17
3.110592462319681e17
3.726450899598414e17
4.439437373449814e17
5.2611055980664774e17
6.203939507344553e17
7.281389393437312e17
8.507907003600721e17
9.898979446952783e17
1.147116176266716e18
1.3242108001313736e18
1.5230600671546941e18
1.7456578405127373e18
1.9941161694345948e18
2.2706676557301873e18
2.577667598816775e18
2.917595905155595e18
3.2930587482379474e18
3.706789965517824e18
4.1616521789753784e18
4.660637626312315e18
5.206868690126079e18
5.803598112784573e18
6.454208885126318e18
7.162213797542619e18
7.931254642457419e18
8.765101057707264e18
9.667649000837026e18
1.0642918844866865e19
1.1695053086651054e19
1.282831365953996e19
1.4047078842670789e19
1.5355839759851762e19
1.6759196461665022e19
1.8261853585097794e19
1.9868615585715433e19
2.1584381538115723e19
2.341413950114834e19
2.5362960445146644e19
2.7435991739200254e19
2.9638450197294158e19
3.197561468295354e19
3.445281827286101e19
3.707543998075433e19
3.984889604376571e19
4.2778630774228886e19
4.5870106980854055e19
4.912879596405438e19
5.256016709109869e19
5.616967695766128e19
5.996275814324254e19
6.394480756883951e19
6.812117446615309e19
7.2497147968528564e19
7.707794433473452e19
8.186869381759202e19
8.687442719037053e19
9.210006194476768e19
9.755038817518155e19
1.0323005416487369e20
1.0914355169049815e20
1.1529520106233922e20
1.2168913591845986e20
1.2832928779180425e20
1.3521937047013057e20
1.4236286416946197e20
1.4976299954254427e20
1.5742274154457458e20
1.653447731792277e20
1.7353147914874418e20
1.8198492943255958e20
1.90706862819648e20
1.9969867042041958e20
2.089613791846511e20
2.1849563545254678e20
2.2830168856660423e20
2.383793745725201e20
2.487281000378908e20
2.5934682601795384e20
2.7023405219807304e20
2.8138780124309317e20
2.9280560338407237e20
3.044844812732579e20
3.164209351384701e20
3.2861092826834403e20
3.410498728601029e20
3.5373261626173024e20
3.666534276405625e20
3.7980598511042285e20
3.931833633494916e20
4.067780217411186e20
4.205817930697676e20
4.3458587280420635e20
4.4878080899994406e20
4.6315649285275635e20
4.7770214993492535e20
4.924063321455704e20
5.072569104061381e20
5.222410681317702e20
5.3734529550886614e20
5.5255538460870784e20
5.6785642536651994e20
5.832328024547858e20
5.986681930790522e20
6.141455657238039e20
6.296471798753051e20
6.451545867475516e20
6.606486310366997e20
6.761094537284944e20
6.91516495982328e20
7.068485041146411e20
7.220835357033816e20
7.371989668342256e20
7.52171500508177e20
7.669771762290583e20
7.815913807882314e20
7.95988860262691e20
8.101437332414142e20
8.240295052935649e20
8.376190846908208e20
8.508847993947075e20
8.637984153184284e20
8.76331155871213e20
8.884537227917352e20
9.001363182756136e20
9.113486684004707e20
9.220600478504174e20
9.322393059402268e20
9.418548939377917e20
9.50874893681808e20
9.592670474898844e20
9.669987893505837e20
9.740372773911184e20
9.803494276106622e20
9.859019488674361e20
9.906613791059129e20
9.945941228086514e20
9.976664896554327e20
9.998447343704953e20
1.0010950977368194e21
1.0013838487545095e21
1.0006773279184558e21
9.989419915885635e20
9.961444574239381e20
9.922515508505328e20
9.872303525298766e20
9.810482467946019e20
9.736729710146343e20
9.650726658560125e20
9.55215926392466e20
9.440718540280254e20
9.316101091871093e20
9.178009647267206e20
9.026153600235923e20
8.860249556873608e20
8.680021888490845e20
8.485203289727275e20
8.275535341355241e20
8.050769077214988e20
7.81066555470783e20
7.554996428257949e20
7.283544525137929e20
6.996104423038277e20
6.692483028746347e20
6.37250015728609e20
6.035989110856347e20
5.6827972568922626e20
5.3127866045617314e20
4.9258343789967167e20
4.521833592547794e20
4.1006936123392734e20
3.6623407233921686e20
3.206718686572009e20
2.733789290610588e20
2.243532897440856e20
1.7359489800781398e20
1.2110566522723516e20
6.6889518915114795e19
1.0952453806703903e19
-4.669741811419716e19
-1.0604981872733087e20
-1.6709225610607297e20
-2.2980997814548398e20
-2.9418592756859385e20
-3.602006983910908e20
-4.2783249392473945e20
-4.970570863995515e20
-5.678477782847547e20
-6.401753653881038e20
-7.140081018129162e20
-7.893116668515387e20
-8.660491338936175e20
-9.441809414266801e20
-1.0236648662059836e21
-1.1044559986695885e21
-1.1865067206738397e21
-1.2697666856232645e21
-1.3541828010679064e21
-1.439699213839789e21
-1.5262572977989998e21
-1.6137956442583605e21
-1.702250055154278e21
-1.7915535390296255e21
-1.8816363098929798e21
-1.9724257890165635e21
-2.063846609733556e21
-2.1558206252932703e21
-2.2482669198307654e21
-2.3411018225052583e21
-2.434238924859376e21
-2.527589101449079e21
-2.6210605337914953e21
-2.71455873767555e21
-2.8079865938774516e21
-2.901244382320678e21
-2.9942298197169935e21
-3.086838100722486e21
-3.1789619426393866e21
-3.270491633691652e21
-3.3613150848989544e21
-3.4513178855707467e21
-3.5403833624386606e21
-3.6283926424423157e21
-3.715224719180015e21
-3.800756523032602e21
-3.8848629949649933e21
-3.967417164006471e21
-4.048290228407051e21
-4.1273516404636747e21
-4.204469195006019e21
-4.279509121528189e21
-4.352336179948351e21
-4.422813759974775e21
-4.4908039840526605e21
-4.5561678138621014e21
-4.6187651603336496e21
-4.678454997143796e21
-4.735095477648635e21
-4.788544055209868e21
-4.838657606863237e21
-4.885292560275217e21
-4.928305023929775e21
-4.967550920482765e21
-5.002886123217337e21
-5.034166595529657e21
-5.061248533369984e21
-5.083988510559988e21
-5.102243626903116e21
-5.115871659000582e21
-5.124731213681474e21
-5.128681883951433e21
-5.127584407360102e21
-5.121300826683797e21
-5.109694652815517e21
-5.092631029750727e21
-5.069976901553205e21
-5.041601181181551e21
-5.007374921053018e21
-4.967171485217556e21
-4.92086672301138e21
-4.868339144055587e21
-4.809470094461839e21
-4.74414393410369e21
-4.6722482148086393e21
-4.5936738593226736e21
-4.5083153408958676e21
-4.416070863334399e21
-4.316842541361311e21
-4.2105365811253797e21
-4.097063460694592e21
-3.976338110368028e21
-3.848280092637193e21
-3.7128137816254857e21
-3.569868541831995e21
-3.419378906003475e21
-3.261284751956401e21
-3.0955314781687707e21
-2.9220701779595845e21
-2.740857812072075e21
-2.5518573794753417e21
-2.355038086197305e21
-2.1503755120008977e21
-1.9378517747139546e21
-1.7174556920225517e21
-1.4891829405364729e21
-1.253036211934849e21
-1.0090253659996569e21
-7.571675803441567e20
-4.974874966433506e20
-2.30017363173473e20
4.520282653234666e19
3.2812519910472155e20
6.18693871026909e20
9.168448227832947e20
1.222505777657854e21
1.5355960853719396e21
1.856026610749466e21
2.1836996275962244e21
2.5185087179783395e21
2.8603386770831306e21
3.209065423843603e21
3.5645559175057013e21
3.926668080314925e21
4.2952507264964766e21
4.6701434977003053e21
5.051176805079488e21
5.438171778166997e21
5.830940220713239e21
6.229284573642153e21
6.632997885281234e21
7.04186378901561e21
7.455656488513474e21
7.874140750664738e21
8.297071906371324e21
8.724195859321995e21
9.155249102880579e21
9.58995874521053e21
1.0028042542754663e22
1.0469208942182425e22
1.0913157130912417e22
1.1359577096311452e22
1.1808149693666234e22
1.225854672301692e22
1.2710431014936558e22
1.316345652533276e22
1.3617268439343027e22
1.4071503284386656e22
1.4525789052431214e22
1.4979745331522686e22
1.543298344662302e22
1.5885106609790135e22
1.63357100797292e22
1.6784381330735325e22
1.72307002310415e22
1.767423923057641e22
1.8114563558130315e22
1.855123142791792e22
1.8983794255520084e22
1.941179688317733e22
1.9834777814400544e22
2.0252269457854893e22
2.0663798380465924e22
2.1068885569686963e22
2.1467046704859167e22
2.1857792437587014e22
2.224062868104249e22
2.2615056908103853e22
2.2980574458224556e22
2.3336674852920602e22
2.3682848119754374e22
2.401858112468571e22
2.434335791265015e22
2.4656660056217863e22
2.495796701217527e22
2.524675648586506e22
2.5522504803109336e22
2.5784687289533546e22
2.603277865709861e22
2.6266253397641455e22
2.648458618321387e22
2.668725227300258e22
2.6873727926603564e22
2.7043490823416104e22
2.7196020487913055e22
2.7330798720535964e22
2.744731003395517e22
2.7545042094426948e22
2.762348616797212e22
2.768213757109203e22
2.772049612573086e22
2.773806661818489e22
2.7734359261652466e22
2.770889016211099e22
2.7661181787199412e22
2.759076343777929e22
2.7497171721838987e22
2.737995103040029e22
2.723865401507913e22
2.7072842066947478e22
2.688208579633548e22
2.666596551320938e22
2.6424071707752554e22
2.615600553077468e22
2.586137927356609e22
2.553981684681176e22
2.519095425817336e22
2.4814440088143862e22
2.4409935963775717e22
2.3977117029878708e22
2.351567241728143e22
2.3025305707745043e22
2.250573539511785e22
2.1956695342313684e22
2.137793523369721e22
2.0769221022454722e22
2.0130335372530044e22
1.946107809470127e22
1.876126657637475e22
1.8030736204670142e22
1.7269340782372451e22
1.6476952936324165e22
1.5653464517832996e22
1.479878699466939e22
1.391285183423104e22
1.2995610877450959e22
1.2047036703028835e22
1.106712298156557e22
1.0055884819185673e22
9.01335909023279e21
7.939604758627933e21
6.834703187482147e21
5.698758436561302e21
4.5318975472027545e21
3.3342708142888043e21
2.1060520448882723e21
8.474388031791578e20
-4.4134735872380004e20
-1.7600606844119847e21
-3.10843101166105e21
-4.486163586106211e21
-5.892938890464792e21
-7.328412489653825e21
-8.792214892137469e21
-1.0283951427836474e22
-1.1803202142916842e22
-1.3349521711771876e22
-1.4922439366498056e22
-1.6521458844159445e22
-1.8146058352120843e22
-1.9795690551723715e22
-2.146978256056569e22
-2.3167735973634965e22
-2.4888926903537855e22
-2.6632706040047767e22
-2.8398398729190688e22
-3.0185305072071464e22
-3.199270004363002e22
-3.381983363150644e22
-3.566593099517899e22
-3.7530192645525783e22
-3.941179464494867e22
-4.130988882818053e22
-4.322360304388686e22
-4.515204141715382e22
-4.709428463294529e22
-4.904939024058998e22
-5.101639297935011e22
-5.2994305125104054e22
-5.498211685816223e22
-5.697879665221637e22
-5.898329168440985e22
-6.099452826649698e22
-6.301141229704675e22
-6.503282973462471e22
-6.705764709187506e22
-6.908471195040412e22
-7.111285349635285e22
-7.314088307652494e22
-7.516759477492378e22
-7.719176600953064e22
-7.9212158149143e22
-8.122751715007e22
-8.323657421246792e22
-8.523804645607965e22
-8.723063761512444e22
-8.921303875206726e22
-9.118392898997902e22
-9.314197626318088e22
-9.508583808584948e22
-9.701416233824198e22
-9.892558807018174e22
-1.0081874632142803e23
-1.0269226095853762e23
-1.0454474952780708e23
-1.0637482412386767e23
-1.0818109227348858e23
-1.0996215783412715e23
-1.1171662190674818e23
-1.134430837624172e23
-1.151401417821572e23
-1.1680639440954139e23
-1.1844044111548084e23
-1.2004088337464571e23
-1.216063256529486e23
-1.2313537640550004e23
-1.2462664908443217e23
-1.2607876315597221e23
-1.2749034512613322e23
-1.2886002957437491e23
-1.3018646019457426e23
-1.3146829084263296e23
-1.3270418659003372e23
-1.3389282478264772e23
-1.3503289610408018e23
-1.3612310564283286e23
-1.3716217396254703e23
-1.3814883817458244e23
-1.3908185301217665e23
-1.3995999190541694e23
-1.4078204805625135e23
-1.4154683551275239e23
-1.422531902418403e23
-1.4289997119966456e23
-1.4348606139883433e23
-1.440103689716813e23
-1.4447182822873165e23
-1.4486940071155883e23
-1.4520207623918219e23
-1.4546887394717161e23
-1.456688433186155e23
-1.4580106520610308e23
-1.4586465284387132e23
-1.4585875284926266e23
-1.457825462126377e23
-1.4563524927488766e23
-1.4541611469168652e23
-1.4512443238362772e23
-1.4475953047138678e23
-1.4432077619505495e23
-1.4380757681678814e23
-1.4321938050592081e23
-1.4255567720569614e23
-1.418159994807666e23
-1.4099992334462557e23
-1.4010706906613373e23
-1.391371019543122e23
-1.3808973312057783e23
-1.3696472021760523e23
-1.3576186815400797e23
-1.3448102978403838e23
-1.3312210657151702e23
-1.31685049227209e23
-1.3016985831887942e23
-1.2857658485326735e23
-1.2690533082923344e23
-1.2515624976134395e23
-1.233295471731729e23
-1.2142548105961368e23
-1.1944436231750823e23
-1.1738655514391636e23
-1.1525247740136266e23
-1.1304260094941842e23
-1.1075745194198922e23
-1.0839761108970045e23
-1.0596371388678506e23
-1.0345645080190812e23
-1.0087656743237033e23
-9.822486462116188e22
-9.550219853635251e22
-9.270948071233261e22
-8.984767805243395e22
-8.691781279248967e22
-8.392096242490653e22
-8.08582595828597e22
-7.773089188422938e22
-7.454010173493871e22
-7.1287186091362365e22
-6.797349618151656e22
-6.460043718475559e22
-6.116946786973371e22
-5.768210019041446e22
-5.413989883994173e22
-5.05444807622106e22
-4.689751462100731e22
-4.3200720226617485e22
-3.945586791982549e22
-3.566477791326774e22
-3.1829319590121803e22
-2.795141076015324e22
-2.4033016873162182e22
-2.00761501899167e22
-1.6082868910676226e22
-1.2055276261453416e22
-7.995519538180601e21
-3.905789108995211e21
2.1168262512555694e20
4.354622311104076e21
8.520716765580868e21
1.2707614137468754e22
1.6912925110881644e22
2.113422414803216e22
2.5369050771671514e22
2.9614910886597515e22
3.386927813973905e22
3.812959531827956e22
4.239327578526236e22
4.6657704952072686e22
5.0920241787173905e22
5.517822036043059e22
5.942895142233077e22
6.366972401737359e22
6.789780713087024e22
7.21104513683653e22
7.6304890666857e22
8.047834403696738e22
8.462801733517405e22
8.8751105065193e22
9.284479220756639e22
9.690625607648447e22
1.009326682028334e23
1.0492119624244067e23
1.0886900590845345e23
1.1277326292676552e23
1.1663113501337026e23
1.2043979387249958e23
1.2419641721437616e23
1.2789819079138545e23
1.3154231045144124e23
1.351259842073016e23
1.386464343205615e23
1.4210089939903176e23
1.4548663650618215e23
1.4880092328131303e23
1.5204106006909266e23
1.5520437205708174e23
1.5828821141984052e23
1.6128995946820066e23
1.6420702880226328e23
1.6703686546666596e23
1.6977695110664947e23
1.724248051234323e23
1.7497798682739398e23
1.774340975875471e23
1.797907829757739e23
1.8204573490427923e23
1.8419669375471375e23
1.8624145049740026e23
1.8817784879909683e23
1.9000378711771208e23
1.9171722078239112e23
1.9331616405737584e23
1.947986921880481e23
1.961629434275489e23
1.974071210423763e23
1.9852949529535146e23
1.9952840540435418e23
2.0040226147521675e23
2.011495464071794e23
2.0176881776930218e23
2.0225870964624187e23
2.026179344518031e23
2.0284528470867706e23
2.029396347927931e23
2.028999426407189e23
2.0272525141854632e23
2.0241469115072057e23
2.01967480307276e23
2.0138292734796272e23
2.0066043222175252e23
1.9979948782023918e23
1.9879968138345634e23
1.97660695856665e23
1.963823111966688e23
1.9496440562624764e23
1.9340695683531536e23
1.9171004312743524e23
1.898738445103446e23
1.8789864372917247e23
1.8578482724105328e23
1.8353288612987922e23
1.8114341695994505e23
1.786171225672872e23
1.7595481278753554e23
1.7315740511914306e23
1.7022592532087418e23
1.6716150794248445e23
1.6396539678754472e23
1.606389453074167e23
1.571836169254028e23
1.5360098529015095e23
1.498927344574219e23
1.4606065899938056e23
1.421066640405944e23
1.380327652199855e23
1.3384108857800994e23
1.2953387036839897e23
1.2511345679382072e23
1.2058230366488598e23
1.159429759819579e23
1.11198147439282e23
1.0635059985098634e23
1.0140322249856887e23
9.635901139952358e22
9.122106849682398e22
8.59926007690136e22
8.067691926071982e22
7.527743803346287e22
6.979767303666638e22
6.4241240898850836e22
5.861185763902751e22
5.2913337298385715e22
4.714959049239471e22
4.1324622883522915e22
3.5442533574813294e22
2.9507513424629476e22
2.35238432829185e22
1.7495892149419452e22
1.1428115254282377e22
5.32505206163977e21
-8.086758032932193e20
-6.968366702934519e21
-1.3149241211169144e22
-1.934644441153116e22
-2.5555048268926682e22
-3.177005407401168e22
-3.79863949592966e22
-4.419893848597764e22
-5.040248930045763e22
-5.659179185944045e22
-6.276153322244464e22
-6.890634591050592e22
-7.5020810829806275e22
-8.10994602588888e22
-8.71367808980786e22
-9.312721697965766e22
-9.90651734373121e22
-1.0494501913328938e23
-1.1076109014167173e23
-1.1650769308609786e23
-1.2217910853023923e23
-1.2776959441926004e23
-1.3327338957045864e23
-1.3868471721122086e23
-1.439977885623868e23
-1.4920680646506821e23
-1.543059690489138e23
-1.5928947343976663e23
-1.6415151950462673e23
-1.688863136317738e23
-1.7348807254386103e23
-1.7795102714176593e23
-1.8226942637692042e23
-1.8643754114982377e23
-1.9044966823238127e23
-1.943001342116988e23
-1.9798329945290615e23
-2.014935620785617e23
-2.048253619621434e23
-2.0797318473312033e23
-2.1093156579104275e23
-2.136950943260846e23
-2.1625841734341882e23
-2.1861624368881026e23
-2.2076334807275416e23
-2.226945750904943e23
-2.2440484323520913e23
-2.2588914890165356e23
-2.27142570377517e23
-2.281602718197404e23
-2.2893750721302315e23
-2.29469624307744e23
-2.2975206853449664e23
-2.2978038689244144e23
-2.2955023180866e23
-2.2905736496570392e23
-2.2829766109451273e23
-2.272671117298835e23
-2.2596182892566774e23
-2.2437804892688208e23
-2.2251213579591456e23
-2.2036058499001528e23
-2.1792002688727187e23
-2.1518723025827892e23
-2.1215910568072022e23
-2.0883270889409244e23
-2.0520524409182562e23
-2.0127406714806268e23
-1.9703668877638623e23
-1.9249077761779447e23
-1.876341632552631e23
-1.8246483915224878e23
-1.7698096551251064e23
-1.7118087205867302e23
-1.6506306072696762e23
-1.5862620827563445e23
-1.5186916880449742e23
-1.4479097618326004e23
-1.3739084638611684e23
-1.2966817973031633e23
-1.216225630163283e23
-1.1325377156736766e23
-1.0456177116601651e23
-9.554671988577186e22
-8.620896981538165e22
-7.654906867389146e22
-6.6567761314371225e22
-5.62659911143655e22
-4.56449012511263e22
-3.4705835859815323e22
-2.3450341072856175e22
-1.1880165938722018e22
2.736781505664647e18
1.2196209941401087e22
2.4697891461810417e22
3.7505213910275183e22
5.061540420864117e22
6.402548347019147e22
7.773226696750325e22
9.173236423222212e22
1.0602217928782445e23
1.2059791101637836e23
1.3545555366022848e23
1.5059089745945297e23
1.6599952942584288e23
1.81676834254113e23
1.9761799537090008e23
2.1381799612208486e23
2.3027162109885048e23
2.4697345760280834e23
2.639178972504436e23
2.8109913771703044e23
2.985111846200736e23
3.161478535422803e23
3.340027721939002e23
3.520693827142565e23
3.703409441121461e23
3.8881053484471734e23
4.074710555343292e23
4.263152318228056e23
4.453356173624006e23
4.64524596942686e23
4.838743897525199e23
5.0337705277608014e23
5.230244843219255e23
5.428084276839181e23
5.6272047493273905e23
5.8275207083665205e23
6.02894516910058e23
6.231389755882828e23
6.434764745269941e23
6.638979110244576e23
6.843940565648343e23
7.049555614805837e23
7.25572959731948e23
7.462366738014081e23
7.669370197009004e23
7.876642120894866e23
8.08408369499122e23
8.291595196659917e23
8.499076049648792e23
8.70642487943899e23
8.913539569568496e23
9.120317318903542e23
9.326654699828696e23
9.53244771732559e23
9.737591868909742e23
9.941982205393367e23
1.0145513392442085e24
1.0348079772892215e24
1.0549575429794627e24
1.07498942501505e24
1.0948929989303427e24
1.114657633595177e24
1.1342726977744276e24
1.1537275667421663e24
1.1730116289465575e24
1.192114292721638e24
1.2110249930420208e24
1.2297331983165163e24
1.2482284172166117e24
1.26650020553569e24
1.2845381730748012e24
1.3023319905507983e24
1.319871396522525e24
1.337146204330765e24
1.3541463090475895e24
1.3708616944306942e24
1.387282439878295e24
1.4033987273801035e24
1.4192008484598676e24
1.4346792111049643e24
1.4498243466784474e24
1.4646269168089802e24
1.4790777202540333e24
1.4931676997317257e24
1.506887948716649e24
1.520229718195025e24
1.533184423374518e24
1.545743650344031e24
1.5578991626788014e24
1.56964290798611e24
1.580967024386921e24
1.5918638469287858e24
1.6023259139253268e24
1.6123459732176584e24
1.6219169883530907e24
1.631032144676493e24
1.6396848553297232e24
1.647868767154519e24
1.65557776649431e24
1.6628059848904365e24
1.6695478046682547e24
1.6757978644087042e24
1.6815510643008944e24
1.6868025713713665e24
1.691547824585682e24
1.6957825398180636e24
1.699502714684878e24
1.7027046332377735e24
1.705384870512377e24
1.7075402969284844e24
1.7091680825377803e24
1.7102657011151538e24
1.7108309340897806e24
1.7108618743121793e24
1.7103569296535784e24
1.7093148264339504e24
1.7077346126752056e24
1.7056156611760773e24
1.7029576724053756e24
1.6997606772103122e24
1.6960250393367473e24
1.6917514577582768e24
1.686940968811202e24
1.6815949481324893e24
1.675715112397979e24
1.669303520858169e24
1.6623625766690447e24
1.6548950280155098e24
1.6469039690251052e24
1.6383928404698106e24
1.6293654302538718e24
1.6198258736856619e24
1.6097786535317744e24
1.599228599851618e24
1.5881808896109666e24
1.5766410460729792e24
1.5646149379654048e24
1.552108778422781e24
1.539129123702583e24
1.5256828716744232e24
1.5117772600815205e24
1.4974198645738254e24
1.4826185965123252e24
1.4673817005441646e24
1.4517177519484107e24
1.4356356537523986e24
1.4191446336187715e24
1.4022542405034444e24
1.3849743410848952e24
1.36731511596535e24
1.3492870556445122e24
1.330900956266739e24
1.3121679151426126e24
1.2930993260461226e24
1.2737068742886874e24
1.2540025315715437e24
1.2339985506180737e24
1.2137074595878601e24
1.1931420562743659e24
1.1723154020883305e24
1.1512408158290846e24
1.1299318672461975e24
1.108402370393953e24
1.086666376781332e24
1.0647381683203691e24
1.042632250075844e24
1.0203633428194275e24
9.979463753915886e23
9.75396476874663e23
9.52728968580695e23
9.299593558577317e23
9.071033197184488e23
8.841767082951143e23
8.611955281250521e23
8.3817593527085e23
8.151342262797679e23
7.920868289868829e23
7.690502931666873e23
7.460412810379316e23
7.230765576266716e23
7.001729809926028e23
6.773474923239e23
6.546171059058419e23
6.31998898968707e23
6.095100014204704e23
5.871675854700061e23
5.649888551465424e23
5.429910357213062e23
5.2119136303729755e23
4.9960707275337035e23
4.782553895087482e23
4.571535160143045e23
4.363186220770018e23
4.157678335639358e23
3.9551822131257295e23
3.75586789993808e23
3.559904669345684e23
3.367460909067591e23
3.178704008894105e23
2.9938002481095623e23
2.8129146827865243e23
2.6362110330216156e23
2.463851570184272e23
2.2959970042499415e23
2.1328063712895652e23
1.9744369211880202e23
1.821044005664135e23
1.6727809666654585e23
1.529799025211182e23
1.3922471707568661e23
1.2602720511547038e23
1.1340178632835052e23
1.0136262444222117e23
8.992361644412385e22
7.909838188856503e22
6.890025230244582e22
5.934226069396771e22
5.043713117293358e22
4.219726868978639e22
3.463474890074389e22
2.7761308166328326e22
2.1588333690581974e22
1.612685380820203e22
1.138752842680513e22
7.380639631455076e21
4.1160824585660793e21
1.6033558462094566e21
-1.484462321905529e20
-1.1306434438724864e21
-1.334977575623126e21
-7.536208087791045e20
6.208162163342623e20
2.7952765531141607e21
5.776249325033785e21
9.569762332041944e21
1.4181374893304159e22
1.9616170932474166e22
2.587875231157932e22
3.297323241947935e22
4.090323002074743e22
4.9671863370680795e22
5.9281744602053575e22
6.9734974389033774e22
8.103313689360986e22
9.317729499968648e22
1.0616798583988186e23
1.2000521661989646e23
1.3468846074518456e23
1.502166542544718e23
1.665881925645491e23
1.8380092753052752e23
2.0185216482565576e23
2.2073866164455852e23
2.4045662473361773e23
2.6100170875200194e23
2.823690149667054e23
3.0455309028471495e23
3.2754792662530914e23
3.51346960635187e23
3.7594307374904534e23
4.013285925979333e23
4.274952897675596e23
4.544343849084766e23
4.821365461999117e23
5.1059189216875104e23
5.397899938649902e23
5.697198773947625e23
6.0037002681179966e23
6.317283873679889e23
6.637823691234718e23
6.96518850916456e23
7.299241846927618e23
7.63984200194827e23
7.986842100096965e23
8.340090149753066e23
8.699429099440963e23
9.064696899027918e23
9.43572656446963e23
9.812346246086789e23
1.0194379300354294e24
1.0581644365181862e24
1.097395543866218e24
1.1371121961261694e24
1.177294890142486e24
1.2179236844562147e24
1.2589782085388263e24
1.3004376723575993e24
1.3422808762687754e24
1.3844862212345115e24
1.4270317193594012e24
1.469895004742115e24
1.5130533446375242e24
1.5564836509243365e24
1.6001624918731398e24
1.6440661042095227e24
1.688170405466649e24
1.7324510066215308e24
1.7768832250089353e24
1.8214420975067177e24
1.86610239398616e24
1.9108386310206074e24
1.9556250858455497e24
2.0004358105631092e24
2.0452446465836354e24
2.0900252392969413e24
2.134751052965517e24
2.179395385831859e24
2.2239313854318966e24
2.268332064106265e24
2.3125703147009974e24
2.3566189264491058e24
2.4004506010242558e24
2.4440379687576376e24
2.487353605008917e24
2.530370046682071e24
2.57305980887667e24
2.6153954016651156e24
2.657349346986083e24
2.698894195644407e24
2.740002544407425e24
2.780647053187716e24
2.820800462301997e24
2.8604356097959114e24
2.8995254488242394e24
2.93804306507602e24
2.975961694233943e24
3.013254739457307e24
3.049895788877725e24
3.085858633096678e24
3.1211172826739915e24
3.1556459855961804e24
3.1894192447135975e24
3.222411835135214e24
3.254598821569897e24
3.285955575602906e24
3.316457792896396e24
3.3460815103026014e24
3.374803122878425e24
3.402599400790109e24
3.429447506096673e24
3.455325009400768e24
3.480209906355687e24
3.5040806340171984e24
3.5269160870289556e24
3.548695633630226e24
3.569399131474748e24
3.589006943249569e24
3.607499952082751e24
3.6248595767288937e24
3.641067786521516e24
3.6561071160813913e24
3.6699606797700273e24
3.682612185877521e24
3.694045950534227e24
3.704246911335652e24
3.713200640670186e24
3.720893358739371e24
3.727311946260538e24
3.73244395684176e24
3.736277629019261e24
3.7388018979474825e24
3.740006406732247e24
3.7398815173975803e24
3.73841832147692e24
3.735608650219629e24
3.731445084403901e24
3.7259209637473403e24
3.719030395906715e24
3.710768265058527e24
3.70113024005234e24
3.6901127821289075e24
3.6777131521954885e24
3.66392941765087e24
3.6487604587529174e24
3.6322059745216143e24
3.6142664881709633e24
3.5949433520632107e24
3.574238752179183e24
3.5521557120988195e24
3.5286980964861774e24
3.503870614073514e24
3.477678820139362e24
3.4501291184756224e24
3.421228762839275e24
3.3909858578843404e24
3.3594093595701447e24
3.3265090750422357e24
3.292295661982591e24
3.2567806274260394e24
3.219976326040237e24
3.1818959578666493e24
3.1425535655205957e24
3.1019640308484875e24
3.0601430710408435e24
3.017107234199978e24
2.972873894361579e24
2.92746124596974e24
2.880888297805321e24
2.8331748663679414e24
2.7843415687120664e24
2.734409814738245e24
2.6834017989406985e24
2.6313404916128737e24
2.5782496295129696e24
2.524153705991721e24
2.469077960585111e24
2.4130483680750855e24
2.35609162702151e24
2.2982351477692504e24
2.2395070399343365e24
2.17993609937368e24
2.119551794643099e24
2.0583842529487865e24
1.9964642455976691e24
1.933823172952561e24
1.8704930488980824e24
1.806506484824094e24
1.7418966731333104e24
1.6766973702803794e24
1.6109428793498965e24
1.5446680321812593e24
1.477908171048519e24
1.4106991299037714e24
1.3430772151929717e24
1.2750791862531944e24
1.206742235301031e24
1.138103967021792e24
1.0692023777696427e24
1.0000758343891243e24
9.307630526687481e23
8.613030754376869e23
7.917352503169175e23
7.220992071362542e23
6.524348350293528e23
5.827822592186855e23
5.1318181750294467e23
4.43674036459563e23
3.742996073752681e23
3.050993619178637e23
2.36114247562716e23
1.6738530278744806e23
9.895363204896171e22
3.0860380556738133e22
-3.685329114319588e22
-1.0414623275910057e23
-1.709773300044186e23
-2.373055304938055e23
-3.030898697691964e23
-3.682894974405549e23
-4.3286370342601765e23
-4.96771944275597e23
-5.599738695628582e23
-6.224293483285941e23
-6.840984955604836e23
-7.44941698692579e23
-8.04919644108361e23
-8.639933436309412e23
-9.221241609840901e23
-9.792738382073484e23
-1.0354045220087482e24
-1.0904787900383986e24
-1.144459677066203e24
-1.1973107010469261e24
-1.2489958890558014e24
-1.2994798030777718e24
-1.34872756563366e24
-1.396704885226213e24
-1.4433780815893004e24
-1.4887141107233925e24
-1.5326805897005075e24
-1.5752458212218652e24
-1.616378817911522e24
-1.6560493263293307e24
-1.6942278506866217e24
-1.7308856762481627e24
-1.765994892403882e24
-1.799528415394102e24
-1.8314600106721044e24
-1.8617643148878984e24
-1.890416857477287e24
-1.9173940818404367e24
-1.942673366094278e24
-1.966233043383359e24
-1.9880524217337235e24
-2.0081118034348098e24
-2.0263925039344547e24
-2.0428768702322568e24
-2.0575482987568593e24
-2.0703912527128924e24
-2.0813912788835675e24
-2.0905350238751814e24
-2.0978102497899875e24
-2.103205849314232e24
-2.1067118602084326e24
-2.1083194791871776e24
-2.1080210751761117e24
-2.105810201934095e24
-2.101681610028712e24
-2.09563125815378e24
-2.0876563237777772e24
-2.077755213112446e24
-2.0659275703911738e24
-2.0521742864471828e24
-2.0364975065818117e24
-2.0189006377137145e24
-1.9993883547999892e24
-1.9779666065208117e24
-1.9546426202194477e24
-1.929424906090022e24
-1.9023232606056791e24
-1.8733487691803894e24
-1.8425138080578973e24
-1.8098320454219477e24
-1.7753184417220935e24
-1.7389892492101652e24
-1.7008620106826305e24
-1.6609555574247372e24
-1.61929000635271e24
-1.5758867563507476e24
-1.5307684838000602e24
-1.483959137297673e24
-1.4354839315630888e24
-1.3853693405317003e24
-1.333643089633858e24
-1.2803341472594353e24
-1.2254727154079875e24
-1.1690902195251646e24
-1.1112192975265496e24
-1.0518937880105728e24
-9.911487176626173e23
-9.290202878531866e23
-8.655458604330486e23
-8.007639427292315e23
-7.347141717460496e23
-6.674372975758361e23
-5.9897516602465e23
-5.2937070045860846e23
-4.586678828773053e23
-3.869117342207896e23
-3.141482939175664e23
-2.4042459868133946e23
-1.6578866056475658e23
-9.028944427894946e22
-1.397684378817017e22
6.3098341810823085e22
1.4088443311408439e23
2.1932889593009267e23
2.983783674821588e23
3.779786832819852e23
4.580749046621936e23
5.386113469550761e23
6.195316083044685e23
7.007785990971922e23
7.822945719997578e23
8.640211525861592e23
9.458993705415195e23
1.0278696914262864e24
1.1098720489851665e24
1.1918458779844817e24
1.2737301475612927e24
1.355463395067312e24
1.4369837603898355e24
1.5182290207321912e24
1.5991366258351827e24
1.6796437336209697e24
1.7596872462404184e24
1.839203846504527e24
1.9181300346802186e24
1.9964021656305918e24
2.0739564862789832e24
2.150729173376526e24
2.226656371551965e24
2.301674231622569e24
2.375718949144535e24
2.448726803181138e24
2.520634195266438e24
2.591377688542386e24
2.6608940470464886e24
2.729120275127605e24
2.7959936569666135e24
2.8614517961788816e24
2.925432655475155e24
2.987874596357307e24
3.0487164188253516e24
3.1078974010716634e24
3.165357339138733e24
3.221036586516171e24
3.2748760936528664e24
3.32681744736e24
3.376802910080624e24
3.4247754590013393e24
3.4706788249817836e24
3.514457531277189e24
3.5560569320298773e24
3.595423250504926e24
3.632503617045721e24
3.667246106724863e24
3.6995997766661e24
3.729514703012932e24
3.756942017519697e24
3.781833943740833e24
3.804143832794494e24
3.8238261986763886e24
3.8408367531001686e24
3.855132439840675e24
3.8666714685565946e24
3.875413348069244e24
3.881318919074382e24
3.8843503862641236e24
3.8844713498364245e24
3.881646836369626e24
3.8758433290399495e24
3.86702879716007e24
3.8551727250171545e24
3.8402461399891527e24
3.822221639918254e24
3.8010734197209666e24
3.776777297214521e24
3.7493107381396156e24
3.718652880359992e24
3.684784557219656e24
3.6476883200389495e24
3.6073484597311925e24
3.5637510275218904e24
3.5168838547530327e24
3.466736571755528e24
3.4133006257731377e24
3.3565692979218473e24
3.2965377191691016e24
3.2332028853177976e24
3.166563670980472e24
3.096620842529699e24
3.0233770700110297e24
2.946836938005747e24
2.86700695543088e24
2.7838955642647126e24
2.6975131471865613e24
2.607872034120138e24
2.514986507670475e24
2.4188728074450505e24
2.3195491332500675e24
2.2170356471540066e24
2.1113544744106715e24
2.0025297032349215e24
1.8905873834247983e24
1.775555523824478e24
1.6574640886230674e24
1.5363449924850532e24
1.412232094508849e24
1.2851611910102953e24
1.1551700071293045e24
1.0222981872578203e24
8.865872842884138e23
7.480807476833893e23
6.068239103649443e23
4.6286397442779924e23
3.162499956762746e23
1.670328669883571e23
1.5265300510595736e22
-1.3899819131232837e23
-2.9570131586832308e23
-4.5478602166330285e23
-6.161925207550094e23
-7.798593123280612e23
-9.457232074025269e23
-1.1137193546676763e24
-1.2837812674313424e24
-1.4558408516752507e24
-1.629828435205519e24
-1.8056727978870994e24
-1.983301202949864e24
-2.1626394293538061e24
-2.3436118051997463e24
-2.526141242171286e24
-2.7101492709934693e24
-2.8955560778921434e24
-3.082280542038135e24
-3.2702402739592516e24
-3.4593516549023866e24
-3.649529877127709e24
-3.8406889851159416e24
-4.032741917669099e24
-4.225600550884847e24
-4.4191757419832554e24
-4.613377373964825e24
-4.808114401077771e24
-5.003294895071713e24
-5.19882609221485e24
-5.3946144410507e24
-5.590565650869937e24
-5.786584740872826e24
-5.982576089996301e24
-6.178443487380107e24
-6.374090183445405e24
-6.569418941558753e24
-6.76433209025418e24
-6.958731575985299e24
-7.152519016379034e24
-7.345595753962156e24
-7.537862910331427e24
-7.729221440737478e24
-7.919572189052496e24
-8.108815943091141e24
-8.296853490253923e24
-8.483585673461867e24
-8.668913447350842e24
-8.852737934693801e24
-9.03496048301888e24
-9.215482721390787e24
-9.394206617322832e24
-9.571034533786857e24
-9.745869286287749e24
-9.918614199969236e24
-1.0089173166717566e25
-1.0257450702229081e25
-1.0423352003008278e25
-1.0586783003261975e25
-1.0747650431655694e25
-1.0905861867898126e25
-1.1061325799119405e25
-1.1213951676008852e25
-1.1363649968678e25
-1.1510332222214392e25
-1.1653911111892194e25
-1.1794300498004984e25
-1.1931415480286666e25
-1.2065172451886473e25
-1.2195489152863857e25
-1.2322284723169447e25
-1.2445479755078262e25
-1.2564996345041576e25
-1.2680758144923943e25
-1.2792690412592295e25
-1.2900720061823864e25
-1.300477571150037e25
-1.3104787734055922e25
-1.3200688303146287e25
-1.3292411440507804e25
-1.3379893061974223e25
-1.3463071022620256e25
-1.3541885161001093e25
-1.3616277342457152e25
-1.3686191501454261e25
-1.3751573682929461e25
-1.3812372082613275e25
-1.3868537086299744e25
-1.3920021308035954e25
-1.3966779627203379e25
-1.4008769224463742e25
-1.4045949616542828e25
-1.4078282689826105e25
-1.4105732732740616e25
-1.4128266466898331e25
-1.4145853076976512e25
-1.4158464239311555e25
-1.4166074149183234e25
-1.4168659546767063e25
-1.416619974173303e25
-1.4158676636469903e25
-1.4146074747914695e25
-1.4128381227967977e25
-1.4105585882476137e25
-1.4077681188762685e25
-1.4044662311691416e25
-1.4006527118244944e25
-1.3963276190603063e25
-1.3914912837706116e25
-1.386144310528945e25
-1.3802875784375817e25
-1.3739222418213505e25
-1.3670497307648734e25
-1.3596717514921878e25
-1.351790286587801e25
-1.3434075950582668e25
-1.334526212233553e25
-1.3251489495074725e25
-1.3152788939165994e25
-1.3049194075571605e25
-1.2940741268394987e25
-1.2827469615797778e25
-1.2709420939287483e25
-1.258663977137382e25
-1.2459173341594465e25
-1.232707156090972e25
-1.2190387004469058e25
-1.2049174892751116e25
-1.1903493071081236e25
-1.1753401987531544e25
-1.1598964669208208e25
-1.144024669693367e25
-1.1277316178330148e25
-1.11102437193143e25
-1.0939102394011218e25
-1.0763967713099716e25
-1.0584917590599167e25
-1.0402032309111018e25
-1.0215394483528812e25
-1.0025089023229965e25
-9.83120309276635e24
-9.633826071068291e24
-9.433049509181158e24
-9.228967086551038e24
-9.021674565880351e24
-8.81126974657252e24
-8.597852416786918e24
-8.381524304127128e24
-8.162389024983733e24
-7.940552032557494e24
-7.716120563585664e24
-7.489203583799052e24
-7.25991173213463e24
-7.02835726373199e24
-6.794653991742146e24
-6.558917227976433e24
-6.321263722427198e24
-6.081811601689027e24
-5.840680306313921e24
-5.597990527130812e24
-5.353864140564123e24
-5.108424142983987e24
-4.861794584122723e24
-4.614100499593891e24
-4.36546784254788e24
-4.1160234145028155e24
-3.8658947953858153e24
-3.615210272824627e24
-3.364098770725865e24
-3.112689777181314e24
-2.8611132717398824e24
-2.6094996520863404e24
-2.3579796601681644e24
-2.106684307810122e24
-1.8557448018603176e24
-1.6052924689078566e24
-1.3554586796167332e24
-1.1063747727175387e24
-8.581719787008777e23
-6.109813432571287e23
-3.649336505050335e23
-1.2015934605568468e23
1.2321154004544396e23
3.650494704512954e23
6.052254776774703e23
8.436112412505948e23
1.0800791647965933e24
1.314502453022359e24
1.5467551885441262e24
1.7767124085181282e24
2.0042501810251958e24
2.2292456811652274e24
2.4515772668129946e24
2.6711245539912374e24
2.887768491812627e24
3.101391436946066e24
3.311877227560485e24
3.519111256699528e24
3.722980545042757e24
3.9233738130057843e24
4.1201815521356586e24
4.3132960957544463e24
4.502611688807357e24
4.688024556870073e24
4.869432974270215e24
5.046737331280261e24
5.219840200336362e24
5.388646401241492e24
5.553063065308153e24
5.712999698399902e24
5.868368242827971e24
6.01908313806275e24
6.165061380218587e24
6.306222580270966e24
6.442489020967382e24
6.573785712391169e24
6.700040446141136e24
6.821183848087543e24
6.937149429668613e24
7.047873637689529e24
7.153295902589302e24
7.253358685139832e24
7.348007521542532e24
7.437191066890086e24
7.520861136959332e24
7.598972748304775e24
7.67148415662062e24
7.738356893342248e24
7.799555800457592e24
7.855049063500037e24
7.904808242696273e24
7.948808302242245e24
7.987027637682578e24
8.019448101368659e24
8.046055025972988e24
8.066837246036986e24
8.08178711753184e24
8.090900535412285e24
8.094176949144239e24
8.091619376189415e24
8.083234413429439e24
8.069032246514982e24
8.049026657125127e24
8.023235028124372e24
7.991678346605361e24
7.954381204806652e24
7.911371798896361e24
7.86268192561359e24
7.808346976760591e24
7.748405931540161e24
7.682901346734031e24
7.611879344718973e24
7.535389599319e24
7.453485319493137e24
7.366223230859275e24
7.273663555056796e24
7.175869986950639e24
7.072909669681973e24
6.964853167571307e24
6.851774436881318e24
6.73375079444814e24
6.610862884190714e24
6.483194641509991e24
6.350833255589908e24
6.213869129614366e24
6.072395838915292e24
5.926510087068119e24
5.77631165995261e24
5.62190337779796e24
5.46339104523224e24
5.300883399358607e24
5.134492055879996e24
4.964331453297399e24
4.7905187952065286e24
4.6131739907198636e24
4.4324195930416065e24
4.2483807362249945e24
4.0611850701417454e24
3.8709626936958275e24
3.6778460863135706e24
3.481970037744164e24
3.283471576205772e24
3.0824898949129163e24
2.87916627702289e24
2.6736440190390215e24
2.4660683527104894e24
2.256586365469411e24
2.0453469194459802e24
1.8325005691050792e24
1.618199477547177e24
1.402597331518648e24
1.1858492551764232e24
9.68111722653976e23
7.495424694752827e23
5.303004028657427e23
3.105455110085519e23
9.043877129648516e22
-1.2985794236980583e23
-3.501819531859941e23
-5.7036987589810595e23
-7.902577120537662e23
-1.0096809459968476e24
-1.2284746415508771e24
-1.4464735393370263e24
-1.6635121546702083e24
-1.8794248759778976e24
-2.094046063684367e24
-2.3072101495036463e24
-2.518751736083302e24
-2.728505696940658e24
-2.936307276633465e24
-3.1419921911056956e24
-3.3453967281493723e24
-3.5463578479226554e24
-3.7447132834646285e24
-3.940301641146359e24
-4.132962500998428e24
-4.322536516853497e24
-4.5088655162445253e24
-4.6917925999969995e24
-4.871162241454672e24
-5.04682038527816e24
-5.218614545755279e24
-5.386393904562621e24
-5.550009407917727e24
-5.709313863060736e24
-5.86416203400598e24
-6.014410736502577e24
-6.159918932144399e24
-6.300547821569551e24
-6.436160936689945e24
-6.566624231891935e24
-6.691806174149426e24
-6.811577831990625e24
-6.925812963261341e24
-7.034388101626976e24
-7.13718264175645e24
-7.234078923131793e24
-7.324962312427898e24
-7.409721284406941e24
-7.488247501273807e24
-7.560435890437724e24
-7.626184720628446e24
-7.685395676313833e24
-7.737973930367727e24
-7.783828214937945e24
-7.822870890463981e24
-7.855018012796718e24
-7.880189398370913e24
-7.898308687385243e24
-7.909303404942584e24
-7.913105020106889e24
-7.909649002832111e24
-7.898874878720849e24
-7.880726281571547e24
-7.855151003673094e24
-7.822101043808573e24
-7.781532652929264e24
-7.733406377463359e24
-7.677687100222505e24
-7.614344078873595e24
-7.543350981941668e24
-7.464685922313018e24
-7.378331488208967e24
-7.284274771600043e24
-7.182507394035312e24
-7.073025529858968e24
-6.955829926791638e24
-6.83092592385212e24
-6.698323466598579e24
-6.558037119670117e24
-6.410086076608711e24
-6.254494166946694e24
-6.091289860542536e24
-5.920506269153448e24
-5.74218114523051e24
-5.556356877928166e24
-5.363080486317519e24
-5.162403609796907e24
-4.954382495695249e24
-4.739077984062121e24
-4.5165554896451647e24
-4.2868849810514905e24
-4.050140957097148e24
-3.80640242034472e24
-3.5557528478363894e24
-3.298280159026577e24
-3.0340766809229854e24
-2.7632391104467883e24
-2.485868474020947e24
-2.202070084402781e24
-1.911953494772544e24
-1.61563245009753e24
-1.313224835787524e24
-1.0048526236624608e24
-6.906418152550499e23
-3.7072238246898286e23
-4.522820562102365e22
2.8570299110975694e23
6.21929706793872e23
9.633067333979026e23
1.3096852279305802e24
1.6609127870580292e24
2.016833524152099e24
2.3772881487343444e24
2.742114048280363e24
3.1111453723413697e24
3.484213118945553e24
3.8611452232328077e24
4.2417666482823783e24
4.62589947808418e24
5.013363012609368e24
5.403973864930655e24
5.797546060340982e24
6.193891137422116e24
6.592818251006751e24
6.994134276983701e24
7.397643918887072e24
7.803149816215672e24
8.210452654423276e24
8.619351276519532e24
9.029642796223855e24
9.441122712607033e24
9.853585026161623e24
1.0266822356233362e25
1.0680626059752522e25
1.1094786351195586e25
1.1509092423712986e25
1.192333257135404e25
1.2337294312318896e25
1.2750764513170622e25
1.3163529513933159e25
1.3575375254007557e25
1.3986087398830455e25
1.439545146720544e25
1.4803252959230334e25
1.520927748474875e25
1.5613310892249991e25
1.60151393981405e25
1.6414549716313977e25
1.6811329187939856e25
1.7205265911397106e25
1.7596148872272305e25
1.7983768073347325e25
1.8367914664497454e25
1.8748381072420586e25
1.9124961130121926e25
1.9497450206072052e25
1.9865645332963225e25
2.0229345335981675e25
2.0588350960520375e25
2.0942464999250387e25
2.129149241847456e25
2.1635240483683947e25
2.1973518884237537e25
2.2306139857089535e25
2.263291830948317e25
2.295367194053648e25
2.326822136163973e25
2.3576390215590555e25
2.3878005294387455e25
2.41728966556081e25
2.4460897737296026e25
2.4741845471280035e25
2.5015580394854374e25
2.5281946760743537e25
2.554079264528154e25
2.57919700547313e25
2.6035335029674875e25
2.6270747747403583e25
2.649807262223779e25
2.671717840371004e25
2.692793827254168e25
2.7130229934349065e25
2.732393571101187e25
2.750894262964163e25
2.7685142509085456e25
2.7852432043904992e25
2.8010712885769514e25
2.8159891722203465e25
2.8299880352632126e25
2.8430595761667475e25
2.85519601895808e25
2.8663901199907087e25
2.876635174413081e25
2.885925022340124e25
2.8942540547229467e25
2.901617218911973e25
2.9080100239088605e25
2.9134285453029804e25
2.917869429888065e25
2.921329899955119e25
2.9238077572576296e25
2.925301386645465e25
2.9258097593639204e25
2.9253324360145935e25
2.923869569174992e25
2.9214219056739256e25
2.9179907885199426e25
2.9135781584802587e25
2.908186555307875e25
2.9018191186146843e25
2.89447958838869e25
2.88617230515356e25
2.876902209768993e25
2.8666748428706293e25
2.8554963439483263e25
2.8433734500619562e25
2.8303134941940377e25
2.816324403238706e25
2.8014146956268175e25
2.785593478587116e25
2.7688704450436286e25
2.751255870149798e25
2.732760607459803e25
2.713396084738072e25
2.6931742994079217e25
2.672107813640699e25
2.650209749086855e25
2.6274937812506733e25
2.603974133510698e25
2.5796655707878307e25
2.5545833928636675e25
2.528743427351521e25
2.502162022323064e25
2.4748560385934986e25
2.446842841668651e25
2.418140293357275e25
2.3887667430524064e25
2.3587410186855644e25
2.3280824173578776e25
2.2968106956525492e25
2.264946059633033e25
2.2325091545317953e25
2.1995210541344237e25
2.166003249864356e25
2.1319776395734705e25
2.0974665160440396e25
2.062492555207864e25
2.027078804088345e25
1.9912486684717654e25
1.955025900313857e25
1.91843458488834e25
1.8814991276838552e25
1.8442442410562765e25
1.8066949306433437e25
1.7688764815486825e25
1.730814444302738e25
1.6925346206078618e25
1.6540630488754571e25
1.6154259895627338e25
1.576649910317225e25
1.5377614709370668e25
1.4987875081552252e25
1.4597550202562232e25
1.4206911515336345e25
1.381623176597233e25
1.3425784845383116e25
1.303584562962294e25
1.2646689818973483e25
1.2258593775884422e25
1.1871834361857207e25
1.1486688773366797e25
1.110343437691575e25
1.0722348543313656e25
1.0343708481280025e25
9.967791070464278e24
9.594872693983269e24
9.225229070571267e24
8.85913508644171e24
8.496864626961972e24
8.138690408236816e24
7.784883808703096e24
7.435714700835953e24
7.091451283065524e24
6.752359912007323e24
6.418704935104885e24
6.090748523788862e24
5.768750507250793e24
5.452968206935764e24
5.143656271853292e24
4.841066514808442e24
4.545447749654894e24
4.257045629669259e24
3.9761024871490137e24
3.702857174332839e24
3.4375449057444037e24
3.1803971020579894e24
2.931641235585287e24
2.691500677482168e24
2.460194546771727e24
2.2379375612822381e24
2.0249398905943286e24
1.8214070110947817e24
1.6275395632292645e24
1.4435332110494412e24
1.2695785041455687e24
1.1058607420566085e24
9.525598412485021e23
8.098502047486966e23
6.779005945262488e23
5.568740067025998e23
4.46927549679629e23
3.482123252676921e23
2.608733128969857e23
1.8504925699232853e23
1.2087255759103979e23
6.846916428164337e22
2.795847353899053e22
-5.467704694729123e20
-1.6940571534277422e22
-2.112377344029833e22
-1.300414832045383e22
7.503518740197235e21
4.047734891490159e22
8.598829272289938e22
1.4410005705516276e23
2.1486903619689673e23
2.98344246903248e23
3.945672675825932e23
5.035721816393641e23
6.25385525026332e23
7.600262380538304e23
9.07505621500943e23
1.0678272970715016e24
1.2409871722351238e24
1.4269734094914554e24
1.625766400092446e24
1.8373387422562708e24
2.0616552239024295e24
2.298672809936393e24
2.548340634109007e24
2.810599995472116e24
3.085384359452081e24
3.3726193635565723e24
3.6722228277307495e24
3.984104769373242e24
4.308167423022153e24
4.644305264716983e24
4.992405041039817e24
5.352345802837128e24
5.723998943619693e24
6.107228242636823e24
6.501889912615886e24
6.907832652158653e24
7.324897702779338e24
7.752918910570423e24
8.191722792475834e24
8.641128607150595e24
9.100948430383312e24
9.570987235052551e24
1.00510429755894e25
1.0540906676911088e25
1.1040362527792481e25
1.1549187978635302e25
1.2067153843594705e25
1.2594024407020288e25
1.3129557534162971e25
1.3673504786101121e25
1.4225611538831258e25
1.4785617106471492e25
1.5353254868517824e25
1.5928252401096013e25
1.6510331612144438e25
1.7099208880463843e25
1.7694595198567302e25
1.8296196319258054e25
1.8903712905865596e25
1.951684068606195e25
2.013527060918385e25
2.0758689006978453e25
2.138677775769172e25
2.201921445341593e25
2.2655672570607237e25
2.329582164368758e25
2.393932744163678e25
2.458585214748493e25
2.5235054540606462e25
2.5886590181722785e25
2.6540111600509513e25
2.719526848571183e25
2.785170787766254e25
2.8509074363097623e25
2.9167010272165343e25
2.9825155877517344e25
3.0483149595375864e25
3.114062818846099e25
3.179722697066955e25
3.2452580013388717e25
3.3106320353328435e25
3.37580802017574e25
3.440749115502175e25
3.505418440622968e25
3.5697790957978666e25
3.6337941836005304e25
3.6974268303634023e25
3.760640207690181e25
3.8233975540233897e25
3.885662196254459e25
3.947397571363858e25
4.008567248078428e25
4.069134948533424e25
4.129064569926156e25
4.188320206148808e25
4.246866169387232e25
4.304667011673063e25
4.361687546376189e25
4.417892869624562e25
4.4732483816386494e25
4.527719807967404e25
4.58127322061296e25
4.633875059031142e25
4.6854921509949495e25
4.736091733308185e25
4.785641472356387e25
4.834109484482461e25
4.881464356174171e25
4.927675164051091e25
4.972711494638203e25
5.01654346391397e25
5.059141736620314e25
5.1004775453223244e25
5.140522709205487e25
5.179249652598375e25
5.216631423208913e25
5.252641710062295e25
5.287254861128996e25
5.320445900631257e25
5.3521905460166725e25
5.382465224587663e25
5.4112470897757246e25
5.438514037049577e25
5.464244719446513e25
5.488418562716296e25
5.511015780067409e25
5.532017386505381e25
5.5514052127533e25
5.569161918744765e25
5.5852710066797055e25
5.599716833633916e25
5.612484623713032e25
5.623560479742331e25
5.63293139448357e25
5.640585261370749e25
5.646510884756462e25
5.650697989661272e25
5.653137231018338e25
5.653820202406113e25
5.65273944426217e25
5.6498884515712115e25
5.645261681021125e25
5.638854557620611e25
5.6306634807728515e25
5.6206858297993716e25
5.60891996890911e25
5.595365251607562e25
5.5800220245414495e25
5.562891630774707e25
5.543976412491563e25
5.52327971312337e25
5.5008058788955e25
5.47656025979166e25
5.450549209932693e25
5.422780087367572e25
5.393261253274862e25
5.362002070572513e25
5.329012901935238e25
5.294305107217963e25
5.257891040285298e25
5.219784045246181e25
5.179998452094354e25
5.138549571754673e25
5.0954536905362e25
5.050728063993411e25
5.004390910196589e25
4.956461402413793e25
4.906959661206052e25
4.8559067459389195e25
4.803324645712726e25
4.749236269715382e25
4.693665437000894e25
4.636636865697732e25
4.578176161651621e25
4.518309806506903e25
4.457065145232156e25
4.394470373094752e25
4.33055452209077e25
4.265347446835748e25
4.1988798099229225e25
4.131183066755924e25
4.062289449862409e25
3.992231952696784e25
3.921044312938988e25
3.84876099529817e25
3.7754171738288563e25
3.7010487137690783e25
3.625692152908866e25
3.5493846824986656e25
3.472164127707553e25
3.3940689276405804e25
3.315138114926224e25
3.235411294883663e25
3.154928624281497e25
3.0737307896981584e25
2.991858985496202e25
2.9093548914214006e25
2.8262606498388376e25
2.7426188426183835e25
2.6584724676812884e25
2.5738649152213745e25
2.488839943612797e25
2.4034416550183886e25
2.317714470711174e25
2.2317031061228917e25
2.1454525456335794e25
2.059008017115447e25
1.9724149662460802e25
1.8857190306044076e25
1.7989660135648221e25
1.7122018580033102e25
1.6254726198312214e25
1.538824441371035e25
1.4523035245895556e25
1.3659561042040711e25
1.2798284206762203e25
1.1939666931099582e25
1.1084170920683644e25
1.0232257123259774e25
9.384385455715526e24
8.541014530780741e24
7.70260138355313e24
6.869601198013002e24
6.042467033690831e24
5.22164955264295e24
4.407596746905553e24
3.6007536665812634e24
2.8015621487287413e24
2.010460547211674e24
1.2278834636723668e24
4.542614797954069e23
-3.099791089829634e23
-1.064416558149413e24
-1.8086339370184972e24
-2.5422193896986283e24
-3.264766393966393e24
-3.9758740178815143e24
-4.6751471739892717e24
-5.362196870949505e24
-6.036640462432602e24
-6.698101893131771e24
-7.346211941729269e24
-7.980608460670048e24
-8.600936612582824e24
-9.206849103204709e24
-9.798006410652792e24
-1.0374077010900318e25
-1.0934737599308873e25
-1.1479673308069977e25
-1.200857791941919e25
-1.2521154074475114e25
-1.3017113477572009e25
-1.3496177095943126e25
-1.3958075354625866e25
-1.4402548326455204e25
-1.4829345917014113e25
-1.5238228044418981e25
-1.5628964813810795e25
-1.600133668643547e25
-1.6355134643190038e25
-1.669016034252393e25
-1.700622627257734e25
-1.730315589745126e25
-1.7580783797500514e25
-1.783895580354456e25
-1.8077529124900242e25
-1.8296372471133794e25
-1.8495366167443824e25
-1.8674402263580114e25
-1.883338463621602e25
-1.8972229084687105e25
-1.9090863420019775e25
-1.9189227547172186e25
-1.9267273540415297e25
-1.9324965711787182e25
-1.9362280672553572e25
-1.9379207387617092e25
-1.937574722281561e25
-1.9351913985058948e25
-1.9307733955255177e25
-1.9243245913979984e25
-1.9158501159852408e25
-1.9053563520576349e25
-1.8928509356619556e25
-1.878342755749945e25
-1.8618419530654496e25
-1.8433599182879793e25
-1.8229092894313204e25
-1.8005039484961784e25
-1.7761590173760331e25
-1.7498908530162298e25
-1.72171704182642e25
-1.6916563933471144e25
-1.6597289331714372e25
-1.6259558951237137e25
-1.5903597126967883e25
-1.552964009750767e25
-1.5137935904758183e25
-1.472874428622576e25
-1.430233656003855e25
-1.385899550271952e25
-1.3399015219761814e25
-1.292270100905793e25
-1.2430369217237424e25
-1.1922347088975036e25
-1.1398972609331062e25
-1.0860594339194108e25
-1.0307571243898954e25
-9.74027251509613e24
-9.159077385955314e24
-8.564374939787646e24
-7.956563912176365e24
-7.336052486711696e24
-6.703258084424768e24
-6.058607147025479e24
-5.402534914048592e24
-4.735485194019172e24
-4.057910129750141e24
-3.370269957891068e24
-2.673032762847552e24
-1.9666742251996893e24
-1.2516773647451667e24
-5.285322783012492e23
2.022641275978679e23
9.402084089705764e23
1.6847908614791328e24
2.435495802198561e24
3.19180185591244e24
3.9531822457822645e24
4.719105088237183e24
5.489033691922079e24
6.262426860545189e24
7.03873919945825e24
7.817421425803946e24
8.597920682059555e24
9.379680852803755e24
1.0162142884533016e25
1.0944745108349194e25
1.1726923565338832e25
1.2508112334461801e25
1.3287743862766448e25
1.4065249297743453e25
1.4840058821633333e25
1.5611601987493547e25
1.6379308056838794e25
1.7142606338658238e25
1.7900926529615987e25
1.865369905524018e25
1.9400355411901825e25
2.014032850938716e25
2.0873053013863414e25
2.159796569103728e25
2.2314505749306733e25
2.3022115182703795e25
2.3720239113426363e25
2.4408326133756178e25
2.5085828647160905e25
2.575220320837623e25
2.6406910862266596e25
2.704941748125835e25
2.7679194101146178e25
2.8295717255067083e25
2.8898469305441293e25
2.948693877367755e25
3.006062066744188e25
3.061901680528936e25
3.1161636138460153e25
3.1687995069638877e25
3.2197617768483256e25
3.2690036483723283e25
3.316479185163709e25
3.362143320070992e25
3.405951885228449e25
3.4478616417013206e25
3.48783030869221e25
3.525816592290309e25
3.5617802137447642e25
3.595681937244152e25
3.6274835971839804e25
3.657148124904517e25
3.684639574881483e25
3.709923150352347e25
3.732965228361255e25
3.753733384205961e25
3.772196415270431e25
3.788324364226896e25
3.8020885415918143e25
3.8134615476201353e25
3.8224172935228256e25
3.828931021993086e25
3.832979327026479e25
3.8345401730214534e25
3.8335929131461284e25
3.8301183069584933e25
3.8240985372668395e25
3.815517226218098e25
3.804359450602116e25
3.790611756359988e25
3.7742621722855294e25
3.7553002229088077e25
3.7337169405517773e25
3.709504876545684e25
3.682658111601301e25
3.6531722653226603e25
3.621044504855902e25
3.5862735526655013e25
3.548859693429797e25
3.5088047800494745e25
3.4661122387617715e25
3.42078707335506e25
3.3728358684776022e25
3.3222667920361206e25
3.269089596679168e25
3.213315620361512e25
3.1549577859863228e25
3.0940306001216805e25
3.030550150789715e25
2.964534104325771e25
2.8960017013070348e25
2.8249737515492334e25
2.7514726281713963e25
2.6755222607292858e25
2.597148127417666e25
2.5163772463436634e25
2.4332381658722785e25
2.347760954047462e25
2.2599771870908756e25
2.169919936982849e25
2.0776237581289333e25
1.983124673117063e25
1.8864601575708488e25
1.787669124104044e25
1.6867919053834658e25
1.583870236306256e25
1.4789472352998987e25
1.372067384751938e25
1.2632765105788449e25
1.1526217609423272e25
1.0401515841228346e25
9.259157055607607e24
8.099651040750417e24
6.923519872713252e24
5.731297661502226e24
4.523530289288341e24
3.3007751408727346e24
2.0636008265373175e24
8.125868974191473e23
-4.5167644645861967e23
-1.7285886553428682e24
-3.0175391359551664e24
-4.3179075645782947e24
-5.629064206877073e24
-6.950370244278697e24
-8.281178106752543e24
-9.620831811814793e24
-1.096866730957647e25
-1.232401283366392e25
-1.3686189257815255e25
-1.5054510457976203e25
-1.6428283679691226e25
-1.7806809910604593e25
-1.918938425786164e25
-2.0575296330215115e25
-2.1963830624626533e25
-2.33542669171489e25
-2.4745880657887004e25
-2.613794336980718e25
-2.7529723051190234e25
-2.8920484581492366e25
-3.030949013040073e25
-3.1695999569851003e25
-3.307927088877465e25
-3.4458560610352297e25
-3.58331242115282e25
-3.7202216544560655e25
-3.856509226035943e25
-3.992100623337997e25
-4.126921398782365e25
-4.2608972124908315e25
-4.393953875096121e25
-4.526017390608542e25
-4.657013999316061e25
-4.786870220692034e25
-4.915512896286744e25
-5.042869232576704e25
-5.168866843747834e25
-5.293433794386429e25
-5.416498642053635e25
-5.537990479718049e25
-5.657838978021023e25
-5.775974427350449e25
-5.892327779696989e25
-6.006830690268706e25
-6.119415558838358e25
-6.230015570799168e25
-6.3385647379040405e25
-6.444997938663318e25
-6.549250958377236e25
-6.651260528777853e25
-6.750964367257093e25
-6.8483012156559144e25
-6.943210878591677e25
-7.035634261299089e25
-7.125513406961966e25
-7.212791533512218e25
-7.297413069872903e25
-7.379323691623047e25
-7.458470356061069e25
-7.534801336645317e25
-7.608266256789069e25
-7.678816122988987e25
-7.746403357265224e25
-7.810981828892558e25
-7.872506885401812e25
-7.930935382831186e25
-7.986225715207825e25
-8.038337843239925e25
-8.087233322200481e25
-8.132875328983716e25
-8.175228688316183e25
-8.214259898104626e25
-8.249937153903038e25
-8.282230372482374e25
-8.311111214486e25
-8.336553106155318e25
-8.358531260109799e25
-8.377022695166638e25
-8.392006255185407e25
-8.403462626923874e25
-8.411374356891538e25
-8.415725867188016e25
-8.416503470313948e25
-8.4136953829427e25
-8.407291738641612e25
-8.397284599532313e25
-8.383667966879836e25
-8.366437790601425e25
-8.345591977685882e25
-8.3211303995154e25
-8.293054898082324e25
-8.261369291093576e25
-8.226079375956783e25
-8.187192932641888e25
-8.144719725413624e25
-8.098671503430042e25
-8.049062000203312e25
-7.995906931920005e25
-7.939223994617683e25
-7.879032860216677e25
-7.815355171405191e25
-7.74821453537778e25
-7.677636516426813e25
-7.603648627388251e25
-7.526280319942694e25
-7.445562973774165e25
-7.3615298845895125e25
-7.274216251001416e25
-7.183659160279919e25
-7.089897572976441e25
-6.992972306426624e25
-6.892926017137362e25
-6.7898031820655545e25
-6.68365007879562e25
-6.574514764623894e25
-6.462447054559311e25
-6.347498498248913e25
-6.229722355839283e25
-6.10917357278378e25
-5.985908753607842e25
-5.859986134643653e25
-5.731465555747265e25
-5.600408431011732e25
-5.466877718489348e25
-5.3309378889387305e25
-5.1926548936106605e25
-5.052096131089685e25
-4.90933041320665e25
-4.764427930040231e25
-4.6174602140241936e25
-4.4685001031786675e25
-4.317621703484666e25
-4.1649003504199795e25
-4.010412569677534e25
-3.8542360370851105e25
-3.696449537748653e25
-3.537132924439134e25
-3.376367075246096e25
-3.2142338505191806e25
-3.0508160491207347e25
-2.8861973640135362e25
-2.7204623372058037e25
-2.553696314079408e25
-2.3859853971242484e25
-2.217416399105309e25
-2.048076795686598e25
-1.878054677538253e25
-1.7074387019535066e25
-1.5363180440007911e25
-1.3647823472394258e25
-1.1929216740244777e25
-1.0208264554299809e25
-8.485874408166997e24
-6.762956470741384e24
-5.04042307563938e24
-3.3191882079372587e24
-1.600166988510466e24
1.1572484375107807e23
1.8275714515404466e24
3.5344574202658137e24
5.235468280404338e24
6.929691030795534e24
8.616214662558641e24
1.029413068334585e25
1.1962533641623985e25
1.3620521650677102e25
1.5267196912038568e25
1.6901666238033233e25
1.8523041573141093e25
2.013044051386221e25
2.172298682679074e25
2.3299810964589095e25
2.4860050579551734e25
2.6402851034469112e25
2.7927365910472556e25
2.9432757511573813e25
3.0918197365583253e25
3.23828667211218e25
3.3825957040414333e25
3.5246670487578917e25
3.6644220412113075e25
3.8017831827278854e25
3.9366741883107985e25
4.069020033372428e25
4.198746999871164e25
4.325782721823043e25
4.4500562301615504e25
4.5714979969165e25
4.690039978685667e25
4.805615659371604e25
4.918160092156501e25
5.0276099406897715e25
5.133903519461048e25
5.2369808333343575e25
5.3367836162170015e25
5.433255368839419e25
5.526341395621341e25
5.615988840600014e25
5.70214672239809e25
5.784765968207166e25
5.863799446765799e25
5.939202000309026e25
6.010930475469132e25
6.078943753106084e25
6.143202777048017e25
6.20367058172201e25
6.260312318655803e25
6.313095281832805e25
6.361988931881659e25
6.406964919084178e25
6.447997105184177e25
6.485061583982251e25
6.518136700700423e25
6.547203070102832e25
6.5722435933582725e25
6.593243473631278e25
6.610190230389809e25
6.623073712417167e25
6.631886109517588e25
6.6366219629051055e25
6.6372781742659105e25
6.633854013485764e25
6.626351125033958e25
6.614773532997052e25
6.599127644755265e25
6.579422253296353e25
6.555668538161408e25
6.527880065018902e25
6.496072783863088e25
6.460265025834477e25
6.4204774986604085e25
6.376733280714593e25
6.32905781369566e25
6.277478893924708e25
6.222026662264248e25
6.162733592659436e25
6.099634479305578e25
6.032766422445185e25
5.962168812799373e25
5.887883314638937e25
5.8099538475012545e25
5.72842656656017e25
5.643349841656519e25
5.554774234998002e25
5.462752477537772e25
5.367339444041939e25
5.2685921268570075e25
5.1665696083889785e25
5.061333032306788e25
4.952945573482996e25
4.841472406686771e25
4.726980674042826e25
4.609539451272799e25
4.489219712735143e25
4.366094295280651e25
4.2402378609414666e25
4.111726858472239e25
3.9806394837625644e25
3.847055639140865e25
3.711056891590269e25
3.5727264298980328e25
3.4321490207603666e25
3.2894109638656084e25
3.144600045979026e25
2.997805494052898e25
2.849117927387714e25
2.698629308868093e25
2.5464328953006777e25
2.392623186879694e25
2.237295875807683e25
2.0805477940986444e25
1.9224768605919624e25
1.7631820272058409e25
1.602763224459205e25
1.4413213062921214e25
1.2789579942145751e25
1.115775820814636e25
9.518780726567389e24
7.873687326020334e24
6.223524215825451e24
4.569343398611458e24
2.9122020781140973e24
1.2531620624865147e24
-4.0671083652935725e23
-2.0663474082399806e24
-3.724675651100692e24
-5.380621383939429e24
-7.033108859953008e24
-8.68106138312995e24
-1.032340192674694e25
-1.1959053753584325e25
-1.3586941037507713e25
-1.5205989486055293e25
-1.6815126963674958e25
-1.841328411524857e25
-1.9999394989543447e25
-2.157239766223286e25
-2.3131234858110215e25
-2.4674854572151364e25
-2.620221068904718e25
-2.7712263600850853e25
-2.9203980822371705e25
-3.067633760395687e25
-3.2128317541294476e25
-3.355891318187995e25
-3.4967126627782666e25
-3.6351970134354647e25
-3.7712466704523268e25
-3.904765067831139e25
-4.035656831723124e25
-4.163827838319788e25
-4.289185271161814e25
-4.411637677829527e25
-4.531095025981984e25
-4.647468758709377e25
-4.760671849165364e25
-4.8706188544456215e25
-4.9772259686795776e25
-5.080411075302326e25
-5.180093798474526e25
-5.276195553618101e25
-5.368639597036239e25
-5.457351074586672e25
-5.542257069377377e25
-5.62328664845484e25
-5.700370908454933e25
-5.773443020187591e25
-5.842438272126666e25
-5.907294112776569e25
-5.967950191889038e25
-6.024348400502552e25
-6.076432909778676e25
-6.124150208609352e25
-6.167449139970764e25
-6.206280935998977e25
-6.240599251764364e25
-6.270360197721462e25
-6.295522370812648e25
-6.316046884203772e25
-6.331897395631307e25
-6.343040134341334e25
-6.3494439266007055e25
-6.351080219762657e25
-6.347923104868948e25
-6.339949337771791e25
-6.3271383587599944e25
-6.309472310673807e25
-6.286936055494799e25
-6.259517189396641e25
-6.227206056245234e25
-6.189995759535505e25
-6.147882172755225e25
-6.100863948164873e25
-6.048942523985718e25
-5.992122129987122e25
-5.930409791466357e25
-5.863815331615085e25
-5.792351372266202e25
-5.716033333018147e25
-5.63487942873151e25
-5.5489106653973775e25
-5.458150834374107e25
-5.362626504993479e25
-5.2623670155354844e25
-5.15740446257349e25
-5.0477736886926275e25
-4.933512268583332e25
-4.814660493515913e25
-4.6912613541995685e25
-4.563360522033662e25
-4.431006328756966e25
-4.294249744503461e25
-4.153144354274231e25
-4.007746332833972e25
-3.8581144180448016e25
-3.7043098826472067e25
-3.5463965045029817e25
-3.3844405353117404e25
-3.218510667817597e25
-3.04867800151999e25
-2.875016006905706e25
-2.697600488220148e25
-2.5165095447943974e25
-2.33182353094934e25
-2.1436250144946888e25
-1.9519987338459866e25
-1.7570315537791472e25
-1.5588124198472555e25
-1.3574323114814367e25
-1.1529841938006023e25
-9.455629681560134e24
-7.352654214347405e24
-5.221901741508615e24
-3.064376273496311e24
-8.810990835504933e23
1.3268918461203267e24
3.5585423891477816e24
5.812782850491315e24
8.088528552311501e24
1.0384680429888088e25
1.270012563728208e25
1.5033738162386616e25
1.7384379451053087e25
1.9750899039925544e25
2.2132135197652342e25
2.452691557411309e25
2.693405785729038e25
2.9352370437441086e25
3.178065307817099e25
3.421769759406067e25
3.666228853443735e25
3.911320387293103e25
4.156921570240151e25
4.402909093486079e25
4.64915920059852e25
4.895547758380805e25
5.141950328120636e25
5.388242237174974e25
5.634298650852439e25
5.879994644549448e25
6.1252052761002825e25
6.36980565829857e25
6.613671031547043e25
6.856676836595557e25
7.098698787322273e25
7.339612943518047e25
7.579295783628881e25
7.817624277416098e25
8.054475958489095e25
8.289728996669769e25
8.523262270144962e25
8.754955437363408e25
8.984689008636202e25
9.212344417395897e25
9.437804091073827e25
9.660951521550977e25
9.881671335142292e25
1.0099849362069947e26
1.0315372705385605e26
1.0528129809298944e26
1.0738010526870447e26
1.094490618702878e26
1.1148709660869853e26
1.1349315427198947e26
1.1546619637273713e26
1.1740520178709637e26
1.1930916738507912e26
1.2117710865165998e26
1.2300806029833644e26
1.248010768647447e26
1.2655523330997218e26
1.2826962559317615e26
1.2994337124316137e26
1.3157560991653708e26
1.3316550394411356e26
1.347122388651826e26
1.3621502394933456e26
1.3767309270548885e26
1.3908570337779215e26
1.4045213942807769e26
1.4177171000455534e26
1.430437503964379e26
1.4426762247419018e26
1.4544271511511839e26
1.4656844461401044e26
1.4764425507854557e26
1.486696188092165e26
1.4964403666348882e26
1.5056703840396078e26
1.5143818303026826e26
1.5225705909450959e26
1.5302328499996221e26
1.5373650928287305e26
1.5439641087712364e26
1.5500269936156444e26
1.5555511518984155e26
1.5605342990252853e26
1.5649744632140607e26
1.5688699872572462e26
1.572219530103092e26
1.575022068253671e26
1.577276896978725e26
1.5789836313441495e26
1.5801422070540255e26
1.5807528811053316e26
1.5808162322544135e26
1.580333161294568e26
1.5793048911440655e26
1.577732966744156e26
1.575619254766635e26
1.5729659431306886e26
1.5697755403288682e26
1.5660508745621062e26
1.5617950926838555e26
1.5570116589534944e26
1.5517043535992938e26
1.5458772711913227e26
1.5395348188248119e26
1.5326817141145845e26
1.5253229830012651e26
1.5174639573701677e26
1.5091102724837455e26
1.5002678642287102e26
1.4909429661790028e26
1.4811421064758872e26
1.4708721045265747e26
1.460140067522904e26
1.44895338678167e26
1.437319733908368e26
1.4252470567861478e26
1.4127435753919774e26
1.3998177774420089e26
1.3864784138683632e26
1.372734494129553e26
1.3585952813569295e26
1.3440702873396104e26
1.3291692673505007e26
1.3139022148160117e26
1.2982793558322805e26
1.2823111435307837e26
1.2660082522962532e26
1.2493815718399792e26
1.2324422011316734e26
1.215201442193065e26
1.1976707937566527e26
1.1798619447929264e26
1.1617867679096676e26
1.1434573126268153e26
1.124885798530665e26
1.1060846083110744e26
1.0870662806855048e26
1.0678435032139283e26
1.048429105008367e26
1.0288360493413202e26
1.0090774261570477e26
9.891664444900154e25
9.69116424794667e25
9.489407911908712e25
9.28653063629463e25
9.082668499822158e25
8.877958380608548e25
8.672537875695314e25
8.46654521995477e25
8.260119204423516e25
8.053399094110999e25
7.846524545329465e25
7.639635522593084e25
7.432872215135624e25
7.2263749530928405e25
7.020284123400488e25
6.814740085455403e25
6.6098830865901435e25
6.405853177409578e25
6.2027901270402845e25
6.000833338341732e25
5.800121763129649e25
5.600793817462173e25
5.4029872970380445e25
5.206839292758363e25
5.012486106501068e25
4.8200631671595885e25
4.629704946995183e25
4.44154487835323e25
4.2557152707948405e25
4.0723472286918334e25
3.8915705693369425e25
3.7135137416174955e25
3.5383037453032745e25
3.3660660509967335e25
3.196924520795654e25
3.0310013297161117e25
2.8684168879244856e25
2.7092897638268817e25
2.553736608062826e25
2.4018720784514266e25
2.253808765935857e25
2.109657121573463e25
1.969525384616159e25
1.8335195117279055e25
1.7017431073825096e25
1.574297355486802e25
1.451280952272753e25
1.332790040500854e25
1.218918145017773e25
1.109756109709095e25
1.0053920358886952e25
9.059112221642724e24
8.113961058186369e24
7.219262057454285e24
6.375780669765423e24
5.584252068386879e24
4.845380627745356e24
4.159839418641136e24
3.528269720800477e24
2.9512805531065386e24
2.4294482218244275e24
1.9633158871384358e24
1.553393148304029e24
1.2001556477058878e24
9.040446941071779e23
6.654669053597147e23
4.847938708386265e23
3.623618338499333e23
2.984713942516634e23
2.9338723151557817e23
3.473378484463167e23
4.605153357626578e23
6.33075157733964e23
8.651359590529698e23
1.1567793931137694e24
1.508049971851911e24
1.9189549372914155e24
2.3894641549308534e24
2.9195100290869695e24
3.508987440304995e24
4.1577537049269933e24
4.865628556902876e24
5.632394151908875e24
6.457795093833183e24
7.341538483666662e24
8.283293990831836e24
9.282693946964948e24
1.0339333462152101e25
1.1452770563613603e25
1.2622526356808903e25
1.3848085208927313e25
1.5128894954713706e25
1.6464367124568313e25
1.785387719483891e25
1.9296764860220643e25
2.0792334328158567e25
2.233985463513326e25
2.3938559984706844e25
2.55876501071781e25
2.7286290640699847e25
2.9033613533680663e25
3.0828717468296327e25
3.2670668304913483e25
3.4558499547214336e25
3.6491212827809754e25
3.8467778414100613e25
4.048713573414486e25
4.254819392227147e25
4.46498323841748e25
4.679090138119877e25
4.8970222633524595e25
5.118658994195272e25
5.3438769827956355e25
5.572550219168676e25
5.804550098757706e25
6.039745491720465e25
6.278002813903608e25
6.519186099469281e25
6.763157075134028e25
7.009775235981405e25
7.258897922807727e25
7.510380400957924e25
7.764075940611296e25
8.019835898471311e25
8.277509800816758e25
8.53694542786739e25
8.79798889941889e25
9.06048476169956e25
9.324276075400236e25
9.589204504829758e25
9.855110408145238e25
1.012183292860706e26
1.0389210086808472e26
1.0657078873826288e26
1.0925275345241555e26
1.1193634715975985e26
1.1461991455892207e26
1.1730179386100672e26
1.1998031775920658e26
1.2265381440439516e26
1.2532060838613134e26
1.2797902171852352e26
1.3062737483037673e26
1.3326398755906258e26
1.3588718014752027e26
1.3849527424381717e26
1.410865939026939e26
1.4365946658849305e26
1.4621222417889703e26
1.4874320396887707e26
1.5125074967427299e26
1.537332124343974e26
1.5618895181308197e26
1.5861633679756647e26
1.6101374679463823e26
1.6337957262342742e26
1.6571221750426082e26
1.6801009804299014e26
1.702716452101914e26
1.724953053146533e26
1.7467954097055952e26
1.7682283205778717e26
1.789236766747279e26
1.80980592083053e26
1.8299211564385173e26
1.8495680574455764e26
1.8687324271609846e26
1.8874002973970475e26
1.905557937428092e26
1.923191862834869e26
1.9402888442287967e26
1.9568359158506367e26
1.9728203840381427e26
1.9882298355574006e26
2.003052145792553e26
2.0172754867887362e26
2.0308883351430698e26
2.0438794797386714e26
2.0562380293167112e26
2.0679534198816202e26
2.0790154219346315e26
2.0894141475309593e26
2.0991400571559598e26
2.108183966415791e26
2.1165370525380348e26
2.1241908606780854e26
2.1311373100269416e26
2.13736869971635e26
2.142877714517265e26
2.1476574303276778e26
2.1517013194460807e26
2.1550032556268306e26
2.1575575189139022e26
2.159358800249514e26
2.160402205854392e26
2.160683261376447e26
2.1601979158047434e26
2.1589425451459253e26
2.156913955860223e26
2.1541093880544004e26
2.1505265184290555e26
2.1461634629779666e26
2.141018779437183e26
2.135091469481663e26
2.128380980667635e26
2.12088720811872e26
2.1126104959542453e26
2.103551638458029e26
2.093711880986478e26
2.083092920614566e26
2.0716969065187393e26
2.0595264400956328e26
2.0465845748160176e26
2.032874815813247e26
2.018401119205614e26
2.003167891152505e26
1.9871799866440123e26
1.9704427080241183e26
1.9529618032473868e26
1.934743463869713e26
1.9157943227734732e26
1.8961214516275403e26
1.8757323580832108e26
1.8546349827067426e26
1.8328376956497523e26
1.8103492930584652e26
1.7871789932235063e26
1.763336432471651e26
1.7388316608010697e26
1.713675137262261e26
1.687877725086394e26
1.6614506865634628e26
1.6344056776722504e26
1.6067547424649565e26
1.5785103072088062e26
1.549685174287635e26
1.5202925158660545e26
1.4903458673196324e26
1.459859120434119e26
1.4288465163768902e26
1.3973226384444745e26
1.3653024045894884e26
1.332801059730983e26
1.299834167851777e26
1.266417603887233e26
1.2325675454094404e26
1.1983004641109435e26
1.1636331170928272e26
1.1285825379614069e26
1.093166027738446e26
1.057401145589356e26
1.0213056993747421e26
9.848977360301194e25
9.481955317787462e25
9.112175821832923e25
8.739825920413265e25
8.365094651304002e25
7.988172938079161e25
7.609253484719463e25
7.228530668883877e25
6.846200433906322e25
6.462460179572776e25
6.077508651744612e25
5.691545830886514e25
5.304772819559338e25
4.917391728945284e25
4.5296055644650816e25
4.1416181105544114e25
3.753633814660549e25
3.3658576705295527e25
2.9784951008479336e25
2.591751839303179e25
2.205833812135235e25
1.8209470192425292e25
1.437297414913756e25
1.0550907882498679e25
6.745326433500361e24
2.9582807932833696e24
-8.08183297712752e23
-4.552026550876173e24
-8.271217330163073e24
-1.1963732851722878e25
-1.5627560381744902e25
-1.926069843177483e25
-2.2861157950836974e25
-2.6426963513630103e25
-2.9956154504132235e25
-3.3446786293867755e25
-3.6896931414156715e25
-4.03046807216703e25
-4.366814455654883e25
-4.698545389242773e25
-5.025476147764984e25
-5.347424296701594e25
-5.664209804334211e25
-5.9756551528167355e25
-6.281585448095456e25
-6.581828528607177e25
-6.876215072692466e25
-7.1645787046554005e25
-7.4467560994079295e25
-7.72258708563013e25
-7.991914747384297e25
-8.254585524121486e25
-8.510449309014075e25
-8.759359545556027e25
-9.001173322367576e25
-9.235751466147645e25
-9.46295863271087e25
-9.682663396054703e25
-9.894738335396878e25
-1.0099060120130353e26
-1.0295509592637348e26
-1.0483971848910274e26
-1.0664336316928397e26
-1.0836496832735354e26
-1.1000351714170134e26
-1.1155803832200154e26
-1.1302760679811566e26
-1.1441134438406804e26
-1.1570842041666046e26
-1.1691805236829843e26
-1.18039506433577e26
-1.1907209808924e26
-1.2001519262709652e26
-1.2086820565954439e26
-1.216306035972963e26
-1.223019040989788e26
-1.2288167649227843e26
-1.2336954216628788e26
-1.2376517493477237e26
-1.2406830137005129e26
-1.2427870110724319e26
-1.2439620711859675e26
-1.2442070595768657e26
-1.2435213797324101e26
-1.2419049749241246e26
-1.2393583297328621e26
-1.2358824712646652e26
-1.2314789700559137e26
-1.2261499406663804e26
-1.2198980419589848e26
-1.2127264770653058e26
-1.2046389930360944e26
-1.1956398801760531e26
-1.1857339710624905e26
-1.174926639247645e26
-1.1632237976444898e26
-1.1506318965962106e26
-1.1371579216295904e26
-1.1228093908928384e26
-1.1075943522784455e26
-1.0915213802319458e26
-1.0745995722476415e26
-1.0568385450524483e26
-1.0382484304792276e26
-1.018839871031361e26
-9.986240151400797e25
-9.776125121166739e25
-9.55817506801636e25
-9.33251633913068e25
-9.099280120968278e25
-8.85860237681088e25
-8.610623781381533e25
-8.355489652565582e25
-8.093349880266372e25
-7.824358852429502e25
-7.548675378271067e25
-7.266462608746874e25
-6.977887954301887e25
-6.683122999939407e25
-6.382343417654344e25
-6.075728876271558e25
-5.763462948736821e25
-5.44573301690669e25
-5.122730173885674e25
-4.794649123961228e25
-4.461688080188208e25
-4.124048659675363e25
-3.7819357766292517e25
-3.435557533211082e25
-3.0851251082643e25
-2.73085264397111e25
-2.3729571304989636e25
-2.0116582886980342e25
-1.647178450912285e25
-1.2797424399678374e25
-9.095774464059739e24
-5.369129040240161e24
-1.6198036379358004e24
2.14986633775122e24
5.937526877539738e24
9.740806673311873e24
1.3557318436881082e25
1.7384660231449976e25
2.1220416815025855e25
2.5062160995053225e25
2.890745499350089e25
3.27538518216505e25
3.6598896663810652e25
4.04401282691913e25
4.427508035114178e25
4.810128299298095e25
5.191626405960306e25
5.571755061408448e25
5.950267033846927e25
6.3269152957928955e25
6.701453166748987e25
7.073634456050272e25
7.443213605803926e25
7.80994583383985e25
8.173587276588979e25
8.533895131807474e25
8.890627801063605e25
9.243545031905258e25
9.5924080596245e25
9.936979748537065e25
1.0277024732694499e26
1.0612309555944728e26
1.0942602811261234e26
1.1267675279256704e26
1.1587300065800471e26
1.1901252738657541e26
1.2209311463068564e26
1.2511257136189714e26
1.2806873520312489e26
1.309594737478342e26
1.3378268586544607e26
1.3653630299216607e26
1.3921829040645575e26
1.4182664848837536e26
1.4435941396203286e26
1.4681466112038062e26
1.4919050303162017e26
1.5148509272645456e26
1.5369662436548423e26
1.5582333438600773e26
1.5786350262752214e26
1.5981545343522564e26
1.616775567408273e26
1.6344822911999455e26
1.6512593482576624e26
1.6670918679728395e26
1.6819654764319304e26
1.6958663059909504e26
1.7087810045843445e26
1.7206967447621328e26
1.7316012324495953e26
1.7414827154236762e26
1.750329991500693e26
1.758132416429664e26
1.764879911486358e26
1.7705629707627607e26
1.7751726681470117e26
1.7787006639892014e26
1.781139211448304e26
1.782481162515955e26
1.7827199737126558e26
1.7818497114525467e26
1.779865057072797e26
1.776761311523783e26
1.7725343997168005e26
1.7671808745257766e26
1.7606979204400293e26
1.7530833568649475e26
1.7443356410680423e26
1.7344538707677443e26
1.7234377863626872e26
1.711287772799139e26
1.6980048610749338e26
1.6835907293780582e26
1.6680477038582047e26
1.65137875903032e26
1.6335875178087538e26
1.6146782511713665e26
1.594655877452586e26
1.573525961265329e26
1.5512947120513647e26
1.5279689822598956e26
1.5035562651549101e26
1.4780646922514012e26
1.4515030303812593e26
1.423880678389367e26
1.3952076634613175e26
1.3654946370838191e26
1.334752870639055e26
1.3029942506350922e26
1.2702312735738982e26
1.2364770404593283e26
1.2017452509470317e26
1.1660501971392987e26
1.1294067570271859e26
1.0918303875832033e26
1.0533371175072703e26
1.0139435396298448e26
9.736668029755462e25
9.325246044907988e25
8.905351804400192e25
8.477172974740585e25
8.040902433756397e25
7.596738174858959e25
7.1448832081732715e25
6.6855454585789005e25
6.218937660710896e25
5.745277250979828e25
5.2647862566613595e25
4.777691182116086e25
4.284222892193481e25
3.7846164928863913e25
3.279111209295655e25
2.7679502609659983e25
2.2513807346645833e25
1.7296534546651359e25
1.2030228506093019e25
6.717468230114399e24
1.3608660648464516e24
-4.0369336924348384e24
-9.473256204467096e24
-1.4945397525765964e25
-2.045062605415723e25
-2.5986184001317247e25
-3.154928888154894e25
-3.713713501791741e25
-4.2746895064971665e25
-4.837572154717544e25
-5.402074841225134e25
-5.967909259851762e25
-6.534785561538112e25
-7.10241251361283e25
-7.670497660207847e25
-8.23874748372455e25
-8.806867567256935e25
-9.374562757885714e25
-9.94153733074543e25
-1.0507495153775047e26
-1.1072139853061728e26
-1.1635174978678189e26
-1.219630417092458e26
-1.2755231326876664e26
-1.3311660767150123e26
-1.3865297402779791e26
-1.4415846902122987e26
-1.4963015857687976e26
-1.5506511952795517e26
-1.604604412797285e26
-1.658132274698626e26
-1.711205976241849e26
-1.7637968880689894e26
-1.8158765726431713e26
-1.8674168006112573e26
-1.9183895670826915e26
-1.9687671078144848e26
-2.0185219152931243e26
-2.067626754704169e26
-2.116054679779617e26
-2.1637790485141348e26
-2.2107735387405003e26
-2.257012163555444e26
-2.3024692865862594e26
-2.347119637089221e26
-2.3909383248711212e26
-2.4339008550244235e26
-2.475983142467626e26
-2.5171615262817476e26
-2.5574127838346784e26
-2.5967141446843564e26
-2.635043304252688e26
-2.672378437261642e26
-2.708698210923587e26
-2.7439817978774337e26
-2.7782088888627976e26
-2.811359705124505e26
-2.843415010539422e26
-2.8743561234583353e26
-2.904164928255323e26
-2.9328238865775516e26
-2.9603160482881967e26
-2.9866250620956924e26
-3.0117351858626227e26
-3.035631296587469e26
-3.0582989000529812e26
-3.0797241401348224e26
-3.0998938077645836e26
-3.1187953495411205e26
-3.136416875984647e26
-3.1527471694281745e26
-3.167775691540847e26
-3.181492590478231e26
-3.193888707654621e26
-3.204955584132767e26
-3.214685466626456e26
-3.223071313111816e26
-3.2301067980432486e26
-3.235786317170249e26
-3.2401049919514664e26
-3.2430586735626926e26
-3.244643946495651e26
-3.2448581317446676e26
-3.243699289578567e26
-3.2411662218953714e26
-3.237258474157581e26
-3.2319763369061095e26
-3.225320846851145e26
-3.2172937875384145e26
-3.2078976895896996e26
-3.197135830516519e26
-3.1850122341063354e26
-3.1715316693806394e26
-3.156699649124793e26
-3.140522427989578e26
-3.1230070001645944e26
-3.1041610966241586e26
-3.0839931819462862e26
-3.0625124507058812e26
-3.0397288234431446e26
-3.015652942208961e26
-2.9902961656887385e26
-2.96367056390688e26
-2.935788912513851e26
-2.9066646866585784e26
-2.8763120544487943e26
-2.8447458700020514e26
-2.8119816660910354e26
-2.7780356463862162e26
-2.742924677299802e26
-2.7066662794345928e26
-2.6692786186422244e26
-2.630780496695046e26
-2.5911913415760435e26
-2.5505311973920353e26
-2.508820713914906e26
-2.466081135756405e26
-2.4223342911817114e26
-2.3776025805678846e26
-2.3319089645130137e26
-2.285276951601978e26
-2.2377305858356416e26
-2.1892944337297907e26
-2.1399935710907527e26
-2.089853569474393e26
-2.0389004823361685e26
-1.987160830879192e26
-1.934661589608226e26
-1.8814301715969108e26
-1.8274944134766963e26
-1.7728825601553597e26
-1.7176232492731298e26
-1.6617454954054245e26
-1.6052786740203673e26
-1.5482525052002197e26
-1.4906970371351802e26
-1.432642629399214e26
-1.374119936016845e26
-1.3151598883301017e26
-1.2557936776755514e26
-1.1960527378806921e26
-1.1359687275897752e26
-1.0755735124284366e26
-1.014899147017735e26
-9.539778568474118e25
-8.928420200182576e25
-8.315241488645105e25
-7.700568714661511e25
-7.084729130619505e25
-6.468050773732801e25
-5.850862278499763e25
-5.2334926884842425e25
-4.616271267529462e25
-3.999527310508845e25
-3.3835899537270723e25
-2.768787985078435e25
-2.1554496540681517e25
-1.5439024818127666e25
-9.344730711240274e24
-3.2748691679018836e24
2.7673178384066865e24
8.778603198585738e24
1.475577655264053e25
2.0695646168078922e25
2.6595040810820406e25
3.2450811607574643e25
3.825983389855515e25
4.401900907949177e25
4.972526643179503e25
5.537556493981324e25
6.0966895094148045e25
6.649628067988517e25
7.1960780548735585e25
7.735749037398921e25
8.268354438728626e25
8.793611709610014e25
9.311242498095418e25
9.820972817131254e25
1.0322533209918472e26
1.0815658912938448e26
1.1300090016548373e26
1.177557162305124e26
1.2241854002138309e26
1.2698692743613845e26
1.3145848907305177e26
1.3583089170070155e26
1.40101859698063e26
1.4426917646374899e26
1.4833068579355094e26
1.5228429322536854e26
1.561279673507321e26
1.5985974109206054e26
1.6347771294489408e26
1.669800481842629e26
1.703649800344514e26
1.7363081080143032e26
1.767759129671839e26
1.79798730245264e26
1.826977785968584e26
1.854716472067433e26
1.881189994184377e26
1.9063857362797038e26
1.9302918413564042e26
1.9528972195523036e26
1.9741915558008152e26
1.9941653170552604e26
2.0128097590718993e26
2.0301169327465287e26
2.0460796900004434e26
2.0606916892112616e26
2.0739474001848874e26
2.085842108664512e26
2.0963719203733446e26
2.1055337645879517e26
2.113325397238965e26
2.119745403536657e26
2.1247932001189123e26
2.1284690367194793e26
2.1307739973545056e26
2.131710001025825e26
2.131279801939773e26
2.1294869892402732e26
2.1263359862555894e26
2.1218320492581523e26
2.1159812657373957e26
2.1087905521854852e26
2.1002676513964642e26
2.0904211292793377e26
2.0792603711861552e26
2.0667955777561514e26
2.0530377602775312e26
2.0379987355686262e26
2.0216911203805818e26
2.0041283253237408e26
1.9853245483204646e26
1.9652947675873025e26
1.944054734149601e26
1.9216209638920747e26
1.898010729149072e26
1.8732420498384928e26
1.847333684143688e26
1.8203051187478652e26
1.7921765586258308e26
1.7629689163981382e26
1.732703801253018e26
1.7014035074416802e26
1.669091002352787e26
1.6357899141724668e26
1.6015245191359094e26
1.5663197283773933e26
1.53020107438557e26
1.4931946970710926e26
1.4553273294539811e26
1.4166262829782517e26
1.377119432461704e26
1.3368352006888886e26
1.2958025426554713e26
1.2540509294725723e26
1.2116103319397159e26
1.1685112037953565e26
1.1247844646540066e26
1.0804614826394226e26
1.03557405672317e26
9.901543987785345e25
9.442351153593637e25
8.978491892141057e25
8.510299605452475e25
8.038111080244623e25
7.56226629574158e25
7.083108229261102e25
6.600982659679475e25
6.116237968886871e25
5.6292249413433075e25
5.140296561849109e25
4.649807811642621e25
4.158115462942294e25
3.665577872048108e25
3.1725547711211e25
2.6794070587569176e25
2.1864965894776466e25
1.6941859622570542e25
1.2028383082029566e25
7.12817077518657e24
2.2448582586496888e24
-2.6179199975326857e24
-7.456532754538515e24
-1.2267354151715132e25
-1.7046765854562681e25
-2.179115920251672e25
-2.6496937355268264e25
-3.1160517436380623e25
-3.5778332672944733e25
-4.034683453002877e25
-4.486249483867134e25
-4.93218079161438e25
-5.372129267728036e25
-5.805749473558858e25
-6.2326988492922245e25
-6.652637921646829e25
-7.0652305101826564e25
-7.470143932094425e25
-7.867049205369356e25
-8.255621250187521e25
-8.635539088444736e25
-9.006486041277862e25
-9.368149924474012e25
-9.720223241646259e25
-1.006240337505871e26
-1.0394392773985626e26
-1.0715899140491361e26
-1.1026635612515182e26
-1.132632094415325e26
-1.1614679683024711e26
-1.1891442344613942e26
-1.2156345583482121e26
-1.2409132361242006e26
-1.264955211119243e26
-1.2877360899509874e26
-1.3092321582897202e26
-1.329420396259109e26
-1.3482784934630753e26
-1.3657848636294603e26
-1.3819186588611292e26
-1.3966597834855496e26
-1.4099889074939616e26
-1.42188747956148e26
-1.4323377396399276e26
-1.4413227311151223e26
-1.4488263125206383e26
-1.4548331688005673e26
-1.4593288221137626e26
-1.462299642172294e26
-1.463732856107413e26
-1.4636165578562223e26
-1.4619397170627817e26
-1.4586921874873412e26
-1.453864714918124e26
-1.4474489445799829e26
-1.4394374280344861e26
-1.4298236295667535e26
-1.4186019320541271e26
-1.4057676423123348e26
-1.391316995914908e26
-1.3752471614822752e26
-1.3575562444368933e26
-1.3382432902209955e26
-1.3173082869744545e26
-1.29475216766982e26
-1.2705768117025203e26
-1.2447850459338517e26
-1.2173806451855955e26
-1.1883683321845194e26
-1.157753776956041e26
-1.1255435956659197e26
-1.0917453489100819e26
-1.0563675394523041e26
-1.0194196094097176e26
-9.80911936887228e25
-9.408558320613494e25
-8.992635327149671e25
-8.561481992240859e25
-8.115239089990249e25
-7.654056503819624e25
-7.178093160030107e25
-6.6875169559829e25
-6.182504682925886e25
-5.663241943504914e25
-5.129923063991648e25
-4.582751001275717e25
-4.021937244662034e25
-3.44770171251667e25
-2.8602726438188567e25
-2.25988648466619e25
-1.6467877697940004e25
-1.0212289991615372e25
-3.8347050967562496e24
2.6621965788983476e24
9.275658967051452e24
1.6002851763629697e25
2.2840871899411413e25
2.978674505577462e25
3.6837427224810615e25
4.398980631289692e25
5.124070378695308e25
5.858687636244989e25
6.60250177323458e25
7.355176033593452e25
8.11636771666977e25
8.885728361822392e25
9.662903936711086e25
1.0447535029189986e26
1.123925704269391e26
1.2037700395018656e26
1.2842490720376904e26
1.3653249074622972e26
1.4469592143537781e26
1.5291132454049412e26
1.6117478588280137e26
1.6948235400294868e26
1.7783004235438484e26
1.8621383152129328e26
1.9462967145992827e26
2.030734837620337e26
2.115411639391571e26
2.200285837264644e26
2.2853159340481352e26
2.3704602413981003e26
2.4556769033642247e26
2.5409239200790373e26
2.6261591715760505e26
2.711340441724081e26
2.7964254422630767e26
