1.5096707226562503e-13
1.5101809339936063e11
2.418704209231728e12
1.2265088824179197e13
3.885396593901416e13
9.51413377459463e13
1.9800168998109688e14
3.683897515150212e14
6.315372937770251e14
1.0171844284206859e15
1.5598447653871868e15
2.2991036983772835e15
3.279948990867828e15
4.553132743369001e15
6.175563731776007e15
8.210729017583981e15
1.0729143643564922e16
1.380882714340563e16
1.7535805510928288e16
2.20046371940089e16
2.7318961600320756e16
3.3592068526700732e16
4.094748685140638e16
4.951959075893515e16
5.945422170054516e16
7.090932423027558e16
8.405559379623816e16
9.907713451035422e16
1.1617212486665978e17
1.3555348932890226e17
1.5744957366250512e17
1.8210482184418742e17
2.0978045234467536e17
2.407551315461317e17
2.7532564202622138e17
3.13807543415224e17
3.565358235113453e17
4.038655373224463e17
4.561724316898524e17
5.138535531417854e17
5.773278366203013e17
6.47036672726489e17
7.234444511340914e17
8.07039077831682e17
8.983324638681135e17
9.978609832951078e17
1.1061858980246497e18
1.2238937473472256e18
1.3515966998899197e18
1.4899328658309693e18
1.6395665672294833e18
1.8011885643757038e18
1.9755162361183424e18
2.16329371218115e18
2.365291955540882e18
2.5823087930032184e18
2.8151688921818496e18
3.0647236831588367e18
3.3318512231813775e18
3.617456002831241e18
3.9224686921881416e18
4.2478458255973775e18
4.5945694237447096e18
4.963646551837927e18
5.356108812794491e18
5.773011774438072e18
6.21543432981355e18
6.684477989839921e18
7.181266107633593e18
7.706943033950332e18
8.26267320331288e18
8.849640150512421e18
9.469045457295847e18
1.0122107629176648e19
1.081006090243559e19
1.153415398150715e19
1.2295648707079725e19
1.3095818655371018e19
1.393594766917485e19
1.481732832141174e19
1.5741260312052802e19
1.6709048799424393e19
1.772200266703968e19
1.878143272724223e19
1.9888649863086223e19
2.104496311001725e19
2.2251677679056663e19
2.35100929233316e19
2.482150024993091e19
2.6187180979204678e19
2.760840415376162e19
2.9086424299553894e19
3.0622479141572633e19
3.2217787276809875e19
3.3873545807272714e19
3.5590927935964213e19
3.737108052887106e19
3.921512164612206e19
4.112413804560213e19
4.309918266242439e19
4.514127206777793e19
4.725138391078038e19
4.943045434707193e19
5.167937545799267e19
5.399899266428445e19
5.639010213835559e19
5.885344821923778e19
6.138972083445326e19
6.3999552933091525e19
6.668351793447447e19
6.9442127196859924e19
7.22758275107031e19
7.518499862105624e19
7.81699507837443e19
8.123092236000531e19
8.436807745432994e19
8.758150360027265e19
9.087120949904132e19
9.423712281569903e19
9.767908803783057e19
1.011968644015428e20
1.0479012388967272e20
1.0845844930707987e20
1.122013324378922e20
1.1601817228956221e20
1.199082734285692e20
1.2387084441257774e20
1.2790499632382629e20
1.3200974140848035e20
1.3618399182663439e20
1.4042655851759126e20
1.4473615018498407e20
1.491113724062363e20
1.53550726870775e20
1.5805261075132914e20
1.626153162125511e20
1.672370300610991e20
1.7191583354121064e20
1.7664970227968308e20
1.8143650638405435e20
1.8627401069764667e20
1.9115987521500266e20
1.9609165566109496e20
2.010668042375441e20
2.060826705389185e20
2.11136502642027e20
2.1622544837094418e20
2.2134655674032833e20
2.264967795794093e20
2.3167297333883214e20
2.368719010823441e20
2.4209023466511145e20
2.4732455710024155e20
2.5257136511487105e20
2.578270718969611e20
2.630880100337139e20
2.6835043464229313e20
2.736105266932973e20
2.7886439652718864e20
2.8410808756364083e20
2.8933758020351453e20
2.9454879592291628e20
2.997376015585405e20
3.048998137832299e20
3.100312037704253e20
3.1512750204591047e20
3.201844035249819e20
3.2519757273290454e20
3.301626492062347e20
3.35075253072318e20
3.3993099080398674e20
3.4472546114620195e20
3.494542612111048e20
3.54112992737658e20
3.58697268511774e20
3.6320271894254603e20
3.676249987899138e20
3.71959794038813e20
3.7620282891457665e20
3.8034987303407786e20
3.843967486868211e20
3.8833933823991664e20
3.9217359166059525e20
3.958955341496524e20
3.9950127387893334e20
4.029870098257202e20
4.063490396966039e20
4.095837679331775e20
4.126877137916292e20
4.156575194880658e20
4.184899584011529e20
4.2118194332342295e20
4.2373053475236374e20
4.261329492121827e20
4.2838656759691346e20
4.304889435253268e20
4.324378116978922e20
4.342310962458525e20
4.358669190622659e20
4.373436081047069e20
4.3865970565912455e20
4.398139765542106e20
4.408054163154576e20
4.416332592479516e20
4.422969864368081e20
4.427963336540217e20
4.4313129916040105e20
4.433021513911392e20
4.4330943651348696e20
4.431539858449069e20
4.428369231200143e20
4.423596715945568e20
4.417239609746244e20
4.409318341592622e20
4.399856537846156e20
4.388881085577439e20
4.376422193682249e20
4.362513451657033e20
4.3471918859154214e20
4.330498013528071e20
4.3124758932683214e20
4.2931731738472114e20
4.272641139221863e20
4.2509347508625126e20
4.228112686864288e20
4.204237377791347e20
4.1793750391420656e20
4.153595700325827e20
4.126973230043287e20
4.0995853579640884e20
4.07151369259775e20
4.042843735255684e20
4.013664890004406e20
3.984070469512542e20
3.954157696696582e20
3.9240277020732044e20
3.893785516728543e20
3.8635400608180444e20
3.8334041275133166e20
3.8034943623158635e20
3.773931237660833e20
3.74483902273741e20
3.716345748456241e20
3.688583167497842e20
3.6616867093801114e20
3.6357954304867926e20
3.611051959003218e20
3.587602434709642e20
3.565596443587138e20
3.545186947195323e20
3.526530206786044e20
3.5097857021217315e20
3.495116044972096e20
3.4826868872677294e20
3.4726668238944285e20
3.465227290116929e20
3.460542453626407e20
3.458789101211033e20
3.460146520054749e20
3.464796373674635e20
3.4729225725130736e20
3.4847111392064805e20
3.5003500685582015e20
3.520029182249105e20
3.5439399783249805e20
3.5722754755062635e20
3.605230052371155e20
3.642999281469666e20
3.685779758431829e20
3.7337689261398216e20
3.78716489403957e20
3.8461662526738616e20
3.910971883525021e20
3.9817807642615035e20
4.0587917694890095e20
4.142203467112857e20
4.232213910424714e20
4.329020426032905e20
4.432819397761689e20
4.5438060466512934e20
4.66217420719627e20
4.7881160999662617e20
4.921822100759049e20
5.0634805064418794e20
5.213277297643136e20
5.371395898462096e20
5.538016933370677e20
5.7133179814865325e20
5.8974733284027656e20
6.090653715765115e20
6.293026088792816e20
6.504753341944973e20
6.725994062939473e20
6.956902275336598e20
7.197627179904784e20
7.44831289499067e20
7.709098196120598e20
7.980116255065283e20
8.261494378604037e20
8.553353747229072e20
8.855809154035016e20
9.168968744042386e20
9.492933754208141e20
9.827798254379638e20
1.0173648889452377e21
1.0530564622994847e21
1.0898616482607227e21
1.1277867307283422e21
1.1668371497048955e21
1.2070174765149512e21
1.2483313893067328e21
1.290781648864503e21
1.33437007475978e21
1.379097521869714e21
1.4249638572910256e21
1.4719679376780779e21
1.5201075870337257e21
1.569379574981643e21
1.6197795955489088e21
1.6713022464876146e21
1.723941009164278e21
1.7776882290457903e21
1.832535096810588e21
1.888471630113633e21
1.9454866560336845e21
2.0035677942312057e21
2.0627014408450655e21
2.1228727531560095e21
2.1840656350446585e21
2.2462627232715212e21
2.3094453746062294e21
2.373593653832912e21
2.438686322658271e21
2.504700829548538e21
2.5716133005211447e21
2.639398530916445e21
2.708029978174458e21
2.777479755641015e21
2.847718627427292e21
2.918716004346067e21
2.9904399409475685e21
3.0628571336770815e21
3.135932920175958e21
3.209631279746925e21
3.2839148350039974e21
3.3587448547264823e21
3.434081257935951e21
3.509882619214163e21
3.5861061752792526e21
3.662707832836561e21
3.739642177719746e21
3.8168624853368523e21
3.8943207324352145e21
3.9719676101980334e21
4.0497525386846635e21
4.127623682625493e21
4.205527968581547e21
4.283411103477651e21
4.3612175945172297e21
4.4388907704855036e21
4.51637280444698e21
4.593604737841876e21
4.670526505985094e21
4.747076964970132e21
4.823193919979285e21
4.898814155000159e21
4.973873463947472e21
5.048306683187811e21
5.122047725463809e21
5.195029615213019e21
5.267184525275456e21
5.338443814982484e21
5.40873806961858e21
5.477997141246056e21
5.546150190881641e21
5.613125732012478e21
5.678851675437759e21
5.743255375420958e21
5.806263677136222e21
5.867802965391232e21
5.927799214607417e21
5.986178040037206e21
6.042864750196451e21
6.097784400489111e21
6.150861847999622e21
6.202021807427338e21
6.251188908135879e21
6.298287752289033e21
6.343242974043444e21
6.385979299767104e21
6.426421609251211e21
6.464494997881838e21
6.50012483973642e21
6.53323685156886e21
6.563757157645794e21
6.591612355395247e21
6.616729581827788e21
6.639036580688916e21
6.658461770300396e21
6.674934312046872e21
6.68838417946313e21
6.698742227876071e21
6.70594026455445e21
6.70991111931829e21
6.710588715558793e21
6.707908141618567e21
6.70180572248099e21
6.692219091716454e21
6.679087263632306e21
6.6623507055725e21
6.641951410311829e21
6.617832968489031e21
6.589940641021907e21
6.558221431447155e21
6.522624158126545e21
6.483099526260528e21
6.439600199649663e21
6.392080872143473e21
6.340498338715958e21
6.284811566106225e21
6.224981762962331e21
6.160972449425768e21
6.092749526093866e21
6.020281342296703e21
5.943538763625017e21
5.862495238645093e21
5.777126864736595e21
5.687412452988897e21
5.593333592091485e21
5.494874711153692e21
5.392023141389287e21
5.284769176601143e21
5.173106132401444e21
5.057030404102829e21
4.936541523216339e21
4.811642212491807e21
4.6823384394370646e21
4.548639468252172e21
4.410557910115738e21
4.2681097717604533e21
4.1213145022756904e21
3.970195038075261e21
3.8147778459694887e21
3.655092964280924e21
3.491174041943998e21
3.3230583755297564e21
3.150786944137169e21
2.974404442094153e21
2.793959309411599e21
2.6095037599352577e21
2.4210938071409094e21
2.2287892875198962e21
2.0326538815026873e21
1.8327551318698377e21
1.6291644596004187e21
1.4219571771101183e21
1.2112124988316566e21
9.97013549092439e20
7.794473672450884e20
5.5860491000875686e20
3.345810509801875e20
1.0747457727528698e20
-1.2261181673625564e20
-3.5557153863909874e20
-5.912941101571323e20
-8.296651823472401e20
-1.0705665538323424e21
-1.3138761921018882e21
-1.559468257906217e21
-1.8072131327692615e21
-2.0569774496415387e21
-2.308624126714105e21
-2.5620124044109e21
-2.8169978855758097e21
-3.0734325788676226e21
-3.331164945374643e21
-3.590039948457597e21
-3.849899106827728e21
-4.110580550864323e21
-4.371919082173701e21
-4.633746236388942e21
-4.895890349207625e21
-5.158176625661797e21
-5.4204272126126e21
-5.682461274458561e21
-5.944095072044926e21
-6.205142044757885e21
-6.465412895786016e21
-6.724715680527376e21
-6.982855898119442e21
-7.23963658606496e21
-7.494858417925775e21
-7.748319804052258e21
-7.999816995314881e21
-8.249144189800631e21
-8.496093642435072e21
-8.740455777487511e21
-8.982019303914779e21
-9.220571333495653e21
-9.4558975017059e21
-9.687782091281016e21
-9.91600815841095e21
-1.0140357661508745e22
-1.0360611592491976e22
-1.0576550110513859e22
-1.0787952678077555e22
-1.0994598199465255e22
-1.1196265161410575e22
-1.1392731775940778e22
-1.1583776125312213e22
-1.176917630896036e22
-1.1948710592383235e22
-1.212215755787444e22
-1.2289296257019898e22
-1.2449906364869775e22
-1.2603768335695128e22
-1.275066356023583e22
-1.2890374524345287e22
-1.3022684968933879e22
-1.3147380051112171e22
-1.3264246506431934e22
-1.3373072812121713e22
-1.3473649351211046e22
-1.3565768577436143e22
-1.364922518081747e22
-1.3723816253798197e22
-1.3789341457830656e22
-1.3845603190296174e22
-1.3892406751642287e22
-1.3929560512619436e22
-1.3956876081498304e22
-1.3974168471146974e22
-1.3981256265846252e22
-1.3977961787719906e22
-1.3964111262655827e22
-1.393953498559243e22
-1.3904067485044255e22
-1.3857547686739297e22
-1.379981907624011e22
-1.3730729860419704e22
-1.365013312766289e22
-1.3557887006662738e22
-1.3453854823681821e22
-1.333790525814711e22
-1.3209912496447266e22
-1.3069756383800962e22
-1.2917322574064437e22
-1.275250267734675e22
-1.2575194405301379e22
-1.2385301713962423e22
-1.218273494399467e22
-1.1967410958226506e22
-1.173925327633585e22
-1.1498192206558856e22
-1.1244164974292987e22
-1.0977115847465739e22
-1.069699625854212e22
-1.0403764923044272e22
-1.009738795445789e22
-9.777838975401759e21
-9.44509922493716e21
-9.099157661896227e21
-8.740011064108907e21
-8.367664123410626e21
-7.982129536313997e21
-7.583428090229831e21
-7.171588745124316e21
-6.746648710502198e21
-6.308653517606677e21
-5.857657086729792e21
-5.393721789529364e21
-4.916918506250138e21
-4.4273266777507706e21
-3.925034352239419e21
-3.410138226624687e21
-2.882743682389984e21
-2.3429648159044125e21
-1.7909244630840713e21
-1.2267542183223975e21
-6.505944476101756e20
-6.259429577044315e19
5.3708831226456126e20
1.1482866762024034e21
1.7708253312313868e21
2.404520065013918e21
3.0491779408908937e21
3.704597327350415e21
4.370567933811648e21
5.046870852769281e21
5.733278608341082e21
6.429555211256436e21
7.135456220319884e21
7.850728810379034e21
8.57511184682224e21
9.308335966627111e21
1.0050123665976007e22
1.080018939445129e22
1.1558239655816803e22
1.2323973115389455e22
1.3097080713998248e22
1.3877245788525498e22
1.4664144199017728e22
1.5457444462351547e22
1.6256807892432607e22
1.7061888746903566e22
1.7872334380328882e22
1.868778540382255e22
1.950787585107739e22
2.0332233350751862e22
2.116047930516292e22
2.199222907523077e22
2.282709217161459e22
2.3664672451975086e22
2.4504568324292457e22
2.5346372956165664e22
2.6189674490012052e22
2.703405626408323e22
2.7879097039205595e22
2.8724371231151927e22
2.9569449148542655e22
3.041389723617316e22
3.125727832365593e22
3.209915187926376e22
3.2939074268853957e22
3.3776599019749074e22
3.4611277089445614e22
3.5442657139016012e22
3.62702858110658e22
3.7093708012102615e22
3.791246719916976e22
3.872610567059117e22
3.953416486067202e22
4.0336185638193105e22
4.113170860853469e22
4.192027441925887e22
4.2701424068977865e22
4.3474699219329685e22
4.4239642509880035e22
4.499579787576408e22
4.5742710867879025e22
4.647992897543409e22
4.720700195066153e22
4.792348213548772e22
4.8628924789961074e22
4.9322888422229805e22
5.000493511985933e22
5.067463088227602e22
5.13315459541214e22
5.197525515929769e22
5.260533823548311e22
5.322138016889317e22
5.382297152906061e22
5.440970880340609e22
5.498119473136758e22
5.553703863785685e22
5.6076856765806646e22
5.660027260757335e22
5.710691723495605e22
5.759642962759342e22
5.806845699949663e22
5.852265512347745e22
5.8958688653227885e22
5.937623144280856e22
5.9774966863300955e22
6.015458811637963e22
6.051479854455863e22
6.0855311937868225e22
6.1175852836715865e22
6.147615683068769e22
6.175597085304526e22
6.201505347067482e22
6.225317516924552e22
6.247011863333472e22
6.266567902127913e22
6.283966423451321e22
6.2991895181155365e22
6.31222060336063e22
6.3230444479924436e22
6.331647196874626e22
6.33801639475205e22
6.342141009382853e22
6.344011453956492e22
6.3436196087756354e22
6.3409588421797865e22
6.336024030689038e22
6.328811578346554e22
6.319319435238857e22
6.307547115173188e22
6.293495712491725e22
6.277167918002784e22
6.2585680340096045e22
6.237701988417631e22
6.214577347901796e22
6.189203330115648e22
6.161590814924839e22
6.131752354647683e22
6.099702183286388e22
6.065456224732749e22
6.029032099932927e22
5.990449132996295e22
5.9497283562340295e22
5.906892514113636e22
5.861966066116423e22
5.814975188485177e22
5.765947774850334e22
5.71491343572333e22
5.6619034968466745e22
5.606950996390769e22
5.550090680988336e22
5.491359000597986e22
5.430794102189264e22
5.368435822241983e22
5.304325678053715e22
5.238506857849836e22
5.1710242096915184e22
5.1019242291774804e22
5.031255045936419e22
4.959066408907835e22
4.885409670409416e22
4.810337768990414e22
4.733905211070892e22
4.656168051367913e22
4.5771838721101025e22
4.49701176104337e22
4.415712288230987e22
4.333347481652448e22
4.249980801606017e22
4.1656771139210414e22
4.0805026619867756e22
3.9945250376055175e22
3.907813150678436e22
3.820437197733655e22
3.7324686293067935e22
3.643980116185293e22
3.55504551452833e22
3.465739829875453e22
3.376139180057563e22
3.28632075702508e22
3.196362787608625e22
3.106344493228732e22
3.0163460485717477e22
2.926448539250211e22
2.8367339184663927e22
2.7472849626990645e22
2.6581852264338983e22
2.5695189959592844e22
2.4813712422495268e22
2.3938275729587936e22
2.3069741835496098e22
2.2208978075807858e22
2.1356856661800733e22
2.0514254167280915e22
1.968205100780368e22
1.886113091255603e22
1.80523803891842e22
1.7256688181861492e22
1.647494472289499e22
1.5708041578180298e22
1.4956870886816534e22
1.422232479520315e22
1.3505294885947246e22
1.2806671601913177e22
1.2127343665756236e22
1.1468197495285379e22
1.0830116615008754e22
1.021398106421741e22
9.620666801972518e21
9.051045109363093e21
8.505981989409538e21
7.98633756498942e21
7.492965475170417e21
7.026712270336598e21
6.588416806501678e21
6.178909639202721e21
5.79901241737608e21
5.449537277616433e21
5.131286239227815e21
4.845050600473617e21
4.591610336438959e21
4.371733498919582e21
4.186175618755108e21
4.0356791110238323e21
3.9209726835212084e21
3.8427707489430914e21
3.8017728411980823e21
3.798663036271667e21
3.834109378068046e21
3.908763309654149e21
4.023259110331757e21
4.1782133389616763e21
4.374224283964799e21
4.611871420423766e21
4.891714874708272e21
5.214294897043519e21
5.580131342442666e21
5.989723160420303e21
6.443547893902011e21
6.942061187742034e21
7.485696307259393e21
8.07486366719882e21
8.709950371519053e21
9.391319764407668e21
1.011931099291794e22
1.0894238581617936e22
1.1716392019637849e22
1.2586035360496955e22
1.3503406835084862e22
1.4468718478168582e22
1.548215576878816e22
1.6543877284898995e22
1.7654014372614714e22
1.8812670830391088e22
2.001992260849263e22
2.1275817524069896e22
2.2580374992171238e22
2.393358577300331e22
2.53354117357479e22
2.6785785639230585e22
2.828461092973583e22
2.9831761556242736e22
3.1427081803357435e22
3.307038614220151e22
3.4761459099508996e22
3.650005514517407e22
3.828589859848056e22
4.0118683553235045e22
4.199807382201213e22
4.3923702899716045e22
4.589517394664015e22
4.791205979120623e22
4.997390295254721e22
5.208021568308643e22
5.4230480031255e22
5.642414792447687e22
5.866064127253671e22
6.093935209143856e22
6.325964264784164e22
6.562084562415542e22
6.80222643043581e22
7.046317278059084e22
7.294281618056645e22
7.546041091581836e22
7.801514495079927e22
8.060617809283265e22
8.323264230289451e22
8.589364202720023e22
8.858825454955072e22
9.131553036438004e22
9.40744935704324e22
9.686414228498156e22
9.968344907849244e22
1.0253136142960675e23
1.0540680220032959e23
1.0830867013126431e23
1.1123584035674263e23
1.1418716493967554e23
1.171614734259365e23
1.2015757341807548e23
1.2317425116814774e23
1.2621027218942331e23
1.2926438188673814e23
1.3233530620521975e23
1.3542175229711748e23
1.3852240920644916e23
1.4163594857115985e23
1.4476102534247808e23
1.4789627852113785e23
1.5104033191012144e23
1.5419179488356917e23
1.5734926317147866e23
1.6051131965981257e23
1.6367653520561487e23
1.66843469466725e23
1.7001067174566514e23
1.731766818472621e23
1.7634003094955523e23
1.7949924248752936e23
1.8265283304919428e23
1.857993132835281e23
1.8893718881978383e23
1.9206496119765074e23
1.9518112880774905e23
1.9828418784192493e23
2.0137263325280544e23
2.0444495972205496e23
2.0749966263677832e23
2.1053523907348718e23
2.135501887890535e23
2.165430152180562e23
2.195122264759174e23
2.224563363672226e23
2.2537386539860243e23
2.2826334179555145e23
2.311233025225526e23
2.3395229430586134e23
2.367488746583059e23
2.395116129054471e23
2.422390912124376e23
2.4492990561091504e23
2.475826670252567e23
2.5019600229751768e23
2.527685552103765e23
2.55298987507397e23
2.577859799099205e23
2.6022823312989736e23
2.6262446887795963e23
2.6497343086604037e23
2.6727388580383932e23
2.695246243884332e23
2.717244622863293e23
2.7387224110726157e23
2.7596682936902325e23
2.780071234526364e23
2.799920485471554e23
2.8192055958340473e23
2.8379164215595216e23
2.8560431343262087e23
2.8735762305084656e23
2.8905065400019037e23
2.9068252349031858e23
2.9225238380376646e23
2.9375942313281085e23
2.952028663997739e23
2.965819760600936e23
2.9789605288749802e23
2.9914443674062823e23
3.0032650731046272e23
3.0144168484790033e23
3.024894308708719e23
3.034692488503545e23
3.043806848746728e23
3.0522332829148166e23
3.0599681232683575e23
3.0670081468075614e23
3.073350580987231e23
3.0789931091852824e23
3.083933875919347e23
3.0881714918060636e23
3.0917050382577616e23
3.0945340719114123e23
3.096658628784833e23
3.098079228155259e23
3.098796876155576e23
3.0988130690836096e23
3.098129796420068e23
3.0967495435508347e23
3.094675294189526e23
3.09191053249632e23
3.0884592448893414e23
3.084325921544905e23
3.07951555758325e23
3.074033653936446e23
3.067886217895451e23
3.061079763333381e23
3.05362131060229e23
3.045518386100966e23
3.036779021511422e23
3.027411752701926e23
3.0174256182946886e23
3.0068301578964606e23
2.9956354099905418e23
2.9838519094888902e23
2.9714906849432306e23
2.958563255414291e23
2.9450816269985013e23
2.9310582890116874e23
2.9165062098295506e23
2.901438832384907e23
2.8858700693219103e23
2.869814297807685e23
2.8532863540020407e23
2.836301527186157e23
2.8188755535513398e23
2.8010246096492135e23
2.7827653055049055e23
2.764114677395064e23
2.745090180292672e23
2.72570967998102e23
2.7059914448392444e23
2.6859541373022334e23
2.66561680499781e23
2.644998871564415e23
2.624120127152686e23
2.6030007186146248e23
2.581661139384199e23
2.5601222190534894e23
2.5384051126487532e23
2.5165312896109503e23
2.49452252248551e23
2.4724008753263793e23
2.4501886918195663e23
2.4279085831316534e23
2.405583415488968e23
2.3832362974932426e23
2.3608905671799494e23
2.338569778825594e23
2.3162976895104785e23
2.2940982454436924e23
2.2719955680572668e23
2.2500139398766278e23
2.228177790174694e23
2.2065116804171187e23
2.1850402895064402e23
2.163788398833036e23
2.1427808771409556e23
2.122042665216929e23
2.10159876041097e23
2.0814742009972404e23
2.061694050383902e23
2.0422833811809686e23
2.023267259135185e23
2.004670726941297e23
1.9865187879390152e23
1.9688363897053012e23
1.9516484075516297e23
1.9349796279360554e23
1.9188547318000364e23
1.903298277840097e23
1.8883346857244917e23
1.873988219265205e23
1.8602829695556653e23
1.847242838084681e23
1.8348915198372137e23
1.8232524863926364e23
1.812348969031281e23
1.8022039418600762e23
1.792840104968203e23
1.7842798676237308e23
1.776545331522246e23
1.7696582740985492e23
1.763640131912527e23
1.758511984120349e23
1.754294536042145e23
1.7510081028373707e23
1.7486725932990595e23
1.7473074937781585e23
1.7469318522491814e23
1.7475642625283653e23
1.7492228486555004e23
1.7519252494506325e23
1.7556886032567408e23
1.760529532879494e23
1.7664641307351275e23
1.7735079442174654e23
1.781675961294979e23
1.790982596348796e23
1.80144167626243e23
1.813066426773952e23
1.825869459101222e23
1.839862756850721e23
1.8550576632203823e23
1.871464868506757e23
1.8890943979266913e23
1.9079555997635724e23
1.9280571338480957e23
1.9494069603833198e23
1.9720123291236684e23
1.9958797689173407e23
2.021015077621478e23
2.0474233123992258e23
2.0751087804076536e23
2.1040750298853547e23
2.1343248416482818e23
2.1658602210022838e23
2.198682390080452e23
2.2327917806133543e23
2.2681880271398626e23
2.304869960666148e23
2.3428356027801353e23
2.38208216022852e23
2.4226060199631466e23
2.464402744663391e23
2.5074670687407827e23
2.551792894832039e23
2.5973732907862307e23
2.6442004871516718e23
2.692265875167719e23
2.7415600052665218e23
2.7920725860893348e23
2.843792484021867e23
2.896707723252642e23
2.950805486358273e23
3.00607211541906e23
3.0624931136681194e23
3.1200531476768616e23
3.1787360500793976e23
3.238524822838057e23
3.29940164105191e23
3.361347857309855e23
3.424344006589478e23
3.4883698117025994e23
3.553404189288027e23
3.619425256351704e23
3.686410337354182e23
3.754335971844843e23
3.823177922642106e23
3.892911184558374e23
3.963509993668235e23
4.0349478371179815e23
4.107197463474241e23
4.180230893609045e23
4.2540194321184694e23
4.328533679271476e23
4.403743543485225e23
4.4796182543229726e23
4.5561263760100035e23
4.633235821462978e23
4.7109138668274726e23
4.7891271665183574e23
4.867841768757145e23
4.947023131600158e23
5.026636139450941e23
5.106645120050143e23
5.187013861935595e23
5.267705632365001e23
5.348683195693373e23
5.4299088321969375e23
5.511344357334947e23
5.592951141440474e23
5.674690129830898e23
5.756521863328534e23
5.8384064991815385e23
5.920303832374814e23
6.002173317320342e23
6.083974089916202e23
6.16566498996304e23
6.247204583926569e23
6.328551188034286e23
6.409662891694456e23
6.490497581224975e23
6.571012963879554e23
6.651166592158233e23
6.730915888389256e23
6.810218169568734e23
6.889030672444603e23
6.967310578830762e23
7.045015041137494e23
7.122101208103595e23
7.198526250715757e23
7.274247388300253e23
7.349221914772053e23
7.42340722502602e23
7.496760841454864e23
7.569240440578185e23
7.64080387976688e23
7.711409224046974e23
7.781014772966728e23
7.84957908751086e23
7.917061017045423e23
7.983419726276884e23
8.048614722208704e23
8.112605881078777e23
8.175353475260769e23
8.23681820011255e23
8.296961200754556e23
8.355744098761164e23
8.413129018747791e23
8.469078614836629e23
8.523556096983712e23
8.576525257150107e23
8.627950495299908e23
8.677796845207814e23
8.726030000058917e23
8.772616337823499e23
8.817522946389612e23
8.86071764843617e23
8.902169026029466e23
8.941846444925945e23
8.979720078564304e23
9.015760931729894e23
9.049940863874566e23
9.082232612075265e23
9.112609813614721e23
9.141047028167698e23
9.167519759576434e23
9.1920044771991e23
9.21447863681512e23
9.234920701071568e23
9.253310159454825e23
9.269627547772016e23
9.283854467126949e23
9.29597360237541e23
9.30596874004489e23
9.313824785704216e23
9.319527780768602e23
9.323064918725996e23
9.324424560770875e23
9.323596250831893e23
9.320570729980028e23
9.315339950204306e23
9.307897087542309e23
9.298236554553216e23
9.28635401212115e23
9.27224638057728e23
9.255911850129231e23
9.237349890586836e23
9.216561260373486e23
9.193548014812966e23
9.168313513681772e23
9.140862428017464e23
9.111200746173942e23
9.079335779114994e23
9.045276164937793e23
9.009031872618621e23
8.970614204973184e23
8.930035800824828e23
8.887310636373939e23
8.842454025762485e23
8.795482620828159e23
8.746414410042951e23
8.695268716631382e23
8.64206619586444e23
8.586828831525177e23
8.529579931543091e23
8.470344122794318e23
8.409147345065573e23
8.346016844179964e23
8.280981164283653e23
8.21407013929248e23
8.145314883498484e23
8.074747781336672e23
8.002402476312703e23
7.928313859093151e23
7.852518054760043e23
7.775052409232165e23
7.695955474856168e23
7.615266995170874e23
7.533027888848877e23
7.449280232820063e23
7.364067244581943e23
7.277433263702725e23
7.189423732523077e23
7.1000851760634e23
7.009465181143792e23
6.917612374724514e23
6.82457640147523e23
6.730407900581966e23
6.635158481800866e23
6.538880700768994e23
6.441628033582308e23
6.343454850651867e23
6.244416389849624e23
6.144568728955827e23
6.043968757420389e23
5.942674147451279e23
5.840743324443343e23
5.738235436761374e23
5.635210324892077e23
5.531728489979684e23
5.427851061760602e23
5.323639765912981e23
5.219156890837479e23
5.1144652538859574e23
5.009628167055424e23
4.9047094021645694e23
4.799773155531321e23
4.6948840121696516e23
4.5901069095246e23
4.485507100764799e23
4.3811501176521895e23
4.2771017330089805e23
4.17342792280238e23
4.070194827867621e23
3.967468715290818e23
3.8653159394728494e23
3.763802902896199e23
3.662996016616853e23
3.562961660503719e23
3.4637661432482805e23
3.3654756621674694e23
3.2681562628231685e23
3.1718737984815786e23
3.0766938894366164e23
2.982681882221045e23
2.889902808729698e23
2.7984213452791612e23
2.7083017716285694e23
2.6196079299862314e23
2.5324031840271716e23
2.446750377946393e23
2.3627117955734188e23
2.28034911957321e23
2.1997233907589695e23
2.1208949675423493e23
2.0439234855466385e23
1.9688678174085528e23
1.8957860327944333e23
1.824735358656276e23
1.7557721397536434e23
1.6889517994669403e23
1.6243288009278e23
1.5619566084922076e23
1.5018876495819557e23
1.4441732769199551e23
1.3888637311847675e23
1.3360081041097899e23
1.2856543020520917e23
1.2378490100561878e23
1.1926376564375268e23
1.1500643779104109e23
1.110171985284976e23
1.0730019297575354e23
1.0385942698183957e23
1.006987638801113e23
9.78219213096703e22
9.523246810563165e22
9.29338212605443e22
9.092924295923089e22
8.922183768931464e22
8.781454942963413e22
8.671015891873086e22
8.591128100555628e22
8.542036208449634e22
8.52396776167922e22
8.53713297403788e22
8.581724497011935e22
8.657917199038702e22
8.765867954188713e22
8.905715440455934e22
9.077579947837591e22
9.281563196377989e22
9.517748164346384e22
9.78619892671378e22
1.0086960504089275e23
1.0420058722268462e23
1.0785500082544171e23
1.1183271642920569e23
1.1613340910369198e23
1.2075655744257292e23
1.2570144271073522e23
1.3096714810569313e23
1.3655255813429683e23
1.4245635810578296e23
1.4867703374217764e23
1.552128709069604e23
1.6206195545288597e23
1.6922217318972292e23
1.766912099726669e23
1.844665519120688e23
1.9254548570506817e23
2.009250990896563e23
2.0960228142160064e23
2.1857372437461133e23
2.2783592276405965e23
2.3738517549443383e23
2.472175866307368e23
2.5732906659386494e23
2.6771533347998126e23
2.7837191450380737e23
2.8929414756568253e23
3.0047718294216342e23
3.119159850998724e23
3.236053346321765e23
3.3553983031829025e23
3.477138913042335e23
3.6012175940503676e23
3.72757501527512e23
3.856150122128143e23
3.986880162979652e23
4.119700716953746e23
4.254545722894212e23
4.391347509489649e23
4.5300368265466495e23
4.670542877398623e23
4.8127933524372623e23
4.9567144637527504e23
5.102230980868399e23
5.2492662675538146e23
5.397742319701279e23
5.547579804247975e23
5.698698099126719e23
5.851015334226991e23
6.0044484333471455e23
6.158913157118203e23
6.314324146878919e23
6.470594969480631e23
6.627638163000736e23
6.785365283341819e23
6.943686951693546e23
7.102512902833582e23
7.261752034242939e23
7.421312456010874e23
7.581101541503736e23
7.741025978771028e23
7.900991822662467e23
8.060904547628099e23
8.220669101173607e23
8.380189957942243e23
8.539371174394207e23
8.698116444053847e23
8.856329153294651e23
9.013912437630947e23
9.170769238485792e23
9.326802360402947e23
9.481914528671167e23
9.636008447328166e23
9.788986857511538e23
9.94075259612317e23
1.0091208654773787e24
1.0240258238973077e24
1.0387804827531757e24
1.0533752232140336e24
1.067800465708988e24
1.0820466759099498e24
1.0961043707214927e24
1.1099641242742767e24
1.1236165739183857e24
1.137052426213031e24
1.1502624629089304e24
1.1632375469197459e24
1.175968628278902e24
1.188446750078114e24
1.2006630543839436e24
1.212608788128703e24
1.2242753089719732e24
1.2356540911290946e24
1.24673673116289e24
1.257514953734943e24
1.2679806173127305e24
1.2781257198289385e24
1.2879424042892636e24
1.297422964325072e24
1.306559849687206e24
1.3153456716773688e24
1.323773208513426e24
1.331835410625037e24
1.33952540587605e24
1.3468365047101017e24
1.353762205215903e24
1.360296198108724e24
1.3664323716245948e24
1.372164816323829e24
1.3774878298004538e24
1.3823959212942056e24
1.3868838162017726e24
1.3909464604840265e24
1.3945790249660158e24
1.3977769095265432e24
1.4005357471742029e24
1.4028514080068096e24
1.4047200030511987e24
1.4061378879804237e24
1.407101666705466e24
1.407608194838586e24
1.407654583025571e24
1.4072382001441172e24
1.4063566763657274e24
1.405007906078536e24
1.4031900506685369e24
1.4009015411567874e24
1.398141080690211e24
1.394907646883717e24
1.3912004940114224e24
1.3870191550448438e24
1.3823634435359934e24
1.3772334553434382e24
1.3716295701994143e24
1.365552453116207e24
1.3590030556300816e24
1.351982616881151e24
1.3444926645276392e24
1.3365350154931146e24
1.328111776545321e24
1.3192253447053957e24
1.309878407486282e24
1.3000739429592978e24
1.2898152196478945e24
1.2791057962477476e24
1.2679495211724153e24
1.2563505319239094e24
1.244313254287632e24
1.2318424013511877e24
1.2189429723467782e24
1.2056202513168853e24
1.1918798056031291e24
1.1777274841582632e24
1.1631694156813748e24
1.1482120065764724e24
1.132861938734769e24
1.1171261671410051e24
1.1010119173043827e24
1.0845266825146731e24
1.0676782209242443e24
1.0504745524568267e24
1.0329239555439635e24
1.015034963690192e24
9.96816361868124e23
9.782771827446497e23
9.594267027397017e23
9.402744379190134e23
9.20830139722482e23
9.011037905298229e23
8.811055990653377e23
8.608459956436876e23
8.403356272586948e23
8.19585352517316e23
7.986062364209544e23
7.77409544996522e23
7.560067397796171e23
7.344094721523804e23
7.126295775386687e23
6.9067906945926e23
6.685701334499391e23
6.463151208454026e23
6.239265424319626e23
6.0141706197223814e23
5.78799489604995e23
5.560867751234534e23
5.3329200113547894e23
5.104283761091077e23
4.875092273069995e23
4.6454799361348235e23
4.4155821825788415e23
4.185535414380342e23
3.955476928477909e23
3.725544841125843e23
3.495878011370439e23
3.2666159636881295e23
3.037898809827709e23
2.809867169899188e23
2.5826620927528014e23
2.356424975691815e23
2.1312974835642537e23
1.9074214672783362e23
1.684938881787786e23
1.46399170359303e23
1.2447218478054044e23
1.0272710848216369e23
8.117809566566688e22
5.983926929826125e22
3.8724712692316874e22
1.7848461065232813e22
-2.775506915322671e21
-2.313327759581031e22
-4.321101080583861e22
-6.2994948326776075e22
-8.24714223548737e22
-1.0162686395383652e23
-1.2044781149171223e23
-1.3892091905697022e23
-1.570329648486717e23
-1.7477085953554253e23
-1.92121654578817e23
-2.0907255051369743e23
-2.2561090518424697e23
-2.4172424192660332e23
-2.5740025769531994e23
-2.7262683112770366e23
-2.873920305410411e23
-3.016841218575707e23
-3.1549157645211466e23
-3.288030789172936e23
-3.416075347412679e23
-3.5389407789298434e23
-3.656520783099427e23
-3.768711492834967e23
-3.8754115473679195e23
-3.976522163904465e23
-4.0719472081113705e23
-4.1615932633828894e23
-4.2453696988414415e23
-4.3231887360249135e23
-4.3949655142145243e23
-4.460618154357177e23
-4.5200678215373894e23
-4.5732387859541736e23
-4.620058482359178e23
-4.660457567912694e23
-4.6943699784156095e23
-4.721732982875229e23
-4.742487236364497e23
-4.756576831134454e23
-4.763949345940892e23
-4.764555893546894e23
-4.7583511663639483e23
-4.745293480195233e23
-4.7253448160456116e23
-4.698470859963852e23
-4.664641040883761e23
-4.623828566431568e23
-4.57601045666849e23
-4.5211675757380503e23
-4.459284661389045e23
-4.3903503523461906e23
-4.314357213501445e23
-4.231301758900563e23
-4.141184472500172e23
-4.044009826672202e23
-3.9397862984336335e23
-3.828526383380896e23
-3.710246607309108e23
-3.584967535498422e23
-3.452713779650206e23
-3.3135140024576016e23
-3.1674009197964827e23
-3.0144113005235172e23
-2.8545859638702328e23
-2.6879697744228654e23
-2.514611634679203e23
-2.334564475175218e23
-2.1478852421757526e23
-1.9546348829243956e23
-1.7548783284503663e23
-1.5486844739295887e23
-1.3361261566016256e23
-1.1172801312418022e23
-8.922270431934612e22
-6.61051398963e22
-4.238415343841592e22
-1.8068958035956449e22
6.830857381340575e21
3.2305331952002607e22
5.834413702993785e22
8.493658056937006e22
1.1207161174635538e23
1.3973782581501992e23
1.6792346919695217e23
1.9661644480172176e23
2.2580431757642443e23
2.5547432028220175e23
2.8561335949513234e23
3.1620802182926955e23
3.4724458037887786e23
3.7870900137736916e23
4.1058695106973154e23
4.428638027955638e23
4.755246442794409e23
5.085542851251453e23
5.419372645104892e23
5.7565785907881884e23
6.097000910237142e23
6.440477363627176e23
6.786843333962672e23
7.135931913475758e23
7.487573991790976e23
7.84159834581377e23
8.197831731294412e23
8.55609897602401e23
8.916223074611481e23
9.278025284795674e23
9.641325225239601e23
1.0005940974757593e24
1.0371689172922545e24
1.0738385121998377e24
1.1105842890145998e24
1.1473875415844042e24
1.1842294613471194e24
1.2210911479989375e24
1.257953620267277e24
1.2947978267820095e24
1.3316046570392768e24
1.368354952451686e24
1.4050295174786105e24
1.441609130830589e24
1.4780745567412026e24
1.5144065563003413e24
1.5505858988420911e24
1.586593373380973e24
1.622409800089841e24
1.6580160418127202e24
1.6933930156061172e24
1.728521704301779e24
1.7633831680844303e24
1.7979585560773446e24
1.8322291179292089e24
1.866176215395094e24
1.899781333904856e24
1.9330260941119094e24
1.9658922634153465e24
1.99836176744863e24
2.0304167015275968e24
2.062039342051063e24
2.0932121578467373e24
2.1239178214557277e24
2.1541392203483667e24
2.183859468064599e24
2.2130619152718505e24
2.2417301607333479e24
2.2698480621801676e24
2.297399747079832e24
2.3243696232948525e24
2.3507423896241084e24
2.3765030462204677e24
2.4016369048777994e24
2.426129599180587e24
2.4499670945096687e24
2.4731356978972627e24
2.495622067724969e24
2.5174132232580236e24
2.5384965540096255e24
2.5588598289287657e24
2.578491205405473e24
2.5973792380872203e24
2.615512887500311e24
2.6328815284704266e24
2.649474958336167e24
2.665283404950027e24
2.6802975344608295e24
2.6945084588722215e24
2.7079077433715393e24
2.7204874134237827e24
2.732239961625372e24
2.7431583543124366e24
2.753236037918809e24
2.762466945078549e24
2.770845500468466e24
2.778366626385786e24
2.785025748056612e24
2.7908187986707235e24
2.795742224138483e24
2.799792987565836e24
2.802968573443415e24
2.805266991546008e24
2.806686780538739e24
2.807227011286548e24
2.806887289863614e24
2.805667760259638e24
2.803569106780001e24
2.8005925561369475e24
2.796739879229299e24
2.7920133926080726e24
2.7864159596258834e24
2.779950991267926e24
2.7726224466626866e24
2.76443483327062e24
2.755393206749236e24
2.745503170493242e24
2.7347708748486e24
2.7232030159994404e24
2.710806834527088e24
2.697590113640587e24
2.6835611770783114e24
2.6687288866804373e24
2.6531026396322756e24
2.6366923653785863e24
2.6195085222093685e24
2.6015620935175275e24
2.582864583729326e24
2.5634280139085125e24
2.543264917035317e24
2.5223883329616857e24
2.5008118030442576e24
2.4785493644569654e24
2.4556155441850816e24
2.4320253527029596e24
2.4077942773377985e24
2.3829382753219806e24
2.3574737665367443e24
2.3314176259501349e24
2.3047871757523285e24
2.2776001771918013e24
2.2498748221156753e24
2.2216297242181307e24
2.1928839100006917e24
2.1636568094485426e24
2.1339682464271116e24
2.1038384288034504e24
2.0732879382969684e24
2.0423377200644994e24
2.0110090720245756e24
1.9793236339261528e24
1.9473033761672028e24
1.9149705883686078e24
1.8823478677091707e24
1.8494581070275343e24
1.81632448269706e24
1.7829704422799586e24
1.749419691966863e24
1.7156961838085145e24
1.6818241027461148e24
1.6478278534472422e24
1.6137320469542034e24
1.579561487152019e24
1.5453411570631504e24
1.5110962049765002e24
1.4768519304180402e24
1.4426337699707646e24
1.4084672829517243e24
1.3743781369539731e24
1.3403920932614498e24
1.3065349921448388e24
1.272832738046628e24
1.2393112846637206e24
1.2059966199358564e24
1.1729147509484632e24
1.1400916887584309e24
1.1075534331515056e24
1.0753259573399958e24
1.0434351926096052e24
1.0119070129243267e24
9.8076721949822e23
9.500415253431432e23
9.197555398014516e23
8.899347530727818e23
8.60604520744005e23
8.317900483315843e23
8.035163758454252e23
7.758083623836321e23
7.486906707672002e23
7.221877522240484e23
6.963238311316253e23
6.711228898273492e23
6.466086534961731e23
6.228045751445298e23
5.997338206698932e23
5.774192540352703e23
5.558834225577108e23
5.3514854232011843e23
5.15236483715464e23
4.9616875713251976e23
4.7796649879216824e23
4.6065045674330776e23
4.442409770272617e23
4.287579900196695e23
4.1422099695857246e23
4.006490566674928e23
3.880607724821818e23
3.764742793895993e23
3.659072313875887e23
3.563767890737058e23
3.478996074713885e23
3.404918241018082e23
3.3416904730928975e23
3.2894634484838947e23
3.2483823274043666e23
3.2185866440716574e23
3.200210200891482e23
3.1933809655626796e23
3.198220971177771e23
3.2148462193878836e23
3.2433665867045815e23
3.283885734004657e23
3.3365010193062794e23
3.401303413880778e23
3.4783774217626874e23
3.567801002721134e23
3.669645498750615e23
3.7839755641406556e23
3.9108490991782914e23
4.0503171875400075e23
4.202424037422424e23
4.3672069264639925e23
4.544696150504953e23
4.7349149762302044e23
4.9378795977418285e23
5.153599097099211e23
5.382075408869856e23
5.623303288724767e23
5.8772702861159865e23
6.143956721067994e23
6.423335665112066e23
6.71537292639445e23
7.02002703898069e23
7.337249256382762e23
7.666983549326213e23
8.009166607779638e23
8.363727847258501e23
8.730589419419964e23
9.109666226958464e23
9.500865942808943e23
9.904089033667457e23
1.031922878782772e24
1.0746171347339442e24
1.1184795744481706e24
1.1634973942552045e24
1.2096570880959574e24
1.256944452461647e24
1.3053445917614233e24
1.3548419241168478e24
1.4054201875818958e24
1.4570624467859864e24
1.509751099998335e24
1.5634678866105844e24
1.6181938950353966e24
1.6739095710177832e24
1.7305947263557413e24
1.7882285480270902e24
1.8467896077181559e24
1.906255871750846e24
1.9666047114032222e24
2.027812913619612e24
2.089856692104874e24
2.1527116987982627e24
2.2163530357213642e24
2.2807552671944236e24
2.3458924324157278e24
2.4117380583974474e24
2.4782651732522984e24
2.545446319823911e24
2.613253569654816e24
2.681658537284513e24
2.750632394870895e24
2.8201458871275167e24
2.890169346568829e24
2.9606727090561176e24
3.031625529635458e24
3.1029969986601146e24
3.1747559581883156e24
3.2468709186482966e24
3.319310075761545e24
3.3920413277150774e24
3.465032292574024e24
3.5382503259245335e24
3.611662538738099e24
3.6852358154469276e24
3.758936832221119e24
3.832732075437019e24
3.9065878603269935e24
3.980470349800158e24
4.0543455734233136e24
4.1281794465520195e24
4.201937789600389e24
4.27558634743942e24
4.349090808912191e24
4.42241682645547e24
4.4955300358159077e24
4.568396075850016e24
4.6409806083962823e24
4.7132493382077887e24
4.785168032934212e24
4.856702543140965e24
4.927818822354408e24
4.998482947120705e24
5.068661137067038e24
5.138319774953071e24
5.207425426700563e24
5.27594486138969e24
5.343845071209456e24
5.41109329135086e24
5.477657019830176e24
5.54350403723095e24
5.608602426352125e24
5.672920591750766e24
5.736427279167198e24
5.799091594820448e24
5.860883024562493e24
5.921771452878879e24
5.981727181724441e24
6.040720949181764e24
6.09872394793122e24
6.155707843520386e24
6.211644792421685e24
6.266507459866545e24
6.320269037444568e24
6.372903260456701e24
6.424384425010801e24
6.474687404848884e24
6.523787667894689e24
6.571661292511002e24
6.61828498345593e24
6.663636087527263e24
6.707692608885016e24
6.750433224041247e24
6.791837296507547e24
6.831884891089806e24
6.870556787820819e24
6.907834495520766e24
6.943700264976414e24
6.978137101729694e24
7.011128778466498e24
7.042659846997072e24
7.072715649819152e24
7.101282331255654e24
7.128346848158442e24
7.153896980170539e24
7.177921339538727e24
7.200409380469275e24
7.221351408019471e24
7.240738586517823e24
7.258562947506487e24
7.274817397199079e24
7.289495723447925e24
7.302592602214647e24
7.314103603538436e24
7.324025196996673e24
7.332354756652653e24
7.339090565485697e24
7.344231819299048e24
7.347778630101324e24
7.349732028957539e24
7.350093968306115e24
7.348867323738453e24
7.346055895238114e24
7.341664407876808e24
7.335698511964794e24
7.3281647826537e24
7.319070718989782e24
7.308424742416356e24
7.296236194724195e24
7.282515335449033e24
7.267273338715814e24
7.250522289529423e24
7.23227517951209e24
7.212545902088114e24
7.191349247116508e24
7.168700894972943e24
7.144617410082382e24
7.119116233904312e24
7.092215677372683e24
7.063934912793049e24
7.034293965199927e24
7.003313703177233e24
6.971015829145607e24
6.937422869120227e24
6.902558161943482e24
6.866445847996776e24
6.829110857396522e24
6.790578897679241e24
6.750876440981432e24
6.710030710719914e24
6.668069667778706e24
6.62502199620903e24
6.580917088448979e24
6.535785030070138e24
6.489656584058281e24
6.442563174636003e24
6.394536870635232e24
6.345610368427742e24
6.295816974422476e24
6.245190587138288e24
6.193765678861476e24
6.141577276897329e24
6.088660944425584e24
6.035052760969561e24
5.980789302489404e24
5.925907621109879e24
5.870445224493357e24
5.814440054869274e24
5.757930467730993e24
5.700955210211941e24
5.643553399152344e24
5.585764498868916e24
5.52762829863946e24
5.469184889914759e24
5.410474643270594e24
5.351538185112375e24
5.292416374145749e24
5.233150277626028e24
5.173781147400171e24
5.114350395754444e24
5.05489957108201e24
4.995470333383801e24
4.936104429616977e24
4.876843668905196e24
4.8177298976247335e24
4.7588049743812145e24
4.700110744891117e24
4.641689016783198e24
4.583581534334135e24
4.5258299531533807e24
4.4684758148325364e24
4.4115605215736275e24
4.3551253108118315e24
4.299211229847716e24
4.243859110504005e24
4.1891095438223916e24
4.1350028548153173e24
4.0815790772884554e24
4.02887792874871e24
3.9769387854134744e24
3.9258006573361734e24
3.8755021636634856e24
3.8260815080396226e24
3.777576454172643e24
3.730024301578297e24
3.683461861516352e24
3.6379254331345855e24
3.5934507798354287e24
3.5500731058801795e24
3.507827033245788e24
3.4667465787487467e24
3.4268651314509887e24
3.38821543036208e24
3.3508295424524354e24
3.3147388409915e24
3.279973984225341e24
3.246564894407442e24
3.2145407371966335e24
3.183929901435823e24
3.1547599793249235e24
3.1270577470014655e24
3.100849145541763e24
3.076159262395757e24
3.0530123132680606e24
3.031431624457829e24
3.0114396156695544e24
2.9930577833069063e24
2.9763066842613064e24
2.961205920206818e24
2.947774122412533e24
2.9360289370834656e24
2.925987011240683e24
2.917663979151063e24
2.911074449316831e24
2.906231992034704e24
2.9031491275341685e24
2.901837314704147e24
2.9023069404168914e24
2.9045673094577553e24
2.908626635069024e24
2.9144920301157714e24
2.922169498881259e24
2.931663929499152e24
2.9429790870293445e24
2.9561176071839843e24
2.971080990709751e24
2.987869598432234e24
3.00648264696774e24
3.026918205107602e24
3.0491731908795646e24
3.073243369290538e24
3.0991233507545836e24
3.1268065902094705e24
3.1562853869250614e24
3.187550885005958e24
3.220593074590865e24
3.2554007937503174e24
3.2919617310843646e24
3.330262429021155e24
3.370288287816962e24
3.412023570257991e24
3.4554514070635245e24
3.5005538029899964e24
3.547311643634635e24
3.595704702937465e24
3.6457116513794637e24
3.6973100648747687e24
3.75047643435402e24
3.8051861760356146e24
3.8614136423814525e24
3.9191321337328444e24
3.9783139106224255e24
4.0389302067568774e24
4.1009512426654786e24
4.164346240008464e24
4.229083436539246e24
4.295130101713943e24
4.362452552941062e24
4.4310161724642935e24
4.5007854248702354e24
4.571723875213308e24
4.643794207748841e24
4.7169582452657483e24
4.7911769690091695e24
4.866410539183349e24
4.942618316024844e24
5.019758881435145e24
5.097790061162283e24
5.176668947519718e24
5.256351922631283e24
5.336794682189911e24
5.417952259717924e24
5.499779051316356e24
5.58222884088993e24
5.665254825834806e24
5.74880964317496e24
5.83284539613365e24
5.917313681125213e24
6.002165615153086e24
6.087351863598573e24
6.172822668385695e24
6.258527876506402e24
6.344416968890225e24
6.430439089602831e24
6.516543075356643e24
6.602677485317581e24
6.688790631190616e24
6.774830607567594e24
6.860745322519978e24
6.946482528418908e24
7.031989852965362e24
7.117214830412172e24
7.202104932960323e24
7.286607602311031e24
7.370670281355556e24
7.454240445984072e24
7.537265636995162e24
7.619693492087138e24
7.701471777912215e24
7.782548422174838e24
7.862871545754795e24
7.942389494836353e24
8.021050873023685e24
8.098804573423917e24
8.175599810677911e24
8.251386152919779e24
8.326113553645593e24
8.39973238347178e24
8.47219346176402e24
8.543448088116951e24
8.613448073665478e24
8.682145772208184e24
8.74949411112364e24
8.815446622060181e24
8.87995747138003e24
8.942981490338598e24
9.004474204979878e24
9.06439186572907e24
9.122691476663389e24
9.179330824442586e24
9.234268506880377e24
9.287463961138466e24
9.338877491524799e24
9.388470296877935e24
9.436204497519666e24
9.48204316175799e24
9.525950331923033e24
9.567891049918519e24
9.607831382271652e24
9.645738444664599e24
9.681580425930875e24
9.715326611500328e24
9.746947406276575e24
9.776414356931038e24
9.803700173598156e24
9.828778750956392e24
9.851625188680222e24
9.872215811248464e24
9.89052818709459e24
9.90654114708527e24
9.920234802313337e24
9.931590561192137e24
9.940591145838208e24
9.947220607730064e24
9.951464342630606e24
9.953309104761923e24
9.952743020220707e24
9.94975559962369e24
9.944337749972619e24
9.93648178572844e24
9.926181439085505e24
9.913431869436168e24
9.89822967201751e24
9.880572885731398e24
9.860461000130636e24
9.837894961563357e24
9.812877178469058e24
9.785411525819965e24
9.755503348701456e24
9.72315946502665e24
9.688388167379647e24
9.651199223983647e24
9.61160387878945e24
9.569614850681227e24
9.525246331796849e24
9.478513984959816e24
9.4294349402217e24
9.37802779051298e24
9.324312586402247e24
9.2683108299627e24
9.210045467746982e24
9.1495408828705e24
9.086822886204779e24
9.021918706682994e24
8.954856980719407e24
8.88566774074642e24
8.814382402871889e24
8.74103375366153e24
8.66565593605011e24
8.588284434387253e24
8.508956058622925e24
8.427708927638808e24
8.344582451732702e24
8.259617314262263e24
8.172855452456846e24
8.084340037404598e24
7.994115453224646e24
7.902227275432731e24
7.808722248510552e24
7.713648262689315e24
7.61705432995754e24
7.518990559305472e24
7.419508131216766e24
7.318659271420881e24
7.216497223917861e24
7.113076223289788e24
7.008451466311834e24
6.902679082877396e24
6.795816106252391e24
6.68792044267286e24
6.579050840302638e24
6.46926685756584e24
6.358628830871829e24
6.247197841748276e24
6.135035683400797e24
6.022204826715808e24
5.908768385725116e24
5.794790082551034e24
5.680334211849889e24
5.565465604774349e24
5.450249592472804e24
5.334751969147007e24
5.21903895468713e24
5.103177156905242e24
4.987233533388486e24
4.871275352992094e24
4.755370156994982e24
4.639585719938389e24
4.52399001017082e24
4.408651150120359e24
4.293637376318029e24
4.179016999193994e24
4.0648583626699577e24
3.95122980357134e24
3.838199610881579e24
3.7258359848633423e24
3.6142069960691265e24
3.5033805442663173e24
3.393424317299495e24
3.284405749915316e24
3.176391982573242e24
3.06944982026684e24
2.9636456913804655e24
2.8590456066048694e24
2.7557151179374425e24
2.653719277790502e24
2.5531225982333785e24
2.453989010392011e24
2.3563818240310477e24
2.2603636873434222e24
2.1659965469710994e24
2.0733416082825898e24
1.9824592959306352e24
1.8934092147155015e24
1.8062501107771724e24
1.7210398331416145e24
1.63783529564441e24
1.556692439256016e24
1.4776661948327857e24
1.400810446316563e24
1.3261779944073257e24
1.2538205207310745e24
1.1837885525271117e24
1.1161314278764647e24
1.0508972614950779e24
9.881329111133112e23
9.278839444641528e23
8.701946069022997e23
8.151077896747534e23
7.62664998865212e23
7.12906325032111e23
6.658704135617919e23
6.215944357563062e23
5.801140606760094e23
5.414634277566286e23
5.056751202193745e23
4.727801392933647e23
4.4280787926812135e23
4.157861033945802e23
3.9174092065136486e23
3.706967633940532e23
3.5267636590331056e23
3.3770074384826406e23
3.257891746808982e23
3.1695917897590114e23
3.112265027313939e23
3.0860510064381e23
3.0910712037117196e23
3.127428877971452e23
3.195208933089474e23
3.294477791005187e23
3.425283275126698e23
3.5876545042084374e23
3.7816017968069894e23
4.007116586412954e23
4.2641713473468154e23
4.552719531505975e23
4.8726955160387e23
5.2240145620185904e23
5.606572784186583e23
6.020247131816078e23
6.464895380760443e23
6.940356136724374e23
7.446448849803973e23
7.982973840326028e23
8.549712336017167e23
9.146426520522433e23
9.772859593286262e23
1.0428735840807212e24
1.1113760719264351e24
1.1827620948511615e24
1.25699846174266e24
1.334050130059631e24
1.4138802186312716e24
1.496450021584761e24
1.5817190233964332e24
1.669644915062483e24
1.7601836113835756e24
1.8532892693576654e24
1.948914307674234e24
2.0470094273028608e24
2.147523633167952e24
2.2504042569013747e24
2.3555969806632016e24
2.463045862021168e24
2.572693359877935e24
2.68448036143498e24
2.798346210181298e24
2.914228734894261e24
3.0320642796395667e24
3.151787734756543e24
3.273332568813994e24
3.396630861522145e24
3.5216133375844454e24
3.6482094014734013e24
3.7763471731131833e24
3.905953524451915e24
4.036954116905263e24
4.1692734396530877e24
4.302834848769454e24
4.437560607166795e24
4.5733719253336544e24
4.710189002845145e24
4.847931070625002e24
4.986516433937076e24
5.12586251608417e24
5.265885902791247e24
5.406502387249432e24
5.547627015797546e24
5.689174134216276e24
5.831057434610792e24
5.973190002856245e24
6.115484366580918e24
6.257852543660892e24
6.400206091199774e24
6.542456154967035e24
6.68451351926761e24
6.82628865721549e24
6.967691781383312e24
7.108632894800166e24
7.249021842268856e24
7.388768361974417e24
7.527782137354242e24
7.665972849201384e24
7.803250227971091e24
7.939524106260997e24
8.074704471435257e24
8.208701518362339e24
8.341425702236472e24
8.472787791452276e24
8.602698920501871e24
8.731070642864168e24
8.857814983855386e24
8.982844493410007e24
9.10607229876127e24
9.227412156990312e24
9.346778507412904e24
9.464086523773032e24
9.579252166211867e24
9.692192232981749e24
9.80282441187389e24
9.911067331329077e24
1.001684061120058e25
1.0120064913138622e25
1.0220661990565774e25
1.031855473821309e25
1.0413667241186218e25
1.0505924823531969e25
1.0595254096275047e25
1.0681583004895347e25
1.076484087621633e25
1.084495846467521e25
1.0921867997946143e25
1.099550322188728e25
1.1065799444783863e25
1.1132693580858789e25
1.1196124193023175e25
1.1256031534839325e25
1.1312357591669126e25
1.1365046120981273e25
1.141404269179097e25
1.145929472320619e25
1.1500751522055264e25
1.1538364319570745e25
1.157208630710487e25
1.1601872670852996e25
1.1627680625561045e25
1.1649469447194155e25
1.1667200504544268e25
1.1680837289754065e25
1.1690345447736708e25
1.1695692804469787e25
1.1696849394143835e25
1.1693787485145392e25
1.1686481604855674e25
1.1674908563246745e25
1.1659047475256901e25
1.1638879781928709e25
1.161438927029271e25
1.1585562091981672e25
1.1552386780559514e25
1.1514854267551293e25
1.1472957897160024e25
1.1426693439657443e25
1.1376059103437003e25
1.1321055545716599e25
1.126168588188147e25
1.11979556934561e25
1.1129873034696982e25
1.1057448437796716e25
1.0980694916692809e25
1.0899627969473414e25
1.0814265579374214e25
1.0724628214361566e25
1.0630738825296436e25
1.0532622842676622e25
1.0430308171953095e25
1.0323825187419721e25
1.0213206724673995e25
1.0098488071648852e25
9.979706958216394e24
9.85690354436365e24
9.730120406943854e24
9.599402525004689e24
9.464797263698714e24
9.326354356779052e24
9.184125887687246e24
9.038166269238299e24
8.888532221910502e24
8.735282750748435e24
8.578479120886644e24
8.418184831705162e24
8.254465589625588e24
8.087389279560655e24
7.917025935027613e24
7.743447706939927e24
7.56672883108967e24
7.386945594335495e24
7.204176299512128e24
7.018501229075946e24
6.830002607505292e24
6.638764562471272e24
6.444873084799201e24
6.248415987238385e24
6.049482862060798e24
5.848165037509723e24
5.64455553311837e24
5.438749013922367e24
5.230841743586988e24
5.020931536474582e24
4.8091177086744376e24
4.5955010280217817e24
4.380183663130114e24
4.16326913146337e24
3.9448622464756347e24
3.72506906384412e24
3.5039968268255073e24
3.2817539107622586e24
3.058449766770087e24
2.834194864634574e24
2.609100634948961e24
2.383279410522654e24
2.156844367092373e24
1.929909463368529e24
1.70258938044759e24
1.4749994606253413e24
1.2472556456421735e24
1.0194744143963898e24
7.91772720157699e23
5.642679273164651e23
3.3707774770400324e23
1.1032017651775431e23
-1.158865721111183e23
-3.414241298737754e23
-5.661740393252951e23
-7.900178191769525e23
-1.0128370298009426e24
-1.2345133389117577e24
-1.4549285873865114e24
-1.6739648551862393e24
-1.8915045273419482e24
-2.1074303599660292e24
-2.321625546252938e24
-2.533973782429256e24
-2.7443593336170544e24
-2.952667099570635e24
-3.158782680249812e24
-3.3625924411911104e24
-3.5639835786380066e24
-3.7628441843935786e24
-3.959063310355753e24
-4.152531032698573e24
-4.3431385156603265e24
-4.530778074901634e24
-4.715343240395472e24
-4.896728818811046e24
-5.074830955355348e24
-5.249547195033819e24
-5.420776543294639e24
-5.588419526018477e24
-5.752378248818805e24
-5.912556455615193e24
-6.068859586444978e24
-6.221194834477249e24
-6.36947120219375e24
-6.513599556702986e24
-6.653492684151866e24
-6.789065343202243e24
-6.920234317537835e24
-7.04691846736937e24
-7.169038779904663e24
-7.286518418752277e24
-7.399282772226931e24
-7.507259500525557e24
-7.610378581744145e24
-7.708572356704885e24
-7.801775572565191e24
-7.889925425179189e24
-7.972961600184464e24
-8.050826312786415e24
-8.123464346213487e24
-8.190823088817909e24
-8.252852569796017e24
-8.309505493504392e24
-8.360737272347525e24
-8.406506058214396e24
-8.446772772441669e24
-8.481501134281977e24
-8.510657687856929e24
-8.534211827574869e24
-8.55213582199458e24
-8.564404836116703e24
-8.570996952085798e24
-8.571893188286514e24
-8.567077516818533e24
-8.556536879335628e24
-8.540261201235198e24
-8.518243404185424e24
-8.490479416978481e24
-8.456968184698523e24
-8.41771167619491e24
-8.372714889851372e24
-8.32198585764324e24
-8.265535647475745e24
-8.203378363797024e24
-8.135531146481273e24
-8.062014167977242e24
-7.982850628719746e24
-7.898066750801277e24
-7.807691769903456e24
-7.711757925487409e24
-7.610300449244714e24
-7.503357551810288e24
-7.390970407740482e24
-7.273183138760341e24
-7.150042795284682e24
-7.021599336219529e24
-6.887905607050268e24
-6.749017316225308e24
-6.604993009843379e24
-6.455894044655406e24
-6.301784559391492e24
-6.142731444424974e24
-5.978804309787251e24
-5.81007545154655e24
-5.636619816566598e24
-5.458514965660288e24
-5.275841035156377e24
-5.088680696896127e24
-4.897119116679582e24
-4.7012439111813383e24
-4.501145103355856e24
-4.296915076355466e24
-4.088648525982082e24
-3.8764424116980257e24
-3.660395906218703e24
-3.4406103437141493e24
-3.2171891666446187e24
-2.9902378712575615e24
-2.7598639517748584e24
-2.526176843297545e24
-2.289287863459653e24
-2.049310152859623e24
-1.806358614302521e24
-1.5605498508832334e24
-1.3120021029453012e24
-1.0608351839474222e24
-8.071704152723415e23
-5.511305600143662e23
-2.9283975577872702e23
-3.242344653182654e22
2.2999168646299886e23
4.9427779458446546e23
7.603059326304046e23
1.0279461303935807e24
1.2970674649959219e24
1.5675381339430874e24
1.8392255288566228e24
2.1119963098450544e24
2.3857164804700297e24
2.660251463268001e24
2.9354661757826903e24
3.211225107067452e24
3.4873923946137495e24
3.76383190166096e24
4.0404072948461605e24
4.3169821221469236e24
4.5934198910751096e24
4.869584147074567e24
5.145338552080103e24
5.420546963190176e24
5.695073511409795e24
5.96878268041728e24
6.241539385308503e24
6.513209051274576e24
6.78365769216481e24
7.052751988891439e24
7.320359367627682e24
7.586348077755117e24
7.850587269513746e24
8.112947071307707e24
8.373298666623179e24
8.63151437051009e24
8.88746770558448e24
9.141033477503772e24
9.392087849871911e24
9.640508418527261e24
9.886174285170064e24
1.0128966130284276e25
1.0368766285308921e25
1.0605458804016562e25
1.0838929533053431e25
1.106906618159993e25
1.1295758390106725e25
1.1518897798066155e25
1.1738378110774745e25
1.1954095165047404e25
1.216594699384131e25
1.23738338897487e25
1.2577658467320028e25
1.2777325724176505e25
1.2972743100875046e25
1.3163820539485879e25
1.3350470540846738e25
1.3532608220456392e25
1.3710151362970867e25
1.3883020475268393e25
1.4051138838046857e25
1.4214432555921603e25
1.4372830605988897e25
1.4526264884824458e25
1.467467025388408e25
1.4817984583277116e25
1.4956148793882511e25
1.5089106897778336e25
1.5216806036957866e25
1.533919652030409e25
1.5456231858797832e25
1.5567868798933293e25
1.5674067354318144e25
1.577479083543388e25
1.5870005877535446e25
1.595968246666866e25
1.6043793963785177e25
1.6122317126936844e25
1.6195232131530793e25
1.626252258862921e25
1.6324175561277617e25
1.638018157884747e25
1.6430534649379611e25
1.647523226991596e25
1.6514275434808952e25
1.654766864199799e25
1.6575419897244914e25
1.6597540716319957e25
1.661404612513263e25
1.6624954657801441e25
1.6630288352658956e25
1.6630072746189074e25
1.662433686489473e25
1.661311321509588e25
1.6596437770657924e25
1.6574349958653464e25
1.6546892642959395e25
1.6514112105794658e25
1.6476058027203726e25
1.6432783462492881e25
1.638434481762722e25
1.6330801822597592e25
1.6272217502768062e25
1.6208658148215485e25
1.6140193281074052e25
1.606689562089893e25
1.5988841048064285e25
1.5906108565212122e25
1.5818780256769617e25
1.5726941246553817e25
1.5630679653483415e25
1.5530086545419535e25
1.5425255891156834e25
1.5316284510589045e25
1.5203272023073473e25
1.508632079401995e25
1.496553587973119e25
1.484102497052259e25
1.4712898332150148e25
1.4581268745576914e25
1.4446251445108838e25
1.4307964054932363e25
1.4166526524086718e25
1.4022061059905376e25
1.3874692059961662e25
1.372454604255431e25
1.3571751575771304e25
1.3416439205168193e25
1.3258741380101431e25
1.3098792378755517e25
1.2936728231905352e25
1.2772686645454772e25
1.2606806921793994e25
1.243922988001912e25
1.227009777505741e25
1.2099554215743391e25
1.1927744081890879e25
1.175481344040748e25
1.1580909460497927e25
1.1406180328004234e25
1.1230775158930552e25
1.1054843912200961e25
1.0878537301701052e25
1.0702006707651105e25
1.052540408736284e25
1.0348881885429752e25
1.0172592943402922e25
9.996690409003555e24
9.821327644924924e24
9.646658137275905e24
9.472835403719201e24
9.300012901357559e24
9.128343934421203e24
8.957981561810663e24
8.789078504548586e24
8.621787053195104e24
8.456258975280934e24
8.292645422812261e24
8.131096839903433e24
7.971762870590139e24
7.814792266879364e24
7.660332797089993e24
7.508531154539184e24
7.359532866628722e24
7.21348220438631e24
7.070522092515829e24
6.930794020011038e24
6.794437951386719e24
6.661592238581052e24
6.532393533582902e24
6.406976701837208e24
6.285474736481649e24
6.168018673466674e24
6.054737507612328e24
5.945758109652205e24
5.841205144317065e24
5.741200989508555e24
5.645865656613558e24
5.555316712009011e24
5.469669199806594e24
5.38903556588585e24
5.313525583263963e24
5.243246278849582e24
5.178301861627325e24
5.118793652319198e24
5.064820014567899e24
5.016476287686888e24
4.973854721020541e24
4.937044409957362e24
4.90613123363866e24
4.881197794403051e24
4.862323359007702e24
4.849583801665067e24
4.843051548933907e24
4.842795526501357e24
4.848881107892994e24
4.861370065145434e24
4.880320521476461e24
4.905786905985036e24
4.937819910413835e24
4.976466448004961e24
5.02176961447827e24
5.073768651161655e24
5.132498910299695e24
5.19799182256776e24
5.27027486681589e24
5.349371542066422e24
5.435301341787984e24
5.528079730466283e24
5.627718122492807e24
5.734223863388511e24
5.847600213381279e24
5.967846333351485e24
6.094957273161828e24
6.228923962383011e24
6.369733203428414e24
6.517367667107681e24
6.671805890607638e24
6.83302227790969e24
7.000987102647969e24
7.175666513415204e24
7.35702254151742e24
7.545013111181676e24
7.739592052215237e24
7.940709115116957e24
8.148309988637782e24
8.362336319785935e24
8.582725736273226e24
8.809411871393589e24
9.042324391327995e24
9.281389024863893e24
9.526527595519914e24
9.77765805606279e24
1.0034694525401468e25
1.0297547327845354e25
1.0566123034707202e25
1.0840324508235117e25
1.1120050947851361e25
1.1405197938679693e25
1.1695657502336057e25
1.1991318149961003e25
1.2292064937467797e25
1.2597779522978687e25
1.2908340226423673e25
1.3223622091269684e25
1.3543496948352553e25
1.386783348177673e25
1.419649729685276e25
1.4529350990034901e25
1.4866254220825497e25
1.5207063785608273e25
1.5551633693371233e25
1.5899815243281997e25
1.6251457104072198e25
1.6606405395192e25
1.6964503769688783e25
1.7325593498768395e25
1.7689513557992716e25
1.8056100715066282e25
1.8425189619167165e25
1.879661289177045e25
1.9170201218918416e25
1.9545783444883528e25
1.9923186667176495e25
2.030223633284363e25
2.068275633600323e25
2.106456911656595e25
2.144749576008287e25
2.1831356098668856e25
2.2215968812941004e25
2.2601151534918634e25
2.2986720951823465e25
2.3372492910724843e25
2.3758282523967477e25
2.414390427532448e25
2.4529172126814267e25
2.49138996261193e25
2.529790001454775e25
2.568098633547289e25
2.6062971543191256e25
2.6443668612133306e25
2.6822890646366125e25
2.720045098932374e25
2.7576163333699664e25
2.7949841831440874e25
2.832130120377506e25
2.8690356851210294e25
2.9056824963438986e25
2.9420522629084767e25
2.9781267945223977e25
3.013888012661983e25
3.049317961460288e25
3.084398818553228e25
3.1191129058775236e25
3.1534427004137187e25
3.1873708448680946e25
3.2208801582867814e25
3.253953646595923e25
3.2865745130612247e25
3.3187261686607813e25
3.3503922423647534e25
3.3815565913155248e25
3.4122033109023196e25
3.4423167447238164e25
3.471881494432889e25
3.5008824294571128e25
3.529304696589215e25
3.557133729441403e25
3.584355257757591e25
3.6109553165778578e25
3.636920255249152e25
3.6622367462767584e25
3.68689179401069e25
3.7108727431616972e25
3.734167287141209e25
3.7567634762200427e25
3.778649725500506e25
3.7998148226966937e25
3.820247935718026e25
3.8399386200508838e25
3.8588768259336536e25
3.877052905320246e25
3.894457618627603e25
3.911082141262506e25
3.92691806992339e25
3.941957428672827e25
3.956192674776434e25
3.96961670430431e25
3.982222857490909e25
3.994004923849715e25
4.0049571470389555e25
4.0150742294749e25
4.02435133668935e25
4.032784101428036e25
4.0403686274869355e25
4.0471014932834346e25
4.052979755159642e25
4.058000950415122e25
4.062163100066628e25
4.0654647113323915e25
4.067904779838891e25
4.069482791547965e25
4.070198724402459e25
4.070053049688674e25
4.069046733114037e25
4.0671812355986695e25
4.064458513779551e25
4.06088102022627e25
4.056451703367445e25
4.051174007127091e25
4.04505187027039e25
4.038089725458447e25
4.030292498011836e25
4.0216656043828595e25
4.012214950336682e25
4.001946928841583e25
3.990868417668825e25
3.978986776702751e25
3.96630984496193e25
3.952845937332326e25
3.938603841013604e25
3.923592811679984e25
3.907822569357015e25
3.891303294016e25
3.874045620887905e25
3.8560606354987233e25
3.8373598684284595e25
3.8179552897961167e25
3.797859303473113e25
3.7770847410278852e25
3.755644855404406e25
3.733553314337724e25
3.710824193509577e25
3.6874719694474914e25
3.663511512170762e25
3.6389580775870027e25
3.6138272996430104e25
3.588135182233969e25
3.5618980908749817e25
3.5351327441392247e25
3.5078562048671607e25
3.480085871151264e25
3.4518394671009847e25
3.423135033392814e25
3.393990917610292e25
3.364425764379221e25
3.334458505303126e25
3.304108348704515e25
3.273394769177239e25
3.242337496955743e25
3.2109565071068114e25
3.179272008549638e25
3.147304432910453e25
3.115074423217355e25
3.0826028224419697e25
3.049910661893889e25
3.017019149474556e25
2.9839496577969054e25
2.950723712177418e25
2.9173629785073447e25
2.8838892510097045e25
2.8503244398891276e25
2.8166905588812487e25
2.7830097127089018e25
2.749304084451968e25
2.7155959228382576e25
2.6819075294624712e25
2.6482612459405376e25
2.6146794410068933e25
2.5811844975617026e25
2.5477987996758216e25
2.514544719560733e25
2.4814446045111662e25
2.4485207638277683e25
2.4157954557276175e25
2.38329087425001e25
2.351029136165251e25
2.3190322678941424e25
2.2873221924456953e25
2.2559207163809313e25
2.2248495168102455e25
2.194130128432227e25
2.163783930621441e25
2.1338321345728783e25
2.104295770510889e25
2.075195674969935e25
2.0465524781550712e25
2.0183865913895235e25
1.9907181946570823e25
1.963567224246681e25
1.936953360506783e25
1.9108960157168908e25
1.885414322083599e25
1.8605271198685938e25
1.8362529456557165e25
1.8126100207644717e25
1.7896162398169553e25
1.7672891594654381e25
1.7456459872873952e25
1.7247035708551504e25
1.7044783869867093e25
1.6849865311846625e25
1.666243707269818e25
1.6482652172160014e25
1.6310659511926055e25
1.6146603778211084e25
1.5990625346519035e25
1.584286018867477e25
1.5703439782179703e25
1.5572491021950404e25
1.545013613449707e25
1.533649259459891e25
1.523167304453076e25
1.5135785215895269e25
1.504893185411192e25
1.4971210645615026e25
1.4902714147808716e25
1.4843529721827634e25
1.4793739468149538e25
1.4753420165104361e25
1.4722643210323266e25
1.4701474565169015e25
1.4689974702187936e25
1.4688198555621446e25
1.469619547501403e25
1.4714009181952372e25
1.4741677729968931e25
1.4779233467641173e25
1.482670300491619e25
1.4884107182688452e25
1.495146104565652e25
1.5028773818482944e25
1.5116048885279513e25
1.5213283772438198e25
1.5320470134826041e25
1.5437593745360873e25
1.5564634487981881e25
1.5701566354028263e25
1.5848357442035879e25
1.6004969960961454e25
1.6171360236840078e25
1.6347478722881451e25
1.6533270013007323e25
1.6728672858830484e25
1.6933620190074665e25
1.7148039138431403e25
1.7371851064848782e25
1.7604971590244546e25
1.784731062963465e25
1.8098772429664898e25
1.8359255609533168e25
1.8628653205286462e25
1.890685271747467e25
1.9193736162142888e25
1.9489180125139314e25
1.979305581971664e25
2.0105229147400213e25
2.0425560762096543e25
2.075390613741241e25
2.109011563715262e25
2.1434034588964378e25
2.1785503361091843e25
2.214435744220449e25
2.251042752425968e25
2.2883539588359662e25
2.3263514993558597e25
2.36501705685765e25
2.4043318706373315e25
2.4442767461534076e25
2.484832065041689e25
2.5259777954010217e25
2.5676935023447863e25
2.6099583588124764e25
2.652751156635881e25
2.696050317853831e25
2.7398339062696722e25
2.784079639245302e25
2.8287648997252477e25
2.8738667484846933e25
2.9193619365945006e25
2.965226918096745e25
3.01143786288366e25
3.0579706697731357e25
3.10480097977356e25
3.1519041895306262e25
3.1992554649488883e25
3.246829754980355e25
3.2946018055725115e25
3.342546173768199e25
3.390637241949168e25
3.4388492322156097e25
3.4871562208933717e25
3.5355321531610446e25
3.5839508577881546e25
3.6323860619765396e25
3.6808114062964234e25
3.729200459708486e25
3.7775267346635756e25
3.825763702271279e25
3.873884807528865e25
3.921863484601579e25
3.969673172145611e25
4.017287328665049e25
4.064679447893588e25
4.111823074192364e25
4.158691817954735e25
4.205259371009281e25
4.251499522011707e25
4.297386171816859e25
4.342893348821728e25
4.387995224270412e25
4.432666127512025e25
4.476880561202435e25
4.520613216440985e25
4.5638389878329825e25
4.606532988469114e25
4.648670564812745e25
4.6902273114862935e25
4.731179085947647e25
4.7715020230478225e25
4.811172549461198e25
4.850167397979344e25
4.888463621659951e25
4.926038607822172e25
4.9628700918797745e25
4.998936171003719e25
5.0342153176056585e25
5.068686392634166e25
5.102328658675324e25
5.135121792849647e25
5.167045899497232e25
5.198081522643312e25
5.228209658236245e25
5.257411766150351e25
5.285669781945964e25
5.3129661283792495e25
5.339283726654414e25
5.364606007411167e25
5.388916921440311e25
5.412200950120625e25
5.434443115570077e25
5.455628990505009e25
5.475744707800596e25
5.4947769697463775e25
5.512713056990693e25
5.529540837168022e25
5.545248773203435e25
5.559825931288534e25
5.573261988523407e25
5.585547240219291e25
5.596672606856925e25
5.6066296406956775e25
5.615410532028656e25
5.6230081150793995e25
5.6294158735358375e25
5.634627945717282e25
5.6386391293706865e25
5.641444886092402e25
5.643041345372028e25
5.643425308254893e25
5.642594250620358e25
5.640546326072905e25
5.637280368443544e25
5.632795893898929e25
5.627093102656274e25
5.620172880301902e25
5.612036798711874e25
5.602687116572992e25
5.592126779503155e25
5.580359419769941e25
5.567389355606478e25
5.553221590124283e25
5.537861809822579e25
5.521316382694119e25
5.503592355927399e25
5.484697453206023e25
5.4646400716056135e25
5.443429278088991e25
5.421074805601067e25
5.397587048764465e25
5.3729770591777e25
5.347256540317345e25
5.320437842046674e25
5.292533954732829e25
5.2635585029748415e25
5.233525738945692e25
5.202450535350967e25
5.170348378007674e25
5.137235358046241e25
5.103128163739808e25
5.068044071964434e25
5.03200093929451e25
4.995017192737404e25
4.957111820112359e25
4.9183043600782435e25
4.878614891814836e25
4.83806402436347e25
4.79667288563199e25
4.754463111069993e25
4.7114568320197676e25
4.6676766637495434e25
4.623145693175003e25
4.5778874662753125e25
4.531925975210823e25
4.4852856451488335e25
4.437991320804818e25
4.3900682527058154e25
4.341542083183966e25
4.292438832107526e25
4.24278488235675e25
4.192606965053202e25
4.141932144550062e25
4.090787803192027e25
4.039201625852671e25
3.987201584258498e25
3.934815921107817e25
3.882073133993671e25
3.8290019591392354e25
3.7756313549554885e25
3.7219904854299855e25
3.6681087033558226e25
3.614015533410907e25
3.5597406550965407e25
3.5053138855454186e25
3.4507651622082617e25
3.3961245254296266e25
3.3414221009225447e25
3.2866880821517036e25
3.2319527126359995e25
3.1772462681800615e25
3.1225990390454556e25
3.0680413120713216e25
3.013603352755516e25
2.9593153873063162e25
2.9052075846749347e25
2.851310038579925e25
2.7976527495335192e25
2.7442656068808673e25
2.6911783708621906e25
2.6384206547091646e25
2.586021906785567e25
2.5340113927831953e25
2.482418177983135e25
2.431271109593578e25
2.380598799174474e25
2.330429605159237e25
2.280791615484668e25
2.2317126303390344e25
2.1832201450390985e25
2.13534133304602e25
2.0881030291309974e25
2.041531712700675e25
1.9956534912921904e25
1.9504940842486045e25
1.9060788065842412e25
1.862432553050259e25
1.8195797824098284e25
1.7775445019332586e25
1.7363502521224472e25
1.6960200916739423e25
1.6565765826906014e25
1.6180417761506978e25
1.580437197643983e25
1.5437838333833124e25
1.5081021165013032e25
1.4734119136403392e25
1.4397325118448513e25
1.4070826057639308e25
1.3754802851730462e25
1.3449430228227783e25
1.3154876626222815e25
1.2871304081657599e25
1.2598868116091402e25
1.2337717629046528e25
1.2087994794001698e25
1.1849834958107762e25
1.1623366545691725e25
1.1408710965613546e25
1.1205982522543913e25
1.1015288332221513e25
1.08367282407524e25
1.067039474800507e25
1.0516372935161518e25
1.0374740396474507e25
1.0245567175280712e25
1.0128915704321388e25
1.002484075041368e25
9.933389363518055e24
9.854600830240504e24
9.788506631811118e24
9.73513040657269e24
9.694487917014393e24
9.666587021379571e24
9.651427649878243e24
9.649001785528806e24
9.659293449651461e24
9.682278692034695e24
9.717925585792307e24
9.766194226926177e24
9.827036738605687e24
9.900397280175462e24
9.986212060896938e24
1.0084409358427516e25
1.0194909542039822e25
1.0317625100578502e25
1.0452460675151142e25
1.0599313096545153e25
1.0758071427362183e25
1.0928617008856638e25
1.1110823512462756e25
1.1304556995992643e25
1.1509675964484649e25
1.1726031435676466e25
1.19534670100791e25
1.219181894562065e25
1.2440916236828636e25
1.2700580698515865e25
1.2970627053932688e25
1.3250863027345379e25
1.3541089440997633e25
1.3841100316410142e25
1.4150682979969566e25
1.4469618172756582e25
1.4797680164559209e25
1.5134636872016011e25
1.5480249980829872e25
1.5834275071992592e25
1.6196461751954617e25
1.6566553786676497e25
1.6944289239491719e25
1.7329400612710786e25
1.7721614992893477e25
1.8120654199713444e25
1.8526234938337196e25
1.8938068955238275e25
1.935586319736314e25
1.9779319974565287e25
2.0208137125220304e25
2.0642008184934205e25
2.1080622558253306e25
2.1523665693283292e25
2.1970819259123687e25
2.2421761326020747e25
2.2876166548139084e25
2.3333706348854567e25
2.3794049108465353e25
2.425686035421698e25
2.472180295253763e25
2.5188537303375954e25
2.5656721536534566e25
2.6126011709888296e25
2.659606200937666e25
2.706652495065946e25
2.7537051582320143e25
2.8007291690503554e25
2.847689400487152e25
2.8945506405760416e25
2.941277613242133e25
2.9878349992225613e25
3.034187457071442e25
3.080299644237367e25
3.1261362382011837e25
3.1716619576619005e25
3.2168415837585643e25
3.261639981315673e25
3.306022120099865e25
3.3499530960755514e25
3.3933981526469667e25
3.4363227018743033e25
3.4786923456514104e25
3.520472896832702e25
3.5616304002966863e25
3.6021311539337408e25
3.6419417295457416e25
3.6810289936449325e25
3.7193601281399037e25
3.7569026508961033e25
3.7936244361587e25
3.829493734825448e25
3.86447919455738e25
3.898549879715172e25
3.9316752911091215e25
3.963825385550694e25
3.994970595193768e25
4.025081846653755e25
4.054130579892818e25
4.082088766859658e25
4.108928929872294e25
4.134624159732477e25
4.159148133560552e25
4.182475132339472e25
4.204580058157194e25
4.2254384511365015e25
4.245026506041598e25
4.263321088550982e25
4.280299751186201e25
4.295940748886394e25
4.310223054218545e25
4.323126372213717e25
4.334631154819555e25
4.3447186149597424e25
4.353370740191181e25
4.36057030594978e25
4.366300888376264e25
4.370546876713248e25
4.373293485265461e25
4.374526764914674e25
4.374233614181884e25
4.372401789828878e25
4.36901991699176e25
4.364077498839563e25
4.35756492575083e25
4.3494734840018055e25
4.339795363959604e25
4.3285236677746195e25
4.315652416566241e25
4.3011765570962284e25
4.285091967924832e25
4.2673954650444654e25
4.248084806986479e25
4.227158699396425e25
4.204616799074074e25
4.180459717474207e25
4.15468902366491e25
4.127307246739918e25
4.098317877682576e25
4.067725370678713e25
4.035535143875991e25
4.0017535795882816e25
3.966388023943123e25
3.92944678597129e25
3.890939136137115e25
3.850875304309453e25
3.80926647717276e25
3.766124795078054e25
3.721463348334643e25
3.6752961729428452e25
3.627638245769085e25
3.578505479164145e25
3.5279147150268743e25
3.4758837183150214e25
3.4224311700052235e25
3.3675766595053723e25
3.3113406765218103e25
3.25374460238503e25
3.194810700836899e25
3.134562108284059e25
3.0730228235211394e25
3.0102176969288028e25
2.946172419150856e25
2.880913509256363e25
2.8144683023918963e25
2.7468649369293192e25
2.678132341116098e25
2.608300219233732e25
2.5373990372716165e25
2.4654600081226696e25
2.392515076308755e25
2.318596902243185e25
2.2437388460377405e25
2.1679749508632067e25
2.091339925871143e25
2.013869128686149e25
1.9355985474768873e25
1.8565647826159269e25
1.7768050279375353e25
1.6963570516027937e25
1.6152591765827812e25
1.5335502607695904e25
1.4512696767259305e25
1.3684572910835398e25
1.2851534436021553e25
1.2013989258995296e25
1.1172349598644367e25
1.0327031757635246e25
9.478455900547187e24
8.627045829187315e24
7.773228755205344e24
6.917435070139549e24
6.060098113013114e24
5.201653935613241e24
4.3425410655748405e24
3.483200267408024e24
2.6240743015967555e24
1.7656076818999497e24
9.082464309957313e23
5.243783459995638e22
-8.013698057995211e23
-1.652727421460687e24
-2.50118542601014e24
-3.346293966033878e24
-4.187603172498748e24
-5.024663412854103e24
-5.857025543677805e24
-6.684241163717839e24
-7.505862867192023e24
-8.321444497193018e24
-9.130541399060176e24
-9.93271067356845e24
-1.0727511429793784e25
-1.151450503750362e25
-1.229325537892918e25
-1.306332909977714e25
-1.3824295859328296e25
-1.457572857948319e25
-1.5317203692605602e25
-1.6048301388024274e25
-1.6768605857042034e25
-1.7477705536311353e25
-1.8175193349436195e25
-1.8860666946651067e25
-1.95337289424406e25
-2.019398715095511e25
-2.0841054819086675e25
-2.147455085706169e25
-2.209410006641272e25
-2.269933336519842e25
-2.328988801032806e25
-2.386540781686243e25
-2.442554337415456e25
-2.4969952258703854e25
-2.549829924358791e25
-2.6010256504349405e25
-2.650550382120793e25
-2.69837287774768e25
-2.7444626954057473e25
-2.7887902119893896e25
-2.831326641826956e25
-2.872044054882732e25
-2.910915394520102e25
-2.9479144948145225e25
-2.9830160974055304e25
-3.0161958678768865e25
-3.047430411654451e25
-3.0766972894117394e25
-3.1039750319729397e25
-3.1292431547039233e25
-3.1524821713816834e25
-3.173673607533266e25
-3.1928000132351133e25
-3.209844975364384e25
-3.2247931292940733e25
-3.237630170023745e25
-3.2483428627384393e25
-3.2569190527883044e25
-3.263347675081955e25
-3.267618762886805e25
-3.2697234560301134e25
-3.269654008494559e25
-3.2674037954027035e25
-3.262967319384964e25
-3.256340216326068e25
-3.247519260485226e25
-3.236502368985836e25
-3.2232886056705404e25
-3.207878184318246e25
-3.1902724712195345e25
-3.1704739871078587e25
-3.148486408443826e25
-3.1243145680502952e25
-3.0979644550967234e25
-3.069443214431084e25
-3.0387591452585315e25
-3.0059216991657395e25
-2.9709414774910315e25
-2.933830228040126e25
-2.894600841147789e25
-2.8532673450865548e25
-2.8098449008233682e25
-2.7643497961260044e25
-2.716799439020784e25
-2.6672123506044e25
-2.615608157212156e25
-2.56200758194599e25
-2.5064324355652858e25
-2.4489056067447875e25
-2.3894510517036167e25
-2.3280937832095713e25
-2.2648598589643573e25
-2.1997763693743677e25
-2.132871424713203e25
-2.0641741416813075e25
-1.9937146293698195e25
-1.921523974634997e25
-1.847634226890022e25
-1.7720783823222687e25
-1.6948903675432476e25
-1.6161050226798141e25
-1.5357580839144362e25
-1.453886165484072e25
-1.3705267411465032e25
-1.2857181251230645e25
-1.199499452528387e25
-1.1119106592966833e25
-1.0229924616152634e25
-9.327863348754272e24
-8.413344921525996e24
-7.486798622262374e24
-6.548660671517042e24
-5.599373993951326e24
-4.639387985444047e24
-3.669158276081778e24
-2.68914648915173e24
-1.6998199962763163e24
-7.016516688125552e23
3.048803743427749e23
1.3192930224147487e24
2.341098431729327e24
3.36980428787448e24
4.4049140709035815e24
5.445927323427623e24
6.492339921456778e24
7.54364434783583e24
8.599329968131894e24
9.65888330881127e24
1.072178833755627e25
1.1787526745571799e25
1.2855578231713305e25
1.392542078828744e25
1.4996530988358168e25
1.6068384274407091e25
1.7140455248174133e25
1.8212217961524763e25
1.9283146208173794e25
2.035271381610804e25
2.142039494053401e25
2.248566435718787e25
2.3547997755846886e25
2.4606872033864124e25
2.5661765589567997e25
2.671215861535226e25
2.7757533390297762e25
2.8797374572146753e25
2.9831169488467196e25
3.0858408426844683e25
3.1878584923922924e25
3.2891196053135346e25
3.3895742710953563e25
3.4891729901495958e25
3.587866701932001e25
3.685606813023735e25
3.7823452249994286e25
3.878034362064244e25
3.972627198444664e25
4.0660772855162435e25
4.158338778653182e25
4.249366463782763e25
4.339115783629808e25
4.427542863634917e25
4.514604537531909e25
4.600258372568223e25
4.684462694353639e25
4.767176611322928e25
4.848360038796707e25
4.927973722626829e25
5.005979262411436e25
5.082339134266338e25
5.157016713137998e25
5.229976294644935e25
5.301183116434595e25
5.3706033790416975e25
5.4382042662359705e25
5.503953964846102e25
5.567821684048389e25
5.629777674107146e25
5.689793244555619e25
5.747840781806324e25
5.803893766178873e25
5.8579267883351866e25
5.909915565111118e25
5.959836954734904e25
6.007668971421949e25
6.053390799336957e25
6.096982805913909e25
6.138426554525645e25
6.177704816493941e25
6.2148015824323665e25
6.249702072914504e25
6.282392748459582e25
6.312861318829107e25
6.341096751627549e25
6.367089280201443e25
6.390830410830463e25
6.4123129292054814e25
6.431530906188778e25
6.448479702851382e25
6.463155974783681e25
6.475557675675488e25
6.485684060162293e25
6.4935356859345496e25
6.499114415107613e25
6.502423414850481e25
6.503467157271203e25
6.502251418558124e25
6.498783277375876e25
6.493071112516046e25
6.485124599802197e25
6.474954708250005e25
6.462573695483226e25
6.44799510240707e25
6.431233747140452e25
6.412305718209518e25
6.3912283670050075e25
6.368020299506623e25
6.3427013672776534e25
6.315292657733954e25
6.285816483691643e25
6.254296372198117e25
6.220757052651699e25
6.185224444215512e25
6.147725642531543e25
6.10828890574138e25
6.066943639820443e25
6.023720383233034e25
5.978650790915751e25
5.931767617597444e25
5.883104700464142e25
5.8326969411776345e25
5.780580287257435e25
5.726791712835112e25
5.671369198791458e25
5.614351712286725e25
5.55577918569468e25
5.495692494951622e25
5.434133437331783e25
5.371144708661005e25
5.306769879980854e25
5.241053373675596e25
5.174040439075012e25
5.105777127546111e25
5.0363102670873356e25
4.9656874364388875e25
4.8939569387235365e25
4.821167774631952e25
4.747369615167766e25
4.67261277396676e25
4.596948179205804e25
4.520427345116982e25
4.443102343122538e25
4.3650257726068146e25
4.286250731341402e25
4.206830785579808e25
4.126819939838625e25
4.046272606381878e25
3.965243574425832e25
3.883787979081347e25
3.801961270051549e25
3.7198191801022287e25
3.6374176933230367e25
3.5548130131969637e25
3.472061530497077e25
3.3892197910278735e25
3.306344463230067e25
3.2234923056673132e25
3.1407201344133203e25
3.058084790358115e25
2.975643106452065e25
2.8934518749067136e25
2.8115678143711556e25
2.730047537102847e25
2.6489475161519563e25
2.5683240525781514e25
2.4882332427188815e25
2.408730945528076e25
2.3298727500042285e25
2.2517139427273352e25
2.174309475522733e25
2.0977139332716092e25
2.021981501886562e25
1.947165936471234e25
1.8733205296825493e25
1.8004980803144086e25
1.7287508621212317e25
1.6581305928998715e25
1.5886884038481288e25
1.5204748092181752e25
1.4535396762828753e25
1.3879321956328697e25
1.3237008518222514e25
1.2608933943803883e25
1.1995568092070696e25
1.1397372903687102e25
1.0814802123119174e25
1.0248301025117043e25
9.698306145707155e24
9.16524501785809e24
8.649535911981105e24
8.151587581423213e24
7.67179901310899e24
7.210559183483661e24
6.768246819907724e24
6.345230167650691e24
5.941866762627644e24
5.558503210020189e24
5.195474968919532e24
4.853106143125853e24
4.531709278238264e24
4.2315851651584237e24
3.953022650135964e24
3.696298451476255e24
3.461676983026137e24
3.249410184551637e24
3.0597373591191803e24
2.8928850175830135e24
2.74906673028307e24
2.62848298604937e24
2.53132105860918e24
2.4577548804834325e24
2.4079449244589852e24
2.382038092720397e24
2.380167613713448e24
2.402452946815862e24
2.448999694883027e24
2.519899524732407e24
2.61523009562388e24
2.735054995791622e24
2.879423687080112e24
3.048371457724364e24
3.2419193833195074e24
3.4600742960118377e24
3.702828761948193e24
3.9701610670029256e24
4.262035210810098e24
4.5784009091129285e24
4.919193604449165e24
5.284334485172041e24
5.673730512812609e24
6.087274457784316e24
6.5248449434164e24
6.986306498308029e24
7.471509616982797e24
7.980290828828185e24
8.512472775284766e24
9.067864295257266e24
9.646260518715544e24
1.024744296843519e25
1.0871179669838932e25
1.1517225268882388e25
1.218532115793613e25
1.2875195609594364e25
1.3586563918348976e25
1.4319128550064506e25
1.5072579299168629e25
1.5846593453488383e25
1.6640835966640713e25
1.7454959637898833e25
1.8288605299429768e25
1.914140201081501e25
2.0012967260745195e25
2.090290717579286e25
2.1810816736140764e25
2.2736279998156785e25
2.3678870323702228e25
2.4638150616038386e25
2.561367356221448e25
2.6604981881798095e25
2.761160858182383e25
2.863307721780821e25
2.966890216069463e25
3.071858886958766e25
3.1781634170114046e25
3.285752653826766e25
3.3945746389572937e25
3.5045766373417685e25
3.6157051672378133e25
3.7279060306375676e25
3.841124344150147e25
3.955304570332254e25
4.070390549450454e25
4.186325531656396e25
4.30305220955795e25
4.4205127511664415e25
4.538648833202381e25
4.6574016747400225e25
4.7767120711726774e25
4.896520428478048e25
5.016766797764692e25
5.137390910080494e25
5.258332211461752e25
5.379529898203959e25
5.500922952333058e25
5.622450177257922e25
5.744050233582039e25
