1.687279042968749e-13
1.6858617698835367e11
2.690539065913066e12
1.3563195387090324e13
4.261140182270238e13
1.0323178250615511e14
2.1203538334035356e14
3.88389361797229e14
6.53858580267782e14
1.0315481492317615e15
1.545348153231506e15
2.2190819776000142e15
3.0755598368456435e15
4.1355392862743215e15
5.416594676576797e15
6.931897686468755e15
8.688911240794163e15
1.0687999290539984e16
1.292095509671995e16
1.5369450821827608e16
1.8003411390300924e16
2.0779315732952744e16
2.3638428679380056e16
2.6504966906752824e16
2.9284202492887136e16
3.186050775592282e16
3.4095345192052856e16
3.5825206446396324e16
3.68595043700879e16
3.6978422328788584e16
3.5930725033941852e16
3.3431535268035304e16
2.9160080968734744e16
2.2757417223875336e16
1.3824127809795024e16
1.918010979245504e15
-1.3448245728013728e16
-3.280939681893861e16
-5.674997143945555e16
-8.59066022938367e16
-1.209703459214565e17
-1.6268898933019242e17
-2.1186933796214954e17
-2.6937947995129066e17
-3.361510216239531e17
-4.131812891922007e17
-5.0153549159651994e17
-6.023488394684952e17
-7.168286152058729e17
-8.462561891817788e17
-9.919889771468196e17
-1.155462333927297e18
-1.338191378574859e18
-1.5417727461824607e18
-1.7678862616484744e18
-2.0182965307452375e18
-2.2948544439299328e18
-2.5994985884246636e18
-2.934256564188588e18
-3.3012461995080975e18
-3.7026766620408945e18
-4.1408494612667935e18
-4.618159338421289e18
-5.137095040118106e18
-5.700239972003128e18
-6.310272728924778e18
-6.969967498254475e18
-7.682194333145197e18
-8.449919292676566e18
-9.27620444600024e18
-1.0164207737770625e19
-1.1117182712321712e19
-1.213847809423199e19
-1.3231537223104766e19
-1.4399897340581177e19
-1.5647188727797647e19
-1.6977133691696927e19
-1.8393545398804558e19
-1.9900326555286757e19
-2.150146793231496e19
-2.3201046735972876e19
-2.5003224821155946e19
-2.691224674912947e19
-2.893243768862945e19
-3.106820116061084e19
-3.3324016626968756e19
-3.5704436923781226e19
-3.8214085539845505e19
-4.085765374150428e19
-4.363989754498217e19
-4.656563453767754e19
-4.963974055007894e19
-5.286714618019814e19
-5.62528331726353e19
-5.980183065461182e19
-6.351921123152709e19
-6.741008694481251e19
-7.1479605095071285e19
-7.57329439337075e19
-8.017530822645511e19
-8.481192469242744e19
-8.96480373225101e19
-9.468890258112006e19
-9.993978449555043e19
-1.0540594963731143e20
-1.1109266200006486e20
-1.1700517777893266e20
-1.2314874005613524e20
-1.2952857339808888e20
-1.3614987836925472e20
-1.4301782596819391e20
-1.501375519914359e20
-1.5751415133091188e20
-1.6515267221085074e20
-1.730581103701605e20
-1.8123540319645132e20
-1.8968942381796884e20
-1.9842497515982127e20
-2.0744678397098282e20
-2.167594948286542e20
-2.2636766412664308e20
-2.3627575405450868e20
-2.464881265742824e20
-2.5700903740163365e20
-2.6784262999840732e20
-2.7899292958349414e20
-2.904638371690333e20
-3.0225912362896746e20
-3.143824238069822e20
-3.268372306708709e20
-3.396268895203538e20
-3.527545922553706e20
-3.662233717118347e20
-3.8003609607180616e20
-3.941954633549928e20
-4.087039959984315e20
-4.235640355311421e20
-4.3877773735046165e20
-4.543470656066899e20
-4.7027378820257586e20
-4.865594719140668e20
-5.0320547763863677e20
-5.202129557773681e20
-5.375828417568418e20
-5.55315851696735e20
-5.7341247822887164e20
-5.918729864733097e20
-6.106974101768752e20
-6.298855480193628e20
-6.494369600924373e20
-6.693509645560648e20
-6.896266344770946e20
-7.102627948543873e20
-7.312580198346675e20
-7.526106301230294e20
-7.743186905917935e20
-7.963800080911495e20
-8.18792129464771e20
-8.41552339773307e20
-8.646576607283979e20
-8.881048493395754e20
-9.118903967761037e20
-9.360105274455622e20
-9.6046119829063e20
-9.852380983052591e20
-1.0103366482710925e21
-1.0357520007146829e21
-1.0614790400857392e21
-1.0875123831563095e21
-1.1138463796404788e21
-1.1404751130338336e21
-1.1673924016716058e21
-1.1945918000040777e21
-1.2220666000874857e21
-1.2498098332883333e21
-1.2778142721986561e21
-1.3060724327594747e21
-1.334576576589292e21
-1.363318713514178e21
-1.3922906042956246e21
-1.4214837635520172e21
-1.450889462869222e21
-1.480498734095474e21
-1.5103023728153697e21
-1.54029094199748e21
-1.5704547758097343e21
-1.6007839835964194e21
-1.6312684540103056e21
-1.66189785929309e21
-1.6926616596970312e21
-1.723549108040368e21
-1.754549254388761e21
-1.7856509508547442e21
-1.816842856506869e21
-1.848113442379936e21
-1.8794509965774349e21
-1.9108436294570476e21
-1.9422792788898339e21
-1.9737457155834178e21
-2.0052305484593119e21
-2.0367212300742469e21
-2.0682050620751673e21
-2.0996692006773612e21
-2.1311006621549493e21
-2.1624863283328435e21
-2.19381295206903e21
-2.2250671627159462e21
-2.256235471549505e21
-2.2873042771542506e21
-2.3182598707529415e21
-2.349088441468798e21
-2.379776081508545e21
-2.410308791254277e21
-2.440672484252131e21
-2.470852992085725e21
-2.500836069122208e21
-2.530607397118847e21
-2.5601525896779997e21
-2.589457196538362e21
-2.6185067076904173e21
-2.647286557304041e21
-2.6757821274562945e21
-2.703978751647505e21
-2.7318617180938384e21
-2.759416272784692e21
-2.786627622293333e21
-2.8134809363293966e21
-2.8399613500220186e21
-2.8660539659225074e21
-2.8917438557157647e21
-2.917016061629767e21
-2.9418555975327715e21
-2.966247449708055e21
-2.990176577296359e21
-3.0136279123964566e21
-3.036586359814568e21
-3.0590367964537023e21
-3.0809640703343046e21
-3.102352999238008e21
-3.123188368966591e21
-3.143454931208721e21
-3.1631374010073937e21
-3.182220453821485e21
-3.200688722175196e21
-3.2185267918897147e21
-3.2357191978918294e21
-3.25225041959475e21
-3.268104875846913e21
-3.283266919445029e21
-3.2977208312082234e21
-3.3114508136106075e21
-3.3244409839702534e21
-3.336675367193066e21
-3.3481378880706686e21
-3.3588123631320113e21
-3.3686824920490417e21
-3.377731848597386e21
-3.385943871173642e21
-3.3933018528715233e21
-3.39978893111978e21
-3.405388076885452e21
-3.4100820834467195e21
-3.41385355474029e21
-3.4166848932889467e21
-3.4185582877156217e21
-3.4194556998509983e21
-3.419358851442424e21
-3.4182492104726104e21
-3.416107977097301e21
-3.41291606921184e21
-3.408654107657296e21
-3.4033024010775067e21
-3.3968409304391824e21
-3.3892493332279145e21
-3.3805068873336383e21
-3.3705924946399147e21
-3.359484664332025e21
-3.347161495939699e21
-3.3336006621309226e21
-3.318779391274075e21
-3.3026744497863294e21
-3.2852621242869335e21
-3.2665182035747416e21
-3.2464179604500193e21
-3.224936133401253e21
-3.2020469081783874e21
-3.177723899274523e21
-3.151940131338858e21
-3.1246680205441997e21
-3.095879355933085e21
-3.065545280767122e21
-3.0336362739047994e21
-3.00012213123356e21
-2.9649719471825685e21
-2.92815409634308e21
-2.8896362152239537e21
-2.849385184170262e21
-2.8073671094735717e21
-2.7635473057028254e21
-2.717890278285326e21
-2.670359706367674e21
-2.620918425987008e21
-2.5695284135831834e21
-2.516150769883013e21
-2.460745704187924e21
-2.4032725190968124e21
-2.343689595696016e21
-2.2819543792488064e21
-2.2180233654167698e21
-2.1518520870459078e21
-2.0833951015503004e21
-2.01260597892636e21
-1.9394372904308682e21
-1.8638405979560042e21
-1.785766444134697e21
-1.7051643432095743e21
-1.6219827726988618e21
-1.5361691658924437e21
-1.447669905211325e21
-1.3564303164634909e21
-1.262394664029157e21
-1.1655061470080889e21
-1.0657068963615631e21
-9.629379730811702e20
-8.57139367416483e20
-7.482499991932135e20
-6.362077192531288e20
-5.209493120466152e20
-4.0241049940834596e20
-2.8052594554592297e20
-1.5522926327109045e20
-2.6453021502243602e19
1.058712459333421e20
2.4181303016994793e20
3.814428358195051e20
5.2483216810702694e20
6.720535185998752e20
8.231803495059607e20
9.782870765171292e20
1.1374490501743808e21
1.3007425357329906e21
1.4682446915059633e21
1.6400335456658103e21
1.8161879714850553e21
1.9967876609975486e21
2.181913097062962e21
2.3716455238189313e21
2.5660669155053436e21
2.765259943647624e21
2.969307942585896e21
3.1782948733393295e21
3.392305285795129e21
3.6114242792140214e21
3.8357374610443516e21
4.065330904039466e21
4.300291101673154e21
4.5407049218507114e21
4.786659558913401e21
5.038242483936645e21
5.295541393322895e21
5.558644155692528e21
5.82763875707678e21
6.102613244419371e21
6.383655667393859e21
6.670854018546774e21
6.964296171776838e21
7.2640698191636e21
7.570262406159298e21
7.882961065160528e21
8.202252547477085e21
8.528223153718091e21
8.860958662616049e21
9.200544258312727e21
9.547064456131042e21
9.90060302685999e21
1.026124291958122e22
1.0629066183067012e22
1.1004153885782463e22
1.138658603452509e22
1.1776441491738161e22
1.2173797891534819e22
1.2578731554472852e22
1.2991317401120667e22
1.3411628864458168e22
1.383973780115667e22
1.427571440178494e22
1.471962709998933e22
1.5171542480698621e22
1.563152518740489e22
1.6099637828574809e22
1.6575940883245986e22
1.70604926058663e22
1.7553348930434257e22
1.8054563374001579e22
1.8564186939599603e22
1.9082268018653874e22
1.960885229295169e22
2.0143982636230253e22
2.068769901545343e22
2.1240038391847573e22
2.1801034621767582e22
2.237071835746675e22
2.2949116947844087e22
2.3536254339245807e22
2.4132150976397177e22
2.473682370354415e22
2.535028566588361e22
2.5972546211363886e22
2.660361079293704e22
2.724348087134676e22
2.7892153818535367e22
2.8549622821756214e22
2.9215876788476835e22
2.9890900252160837e22
3.0574673279015826e22
3.1267171375797194e22
3.196836539875645e22
3.2678221463824907e22
3.3396700858123874e22
3.4123759952892206e22
3.485935011792398e22
3.5603417637608015e22
3.6355903628662914e22
3.7116743959659804e22
3.788586917242715e22
3.8663204405430175e22
3.944866931921968e22
4.02421780240426e22
4.104363900970945e22
4.185295507781058e22
4.267002327637613e22
4.349473483707124e22
4.43269751150208e22
4.516662353135436e22
4.601355351856463e22
4.686763246876952e22
4.77287216849691e22
4.859667633538686e22
4.947134541098497e22
5.035257168624031e22
5.124019168327061e22
5.213403563939429e22
5.303392747821156e22
5.393968478428815e22
5.4851118781526415e22
5.576803431530285e22
5.669022983845356e22
5.7617497401184204e22
5.854962264498232e22
5.948638480060557e22
6.042755669022019e22
6.1372904733759504e22
6.23221889595732e22
6.327516301943306e22
6.42315742079617e22
6.519116348654623e22
6.615366551179801e22
6.711880866861678e22
6.808631510791535e22
6.905590078905781e22
7.002727552706275e22
7.100014304461952e22
7.197420102896331e22
7.294914119365157e22
7.392464934528222e22
7.490040545519063e22
7.587608373615888e22
7.68513527241697e22
7.78258753652316e22
7.879930910730114e22
7.977130599732315e22
8.074151278340802e22
8.170957102215995e22
8.267511719116888e22
8.363778280667317e22
8.459719454639859e22
8.555297437757371e22
8.650473969012002e22
8.745210343500974e22
8.839467426778236e22
8.933205669720535e22
9.026385123906208e22
9.11896545750459e22
9.210905971673517e22
9.302165617461966e22
9.392703013214676e22
9.482476462474985e22
9.571443972381788e22
9.659563272556205e22
9.746791834473104e22
9.833086891312115e22
9.918405458282524e22
1.0002704353415962e23
1.0085940218820421e23
1.0168069542388628e23
1.0249048679953611e23
1.032883387788361e23
1.0407381296108372e23
1.0484647031568196e23
1.0560587142076925e23
1.0635157670589459e23
1.0708314669864174e23
1.0780014227510085e23
1.085021249140826e23
1.0918865695496525e23
1.0985930185906283e23
1.1051362447439652e23
1.1115119130374919e23
1.117715707758784e23
1.1237433351975994e23
1.1295905264172935e23
1.1352530400538657e23
1.14072666514124e23
1.1460072239613546e23
1.1510905749175933e23
1.155972615430068e23
1.1606492848512155e23
1.165116567400146e23
1.1693704951141426e23
1.1734071508157006e23
1.1772226710934146e23
1.1808132492950572e23
1.1841751385311077e23
1.1873046546869966e23
1.1901981794422817e23
1.1928521632949568e23
1.1952631285890674e23
1.19742767254378e23
1.1993424702820277e23
1.2010042778568305e23
1.2024099352733747e23
1.2035563695049095e23
1.2044405975004936e23
1.2050597291826186e23
1.2054109704327086e23
1.2054916260624908e23
1.2052991027691969e23
1.2048309120725621e23
1.2040846732315726e23
1.203058116138882e23
1.2017490841908408e23
1.2001555371310364e23
1.1982755538652701e23
1.1961073352458645e23
1.1936492068232062e23
1.190899621562416e23
1.187857162523046e23
1.1845205454996918e23
1.1808886216214202e23
1.1769603799079178e23
1.1727349497802417e23
1.1682116035241008e23
1.1633897587035778e23
1.1582689805232101e23
1.152848984136366e23
1.1471296368978628e23
1.1411109605587892e23
1.1347931334014978e23
1.1281764923127548e23
1.1212615347930691e23
1.11404892090021e23
1.106539475124973e23
1.0987341881972516e23
1.0906342188205188e23
1.0822408953328349e23
1.0735557172925214e23
1.0645803569866781e23
1.0553166608607533e23
1.0457666508673925e23
1.035932525732844e23
1.0258166621392229e23
1.0154216158209565e23
1.0047501225738202e23
9.938050991749486e22
9.825896442123003e22
9.711070388220541e22
9.593607473325005e22
9.473544178129977e22
9.350918825266394e22
9.225771582852903e22
9.098144467057538e22
8.968081343658152e22
8.835627928590254e22
8.700831787470708e22
8.563742334087073e22
8.424410827842192e22
8.282890370144784e22
8.139235899736856e22
7.993504186949842e22
7.845753826881582e22
7.69604523148716e22
7.544440620576856e22
7.3910040117156405e22
7.235801209018794e22
7.078899790839133e22
6.9203690963420045e22
6.760280210964587e22
6.5987059507572635e22
6.435720845604884e22
6.271401121327039e22
6.10582468065645e22
5.939071083096226e22
5.771221523656463e22
5.6023588104722545e22
5.432567341305087e22
5.261933078931165e22
5.090543525420232e22
4.9184876953097e22
4.7458560876791795e22
4.572740657131818e22
4.399234783689041e22
4.2254332416065085e22
4.051432167119351e22
3.8773290251261475e22
3.7032225748212293e22
3.5292128342861607e22
3.35540104405147e22
3.181889629641153e22
3.008782163112508e22
2.8361833236052067e22
2.664198856913684e22
2.492935534098338e22
2.3225011091511664e22
2.1530042757325506e22
1.9845546229966096e22
1.8172625905229922e22
1.6512394223742135e22
1.4865971202978203e22
1.3234483960938077e22
1.161906623167993e22
1.0020857872932653e22
8.441004366008224e21
6.880656308245459e21
5.34096889821979e21
3.8231014139650376e21
2.3282166844548042e21
8.574805546012817e20
-5.8793865596844795e20
-2.0068707000872327e21
-3.398143955901398e21
-4.760585985121308e21
-6.093024096384558e21
-7.394285913437725e21
-8.663199947841543e21
-9.898596175895505e21
-1.1099306619476277e22
-1.2264165930475167e22
-1.3392011978518666e22
-1.4481686441650144e22
-1.553203539964498e22
-1.654190992963092e22
-1.7510166703675888e22
-1.8435668588007107e22
-1.931728524351701e22
-2.015389372721294e22
-2.094437909425782e22
-2.1687635000253087e22
-2.2382564303405343e22
-2.302807966622311e22
-2.362310415637851e22
-2.416657184637578e22
-2.4657428411658623e22
-2.5094631726793676e22
-2.5477152459358156e22
-2.580397466116678e22
-2.6074096356463414e22
-2.6286530126711284e22
-2.6440303691604993e22
-2.6534460485936618e22
-2.6568060231940487e22
-2.654017950674711e22
-2.6449912304573553e22
-2.629637059327894e22
-2.6078684864915236e22
-2.5796004679905828e22
-2.5447499204481964e22
-2.50323577410132e22
-2.454979025086581e22
-2.3999027869430808e22
-2.337932341295828e22
-2.2689951876844244e22
-2.1930210925014107e22
-2.1099421370055284e22
-2.0196927643748894e22
-1.922209825765871e22
-1.8174326253437262e22
-1.7053029642516172e22
-1.585765183484739e22
-1.4587662056371289e22
-1.3242555754888837e22
-1.1821854994027e22
-1.0325108834981003e22
-8.7518937057344e21
-7.101813757454338e21
-5.374501207776162e21
-3.56961667068438e21
-1.6868494727175912e21
2.7408204477973817e20
2.313430237616785e21
4.431417885191062e21
6.62823793164332e21
8.904053241976742e21
1.1258996373370182e22
1.3693169361915623e22
1.6206643524992978e22
1.8799459279491771e22
2.1471625976075463e22
2.4223121749683674e22
2.7053893386446947e22
2.9963856207190765e22
3.295289396768203e22
3.6020858775778525e22
3.916757102561533e22
4.239281934896421e22
4.569636058388065e22
4.90779197607548e22
5.253719010586419e22
5.607383306251079e22
5.9687478329828996e22
6.337772391932419e22
6.714413622920144e22
7.098625013652265e22
7.490356910723073e22
7.889556532405801e22
8.296167983232978e22
8.710132270365569e22
9.13138732175028e22
9.55986800606162e22
9.995506154425488e22
1.0438230583918566e23
1.0887967122838057e23
1.1344638637733789e23
1.1808165062194285e23
1.2278463427376548e23
1.2755447894269065e23
1.3239029787675102e23
1.3729117631903355e23
1.42256171881504e23
1.4728431493559822e23
1.523746090194032e23
1.5752603126124673e23
1.6273753281949424e23
1.68008039338353e23
1.7333645141945686e23
1.787216451090046e23
1.8416247240020132e23
1.8965776175075636e23
1.9520631861516345e23
2.0080692599149026e23
2.0645834498237917e23
2.1215931536996862e23
2.1790855620441398e23
2.2370476640569073e23
2.2954662537833765e23
2.3543279363880548e23
2.4136191345504617e23
2.4733260949798488e23
2.533434895044882e23
2.593931449514532e23
2.6548015174061872e23
2.71603070893684e23
2.777604492573343e23
2.8395082021773907e23
2.9017270442409527e23
2.9642461052076754e23
3.027050358875839e23
3.09012467387822e23
3.1534538212342406e23
3.2170224819695936e23
3.2808152547986464e23
3.344816663864632e23
3.40901116653275e23
3.473383161231086e23
3.537916995334365e23
3.602596973085322e23
3.667407363548558e23
3.7323324085915494e23
3.7973563308876426e23
3.8624633419355595e23
3.927637650090164e23
3.9928634685989276e23
4.0581250236387564e23
4.123406562347641e23
4.1886923608456115e23
4.253966732239443e23
4.3192140346055963e23
4.3844186789457664e23
4.44956513710951e23
4.514637949678225e23
4.5796217338050405e23
4.644501191004891e23
4.7092611148892123e23
4.773886398839637e23
4.838362043615131e23
4.9026731648869654e23
4.966805000696012e23
5.030742918826738e23
5.0944724240925006e23
5.15797916552659e23
5.221248943473613e23
5.2842677165757694e23
5.347021608648712e23
5.409496915441668e23
5.4716801112764774e23
5.533557855560472e23
5.595116999167917e23
5.656344590685041e23
5.717227882513499e23
5.777754336827463e23
5.8379116313793585e23
5.897687665149528e23
5.957070563835011e23
6.0160486851729246e23
6.074610624093852e23
6.132745217700796e23
6.190441550069355e23
6.247688956864921e23
6.304477029772709e23
6.36079562073666e23
6.416634846003216e23
6.471985089966274e23
6.526837008809576e23
6.58118153394302e23
6.63500987522945e23
6.688313523998633e23
6.741084255845294e23
6.793314133208164e23
6.844995507727157e23
6.896121022375948e23
6.946683613367376e23
6.996676511829222e23
7.046093245248031e23
7.094927638678927e23
7.143173815719362e23
7.190826199245058e23
7.237879511906405e23
7.284328776383902e23
7.33016931540127e23
7.37539675149512e23
7.420007006540149e23
7.463996301029095e23
7.507361153106805e23
7.550098377357977e23
7.592205083348234e23
7.633678673918541e23
7.674516843232933e23
7.714717574579923e23
7.754279137927951e23
7.793200087235599e23
7.8314792575173e23
7.869115761665642e23
7.906108987031397e23
7.942458591762666e23
7.978164500904768e23
8.013226902262569e23
8.04764624202722e23
8.081423220169467e23
8.114558785601852e23
8.147054131112283e23
8.17891068807174e23
8.21013012091897e23
8.240714321425256e23
8.27066540274253e23
8.299985693238303e23
8.328677730121014e23
8.356744252859619e23
8.384188196401484e23
8.41101268419266e23
8.43722102100501e23
8.462816685574622e23
8.48780332305633e23
8.512184737299135e23
8.535964882947656e23
8.559147857374782e23
8.581737892450954e23
8.603739346155654e23
8.625156694036739e23
8.645994520523617e23
8.666257510100167e23
8.685950438343728e23
8.705078162836359e23
8.723645613954957e23
8.741657785546802e23
8.759119725497274e23
8.776036526196751e23
8.792413314913539e23
8.808255244080146e23
8.823567481500138e23
8.838355200482907e23
8.852623569913992e23
8.866377744268425e23
8.879622853575004e23
8.892363993339157e23
8.904606214432454e23
8.916354512956712e23
8.92761382009086e23
8.938388991928639e23
8.94868479931559e23
8.958505917693453e23
8.967856916960557e23
8.976742251356527e23
8.985166249379936e23
8.993133103747371e23
9.000646861402622e23
9.007711413584513e23
9.014330485962226e23
9.020507628846633e23
9.026246207486526e23
9.031549392458378e23
9.036420150158432e23
9.040861233405851e23
9.044875172165709e23
9.048464264400462e23
9.051630567058767e23
9.054375887210215e23
9.056701773334685e23
9.05860950677498e23
9.060100093361313e23
9.06117425521613e23
9.061832422747894e23
9.062074726842014e23
9.061900991257612e23
9.061310725238056e23
9.060303116343673e23
9.058877023514754e23
9.057030970372716e23
9.054763138767545e23
9.052071362579115e23
9.048953121780295e23
9.045405536769253e23
9.041425362978489e23
9.037008985767884e23
9.032152415609046e23
9.026851283567786e23
9.02110083709185e23
9.014895936110409e23
9.008231049452095e23
9.001100251587793e23
8.993497219704517e23
8.985415231116319e23
8.976847161018276e23
8.967785480588942e23
8.958222255446964e23
8.948149144466967e23
8.937557398959902e23
8.92643786222251e23
8.914780969460722e23
8.902576748091167e23
8.889814818425201e23
8.876484394739147e23
8.862574286734568e23
8.848072901391976e23
8.83296824522121e23
8.817247926911354e23
8.800899160382924e23
8.783908768244714e23
8.766263185657564e23
8.747948464606736e23
8.728950278584736e23
8.70925392768567e23
8.688844344112514e23
8.667706098097737e23
8.645823404237958e23
8.62318012824279e23
8.599759794097806e23
8.575545591641152e23
8.55052038455323e23
8.524666718758307e23
8.497966831237051e23
8.47040265924803e23
8.441955849956567e23
8.412607770468676e23
8.38233951826748e23
8.35113193204944e23
8.318965602957105e23
8.285820886205166e23
8.251677913095853e23
8.216516603419757e23
8.180316678237603e23
8.1430576730385e23
8.10471895126943e23
8.065279718230828e23
8.024719035332635e23
7.983015834704945e23
7.940148934156912e23
7.896097052477529e23
7.850838825071348e23
7.804352819922155e23
7.756617553876998e23
7.70761150924301e23
7.657313150688836e23
7.605700942442644e23
7.552753365777774e23
7.49844893677741e23
7.44276622436894e23
7.385683868618802e23
7.327180599277759e23
7.267235254566936e23
7.20582680019413e23
7.142934348590129e23
7.078537178353986e23
7.012614753896481e23
6.945146745270253e23
6.876113048175425e23
6.805493804128603e23
6.733269420783562e23
6.659420592391176e23
6.583928320386496e23
6.506773934089952e23
6.427939111510168e23
6.347405900235081e23
6.265156738398473e23
6.181174475708126e23
6.095442394522181e23
6.0079442309601025e23
5.918664196033971e23
5.827586996786308e23
5.734697857419981e23
5.6399825404061464e23
5.5434273675553004e23
5.4450192410371556e23
5.3447456643343763e23
5.2425947631155916e23
5.138555306012425e23
5.0326167252857393e23
4.924769137365894e23
4.815003363251892e23
4.7033109487541156e23
4.589684184565318e23
4.474116126144785e23
4.3566006133999426e23
4.2371322901502934e23
4.115706623358096e23
3.992319922110652e23
3.8669693563384634e23
3.7396529752541265e23
3.610369725496438e23
3.479119468964688e23
3.3459030003274755e23
3.210722064191161e23
3.073579371912562e23
2.9344786180411954e23
2.7934244963756226e23
2.6504227156194174e23
2.5054800146216772e23
2.3586041771878516e23
2.2098040464458732e23
2.0590895387536155e23
1.9064716571331578e23
1.7519625042182085e23
1.595575294700285e23
1.4373243672603756e23
1.277225195972243e23
1.1152944011644839e23
9.515497597277527e22
7.860102148546705e22
6.186958851994971e22
4.496280734455685e22
2.7882927426789026e22
1.0632318167924402e22
-6.786530425156837e21
-2.4371007132113608e22
-4.2118378976312455e22
-6.0025790748125475e22
-7.809026459535883e22
-9.630869968186909e22
-1.1467787191530598e23
-1.331944337449494e23
-1.5185491403051144e23
-1.7065571798282295e23
-1.895931271771976e23
-2.0866329964030658e23
-2.278622700112766e23
-2.4718594977778647e23
-2.666301275878001e23
-2.8619046963760906e23
-3.0586252013673964e23
-3.256417018503362e23
-3.4552331671949064e23
-3.65502546560024e23
-3.8557445384010225e23
-4.057339825371223e23
-4.259759590741653e23
-4.462950933363375e23
-4.666859797672048e23
-4.8714309854557025e23
-5.076608168427e23
-5.282333901601436e23
-5.48854963748147e23
-5.695195741047267e23
-5.9022115055531615e23
-6.10953516912926e23
-6.317103932186283e23
-6.524853975622323e23
-6.732720479828585e23
-6.940637644491551e23
-7.148538709187664e23
-7.356355974767118e23
-7.56402082552183e23
-7.771463752132958e23
-7.978614375392032e23
-8.185401470690156e23
-8.391752993268543e23
-8.59759610422304e23
-8.802857197255654e23
-9.007461926164506e23
-9.21133523306393e23
-9.414401377325251e23
-9.616583965229022e23
-9.817805980318331e23
-1.0017989814442611e24
-1.0217057299480683e24
-1.0414929739731591e24
-1.0611527944960903e24
-1.0806772264089992e24
-1.100058261951483e24
-1.1192878542041098e24
-1.1383579206421168e24
-1.1572603467478632e24
-1.1759869896804881e24
-1.1945296820012786e24
-1.212880235453098e24
-1.2310304447922664e24
-1.248972091671165e24
-1.2666969485698714e24
-1.2841967827750146e24
-1.3014633604040615e24
-1.3184884504731209e24
-1.3352638290064325e24
-1.3517812831855235e24
-1.3680326155361183e24
-1.3840096481507097e24
-1.3997042269447977e24
-1.4151082259446463e24
-1.4302135516044745e24
-1.445012147150858e24
-1.459495996952198e24
-1.4736571309109906e24
-1.487487628876646e24
-1.5009796250765452e24
-1.514125312563041e24
-1.5269169476740262e24
-1.5393468545047042e24
-1.551407429388146e24
-1.563091145382219e24
-1.574390556760449e24
-1.5852983035042845e24
-1.5958071157943555e24
-1.6059098184981448e24
-1.615599335651591e24
-1.6248686949320309e24
-1.6337110321199725e24
-1.6421195955470834e24
-1.6500877505278487e24
-1.6576089837722446e24
-1.6646769077768925e24
-1.671285265192031e24
-1.6774279331617196e24
-1.6830989276346173e24
-1.688292407642749e24
-1.6930026795456074e24
-1.6972242012369747e24
-1.700951586311844e24
-1.704179608190796e24
-1.7069032041992477e24
-1.7091174795989485e24
-1.7108177115691112e24
-1.7119993531346038e24
-1.7126580370386212e24
-1.712789579557254e24
-1.7123899842534282e24
-1.711455445667641e24
-1.709982352943018e24
-1.7079672933821728e24
-1.705407055933377e24
-1.7022986346036127e24
-1.6986392317960662e24
-1.694426261569644e24
-1.6896573528181732e24
-1.684330352366876e24
-1.6784433279838718e24
-1.671994571304378e24
-1.6649826006653584e24
-1.657406163848428e24
-1.6492642407288238e24
-1.6405560458282895e24
-1.631281030769795e24
-1.6214388866320293e24
-1.6110295462016278e24
-1.6000531861211947e24
-1.5885102289311824e24
-1.576401345003757e24
-1.563727454366798e24
-1.5504897284162927e24
-1.536689591515362e24
-1.5223287224782875e24
-1.507409055937855e24
-1.4919327835945206e24
-1.4759023553458603e24
-1.4593204802948415e24
-1.442190127635561e24
-1.424514527415088e24
-1.4062971711701673e24
-1.387541812437585e24
-1.368252467137009e24
-1.3484334138252988e24
-1.3280891938212247e24
-1.307224611199672e24
-1.2858447326544623e24
-1.263954887228968e24
-1.2415606659138065e24
-1.2186679211109566e24
-1.19528276596364e24
-1.1714115735515545e24
-1.1470609759509191e24
-1.122237863159003e24
-1.0969493818828316e24
-1.0712029341918382e24
-1.0450061760343263e24
-1.0183670156176527e24
-9.912936116521756e23
-9.637943714589702e23
-9.358779489415769e23
-9.075532424219363e23
-8.788293923408624e23
-8.497157788234499e23
-8.202220191098743e23
-7.903579648521428e23
-7.60133699277458e23
-7.295595342188227e23
-6.986460070137832e23
-6.674038772721008e23
-6.358441235133313e23
-6.039779396753359e23
-5.718167314948296e23
-5.393721127611419e23
-5.066559014444974e23
-4.7368011570006315e23
-4.404569697493015e23
-4.069988696400386e23
-3.7331840888685636e23
-3.394283639934565e23
-3.053416898587154e23
-2.7107151506824177e23
-2.3663113707330054e23
-2.0203401725909305e23
-1.6729377590432663e23
-1.3242418703428936e23
-9.743917316951435e22
-6.235279997229809e22
-2.717927079338691e22
8.067078878797677e21
4.337178706395027e22
7.872027102814401e22
1.1409783311207355e23
1.49489666646516e23
1.848808619523932e23
2.202564124226312e23
2.556012206829935e23
2.9090010482899876e23
3.261378047359825e23
3.6129898843926335e23
3.963682585814449e23
4.313301589236206e23
4.6616918091740784e23
5.0086977033455896e23
5.3541633395089245e23
5.6979324628123316e23
6.039848563620041e23
6.379754945780736e23
6.717494795303864e23
7.052911249409726e23
7.385847465917111e23
7.716146692933621e23
8.04365233881254e23
8.36820804234e23
8.689657743115871e23
9.007845752091653e23
9.322616822227863e23
9.633816219234452e23
9.941289792355544e23
1.0244884045161497e24
1.0544446206310093e24
1.0839824300238723e24
1.1130867217749267e24
1.1417424786447448e24
1.1699347840997732e24
1.1976488293156164e24
1.2248699201541365e24
1.2515834841105873e24
1.2777750772268929e24
1.3034303909672135e24
1.3285352590519339e24
1.3530756642462327e24
1.3770377450993823e24
1.400407802630941e24
1.4231723069600604e24
1.445317903874041e24
1.4668314213323922e24
1.4876998759026348e24
1.507910479124085e24
1.5274506437959086e24
1.5463079901857696e24
1.5644703521553756e24
1.5819257831993678e24
1.5986625623938552e24
1.614669200251125e24
1.6299344444769717e24
1.6444472856271712e24
1.6581969626596602e24
1.6711729683790513e24
1.683365054770111e24
1.6947632382169608e24
1.7053578046046943e24
1.7151393143002755e24
1.7240986070095836e24
1.7322268065075212e24
1.7395153252381617e24
1.7459558687820547e24
1.7515404401877227e24
1.7562613441645882e24
1.7601111911345798e24
1.7630829011397345e24
1.7651697076031808e24
1.7663651609410057e24
1.7666631320225137e24
1.766057815476557e24
1.7645437328415946e24
1.7621157355572833e24
1.7587690077954904e24
1.754499069128674e24
1.749301777033654e24
1.7431733292289442e24
1.736110265843813e24
1.7281094714174686e24
1.7191681767266668e24
1.7092839604403363e24
1.698454750599762e24
1.686678825923018e24
1.6739548169324727e24
1.6602817069042085e24
1.6456588326383838e24
1.6300858850496006e24
1.6135629095764422e24
1.596090306409587e24
1.5776688305377144e24
1.5582995916108757e24
1.5379840536208203e24
1.5167240343980588e24
1.494521704925443e24
1.47137958846821e24
1.4473005595204808e24
1.422287842568469e24
1.3963450106704972e24
1.3694759838542813e24
1.3416850273319314e24
1.3129767495332388e24
1.2833560999579364e24
1.252828366847694e24
1.2213991746788863e24
1.1890744814769533e24
1.15586057595362e24
1.1217640744681706e24
1.0867919178140982e24
1.0509513678326066e24
1.0142500038545135e24
9.76695718972169e23
9.38296716143314e23
8.990615041285504e23
8.58998893264548e23
8.181179910750418e23
7.764281977217932e23
7.339392012978273e23
6.906609729653474e23
6.466037619407562e23
6.017780903295586e23
5.561947478136e23
5.0986478619361795e23
4.6279951378992006e23
4.150104897041913e23
3.6650951794549196e23
3.173086414236453e23
2.674201358131948e23
2.168565032914557e23
1.6563046615385703e23
1.137549603102762e23
6.12431286658957e22
8.1083143902786e21
-4.563594592158308e22
-9.997592919236108e22
-1.5489773290584308e23
-2.1038728224648633e23
-2.6643033733133194e23
-3.2301250052993105e23
-3.801192238681592e23
-4.3773581651164026e23
-4.958474523244876e23
-5.544391774989206e23
-6.134959182514392e23
-6.73002488580813e23
-7.329435980836603e23
-7.93303859822774e23
-8.540677982436563e23
-9.152198571345419e23
-9.767444076251869e23
-1.0386257562197324e24
-1.1008481528585993e24
-1.1633957990049148e24
-1.2262528557503323e24
-1.2894034519354895e24
-1.3528316922801102e24
-1.4165216655178717e24
-1.4804574525310107e24
-1.5446231344798286e24
-1.6090028009218317e24
-1.6735805579158625e24
-1.738340536105959e24
-1.8032668987800375e24
-1.8683438498983737e24
-1.9335556420868856e24
-1.9988865845901903e24
-2.0643210511795677e24
-2.1298434880105812e24
-2.1954384214257377e24
-2.2610904656970136e24
-2.3267843307033877e24
-2.3925048295385103e24
-2.4582368860436137e24
-2.5239655422608235e24
-2.5896759658021723e24
-2.6553534571292964e24
-2.7209834567394274e24
-2.786551552252757e24
-2.85204348539663e24
-2.9174451588819903e24
-2.982742643167518e24
-3.0479221831070186e24
-3.1129702044756817e24
-3.1778733203707025e24
-3.2426183374822047e24
-3.307192262230107e24
-3.371582306762804e24
-3.4357758948136285e24
-3.499760667411044e24
-3.563524488438794e24
-3.6270554500418893e24
-3.690341877875045e24
-3.7533723361896514e24
-3.8161356327558044e24
-3.878620823615931e24
-3.9408172176665914e24
-4.002714381065207e24
-4.0643021414585924e24
-4.125570592030019e24
-4.1865100953621205e24
-4.247111287112558e24
-4.3073650794998263e24
-4.3672626645964556e24
-4.4267955174272115e24
-4.4859553988697517e24
-4.5447343583556374e24
-4.603124736369264e24
-4.661119166742949e24
-4.7187105787461145e24
-4.7758921989667545e24
-4.8326575529836133e24
-4.889000466827464e24
-4.944915068230118e24
-5.000395787659951e24
-5.05543735914263e24
-5.11003482086629e24
-5.164183515570111e24
-5.217879090715655e24
-5.271117498440324e24
-5.323894995292561e24
-5.376208141748408e24
-5.428053801509391e24
-5.479429140581451e24
-5.53033162613538e24
-5.580759025148771e24
-5.630709402829986e24
-5.680181120824706e24
-5.729172835205718e24
-5.777683494246818e24
-5.82571233598184e24
-5.8732588855498e24
-5.920322952327681e24
-5.966904626852045e24
-6.013004277531176e24
-6.058622547149423e24
-6.103760349165584e24
-6.148418863807414e24
-6.192599533964203e24
-6.236304060879965e24
-6.279534399649462e24
-6.322292754519731e24
-6.364581573999762e24
-6.406403545781199e24
-6.447761591473041e24
-6.48865886115349e24
-6.529098727742039e24
-6.569084781195442e24
-6.608620822530848e24
-6.647710857679877e24
-6.686359091177319e24
-6.724569919688438e24
-6.762347925378822e24
-6.799697869131039e24
-6.836624683612158e24
-6.873133466196753e24
-6.90922947174974e24
-6.944918105273706e24
-6.980204914425418e24
-7.015095581906405e24
-7.049595917732467e24
-7.083711851387278e24
-7.117449423865028e24
-7.150814779607551e24
-7.183814158341146e24
-7.216453886818549e24
-7.248740370471572e24
-7.280680084980011e24
-7.312279567762489e24
-7.343545409395061e24
-7.374484244963282e24
-7.405102745353809e24
-7.435407608491442e24
-7.465405550527603e24
-7.495103296986455e24
-7.524507573874771e24
-7.553625098761814e24
-7.582462571835419e24
-7.611026666940711e24
-7.63932402260776e24
-7.667361233074561e24
-7.695144839311835e24
-7.722681320056077e24
-7.749977082857373e24
-7.777038455148514e24
-7.80387167534191e24
-7.830482883960958e24
-7.856878114812304e24
-7.883063286205704e24
-7.909044192227992e24
-7.93482649407775e24
-7.960415711467257e24
-7.985817214098338e24
-8.01103621321854e24
-8.036077753264313e24
-8.060946703597623e24
-8.085647750342503e24
-8.110185388328014e24
-8.134563913143999e24
-8.158787413316075e24
-8.182859762606146e24
-8.206784612444719e24
-8.230565384501328e24
-8.254205263399191e24
-8.277707189580227e24
-8.301073852326501e24
-8.324307682944075e24
-8.347410848115212e24
-8.370385243424688e24
-8.393232487066053e24
-8.415953913733446e24
-8.438550568704604e24
-8.46102320212046e24
-8.483372263466796e24
-8.505597896263215e24
-8.527699932964554e24
-8.5496778900799e24
-8.571530963514087e24
-8.593258024136508e24
-8.61485761358205e24
-8.636327940288614e24
-8.65766687577578e24
-8.678871951168878e24
-8.69994035397273e24
-8.720868925099034e24
-8.741654156151381e24
-8.762292186971629e24
-8.782778803451223e24
-8.803109435611025e24
-8.823279155952847e24
-8.843282678085939e24
-8.863114355631332e24
-8.882768181406952e24
-8.902237786896124e24
-8.921516442001923e24
-8.940597055089772e24
-8.959472173320367e24
-8.978133983274931e24
-8.996574311874588e24
-9.014784627595427e24
-9.032756041980768e24
-9.050479311451793e24
-9.067944839417621e24
-9.085142678685693e24
-9.102062534173206e24
-9.118693765919944e24
-9.135025392402965e24
-9.151046094153072e24
-9.166744217673155e24
-9.182107779657945e24
-9.197124471514764e24
-9.211781664184624e24
-9.22606641326267e24
-9.239965464416995e24
-9.253465259104488e24
-9.266551940582165e24
-9.279211360212496e24
-9.291429084060508e24
-9.303190399780953e24
-9.3144803237929e24
-9.325283608739543e24
-9.335584751230314e24
-9.345367999862524e24
-9.354617363519505e24
-9.363316619941726e24
-9.3714493245677e24
-9.378998819640696e24
-9.385948243577697e24
-9.392280540596202e24
-9.397978470594941e24
-9.403024619283675e24
-9.407401408557852e24
-9.411091107112969e24
-9.414075841293694e24
-9.416337606172707e24
-9.417858276853627e24
-9.41861961999272e24
-9.418603305533427e24
-9.417790918647898e24
-9.416163971879586e24
-9.413703917480349e24
-9.410392159935895e24
-9.406210068672877e24
-9.401138990940949e24
-9.395160264862809e24
-9.388255232645328e24
-9.380405253944301e24
-9.371591719375851e24
-9.361796064166654e24
-9.35099978193548e24
-9.339184438598413e24
-9.326331686389606e24
-9.312423277989848e24
-9.297441080754485e24
-9.281367091032706e24
-9.264183448569678e24
-9.245872450983065e24
-9.226416568305382e24
-9.205798457583412e24
-9.184000977526043e24
-9.161007203191492e24
-9.13680044070511e24
-9.111364241998486e24
-9.084682419561137e24
-9.056739061195181e24
-9.027518544763925e24
-8.997005552925125e24
-8.965185087839374e24
-8.932042485844456e24
-8.89756343208574e24
-8.86173397509386e24
-8.82454054129931e24
-8.785969949475038e24
-8.746009425097107e24
-8.704646614613995e24
-8.661869599614843e24
-8.617666910887103e24
-8.572027542353804e24
-8.524940964881246e24
-8.476397139946994e24
-8.426386533158997e24
-8.374900127616127e24
-8.321929437100696e24
-8.267466519093386e24
-8.21150398760126e24
-8.154035025789305e24
-8.095053398406517e24
-8.034553463996807e24
-7.97253018688587e24
-7.908979148934727e24
-7.843896561050973e24
-7.777279274448696e24
-7.709124791648224e24
-7.639431277206858e24
-7.568197568172149e24
-7.495423184248789e24
-7.421108337670892e24
-7.345253942771315e24
-7.267861625239775e24
-7.188933731061623e24
-7.108473335129484e24
-7.026484249519665e24
-6.942971031426208e24
-6.857938990744434e24
-6.771394197297123e24
-6.683343487695945e24
-6.593794471831158e24
-6.502755538982815e24
-6.410235863546535e24
-6.316245410367973e24
-6.220794939678943e24
-6.123896011629679e24
-6.025560990411052e24
-5.925803047961189e24
-5.824636167250959e24
-5.722075145143058e24
-5.618135594819537e24
-5.512833947773328e24
-5.406187455358577e24
-5.298214189895881e24
-5.188933045328068e24
-5.078363737422677e24
-4.966526803517423e24
-4.853443601805314e24
-4.739136310155997e24
-4.6236279244709206e24
-4.506942256568998e24
-4.3891039316007955e24
-4.2701383849889626e24
-4.1500718588929886e24
-4.028931398196664e24
-3.906744846016951e24
-3.7835408387329135e24
-3.65934880053445e24
-3.534198937489556e24
-3.408122231130383e24
-3.2811504315578636e24
-3.153316050065273e24
-3.024652351281229e24
-2.8951933448330425e24
-2.764973776531343e24
-2.6340291190779047e24
-2.5023955622976495e24
-2.3701100028973454e24
-2.2372100337531003e24
-2.1037339327291072e24
-1.9697206510306935e24
-1.8352098010943948e24
-1.7002416440191095e24
-1.5648570765413092e24
-1.429097617558714e24
-1.293005394206608e24
-1.1566231274912266e24
-1.0199941174851792e24
-8.831622280899267e23
-7.461718713704917e23
-6.090679914686936e23
-4.718960480999499e23
-3.347019996405339e23
-1.975322858114466e23
-6.043380996571902e22
7.654607901385577e22
2.133596051992698e23
3.499585844768099e23
4.862944437732068e23
6.223182406410805e23
7.579806831949423e23
8.932321503892773e23
1.02802271263007e24
1.1623021527106064e24
1.2960199870623747e24
1.4291254873117023e24
1.5615677021319453e24
1.6932954793819794e24
1.8242574885203016e24
1.954402243284608e24
2.0836781246262188e24
2.2120334038885596e24
2.3394162662187275e24
2.46577483420116e24
2.591057191701477e24
2.715211407909748e24
2.8381855615708675e24
2.959927765390393e24
3.0803861906037515e24
3.199509091696623e24
3.3172448312640665e24
3.433541904996137e24
3.5483489667767985e24
3.6616148538840305e24
3.773288612277787e24
3.883319521962851e24
3.991657122413583e24
4.0982512380471274e24
4.2030520037320746e24
4.306009890318545e24
4.407075730176938e24
4.5062007427311654e24
4.60333655997297e24
4.6984352519436166e24
4.791449352169011e24
4.882331883034683e24
4.971036381086601e24
5.057516922243834e24
5.141728146909486e24
5.223625284965616e24
5.303164180638489e24
5.380301317219973e24
5.454993841631448e24
5.527199588815921e24
5.596877105945089e24
5.663985676426598e24
5.728485343698683e24
5.790336934797689e24
5.849502083685055e24
5.905943254320246e24
5.959623763465692e24
6.010507803210723e24
6.058560463200732e24
6.103747752558385e24
6.146036621483758e24
6.185394982520314e24
6.221791731473648e24
6.255196767970212e24
6.285581015643559e24
6.312916441935048e24
6.337176077497395e24
6.358334035187801e24
6.376365528639743e24
6.39124689040065e24
6.402955589624058e24
6.411470249305068e24
6.416770663047044e24
6.418837811349425e24
6.417653877404561e24
6.413202262394201e24
6.40546760027402e24
6.39443577203685e24
6.380093919444086e24
6.362430458215633e24
6.34143509066937e24
6.31709881780016e24
6.289413950790203e24
6.258374121941365e24
6.223974295021921e24
6.186210775018562e24
6.145081217286978e24
6.10058463609253e24
6.052721412534229e24
6.001493301845473e24
5.946903440063852e24
5.88895635006519e24
5.827657946954412e24
5.763015542808871e24
5.695037850767897e24
5.623734988463948e24
5.549118480791131e24
5.471201262005896e24
5.389997677157048e24
5.305523482840413e24
5.217795847276059e24
5.126833349703973e24
5.032655979096982e24
4.935285132187668e24
4.834743610807955e24
4.7310556185404714e24
4.624246756679333e24
4.5143440195013906e24
4.4013757888458986e24
4.285371828004348e24
4.166363274919398e24
4.044382634695186e24
3.919463771419096e24
3.7916418992970425e24
3.6609535731047616e24
3.527436677956255e24
3.391130418393705e24
3.252075306800321e24
3.110313151141309e24
2.965887042035497e24
2.8188413391624573e24
2.6692216570103115e24
2.517074849967902e24
2.36244899676846e24
2.2053933842887542e24
2.0459584907117032e24
1.8841959680571617e24
1.7201586240895588e24
1.5539004036082107e24
1.3854763691285183e24
1.2149426809626357e24
1.0423565767064667e24
8.677763501435505e23
6.912613295729544e23
5.128718555725108e23
3.3266925820518495e23
1.5071583368054267e23
-3.2925179519789573e22
-2.181896250413664e23
-4.050124535691366e23
-5.9332774824284864e23
-7.830687505619933e23
-9.741678867703212e23
-1.166556794705667e24
-1.360166351104092e24
-1.5549266993447853e24
-1.750767277622015e24
-1.9476168475321617e24
-2.1454035230602632e24
-2.344054799954081e24
-2.5434975854694293e24
-2.7436582284743463e24
-2.9444625498954276e24
-3.145835873492925e24
-3.347703056948869e24
-3.5499885232521244e24
-3.752616292366427e24
-3.955510013163576e24
-4.158592995607896e24
-4.3617882431736826e24
-4.565018485481375e24
-4.768206211133936e24
-4.971273700738352e24
-5.174143060094853e24
-5.376736253536133e24
-5.578975137401208e24
-5.780781493624604e24
-5.982077063425689e24
-6.182783581078671e24
-6.382822807747336e24
-6.582116565366389e24
-6.780586770550925e24
-6.978155468518049e24
-7.174744867000717e24
-7.370277370138182e24
-7.564675612322949e24
-7.757862491988582e24
-7.949761205318318e24
-8.140295279858288e24
-8.329388608016772e24
-8.516965480430995e24
-8.702950619185143e24
-8.887269210859976e24
-9.069846939398054e24
-9.250610018765161e24
-9.42948522539207e24
-9.606399930377228e24
-9.781282131434586e24
-9.95406048456834e24
-1.0124664335457045e25
-1.0293023750531194e25
-1.0459069547725615e25
-1.0622733326891683e25
-1.078394749985075e25
-1.0942645320073862e25
-1.1098760911970665e25
-1.125222929977088e25
-1.1402986435983697e25
-1.1550969229417622e25
-1.1696115572746832e25
-1.1838364369607235e25
-1.1977655561208457e25
-1.2113930152445587e25
-1.2247130237497001e25
-1.237719902489375e25
-1.2504080862045578e25
-1.2627721259211154e25
-1.2748066912897433e25
-1.2865065728676394e25
-1.2978666843404719e25
-1.308882064683526e25
-1.3195478802606572e25
-1.3298594268599516e25
-1.3398121316649147e25
-1.3494015551599643e25
-1.3586233929692978e25
-1.3674734776278805e25
-1.3759477802837148e25
-1.3840424123302404e25
-1.3917536269680386e25
-1.3990778206948804e25
-1.4060115347232025e25
-1.4125514563242812e25
-1.4186944200982061e25
-1.4244374091689947e25
-1.429777556304039e25
-1.4347121449573298e25
-1.4392386102357175e25
-1.4433545397877199e25
-1.4470576746142976e25
-1.4503459098010598e25
-1.4532172951715687e25
-1.4556700358611752e25
-1.4577024928111783e25
-1.4593131831828606e25
-1.4605007806912415e25
-1.4612641158582192e25
-1.461602176185009e25
-1.4615141062436817e25
-1.4609992076877522e25
-1.4600569391817653e25
-1.4586869162498691e25
-1.4568889110434669e25
-1.4546628520280032e25
-1.4520088235890708e25
-1.4489270655580017e25
-1.4454179726572034e25
-1.4414820938655267e25
-1.4371201317039699e25
-1.432332941442164e25
-1.4271215302259876e25
-1.4214870561268664e25
-1.4154308271132165e25
-1.4089542999446163e25
-1.4020590789893745e25
-1.3947469149660492e25
-1.3870197036097243e25
-1.3788794842637207e25
-1.3703284383975992e25
-1.3613688880522298e25
-1.3520032942128814e25
-1.3422342551111689e25
-1.3320645044569508e25
-1.321496909601071e25
-1.3105344696300586e25
-1.2991803133938953e25
-1.2874376974679447e25
-1.2753100040502683e25
-1.2628007387955141e25
-1.2499135285866294e25
-1.236652119245766e25
-1.2230203731856044e25
-1.2090222670025515e25
-1.194661889013189e25
-1.1799434367354228e25
-1.1648712143158095e25
-1.1494496299045854e25
-1.1336831929799055e25
-1.1175765116229583e25
-1.1011342897454627e25
-1.084361324271257e25
-1.067262502273637e25
-1.049842798070135e25
-1.0321072702764797e25
-1.0140610588214897e25
-9.957093819246519e24
-9.77057533038279e24
-9.581108777559627e24
-9.388748506892541e24
-9.193549523144242e24
-8.995567457911975e24
-8.794858537553872e24
-8.591479550873211e24
-8.385487816581126e24
-8.176941150556186e24
-7.965897832921292e24
-7.752416574958413e24
-7.536556485880012e24
-7.318377039478412e24
-7.097938040672981e24
-6.875299591975619e24
-6.650522059895105e24
-6.423666041300472e24
-6.194792329765e24
-5.963961881910161e24
-5.7312357837712e24
-5.496675217204639e24
-5.260341426358457e24
-5.022295684225728e24
-4.782599259302342e24
-4.5413133823691234e24
-4.298499213419939e24
-4.054217808754989e24
-3.808530088260713e24
-3.56149680289635e24
-3.313178502407486e24
-3.063635503286708e24
-2.812927857001607e24
-2.561115318509451e24
-2.3082573150795596e24
-2.0544129154413866e24
-1.7996407992789373e24
-1.543999227090281e24
-1.287546010431303e24
-1.0303384825626352e24
-7.724334695178817e23
-5.1388726161272956e23
-2.5475558541149383e23
4.906423829782742e21
2.650442492266295e23
5.2560401881834005e23
7.865325315920525e23
1.0477772829619529e24
1.3092864896875224e24
1.571009114213715e24
1.8328948884187294e24
2.094894336752895e24
2.3569587987540129e24
2.61904045092444e24
2.8810923279555807e24
3.143068343285801e24
3.4049233089786916e24
3.666612954907451e24
3.9280939472341654e24
4.189323906170649e24
4.450261423009372e24
4.7108660764130927e24
4.971098447952213e24
5.230920136879277e24
5.490293774131134e24
5.749183035547975e24
6.007552654301841e24
6.265368432524744e24
6.522597252128962e24
6.779207084811662e24
7.035167001237013e24
7.290447179388973e24
7.545018912089289e24
7.798854613674085e24
8.051927825825495e24
8.304213222552899e24
8.555686614320174e24
8.806324951315695e24
9.056106325862164e24
9.305009973963964e24
9.553016275990877e24
9.800106756495754e24
1.0046264083167217e25
1.0291472064916066e25
1.05357156490966e25
1.077898091786364e25
1.1021255083667095e25
1.1262526483886556e25
1.1502784574607695e25
1.174201992354536e25
1.198022420211607e25
1.2217390176665065e25
1.2453511698852502e25
1.2688583695205057e25
1.2922602155838293e25
1.3155564122357669e25
1.3387467674943925e25
1.3618311918632344e25
1.3848096968793263e25
1.407682393582304e25
1.4304494909055142e25
1.4531112939901088e25
1.4756682024232087e25
1.4981207084012604e25
1.5204693948196571e25
1.5427149332899781e25
1.5648580820859999e25
1.5868996840198504e25
1.6088406642496405e25
1.6306820280200244e25
1.6524248583371067e25
1.6740703135792816e25
1.6956196250454435e25
1.7170740944423013e25
1.738435091312381e25
1.7597040504044e25
1.780882468987795e25
1.8019719041131444e25
1.8229739698203311e25
1.8438903342963199e25
1.8647227169843868e25
1.8854728856468366e25
1.9061426533831108e25
1.9267338756053448e25
1.9472484469733942e25
1.967688298291429e25
1.9880553933682404e25
2.0083517258433174e25
2.0285793159809965e25
2.048740207434787e25
2.068836463984177e25
2.0888701662461304e25
2.108843408363601e25
2.1287582946733463e25
2.148616936355415e25
2.168421448066577e25
2.1881739445601897e25
2.207876537294789e25
2.2275313310338627e25
2.247140420439239e25
2.2667058866604718e25
2.286229793922749e25
2.3057141861157387e25
2.325161083385821e25
2.344572478734249e25
2.3639503346236813e25
2.383296579595561e25
2.4026131049008766e25
2.421901761146762e25
2.4411643549614385e25
2.4604026456800248e25
2.479618342053616e25
2.4988130989842295e25
2.517988514288009e25
2.53714612548919e25
2.556287406647298e25
2.5754137652199868e25
2.594526538964007e25
2.6136269928766957e25
2.6327163161803803e25
2.651795619352121e25
2.6708659312011464e25
2.689928195996317e25
2.7089832706459713e25
2.7280319219324236e25
2.7470748238034416e25
2.7661125547228906e25
2.7851455950828164e25
2.804174324679159e25
2.8231990202532194e25
2.842219853101055e25
2.861236886752858e25
2.8802500747244114e25
2.899259258342628e25
2.918264164647129e25
2.937264404369854e25
2.9562594699945794e25
2.9752487338981893e25
2.9942314465755407e25
3.0132067349496657e25
3.032173600769054e25
3.051130919093688e25
3.070077436871411e25
3.0890117716062787e25
3.10793241012035e25
3.1268377074104163e25
3.1457258856010726e25
3.164595032995495e25
3.183443103225228e25
3.2022679145002227e25
3.2210671489603025e25
3.239838352129208e25
3.25857893247227e25
3.2772861610587066e25
3.2959571713295196e25
3.3145889589718306e25
3.333178381900485e25
3.3517221603477222e25
3.370216877061481e25
3.388658977613103e25
3.40704477081486e25
3.4253704292478774e25
3.4436319899008045e25
3.461825354919633e25
3.479946292468889e25
3.497990437704455e25
3.5159532938581092e25
3.5338302334338803e25
3.5516164995162223e25
3.569307207189874e25
3.58689734507134e25
3.6043817769516817e25
3.621755243550406e25
3.639012364380025e25
3.6561476397208803e25
3.673155452705718e25
3.6900300715134176e25
3.706765651671242e25
3.723356238464833e25
3.739795769455241e25
3.756078077101987e25
3.7721968914913387e25
3.788145843168709e25
3.803918466074082e25
3.8195082005793833e25
3.8349083966264413e25
3.850112316964378e25
3.86511314048492e25
3.8799039656543105e25
3.894477814040214e25
3.908827633932097e25
3.922946304053419e25
3.936826637363906e25
3.950461384950159e25
3.963843240002716e25
3.9769648418776805e25
3.989818780240934e25
4.002397599292905e25
4.014693802071786e25
4.026699854833016e25
4.038408191502882e25
4.049811218203838e25
4.06090131784936e25
4.071670854805778e25
4.082112179618766e25
4.09221763380192e25
4.101979554684874e25
4.111390280318367e25
4.120442154433562e25
4.129127531452963e25
4.137438781550107e25
4.145368295755296e25
4.152908491104452e25
4.160051815828273e25
4.166790754578705e25
4.173117833689758e25
4.179025626469707e25
4.184506758521558e25
4.189553913088743e25
4.1941598364228916e25
4.198317343170587e25
4.20201932177583e25
4.205258739895105e25
4.208028649821737e25
4.21032219391631e25
4.2121326100398735e25
4.213453236986591e25
4.214277519912556e25
4.214599015757397e25
4.214411398655341e25
4.213708465332317e25
4.212484140485798e25
4.210732482143906e25
4.208447687000421e25
4.205624095722304e25
4.2022561982262545e25
4.198338638921021e25
4.1938662219118815e25
4.188833916164045e25
4.183236860621471e25
4.177070369277745e25
4.170329936195622e25
4.163011240471856e25
4.155110151143919e25
4.1466227320353495e25
4.137545246536265e25
4.127874162315837e25
4.117606155963364e25
4.106738117554715e25
4.095267155140851e25
4.0831905991552765e25
4.07050600673709e25
4.057211165966709e25
4.043304100010864e25
4.028783071173987e25
4.013646584852833e25
3.997893393391348e25
3.981522499832817e25
3.9645331615663106e25
3.946924893864655e25
3.928697473310934e25
3.909850941110867e25
3.890385606288225e25
3.870302048760674e25
3.8496011222933372e25
3.8282839573275786e25
3.8063519636823666e25
3.7838068331259513e25
3.760650541815226e25
3.7368853526006143e25
3.712513817194125e25
3.6875387781983817e25
3.661963370994527e25
3.6357910254868693e25
3.609025467702317e25
3.5816707212426983e25
3.5537311085880524e25
3.525211252249147e25
3.496116075767554e25
3.466450804561605e25
3.4362209666167304e25
3.4054323930187196e25
3.374091218328444e25
3.342203880796933e25
3.3097771224193504e25
3.27681798882694e25
3.2433338290157997e25
3.209332294911572e25
3.174821340769172e25
3.1398092224067796e25
3.104304496273384e25
3.068316018349402e25
3.0318529428796893e25
2.9949247209386665e25
2.9575410988272205e25
2.9197121163010997e25
2.881448104630783e25
2.8427596844926335e25
2.803657763691583e25
2.764153534715359e25
2.7242584721205375e25
2.6839843297508493e25
2.6433431377880604e25
2.602347199636099e25
2.5610090886389483e25
2.519341644633099e25
2.477357970335461e25
2.435071427567484e25
2.3924956333167132e25
2.3496444556367374e25
2.306532009386885e25
2.2631726518128606e25
2.219580977969848e25
2.175771815989436e25
2.131760222192188e25
2.0875614760473047e25
2.0431910749813344e25
1.9986647290377656e25
1.9539983553894516e25
1.9092080727059736e25
1.8643101953780808e25
1.8193212276014013e25
1.7742578573219367e25
1.7291369500454999e25
1.683975542513854e25
1.6387908362499843e25
1.5936001909753049e25
1.5484211179014682e25
1.50327127289972e25
1.458168449550613e25
1.4131305720772789e25
1.3681756881651397e25
1.323321961671361e25
1.2785876652272723e25
1.2339911727370198e25
1.1895509517759334e25
1.1452855558919794e25
1.1012136168138663e25
1.0573538365694929e25
1.0137249795182156e25
9.703458643008649e24
9.272353557111626e24
8.844123564924904e24
8.418957990638614e24
7.997046371790636e24
7.578578375231042e24
7.163743712498711e24
6.752732054652581e24
6.345732946598805e24
5.94293572095645e24
5.544529411503812e24
5.150702666249165e24
4.7616436601683e24
4.377540007654725e24
3.998578674724232e24
3.6249458910202854e24
3.256827061664255e24
2.894406678995743e24
2.53786823424849e24
2.1873941292073995e24
1.843165587892067e24
1.5053625683141443e24
1.1741636743528279e24
8.49746067796213e23
5.322853805942148e23
2.219556273697013e23
-8.107088176558965e22
-3.76623628043875e23
-6.645339704767144e23
-9.446352318452568e23
-1.2167627842004425e24
-1.4807541338257089e24
-1.736449005616255e24
-1.9836894268284576e24
-2.2223198101540014e24
-2.452187036071991e24
-2.6731405344348213e24
-2.885032365240238e24
-3.0877172985470814e24
-3.281052893487861e24
-3.4648995763344063e24
-3.639120717572696e24
-3.8035827079420997e24
-3.9581550333972036e24
-4.10271034894677e24
-4.2371245513301483e24
-4.361276850486525e24
-4.4750498397771243e24
-4.578329564918237e24
-4.6710055915848276e24
-4.7529710716451284e24
-4.824122807986194e24
-4.884361317891969e24
-4.933590894935518e24
-4.971719669348613e24
-4.998659666830552e24
-5.014326865761699e24
-5.018641252785125e24
-5.011526876722021e24
-4.992911900788255e24
-4.962728653076414e24
-4.920913675274427e24
-4.867407769586151e24
-4.8021560438261723e24
-4.725107954657094e24
-4.636217348941367e24
-4.5354425031805834e24
-4.4227461610135827e24
-4.298095568749272e24
-4.1614625089073866e24
-4.012823331745325e24
-3.8521589847454164e24
-3.679455040043497e24
-3.494701719775498e24
-3.2978939193230037e24
-3.0890312284403005e24
-2.8681179502419604e24
-2.635163118038312e24
-2.390180509999273e24
-2.1331886616358208e24
-1.8642108760821503e24
-1.5832752321699244e24
-1.2904145902806491e24
-9.85666595967547e23
-6.690736813392462e23
-3.406830641949812e23
-5.467449085990535e20
3.5127849894777644e23
7.147311202403316e23
1.0897448121765381e24
1.476248520474608e24
1.8741664577985804e24
2.2834181204613993e24
2.703918307389746e24
3.1355771413517054e24
3.5783000924382347e24
4.031988003797262e24
4.496537119608901e24
4.971839115297275e24
5.457781129968067e24
5.954245801059521e24
6.461111301199018e24
6.978251377247189e24
7.505535391520418e24
8.042828365171e24
8.589991023713642e24
9.146879844675126e24
9.713347107352258e24
1.0289240944656292e25
1.0874405397020501e25
1.1468680468352783e25
1.2071902184003964e25
1.2683902650732764e25
1.330451011863562e25
1.3933549045019033e25
1.4570840160183976e25
1.5216200535091554e25
1.5869443650883873e25
1.653037947022289e25
1.71988145104207e25
1.7874551918321623e25
1.855739154690757e25
1.9247130033585086e25
1.9943560880122202e25
2.064647453419585e25
2.1355658472509022e25
2.2070897285443285e25
2.279197276320021e25
2.3518663983396524e25
2.4250747400064925e25
2.498799693402333e25
2.5730184064563156e25
2.647707792241662e25
2.7228445383955786e25
2.7984051166575045e25
2.874365792521551e25
2.9507026349976814e25
3.027391526477537e25
3.1044081726992756e25
3.1817281128070776e25
3.259326729500031e25
3.337179259265117e25
3.4152608026897086e25
3.4935463348477213e25
3.572010715754848e25
3.6506287008869643e25
3.729374951756988e25
3.808224046544208e25
3.887150490771222e25
3.966128728022756e25
4.045133150700777e25
4.124138110810832e25
4.203117930773481e25
4.282046914255945e25
4.360899357017673e25
4.439649557764964e25
4.518271829008367e25
4.5967405079177426e25
4.675029967169203e25
4.753114625778014e25
4.830968959912445e25
4.908567513682243e25
4.985884909896705e25
5.062895860786246e25
5.139575178682221e25
5.215897786649293e25
5.291838729064547e25
5.3673731821382724e25
5.442476464370334e25
5.517124046937187e25
5.591291564003476e25
5.664954822953426e25
5.738089814535954e25
5.810672722918707e25
5.882679935645433e25
5.954088053491294e25
6.024873900211319e25
6.09501453217626e25
6.164487247891338e25
6.2332695973922295e25
6.301339391513864e25
6.368674711026529e25
6.435253915634946e25
6.501055652835193e25
6.5660588666247455e25
6.6302428060612614e25
6.6935870336651475e25
6.756071433661852e25
6.817676220059007e25
6.8783819445545566e25
6.938169504271354e25
6.997020149314076e25
7.0549154901446895e25
7.111837504772113e25
7.167768545752677e25
7.22269134699716e25
7.2765890303812425e25
7.329445112155384e25
7.381243509151031e25
7.431968544779756e25
7.481604954821882e25
7.5301378930019685e25
7.57755293634764e25
7.623836090329419e25
7.6689737937783686e25
7.712952923579326e25
7.755760799136885e25
7.797385186612054e25
7.837814302927183e25
7.877036819537039e25
7.915041865964207e25
7.951819033096735e25
7.987358376246565e25
8.021650417966901e25
8.0546861506273e25
8.086457038745034e25
8.116955021071568e25
8.146172512433178e25
8.174102405324694e25
8.200738071255793e25
8.22607336184895e25
8.250102609688923e25
8.272820628923044e25
8.29422271561241e25
8.314304647833905e25
8.333062685532853e25
8.350493570126933e25
8.366594523861416e25
8.381363248916434e25
8.394797926266753e25
8.40689721429514e25
8.417660247159845e25
8.427086632917728e25
8.435176451403977e25
8.441930251869786e25
8.447349050379656e25
8.451434326969832e25
8.454188022569732e25
8.455612535688204e25
8.45571071886677e25
8.454485874902027e25
8.451941752839468e25
8.44808254374126e25
8.442912876230549e25
8.436437811815048e25
8.428662839992682e25
8.419593873142422e25
8.409237241203216e25
8.397599686144535e25
8.384688356231609e25
8.370510800089002e25
8.35507496056613e25
8.338389168408372e25
8.320462135737656e25
8.301302949346471e25
8.280921063809406e25
8.259326294416247e25
8.236528809931162e25
8.212539125182001e25
8.187368093484703e25
8.161026898906856e25
8.133527048375436e25
8.10488036363347e25
8.075098973050366e25
8.044195303290994e25
8.012182070848521e25
7.97907227344614e25
7.944879181312872e25
7.909616328338833e25
7.873297503115178e25
7.835936739864337e25
7.797548309265893e25
7.758146709183789e25
7.7177466553004445e25
7.676363071663373e25
7.634011081150448e25
7.590705995859027e25
7.546463307425251e25
7.501298677279227e25
7.455227926842089e25
7.408267027670841e25
7.3604320915570946e25
7.3117393605856884e25
7.26220519715924e25
7.211846073994822e25
7.1606785640987495e25
7.10871933072575e25
7.055985117328558e25
7.002492737504168e25
6.948259064942886e25
6.893301023386188e25
6.837635576600059e25
6.78127971836927e25
6.724250462519279e25
6.666564832971673e25
6.608239853839367e25
6.549292539567554e25
6.489739885126642e25
6.429598856263079e25
6.368886379814215e25
6.307619334093123e25
6.245814539349322e25
6.183488748311408e25
6.120658636817311e25
6.057340794538173e25
5.9935517158012795e25
5.929307790518395e25
5.864625295224347e25
5.7995203842320075e25
5.734009080909011e25
5.668107269081628e25
5.6018306845712205e25
5.535194906868561e25
5.468215350951205e25
5.400907259249078e25
5.333285693763315e25
5.2653655283433195e25
5.197161441126854e25
5.1286879071479914e25
5.059959191117548e25
4.990989340380626e25
4.921792178055442e25
4.852381296358459e25
4.782770050119184e25
4.7129715504893874e25
4.642998658850532e25
4.572863980923283e25
4.5025798610829116e25
4.432158376884192e25
4.361611333799349e25
4.290950260172388e25
4.2201864023930745e25
4.149330720293703e25
4.0783938827715925e25
4.007386263640199e25
3.936317937711464e25
3.865198677112115e25
3.7940379478359415e25
3.722844906535091e25
3.651628397551522e25
3.5803969501913117e25
3.509158776243347e25
3.4379217677441133e25
3.366693494990086e25
3.29548120479909e25
3.2242918190218304e25
3.153131933304634e25
3.0820078161042883e25
3.0109254079556926e25
2.9398903209929228e25
2.8689078387240738e25
2.7979829160601895e25
2.727120179598121e25
2.656323928157832e25
2.585598133573111e25
2.5149464417358685e25
2.4443721738932593e25
2.3738783281968854e25
2.3034675815032242e25
2.233142291424206e25
2.1629044986267522e25
2.0927559293798607e25
2.0226979983477192e25
1.952731811627142e25
1.8828581700274647e25
1.8130775725908868e25
1.743390220351069e25
1.6737960203277015e25
1.6042945897542833e25
1.5348852605371242e25
1.4655670839418907e25
1.396338835505392e25
1.3271990201692406e25
1.2581458776321759e25
1.1891773879176523e25
1.1202912771531158e25
1.051485023557312e25
9.827558636317458e24
9.141007985523634e24
8.455166007572722e24
7.76999820726329e24
7.085467939481246e24
6.401536480699474e24
5.718163102258021e24
5.035305145383458e24
4.352918097889886e24
3.670955672517782e24
2.9893698868568465e24
2.3081111448006319e24
1.627128319479147e24
9.463688376151637e23
2.6577876524746933e23
-4.146971052345552e23
-1.0951151668043431e24
-1.7755329083168402e24
-2.456008823893831e24
-3.136602321235255e24
-3.8173736289189277e24
-4.498383702750078e24
-5.179694131226925e24
-5.861367040179402e24
-6.543464996654165e24
-7.226050912105636e24
-7.909187944960162e24
-8.59293940262114e24
-9.277368642980531e24
-9.962538975506052e24
-1.0648513561970919e25
-1.1335355316895351e25
-1.2023126807768926e25
-1.2711890155122567e25
-1.3401706932520711e25
-1.4092638066542504e25
-1.4784743736823426e25
-1.5478083276226229e25
-1.6172715071214882e25
-1.6868696462495775e25
-1.756608364600482e25
-1.8264931574305732e25
-1.8965293858471633e25
-1.9667222670521137e25
-2.0370768646478767e25
-2.1075980790130336e25
-2.178290637754349e25
-2.249159086242284e25
-2.3202077782370425e25
-2.3914408666119015e25
-2.462862294180902e25
-2.534475784637615e25
-2.6062848336118e25
-2.678292699850964e25
-2.7505023965328448e25
-2.822916682716336e25
-2.8955380549367864e25
-2.968368738952417e25
-3.0414106816482383e25
-3.11466554310388e25
-3.1881346888315103e25
-3.261819182190153e25
-3.3357197769823972e25
-3.409836910239562e25
-3.4841706952012425e25
-3.5587209144949884e25
-3.6334870135218954e25
-3.7084680940536244e25
-3.7836629080463843e25
-3.8590698516774054e25
-3.934686959608587e25
-4.010511899483262e25
-4.086541966660435e25
-4.162774079191643e25
-4.239204773045077e25
-4.315830197581635e25
-4.392646111287282e25
-4.469647877766079e25
-4.5468304619980286e25
-4.624188426865742e25
-4.701715929953809e25
-4.779406720624525e25
-4.857254137373595e25
-4.935251105469134e25
-5.013390134877144e25
-5.091663318476824e25
-5.1700623305678895e25
-5.2485784256735234e25
-5.327202437640796e25
-5.405924779041217e25
-5.484735440873554e25
-5.563623992570856e25
-5.6425795823136e25
-5.721590937650515e25
-5.80064636642857e25
-5.87973375803336e25
-5.958840584941e25
-6.037953904582387e25
-6.117060361520505e25
-6.196146189941284e25
-6.2751972164584664e25
-6.354198863232136e25
-6.4331361514014435e25
-6.511993704830838e25
-6.590755754169386e25
-6.6694061412226306e25
-6.747928323635992e25
-6.826305379888716e25
-6.904520014597074e25
-6.982554564125371e25
-7.060391002503079e25
-7.138010947646265e25
-7.215395667881203e25
-7.292526088768046e25
-7.369382800221941e25
-7.445946063929062e25
-7.522195821054809e25
-7.598111700240786e25
-7.673673025887826e25
-7.74885882672134e25
-7.82364784463541e25
-7.898018543811958e25
-7.971949120110951e25
-8.04541751072745e25
-8.11840140411121e25
-8.190878250144317e25
-8.262825270572116e25
-8.334219469682579e25
-8.405037645229065e25
-8.475256399591197e25
-8.544852151168577e25
-8.613801146001588e25
-8.682079469613834e25
-8.749663059069914e25
-8.816527715242966e25
-8.88264911528541e25
-8.94800282529672e25
-9.012564313181594e25
-9.076308961692035e25
-9.13921208164633e25
-9.201248925318242e25
-9.262394699989081e25
-9.322624581655696e25
-9.381913728886847e25
-9.440237296820702e25
-9.497570451295643e25
-9.553888383106961e25
-9.609166322381444e25
-9.663379553061897e25
-9.716503427493847e25
-9.768513381106025e25
-9.819384947176585e25
-9.869093771676668e25
-9.917615628182984e25
-9.964926432850915e25
-1.001100225943956e26
-1.0055819354380177e26
-1.0099354151879253e26
-1.0141583289047522e26
-1.0182483621046055e26
-1.0222032236240657e26
-1.0260206471355555e26
-1.0296983926617495e26
-1.0332342480881295e26
-1.0366260306727703e26
-1.0398715885524681e26
-1.0429688022442902e26
-1.0459155861416511e26
-1.0487098900039908e26
-1.0513497004391596e26
-1.0538330423775885e26
-1.0561579805373404e26
-1.0583226208791338e26
-1.0603251120504308e26
-1.0621636468176813e26
-1.0638364634858262e26
-1.0653418473041597e26
-1.066678131857649e26
-1.067843700442828e26
-1.0688369874273734e26
-1.0696564795924832e26
-1.0703007174571824e26
-1.0707682965836874e26
-1.0710578688629644e26
-1.0711681437796316e26
-1.071097889655353e26
-1.0708459348698884e26
-1.070411169058972e26
-1.0697925442881947e26
-1.0689890762020861e26
-1.0679998451475921e26
-1.0668239972711631e26
-1.0654607455886757e26
-1.0639093710274212e26
-1.0621692234394053e26
-1.0602397225852395e26
-1.0581203590878678e26
-1.055810695355439e26
-1.0533103664726256e26
-1.0506190810596924e26
-1.0477366220986723e26
-1.044662847725968e26
-1.0413976919907729e26
-1.0379411655786712e26
-1.0342933564998299e26
-1.0304544307411939e26
-1.0264246328821082e26
-1.0222042866728441e26
-1.01779379557547e26
-1.013193643266584e26
-1.0084043941013876e26
-1.0034266935386712e26
-9.982612685262166e25
-9.929089278462045e25
-9.873705624202343e25
-9.816471455735284e25
-9.757397332579993e25
-9.696494642337845e25
-9.633775602089759e25
-9.569253259371925e25
-9.502941492727618e25
-9.43485501183219e25
-9.365009357189004e25
-9.293420899394427e25
-9.220106837969568e25
-9.145085199757481e25
-9.068374836884313e25
-8.98999542428331e25
-8.909967456780381e25
-8.828312245741229e25
-8.745051915278903e25
-8.660209398021966e25
-8.573808430443375e25
-8.485873547749954e25
-8.396430078333592e25
-8.30550413778433e25
-8.213122622466926e25
-8.119313202661758e25
-8.02410431527177e25
-7.927525156097348e25
-7.829605671680861e25
-7.7303765507233666e25
-7.629869215075953e25
-7.528115810308484e25
-7.425149195858511e25
-7.321002934764105e25
-7.21571128298363e25
-7.109309178306329e25
-7.001832228857988e25
-6.893316701205324e25
-6.783799508064247e25
-6.67331819561592e25
-6.561910930436359e25
-6.449616486043913e25
-6.336474229070793e25
-6.2225241050636006e25
-6.107806623919098e25
-5.992362844961146e25
-5.876234361665187e25
-5.7594632860366815e25
-5.642092232650069e25
-5.524164302355653e25
-5.405723065661014e25
-5.286812545794526e25
-5.167477201458733e25
-5.047761909280767e25
-4.927711945968461e25
-4.807372970179498e25
-4.686791004112707e25
-4.566012414829204e25
-4.445083895312817e25
-4.324052445278031e25
-4.2029653517345455e25
-4.081870169318345e25
-3.960814700397354e25
-3.8398469749624137e25
-3.719015230312234e25
-3.598367890542928e25
-3.4779535458514278e25
-3.3578209316630916e25
-3.238018907593919e25
-3.118596436257129e25
-2.9996025619252466e25
-2.881086389057503e25
-2.763097060703956e25
-2.6456837367963557e25
-2.5288955723373074e25
-2.412781695498165e25
-2.297391185636718e25
-2.1827730512464783e25
-2.0689762078475624e25
-1.956049455831597e25
-1.8440414582710539e25
-1.7330007187051206e25
-1.6229755589128435e25
-1.5140140966856251e25
-1.4061642236101161e25
-1.2994735828731646e25
-1.193989547100615e25
-1.0897591962410268e25
-9.86829295506464e24
-8.852462733813684e24
-7.850561997116398e24
-6.863047638850905e24
-5.890372531148043e24
-4.932985308375959e24
-3.991330152379965e24
-3.065846579102657e24
-2.156969226690853e24
-1.265127645209414e24
-3.907460880692764e23
4.657566947119525e23
1.303967661309338e24
2.1234796808368465e24
2.923891733928394e24
3.704809111048111e24
4.4658436084164097e24
5.206613721448814e24
5.926744835596331e24
6.625869414487333e24
7.303627185259429e24
7.959665320985782e24
8.593638620089386e24
9.205209682645157e24
9.794049083473526e24
1.0359835541924302e25
1.090225608825856e25
1.142100622653062e25
1.1915790093880155e25
1.2386320616142123e25
1.2832319659684468e25
1.325351817938839e25
1.3649656362682734e25
1.402048376955155e25
1.4365759468430533e25
1.4685252167915488e25
1.4978740344201646e25
1.5246012364181943e25
1.5486866604128662e25
1.570111156388758e25
1.588856597651676e25
1.604905891330206e25
1.6182429884086304e25
1.6288528932849443e25
1.6367216728480894e25
1.641836465068647e25
1.6441854870976115e25
1.6437580428680083e25
1.6405445301944255e25
1.6345364473658027e25
1.6257263992270525e25
1.6141081027453787e25
1.5996763920574125e25
1.5824272229935655e25
1.5623576770762572e25
1.5394659649890234e25
1.5137514295136404e25
1.485214547932893e25
1.453856933896653e25
1.4196813387495017e25
1.3826916523180878e25
1.3428929031570703e25
1.300291258252429e25
1.2548940221814545e25
1.20670963572902e25
1.155747673959785e25
1.1020188437466096e25
1.0455349807555551e25
9.863090458881526e24
9.243551211818719e24
8.596884051703231e24
7.92325207704516e24
7.222829442371924e24
6.495801295725199e24
5.74236371083332e24
4.962723613990798e24
4.1570987056710815e24
3.3257173769107033e24
2.46881862049751e24
1.5866519370035637e24
6.794772357067889e23
-2.5243526955763075e23
-1.2088051695647747e24
-2.18934197383692e24
-3.193745229696713e24
-4.221704646181659e24
-5.272900222757326e24
-6.347002382771928e24
-7.443672111585991e24
-8.562561099308655e24
-9.703311888075555e24
-1.0865558023790361e25
-1.2048924212261626e25
-1.3253026479651555e25
-1.4477472337163311e25
-1.5721860949878836e25
-1.698578330966745e25
-1.826882241207871e25
-1.957055343712294e25
-2.0890543933860775e25
-2.2228354008696074e25
-2.358353651728637e25
-2.4955637259964693e25
-2.634419518058044e25
-2.774874256865361e25
-2.9168805264737585e25
-3.060390286889005e25
-3.2053548952139465e25
-3.3517251270838724e25
-3.4994511983801296e25
-3.648482787209739e25
-3.7987690561404604e25
-3.950258674679042e25
-4.102899841982057e25
-4.25664030978586e25
-4.411427405544978e25
-4.567208055766715e25
-4.723928809528956e25
-4.88153586216963e25
-5.0399750791347966e25
-5.199192019973621e25
-5.359131962466604e25
-5.519739926874793e25
-5.680960700297732e25
-5.842738861126145e25
-6.005018803577382e25
-6.167744762299896e25
-6.330860837034642e25
-6.494311017319208e25
-6.658039207222255e25
-6.821989250095086e25
-6.986104953326817e25
-7.150330113090414e25
-7.3146085390657725e25
-7.4788840791277e25
-7.643100643984363e25
-7.807202231754051e25
-7.97113295246634e25
-8.134837052475538e25
-8.298258938772267e25
-8.461343203180564e25
-8.624034646428302e25
-8.786278302076633e25
-8.948019460296763e25
-9.109203691480749e25
-9.269776869673925e25
-9.429685195816212e25
-9.588875220779666e25
-9.747293868190689e25
-9.904888457023499e25
-1.0061606723953651e26
-1.0217396845458962e26
-1.0372207459656814e26
-1.0525987687865029e26
-1.0678687155875387e26
-1.0830256014928615e26
-1.098064496237882e26
-1.1129805262036918e26
-1.1277688764181676e26
-1.1424247925228306e26
-1.1569435827043328e26
-1.1713206195895655e26
-1.1855513421033787e26
-1.1996312572879502e26
-1.213555942082757e26
-1.2273210450642446e26
-1.2409222881442967e26
-1.2543554682265278e26
-1.2676164588195774e26
-1.2807012116065044e26
-1.2936057579695171e26
-1.3063262104691435e26
-1.3188587642771083e26
-1.331199698562203e26
-1.3433453778283168e26
-1.355292253204039e26
-1.367036863683047e26
-1.3785758373147645e26
-1.389905892344554e26
-1.4010238383029051e26
-1.4119265770430949e26
-1.4226111037267123e26
-1.433074507756617e26
-1.4433139736568106e26
-1.4533267818988366e26
-1.4631103096742439e26
-1.4726620316127763e26
-1.4819795204459136e26
-1.491060447615498e26
-1.4999025838270943e26
-1.508503799547885e26
-1.5168620654488863e26
-1.524975452791243e26
-1.532842133756524e26
-1.5404603817208273e26
-1.547828571472676e26
-1.5549451793745844e26
-1.5618087834683085e26
-1.5684180635238046e26
-1.574771801031896e26
-1.580868879140764e26
-1.586708282536348e26
-1.592289097266829e26
-1.597610510511327e26
-1.6026718102930562e26
-1.60747238513718e26
-1.612011723673607e26
-1.616289414185077e26
-1.6203051441008414e26
-1.6240586994363318e26
-1.6275499641792175e26
-1.6307789196222674e26
-1.6337456436435088e26
-1.6364503099341722e26
-1.6388931871749483e26
-1.6410746381611126e26
-1.6429951188771325e26
-1.6446551775213437e26
-1.6460554534813846e26
-1.6471966762610303e26
-1.6480796643591724e26
-1.648705324101666e26
-1.649074648426801e26
-1.6491887156252222e26
-1.6490486880350952e26
-1.6486558106933763e26
-1.6480114099440715e26
-1.647116892004374e26
-1.64597374148962e26
-1.6445835198980123e26
-1.6429478640560832e26
-1.6410684845259154e26
-1.6389471639751315e26
-1.6365857555107093e26
-1.633986180977688e26
-1.631150429223866e26
-1.6280805543315907e26
-1.6247786738178088e26
-1.6212469668034574e26
-1.6174876721534717e26
-1.6135030865885163e26
-1.6092955627696773e26
-1.6048675073573588e26
-1.6002213790455993e26
-1.5953596865730892e26
-1.5902849867121385e26
-1.584999882236902e26
-1.5795070198721604e26
-1.57380908822395e26
-1.5679088156933946e26
-1.5618089683750587e26
-1.5555123479411663e26
-1.549021789513049e26
-1.5423401595211885e26
-1.5354703535552049e26
-1.5284152942052131e26
-1.5211779288958828e26
-1.5137612277146201e26
-1.5061681812352746e26
-1.4984017983387325e26
-1.490465104031844e26
-1.4823611372660532e26
-1.4740929487571618e26
-1.4656635988075922e26
-1.4570761551326125e26
-1.4483336906918728e26
-1.439439281527674e26
-1.430396004611382e26
-1.421206935699358e26
-1.4118751471997856e26
-1.4024037060518338e26
-1.3927956716184526e26
-1.383054093594236e26
-1.3731820099296699e26
-1.3631824447731506e26
-1.3530584064320857e26
-1.3428128853544428e26
-1.3324488521320155e26
-1.3219692555267735e26
-1.3113770205215486e26
-1.300675046396342e26
-1.2898662048315387e26
-1.2789533380392593e26
-1.2679392569240917e26
-1.2568267392744102e26
-1.2456185279854683e26
-1.2343173293155124e26
-1.2229258111759725e26
-1.2114466014569363e26
-1.1998822863890218e26
-1.1882354089427244e26
-1.17650846726632e26
-1.16470391316338e26
-1.1528241506109263e26
-1.1408715343192219e26
-1.1288483683341776e26
-1.116756904683331e26
-1.1045993420663204e26
-1.0923778245907498e26
-1.080094440554323e26
-1.067751221274084e26
-1.0553501399635597e26
-1.042893110658654e26
-1.0303819871929555e26
-1.0178185622232584e26
-1.0052045663059441e26
-9.92541667024918e25
-9.798314681717088e25
-9.67075508978341e25
-9.542752634035309e25
-9.414321394727619e25
-9.285474786727122e25
-9.156225554005151e25
-9.026585764682758e25
-8.896566806632445e25
-8.76617938364004e25
-8.635433512129652e25
-8.504338518455625e25
-8.372903036762616e25
-8.241135007416948e25
-8.109041676010788e25
-7.976629592940609e25
-7.843904613560933e25
-7.710871898914171e25
-7.577535917036939e25
-7.443900444842687e25
-7.309968570580438e25
-7.17574269686866e25
-7.041224544303356e25
-6.9064151556386935e25
-6.7713149005384125e25
-6.6359234808957615e25
-6.5002399367188765e25
-6.364262652579907e25
-6.227989364622786e25
-6.091417168127227e25
-5.954542525624259e25
-5.8173612755591185e25
-5.679868641496437e25
-5.542059241862702e25
-5.403927100220415e25
-5.265465656067996e25
-5.12666777615928e25
-4.987525766335899e25
-4.848031383865621e25
-4.7081758502794935e25
-4.567949864700014e25
-4.427343617651932e25
-4.286346805348865e25
-4.144948644445033e25
-4.003137887244689e25
-3.860902837359332e25
-3.718231365803387e25
-3.5751109275181564e25
-3.4315285783140653e25
-3.2874709922207403e25
-3.142924479233864e25
-2.9978750034480177e25
-2.852308201563927e25
-2.706209401758699e25
-2.5595636429069376e25
-2.412355694140613e25
-2.264570074735571e25
-2.1161910743110963e25
-1.9672027733313774e25
-1.8175890638935448e25
-1.667333670790631e25
-1.5164201728350297e25
-1.3648320244289185e25
-1.212552577367519e25
-1.0595651028612147e25
-9.058528137618662e24
-7.513988869789106e24
-5.961864860706113e24
-4.401987839953059e24
-2.8341898600789387e24
-1.2583035268607042e24
3.258377692863159e23
1.91839962090766e24
3.5195463702775907e24
5.129440875477221e24
6.748244275962954e24
8.376115757765907e24
1.0013212318491035e25
1.165968853227114e25
1.3315696314840356e25
1.498138468888659e25
1.6656899549843382e25
1.8342383432286156e25
2.0037975277092425e25
2.174381019952984e25
2.3460019258433264e25
2.5186729226634282e25
2.6924062362803625e25
2.8672136184874896e25
3.0431063245194036e25
3.220095090757883e25
3.3981901126431408e25
3.5774010228069753e25
3.757736869443697e25
3.939206094934586e25
4.121816514741624e25
4.305575296585985e25
4.4904889399269875e25
4.676563255756682e25
4.863803346725339e25
5.052213587612968e25
5.241797606161734e25
5.432558264284094e25
5.624497639660974e25
5.817617007745236e25
6.0119168241828735e25
6.207396707668101e25
6.404055423244609e25
6.60189086606706e25
6.800900045636191e25
7.001079070520451e25
7.202423133577241e25
7.404926497686111e25
7.608582482006452e25
7.813383448771594e25
8.019320790631161e25
8.226384918553103e25
8.434565250296692e25
8.643850199467253e25
8.85422716516314e25
9.065682522225929e25
9.278201612101923e25
9.491768734326984e25
9.706367138642086e25
9.9219790177493e25
1.0138585500716557e26
1.0356166647039364e26
1.0574701441367339e26
1.0794167788903033e26
1.101454251147997e26
1.1235801344326729e26
1.145791893352327e26
1.1680868834155464e26
1.1904623509173233e26
1.2129154328957313e26
1.2354431571600145e26
1.2580424423903128e26
1.2807100983096757e26
1.3034428259284965e26
1.326237217861777e26
1.3490897587194365e26
1.3719968255698853e26
1.394954688477058e26
1.4179595111110009e26
1.4410073514321208e26
1.4640941624491165e26
1.4872157930506147e26
1.5103679889104346e26
1.5335463934663955e26
1.5567465489725432e26
1.579963897624582e26
1.603193782758368e26
1.626431450121e26
1.6496720492144544e26
1.6729106347111906e26
1.6961421679414144e26
1.7193615184515373e26
1.742563465633315e26
1.7657427004231507e26
1.7888938270709607e26
1.812011364977984e26
1.8350897506028616e26
1.8581233394352645e26
1.881106408036314e26
1.9040331561450044e26
1.926897708849762e26
1.949694118824256e26
1.972416368626599e26
1.9950583730607937e26
2.0176139815996425e26
2.04007698086789e26
2.0624410971845887e26
2.0846999991635334e26
2.1068473003705835e26
2.128876562036691e26
2.1507812958253564e26
2.1725549666532392e26
2.194190995562595e26
2.215682762644198e26
2.237023610009323e26
2.2582068448093744e26
2.2792257423017e26
2.3000735489601255e26
2.320743485628547e26
2.3412287507162103e26
2.3615225234329503e26
2.381617967062796e26
2.4015082322743113e26
2.4211864604659607e26
2.4406457871448177e26
2.4598793453368487e26
2.4788802690270395e26
2.4976416966275517e26
2.516156774472115e26
2.5344186603348105e26
2.5524205269713914e26
2.570155565681258e26
2.587616989888192e26
2.6047980387379673e26
2.621691980710783e26
2.638292117246736e26
2.6545917863822367e26
2.670584366395435e26
2.6862632794586367e26
2.7016219952957305e26
2.7166540348425733e26
2.7313529739083196e26
2.7457124468356428e26
2.7597261501578055e26
2.7733878462505288e26
2.7866913669765677e26
2.7996306173209595e26
2.8121995790148613e26
2.8243923141459192e26
2.8362029687530175e26
2.8476257764034535e26
2.8586550617503925e26
2.8692852440685172e26
2.8795108407658497e26
2.8893264708696567e26
2.898726858484396e26
2.9077068362196236e26
2.916261348585857e26
2.9243854553563545e26
2.9320743348927495e26
2.9393232874325963e26
2.9461277383367714e26
2.952483241294793e26
2.9583854814860406e26
2.9638302786949965e26
2.9688135903785e26
2.973331514683137e26
2.9773802934108992e26
2.980956314931175e26
2.9840561170372985e26
2.9866763897457362e26
2.9888139780362032e26
2.9904658845308814e26
2.991629272111005e26
2.9923014664690564e26
2.9924799585949408e26
2.9921624071944556e26
2.9913466410383544e26
2.9900306612405234e26
2.9882126434636016e26
2.9858909400506054e26
2.9830640820809104e26
2.9797307813493198e26
2.9758899322666718e26
2.9715406136805726e26
2.966682090615029e26
2.9613138159275516e26
2.9554354318825608e26
2.94904677163973e26
2.9421478606562425e26
2.93473891800174e26
2.9268203575847907e26
2.9183927892899863e26
2.9094570200245064e26
2.9000140546733265e26
2.8900650969619595e26
2.8796115502260823e26
2.8686550180870586e26
2.8571973050327168e26
2.8452404169024677e26
2.8327865612763104e26
2.8198381477669973e26
2.8063977882146795e26
2.7924682967837337e26
2.778052689961094e26
2.76315418645584e26
2.747776206999465e26
2.7319223740467195e26
2.7155965113767022e26
2.6988026435938443e26
2.6815449955288807e26
2.663827991539494e26
2.6456562547107752e26
2.627034605955231e26
2.6079680630127278e26
2.5884618393503078e26
2.5685213429619536e26
2.5481521750687906e26
2.5273601287197506e26
2.5061511872932633e26
2.484531522900053e26
2.4625074946878563e26
2.4400856470482595e26
2.4172727077264238e26
2.3940755858340545e26
2.370501369766555e26
2.3465573250249545e26
2.322250891943221e26
2.2975896833221086e26
2.272581481970121e26
2.2472342381527432e26
2.2215560669506374e26
2.1955552455281577e26
2.1692402103131232e26
2.1426195540888088e26
2.1157020229996856e26
2.0884965134718438e26
2.0610120690496184e26
2.0332578771494473e26
2.0052432657326777e26
1.9769776998986018e26
1.9484707783990322e26
1.9197322300762497e26
1.8907719102256632e26
1.8615997968849392e26
1.8322259870510115e26
1.802660692827019e26
1.7729142375006143e26
1.7429970515556523e26
1.712919668618789e26
1.682692721343185e26
1.6523269372310685e26
1.6218331343969256e26
1.5912222172736263e26
1.560505172263226e26
1.5296930633346972e26
1.4987970275703675e26
1.4678282706635538e26
1.436798062369319e26
1.4057177319104394e26
1.3745986633410435e26
1.3434522908699336e26
1.3122900941460244e26
1.2811235935079143e26
1.249964345200231e26
1.2188239365589338e26
1.1877139811677427e26
1.1566461139884392e26
1.125631986467125e26
1.0946832616190841e26
1.0638116090943707e26
1.0330287002269523e26
1.0023462030695737e26
9.717757774170073e25
9.41329069819943e25
9.11017708592299e25
8.808532988143272e25
8.50847417333862e25
8.210116077685685e25
7.913573755114339e25
7.6189618274224104e25
7.326394434472684e25
7.0359851845009215e25
6.747847104558618e25
6.462092591114117e25
6.178833360840776e25
5.898180401614576e25
5.620243923748415e25
5.345133311485381e25
5.072957074779204e25
4.803822801385544e25
4.537837109286821e25
4.275105599478972e25
4.01573280914162e25
3.7598221652181207e25
3.507475938426942e25
3.258795197731758e25
3.0138797652912927e25
2.772828171914542e25
2.53573761304204e25
2.3027039052794428e25
2.073821443504741e25
1.8491831585703128e25
1.6288804756251404e25
1.413003273076656e25
1.201639842215859e25
9.94876847524562e24
7.927992876888382e24
5.954904573379585e24
4.030319095278721e24
2.1550341899210117e24
3.298294617729942e23
-1.4445339791554847e24
-3.167313860676689e24
-4.837787083356852e24
-6.455250046847013e24
-8.019018967448993e24
-9.528430186719279e24
-1.0982840470965375e25
-1.2381627301456711e25
-1.372418915521196e25
-1.5009945776187084e25
-1.6238338436732944e25
-1.7408830189167257e25
-1.8520906107341436e25
-1.957407351804698e25
-2.0567862222144795e25
-2.1501824705305886e25
-2.2375536338224227e25
-2.3188595566209417e25
-2.394062408804031e25
-2.4631267023995474e25
-2.5260193072947322e25
-2.5827094658440303e25
-2.6331688063678632e25
-2.677371355532877e25
-2.7152935496077937e25
-2.746914244587961e25
-2.7722147251831366e25
-2.791178712662199e25
-2.80379237155063e25
-2.81004431517744e25
-2.8099256100664395e25
-2.8034297791703075e25
-2.7905528039442775e25
-2.771293125258985e25
-2.7456516431499636e25
-2.7136317154045898e25
-2.6752391549858803e25
-2.6304822262950146e25
-2.5793716402728674e25
-2.52192054834335e25
-2.458144535201249e25
-2.3880616104480785e25
-2.3116921990792745e25
-2.22905913082775e25
-2.140187628369537e25
-2.0451052943963074e25
-1.9438420975618664e25
-1.8364303573099472e25
-1.72290472759014e25
-1.6033021794710364e25
-1.4776619826588904e25
-1.3460256859318843e25
-1.2084370964994298e25
-1.0649422582974415e25
-9.155894292312712e24
-7.604290573767858e24
-5.995137561541904e24
-4.32898278485035e24
-2.606394899478165e24
-8.279634094532474e23
1.0057016210139241e24
2.8939698651735846e24
4.836191040805147e24
6.831695226551112e24
8.879793187347101e24
1.097977670877721e25
1.3130918940177384e25
1.5332474746305264e25
1.758368106738894e25
1.9883757287365233e25
2.2231905610108254e25
2.4627311443457488e25
2.706914379082075e25
2.955655565016952e25
3.208868442019396e25
3.466465231340819e25
3.7283566775986166e25
3.99445209141004e25
4.264659392653696e25
4.5388851543357145e25
4.817034647036724e25
5.099011883916065e25
5.384719666248976e25
5.674059629472612e25
5.966932289715731e25
6.263237090787444e25
6.5628724515993645e25
6.86573581399699e25
7.1717236909718335e25
7.480731715231655e25
7.792654688100608e25
8.107386628723483e25
8.424820823547735e25
8.744849876056384e25
9.067365756725557e25
9.39225985317903e25
9.719423020513274e25
1.0048745631765863e26
1.0380117628499865e26
1.0713428571477121e26
1.1048567691392887e26
1.1385423939644966e26
1.1723886039110068e26
1.2063842534898253e26
1.2405181845061332e26
1.2747792311225141e26
1.3091562249119696e26
1.3436379998979669e26
1.3782133975788462e26
1.4128712719338232e26
1.4476004944079494e26
1.4823899588732976e26
1.5172285865637814e26
1.552105330980875e26
1.587009182767635e26
1.62192917454844e26
1.6568543857317903e26
1.6917739472736255e26
1.7266770463986557e26
1.7615529312770215e26
1.7963909156540037e26
1.8311803834301177e26
1.8659107931892635e26
1.9005716826724543e26
1.9351526731947576e26
1.969643474003093e26
2.0040338865726174e26
2.038313808839321e26
2.072473239366663e26
2.1065022814440488e26
2.1403911471149132e26
2.1741301611323533e26
2.207709764840164e26
2.2411205199773887e26
2.274353112404067e26
2.307398355746638e26
2.3402471949607763e26
2.3728907098099858e26
2.405320118258044e26
2.4375267797735994e26
2.469502198545212e26
2.50123802660515e26
2.532726066860392e26
2.5639582760292367e26
2.5949267674821072e26
2.625623813985024e26
2.6560418503444388e26
2.6861734759520984e26
2.7160114572286393e26
2.745548729964824e26
2.7747784015590506e26
2.8036937531503558e26
2.8322882416456632e26
2.8605555016404082e26
2.8884893472316607e26
2.9160837737228632e26
2.9433329592194676e26
2.970231266114739e26
2.9967732424651085e26
3.022953623254483e26
3.048767331547021e26
3.0742094795279215e26
3.099275369431878e26
3.1239604943588385e26
3.148260538976877e26
3.172171380112025e26
3.1956890872248074e26
3.218809922773664e26
3.2415303424651065e26
3.263846995390786e26
3.2857567240516e26
3.3072565642690856e26
3.32834374498438e26
3.349015687945122e26
3.369270007280704e26
3.3891045089663864e26
3.4085171901768324e26
3.427506238529669e26
3.4460700312198034e26
3.464207134045205e26
3.4819163003250566e26
3.4991964697109994e26
3.5160467668926474e26
3.532466500198183e26
3.548455160091228e26
3.564012417565084e26
3.579138122435549e26
3.593832301533573e26
3.6080951567990665e26
3.621927063277283e26
3.6353285670191153e26
3.64830038288694e26
3.6608433922674356e26
3.672958640693081e26
3.6846473353739256e26
3.6959108426413916e26
3.706750685305924e26
3.717168539930151e26
3.7271662340196477e26
3.7367457431330645e26
3.745909187913688e26
3.754658831044368e26
3.762997074127987e26
3.7709264544955174e26
3.7784496419438116e26
3.785569435405388e26
3.792288759552398e26
3.798610661337126e26
3.8045383064712194e26
3.810074975846172e26
3.815224061897321e26
3.819989064913866e26
3.8243735892973436e26
3.82838133977103e26
3.832016117542886e26
3.835281816424475e26
3.8381824189085446e26
3.84072199220781e26
3.842904684257629e26
3.844734719685144e26
3.846216395747657e26
