1.1544540820312496e-13
1.1544944939077794e11
1.8473589966967031e12
9.353690491677406e12
2.9568616043080082e13
7.220876052749298e13
1.497817137755631e14
2.7759658574486038e14
4.7377631412512194e14
7.592713706351229e14
1.1578744499093905e15
1.696235663484618e15
2.4038777011256455e15
3.3132103627233455e15
4.459543806393902e15
5.881099802350873e15
7.619020227745851e15
9.717371985115916e15
1.2223147476468802e16
1.5186259716509458e16
1.865953112219131e16
2.269867497178471e16
2.736226848511394e16
3.2711716437638932e16
3.881120418476003e16
4.5727638939212056e16
5.353057811379313e16
6.229214351403972e16
7.20869201409124e16
8.299183834218306e16
9.508603803309971e16
1.0845071369213376e17
1.2316893882625504e17
1.3932546859231189e17
1.57006519256766e17
1.7629952317532822e17
1.9729285797698493e17
2.2007554864357216e17
2.447369411864646e17
2.7136634663615373e17
3.000526540785068e17
3.3088391149336525e17
3.639468731768655e17
3.993265125584562e17
4.371054992570696e17
4.773636392582381e17
5.2017727713517786e17
5.656186592819328e17
6.137552571755638e17
6.646490497371086e17
7.183557639175013e17
7.749240726948882e17
8.343947497336759e17
8.9679978002321e17
9.621614258851116e17
1.0304912478129454e18
1.1017890796859841e18
1.1760419579802788e18
1.253223004685003e18
1.3332902637199332e18
1.4161854907409992e18
1.501832896314805e18
1.5901378425399826e18
1.6809854932928673e18
1.7742394183773865e18
1.8697401519638418e18
1.9673037058086216e18
2.0667200378563318e18
2.1677514769375654e18
2.2701311043891264e18
2.37356109353901e18
2.477711008115608e18
2.582216060759253e18
2.686675332934208e18
2.790649957660523e18
2.893661266607217e18
2.995188903211508e18
3.0946689036123443e18
3.1914917473108173e18
3.2850003795944827e18
3.374488207887143e18
3.4591970743102607e18
3.5383152068662897e18
3.610975151778044e18
3.6762516896411704e18
3.7331597381691653e18
3.780652244431233e18
3.817618069603438e18
3.8428798693716244e18
3.855191973241521e18
3.8532382661260027e18
3.835630075692351e18
3.8009040690624876e18
3.747520162567284e18
3.673859448360924e18
3.578222141803805e18
3.4588255536212326e18
3.313802090941312e18
3.1411972914073395e18
2.9389678946488837e18
2.704979955480039e18
2.437007003274046e18
2.1327282520396227e18
1.7897268657961052e18
1.4054882839113114e18
9.7739861112852e17
5.0274307706605926e17
-2.129542997556685e16
-5.976377500166618e17
-1.229309754289025e18
-1.9194435590558807e18
-2.6712786453736796e18
-3.488162879784741e18
-4.3735534309126666e18
-5.331017576920913e18
-6.364233398791634e18
-7.476990354382444e18
-8.673189728228606e18
-9.95684495207344e18
-1.1332081791131306e19
-1.2803138391118932e19
-1.4374365181124973e19
-1.605022462743345e19
-1.7835290833466243e19
-1.973424898106973e19
-2.17518946084343e19
-2.389313272001092e19
-2.616297672386781e19
-2.8566547192019657e19
-3.1109070439357207e19
-3.379587691690817e19
-3.663239941527216e19
-3.9624171074190156e19
-4.277682319433564e19
-4.609608284754888e19
-4.958777028187528e19
-5.3257796117921055e19
-5.711215833319117e19
-6.11569390312437e19
-6.539830099266108e19
-6.984248400502031e19
-7.449580096922907e19
-7.936463377978715e19
-8.445542897673277e19
-8.977469316724068e19
-9.532898821505185e19
-1.0112492619613531e20
-1.0716916411920935e20
-1.1346839840998315e20
-1.2002935915821754e20
-1.2685880412695362e20
-1.3396351252350208e20
-1.4135027853205144e20
-1.4902590460801037e20
-1.5699719453446934e20
-1.652709462414404e20
-1.738539443888113e20
-1.827529527142319e20
-1.9197470614744095e20
-2.015259026928289e20
-2.114131950823303e20
-2.2164318220103647e20
-2.3222240028822363e20
-2.4315731391679447e20
-2.544543067544407e20
-2.6611967211014554e20
-2.7815960326995696e20
-2.9058018362627713e20
-3.0338737660523296e20
-3.1658701539700474e20
-3.301847924943176e20
-3.4418624904461065e20
-3.585967640217236e20
-3.734215432232623e20
-3.8866560810011866e20
-4.0433378442494385e20
-4.2043069080668996e20
-4.369607270586498e20
-4.5392806242774326e20
-4.713366236931065e20
-4.891900831423548e20
-5.0749184643419105e20
-5.262450403563421e20
-5.454525004881034e20
-5.651167587770643e20
-5.8524003103988364e20
-6.058242043972726e20
-6.268708246536172e20
-6.483810836319614e20
-6.703558064753254e20
-6.927954389256199e20
-7.157000345916515e20
-7.390692422179863e20
-7.629022929666705e20
-7.871979877240437e20
-8.119546844451114e20
-8.37170285548165e20
-8.628422253725412e20
-8.889674577126187e20
-9.155424434413442e20
-9.425631382367577e20
-9.700249804251607e20
-9.979228789547347e20
-1.0262512015135682e21
-1.0550037628061805e21
-1.0841738130027832e21
-1.1137540263755994e21
-1.1437364901367098e21
-1.174112693491945e21
-1.2048735169254562e21
-1.2360092217296374e21
-1.2675094397951505e21
-1.2993631636758258e21
-1.331558736943235e21
-1.3640838448457843e21
-1.3969255052871032e21
-1.4300700601385775e21
-1.4635031669007605e21
-1.4972097907284142e21
-1.5311741968338382e21
-1.5653799432830926e21
-1.599809874199597e21
-1.6344461133895387e21
-1.669270058403336e21
-1.704262375047332e21
-1.7394029923596897e21
-1.7746710980643227e21
-1.8100451345165142e21
-1.8455027951536542e21
-1.8810210214643363e21
-1.9165760004888136e21
-1.9521431628635646e21
-1.9876971814224732e21
-2.0232119703668172e21
-2.0586606850160182e21
-2.0940157221507273e21
-2.1292487209595775e21
-2.1643305646005105e21
-2.19923138238729e21
-2.2339205526114316e21
-2.2683667060093454e21
-2.3025377298841605e21
-2.3364007728912366e21
-2.3699222504959225e21
-2.4030678511117297e21
-2.4358025429265935e21
-2.468090581424395e21
-2.499895517608495e21
-2.5311802069334764e21
-2.561906818950785e21
-2.592036847673452e21
-2.621531122664521e21
-2.6503498208532465e21
-2.6784524790825883e21
-2.7057980073909237e21
-2.732344703030317e21
-2.7580502652231116e21
-2.782871810657961e21
-2.8067658897258153e21
-2.8296885034957574e21
-2.8515951214299316e21
-2.8724406998361776e21
-2.892179701056268e21
-2.9107661133870997e21
-2.9281534717313784e21
-2.9442948789737866e21
-2.959143028077839e21
-2.972650224898004e21
-2.9847684117009557e21
-2.995449191389108e21
-3.0046438524189105e21
-3.012303394405623e21
-3.018378554405668e21
-3.022819833866834e21
-3.025577526235988e21
-3.0266017452131914e21
-3.025842453640389e21
-3.0232494930121683e21
-3.0187726135953347e21
-3.012361505143362e21
-3.00396582819103e21
-2.993535245913909e21
-2.9810194565366e21
-2.966368226272963e21
-2.9495314227808447e21
-2.93045904911319e21
-2.909101278146656e21
-2.8854084874682184e21
-2.8593312946996296e21
-2.830820593238792e21
-2.799827588396669e21
-2.7663038339074805e21
-2.730201268789504e21
-2.6914722545330396e21
-2.65006961259156e21
-2.605946662151466e21
-2.559057258155249e21
-2.509355829552323e21
-2.4567974177512557e21
-2.4013377152465245e21
-2.342933104392448e21
-2.2815406962964454e21
-2.2171183698032468e21
-2.1496248105412238e21
-2.0790195500015752e21
-2.0052630046206295e21
-1.9283165148351494e21
-1.8481423840800974e21
-1.7647039176979741e21
-1.6779654617284445e21
-1.5878924415467242e21
-1.49445140031876e21
-1.3976100372410901e21
-1.2973372455328903e21
-1.1936031501475748e21
-1.0863791451710224e21
-9.756379308733571e20
-8.613535503810675e20
-7.435014259360457e20
-6.220583947080743e20
-4.970027441272156e20
-3.6831424670239556e20
-2.3597419429264307e20
-9.996543179719469e19
3.972760976905444e19
1.831188808484048e20
3.3022068159496113e20
4.810436308443917e20
6.355966358320581e20
7.938868626926003e20
9.559197077737958e20
1.1216987697973625e21
1.2912258228990396e21
1.4645007905800166e21
1.6415217206014858e21
1.8222847608536614e21
2.0067841362303687e21
2.1950121265396287e21
2.386959045480624e21
2.5826132207164803e21
2.7819609750722477e21
2.9849866088865e21
3.1916723835448643e21
3.401998506222681e21
3.6159431158639304e21
3.833482270422305e21
4.0545899353902327e21
4.2792379736403854e21
4.507396136603924e21
4.739032056808562e21
4.974111241799137e21
5.212597069462079e21
5.454450784774845e21
5.699631497999911e21
5.948096184342711e21
6.199799685091066e21
6.454694710253808e21
6.712731842714083e21
6.973859543913008e21
7.238024161077224e21
7.505169936003813e21
7.775239015414065e21
8.048171462887346e21
8.323905272384265e21
8.602376383368217e21
8.883518697532137e21
9.167264097137126e21
9.453542464967533e21
9.742281705906609e21
1.0033407770134856e22
1.0326844677952786e22
1.0622514546227594e22
1.0920337616462896e22
1.1220232284488612e22
1.1522115131767194e22
1.1825900958311097e22
1.2131502817204628e22
1.2438832050722675e22
1.274779832803656e22
1.3058309684496955e22
1.3370272562481285e22
1.3683591853792882e22
1.3998170943596517e22
1.431391175587486e22
1.4630714800387712e22
1.4948479221115835e22
1.5267102846168368e22
1.5586482239133025e22
1.590651275184525e22
1.6227088578552657e22
1.6548102811448466e22
1.686944749754722e22
1.7191013696873989e22
1.7512691541937542e22
1.7834370298456102e22
1.8155938427303405e22
1.8477283647641042e22
1.8798293001202278e22
1.91188529176907e22
1.943884928125631e22
1.9758167498009814e22
2.0076692564535484e22
2.039430913736065e22
2.0710901603339826e22
2.1026354150909325e22
2.1340550842167817e22
2.165337568573662e22
2.1964712710352786e22
2.227444603914667e22
2.2582459964555006e22
2.2888639023818834e22
2.3192868075015816e22
2.3495032373573767e22
2.379501764921334e22
2.4092710183265e22
2.4387996886306256e22
2.468076537606276e22
2.4970904055517404e22
2.525830219116994e22
2.5542849991389305e22
2.582443868480027e22
2.6102960598644794e22
2.637830923705902e22
2.6650379359204787e22
2.6919067057195753e22
2.7184269833755957e22
2.7445886679549995e22
2.770381815012223e22
2.7957966442383066e22
2.8208235470579225e22
2.845453094168579e22
2.8696760430156575e22
2.893483345197001e22
2.916866153790688e22
2.9398158305997485e22
2.9623239533074194e22
2.984382322536707e22
3.0059829688078896e22
3.027118159387753e22
3.0477804050242435e22
3.067962466560371e22
3.0876573614211114e22
3.1068583699672365e22
3.1255590417098904e22
3.1437532013799267e22
3.1614349548459647e22
3.178598694875257e22
3.1952391067314906e22
3.211351173603749e22
3.2269301818608893e22
3.2419717261257343e22
3.256471714163525e22
3.2704263715791835e22
3.2838322463180606e22
3.2966862129649053e22
3.308985476835938e22
3.3207275778590183e22
3.33191039423703e22
3.3425321458896665e22
3.35259139766906e22
3.3620870623446977e22
3.371018403353331e22
3.379385037309591e22
3.387186936273366e22
3.3944244297699407e22
3.401098206559263e22
3.4072093161506684e22
3.4127591700597723e22
3.4177495428042284e22
3.422182572635375e22
3.426060762002877e22
3.4293869777497184e22
3.4321644510350663e22
3.434396776982748e22
3.4360879140532547e22
3.437242183137402e22
3.4378642663700018e22
3.4379592056620892e22
3.437532400950498e22
3.4365896081637126e22
3.435136936903271e22
3.433180847840137e22
3.4307281498256823e22
3.4277859967171744e22
3.424361883917925e22
3.420463644632434e22
3.4160994458371384e22
3.4112777839675888e22
3.4060074803231503e22
3.4002976761905408e22
3.3941578276877938e22
3.387597700330391e22
3.3806273633217226e22
3.3732571835700995e22
3.3654978194348974e22
3.357360214204686e22
3.3488555893102704e22
3.339995437276114e22
3.330791514413541e22
3.3212558332596486e22
3.3114006547658472e22
3.301238480240453e22
3.290782043049801e22
3.2800443000826907e22
3.269038422983189e22
3.257777789157105e22
3.246275972557608e22
3.2345467342558e22
3.222604012802189e22
3.210461914385347e22
3.1981347027941818e22
3.1856367891905583e22
3.172982721699126e22
3.1601871748215876e22
3.1472649386827044e22
3.1342309081156753e22
3.1211000715946314e22
3.107887500022319e22
3.094608335381126e22
3.0812777792559024e22
3.0679110812371647e22
3.0545235272134776e22
3.0411304275620026e22
3.0277471052464105e22
3.01438888383144e22
3.0010710754236436e22
2.9878089685480025e22
2.9746178159702213e22
2.9615128224747064e22
2.9485091326083075e22
2.9356218184001605e22
2.9228658670679555e22
2.9102561687212065e22
2.8978075040721194e22
2.885534532164827e22
2.873451778133856e22
2.8615736210027438e22
2.8499142815338333e22
2.8384878101404144e22
2.8273080748723174e22
2.8163887494862786e22
2.805743301612313e22
2.7953849810275067e22
2.78532680804856e22
2.7755815620545268e22
2.7661617701511915e22
2.7570796959884795e22
2.748347328742423e22
2.7399763722730486e22
2.73197823446969e22
2.724364016795024e22
2.717144504039306e22
2.710330154296026e22
2.7039310891703276e22
2.6979570842313255e22
2.692417559719502e22
2.687321571520199e22
2.682677802414175e22
2.6784945536160397e22
2.674779736611369e22
2.6715408653030485e22
2.6687850484773803e22
2.6665189826002564e22
2.664748944953618e22
2.6634807871222047e22
2.6627199288404957e22
2.66247135220944e22
2.662739596292554e22
2.6635287521006056e22
2.664842457973997e22
2.6666838953716884e22
2.669055785075284e22
2.671960383816701e22
2.675399481337513e22
2.6793743978879177e22
2.6838859821728777e22
2.6889346097528498e22
2.694520181906098e22
2.700642124959417e22
2.7072993900936726e22
2.714490453630384e22
2.7222133178051255e22
2.730465512033302e22
2.7392440946734446e22
2.7485456552928945e22
2.758366317440343e22
2.768701741929345e22
2.7795471306366025e22
2.7908972308183806e22
2.8027463399480788e22
2.815088311077605e22
2.8279165587247407e22
2.841224065288402e22
2.8550033879931615e22
2.8692466663641206e22
2.8839456302326845e22
2.8990916082734685e22
2.914675537072079e22
2.9306879707231134e22
2.9471190909572774e22
2.9639587177960554e22
2.981196320731999e22
2.998821030432154e22
3.0168216509617938e22
3.0351866725250877e22
3.05390428471896e22
3.0729623902958547e22
3.0923486194307565e22
3.1120503444872494e22
3.132054695277039e22
3.152348574806821e22
3.1729186755059514e22
3.1937514959279206e22
3.214833357918118e22
3.2361504242399867e22
3.257688716651124e22
3.2794341344204936e22
3.3013724732773852e22
3.323489444782382e22
3.3457706961100463e22
3.368201830232662e22
3.390768426493856e22
3.4134560615605438e22
3.436250330741112e22
3.459136869657401e22
3.4821013762575402e22
3.5051296331563178e22
3.528207530289287e22
3.551321087866443e22
3.5744564796108413e22
3.597600056267161e22
3.6207383693647824e22
3.6438581952195875e22
3.666946559158261e22
3.6899907599485383e22
3.7129783944184355e22
3.7358973822471646e22
3.75873599091005e22
3.781482860759454e22
3.8041270302233525e22
3.826657961102894e22
3.8490655639499625e22
3.871340223505428e22
3.893472824178522e22
3.915454775547471e22
3.937278037861219e22
3.958935147521854e22
3.980419242527124e22
4.001724087852087e22
4.022844100748865e22
4.043774375943138e22
4.064510710705887e22
4.0850496297786975e22
4.105388410130763e22
4.1255251055255495e22
4.145458570875015e22
4.1651884863590544e22
4.184715381287837e22
4.20404065768447e22
4.223166613565538e22
4.242096465896781e22
4.260834373201333e22
4.279385457797717e22
4.297755827644979e22
4.3159525977721496e22
4.3339839112693955e22
4.3518589598181345e22
4.369588003737558e22
4.387182391524944e22
4.404654578867359e22
4.422018147102317e22
4.439287821105222e22
4.45647948658143e22
4.47361020674102e22
4.490698238334459e22
4.507763047027594e22
4.52482532209459e22
4.541906990407639e22
4.559031229702548e22
4.576222481099521e22
4.593506460858814e22
4.610910171351125e22
4.628461911223001e22
4.646191284737795e22
4.6641292102731255e22
4.682307927956102e22
4.700761006417987e22
4.7195233486503525e22
4.7386311969452614e22
4.758122136902371e22
4.778035100486331e22
4.798410368118321e22
4.8192895697861185e22
4.840715685157479e22
4.862733042682187e22
4.885387317668715e22
4.908725529321907e22
4.932796036728727e22
4.957648533779585e22
4.983334043013596e22
5.009904908376393e22
5.037414786880088e22
5.065918639155334e22
5.095472718886336e22
5.1261345611200885e22
5.15796296944206e22
5.1910180020109626e22
5.225360956446255e22
5.261054353562412e22
5.2981619199451005e22
5.336748569364758e22
5.376880383024169e22
5.418624588637161e22
5.462049538336461e22
5.507224685409421e22
5.554220559861258e22
5.603108742806148e22
5.65396183968732e22
5.706853452328236e22
5.761858149817635e22
5.8190514382321605e22
5.878509729201011e22
5.9403103073180645e22
6.004531296407631e22
6.071251624650974e22
6.140550988581392e22
6.212509815956878e22
6.2872092275198206e22
6.364730997654484e22
6.445157513953463e22
6.5285717357056395e22
6.615057151318652e22
6.704697734690016e22
6.797577900541722e22
6.893782458734239e22
6.993396567576491e22
7.096505686149456e22
7.203195525661638e22
7.31355199985591e22
7.427661174487702e22
7.545609215895643e22
7.667482338686396e22
7.793366752556535e22
7.923348608274856e22
8.057513942849645e22
8.195948623905912e22
8.338738293298797e22
8.485968309989841e22
8.637723692213825e22
8.794089058964432e22
8.955148570828145e22
9.120985870196097e22
9.291684020884769e22
9.467325447196762e22
9.647991872454001e22
9.83376425703615e22
1.002472273595781e23
1.022094655601874e23
1.0422514012562077e23
1.0629502385876154e23
1.0841987877275874e23
1.1060045544900795e23
1.1283749239267119e23
1.151317153861164e23
1.1748383684066106e23
1.1989455514701234e23
1.2236455402479879e23
1.2489450187159496e23
1.274850511118428e23
1.3013683754608373e23
1.3285047970091222e23
1.3562657818007254e23
1.3846571501711717e23
1.4136845303005739e23
1.4433533517843238e23
1.4736688392323039e23
1.5046360059009606e23
1.536259647362637e23
1.5685443352165433e23
1.601494410845822e23
1.635113979225091e23
1.6694069027829818e23
1.704376795324093e23
1.7400270160148757e23
1.7763606634378797e23
1.8133805697189066e23
1.851089294731514e23
1.8894891203833928e23
1.9285820449890465e23
1.968369777733307e23
2.0088537332300927e23
2.0500350261809113e23
2.0919144661374757e23
2.134492552372893e23
2.1777694688657906e23
2.221745079401762e23
2.266418922796417e23
2.3117902082443926e23
2.3578578107985478e23
2.404620266983598e23
2.452075770548334e23
2.500222168360589e23
2.5490569564490762e23
2.5985772761960454e23
2.648779910684846e23
2.6996612812062576e23
2.7512174439274907e23
2.8034440867276308e23
2.856336526203311e23
2.9098897048482146e23
2.9640981884101046e23
3.0189561634287797e23
3.074457434958503e23
3.130595424478199e23
3.187363167992756e23
3.2447533143285496e23
3.3027581236263657e23
3.3613694660346605e23
3.4205788206061644e23
3.480377274400512e23
3.5407555217957474e23
3.6017038640112175e23
3.663212208844429e23
3.725270070624194e23
3.787866570382413e23
3.8509904362466354e23
3.91463000405545e23
3.978773218198667e23
4.0434076326840685e23
4.108520412432467e23
4.174098334802613e23
4.2401277913473846e23
4.306594789802596e23
4.3734849563096085e23
4.440783537872761e23
4.5084754050525606e23
4.576545054895415e23
4.64497661410052e23
4.713753842424427e23
4.78286013632362e23
4.852278532835366e23
4.921991713696854e23
4.991982009702569e23
5.062231405299731e23
5.132721543421322e23
5.20343373055629e23
5.274348942056207e23
5.345447827677568e23
5.41671071735878e23
5.488117627230716e23
5.5596482658595444e23
5.631282040720401e23
5.702998064900401e23
5.7747751640291444e23
5.846591883434886e23
5.918426495524361e23
5.990257007384e23
6.062061168600239e23
6.133816479296405e23
6.205500198383489e23
6.277089352022089e23
6.34856074229246e23
6.419890956069598e23
6.491056374100117e23
6.562033180277484e23
6.632797371112045e23
6.703324765392148e23
6.773591014032457e23
6.843571610105551e23
6.91324189905256e23
6.982577089068572e23
7.051552261658425e23
7.120142382358241e23
7.18832231161807e23
7.2560668158407e23
7.32335057857172e23
7.39014821183575e23
7.456434267613477e23
7.522183249454241e23
7.587369624218602e23
7.651967833945329e23
7.715952307837005e23
7.779297474358411e23
7.841977773441764e23
7.903967668792622e23
7.965241660290382e23
8.025774296476954e23
8.08554018712729e23
8.144514015895216e23
8.202670553027985e23
8.259984668142841e23
8.316431343058866e23
8.37198568467709e23
8.426622937902152e23
8.480318498598216e23
8.533047926572241e23
8.58478695857728e23
8.6355115213287e23
8.685197744525855e23
8.73382197387202e23
8.781360784084948e23
8.827790991890848e23
8.873089668993979e23
8.917234155014508e23
8.96020207038691e23
9.001971329211346e23
9.042520152050311e23
9.081827078662898e23
9.119870980668909e23
9.156631074135196e23
9.192086932076389e23
9.226218496862352e23
9.259006092524559e23
9.290430436953747e23
9.320472653981007e23
9.349114285334702e23
9.376337302465443e23
9.402124118231521e23
9.426457598437044e23
9.449321073215358e23
9.470698348249905e23
9.490573715825315e23
9.508931965700979e23
9.525758395799808e23
9.541038822704823e23
9.5547595919562e23
9.566907588141606e23
9.577470244772577e23
9.586435553939993e23
9.593792075741474e23
9.599528947473937e23
9.603635892584368e23
9.606103229372242e23
9.606921879436784e23
9.606083375862716e23
9.603579871137973e23
9.599404144797252e23
9.593549610785034e23
9.586010324532257e23
9.57678098974052e23
9.565856964868299e23
9.553234269313303e23
9.538909589285657e23
9.522880283366461e23
9.505144387746718e23
9.485700621141342e23
9.464548389373661e23
9.441687789625491e23
9.417119614348474e23
9.390845354832092e23
9.362867204424405e23
9.333188061401295e23
9.301811531480692e23
9.268741929977871e23
9.233984283598559e23
9.197544331866585e23
9.159428528183074e23
9.119644040514267e23
9.07819875170542e23
9.035101259418295e23
8.990360875690158e23
8.943987626112152e23
8.895992248625322e23
8.846386191932725e23
8.795181613526389e23
8.742391377327795e23
8.688029050941203e23
8.632108902518993e23
8.574645897238785e23
8.515655693391894e23
8.455154638083311e23
8.393159762543546e23
8.329688777052566e23
8.264760065476844e23
8.198392679420292e23
8.130606331990507e23
8.061421391181506e23
7.990858872874874e23
7.918940433461119e23
7.845688362083544e23
7.771125572506889e23
7.695275594613478e23
7.618162565529761e23
7.53981122038645e23
7.460246882715468e23
7.379495454487455e23
7.297583405793594e23
7.214537764175982e23
7.130386103610699e23
7.045156533148226e23
6.958877685215963e23
6.871578703588007e23
6.783289231027216e23
6.694039396605208e23
6.60385980270591e23
6.512781511718763e23
6.420836032427444e23
6.328055306100759e23
6.234471692292078e23
6.140117954354334e23
6.045027244677384e23
5.949233089655074e23
5.8527693743893596e23
5.7556703271392804e23
5.657970503522327e23
5.559704770476463e23
5.46090828999082e23
5.361616502613693e23
5.2618651107460855e23
5.161690061729865e23
5.0611275307391485e23
4.960213903484363e23
4.858985758737855e23
4.757479850690673e23
4.655733091150124e23
4.553782531587617e23
4.451665345046826e23
4.349418807922023e23
4.24708028161687e23
4.144687194093722e23
4.042277021323948e23
3.939887268649644e23
3.837555452067504e23
3.735319079445295e23
3.6332156316819284e23
3.5312825438219046e23
3.429557186135124e23
3.328076845173114e23
3.2268787048127066e23
3.1259998272985145e23
3.02547713429522e23
2.9253473879611233e23
2.8256471720541365e23
2.726412873081819e23
2.627680661506545e23
2.5294864730174488e23
2.4318659898804256e23
2.3348546223778358e23
2.238487490349075e23
2.1427994048436778e23
2.0478248498982054e23
1.953597964448535e23
1.8601525243886555e23
1.7675219247875254e23
1.6757391622751154e23
1.5848368176091207e23
1.4948470384332317e23
1.4058015222383182e23
1.3177314995374114e23
1.2306677172656763e23
1.1446404224159683e23
1.0596793459210014e23
9.758136867926329e22
8.930720965290649e22
8.114826638001524e22
7.310728994213651e22
6.518697216264448e22
5.7389944164904195e22
4.971877496229847e22
4.2175970081108054e22
3.4763970217216127e22
2.748514992755686e22
2.0341816357253246e22
1.333620800334161e22
6.470493515985813e21
-2.5322946196780037e20
-6.832935416229319e21
-1.3266672042281542e22
-1.9552561285746674e22
-2.5688800341143465e22
-3.1673662608252915e22
-3.750549860536311e22
-4.318273683866587e22
-4.870388462713134e22
-5.40675288821796e22
-5.9272336841521815e22
-6.431705675653707e22
-6.920051853262285e22
-7.392163432194107e22
-7.847939906803555e22
-8.28728910018074e22
-8.710127208838877e22
-9.116378842445473e22
-9.505977058556738e22
-9.878863392315222e22
-1.0234987881076903e23
-1.0574309083933657e23
-1.0896794096103431e23
-1.120241855815923e23
-1.1491166660077263e23
-1.176303114008205e23
-1.2018013278273382e23
-1.2256122885020466e23
-1.2477378284115265e23
-1.2681806290676842e23
-1.2869442183805228e23
-1.304032967398226e23
-1.3194520865226524e23
-1.3332076212006787e23
-1.3453064470925833e23
-1.3557562647187312e23
-1.3645655935864516e23
-1.3717437657991133e23
-1.3773009191497956e23
-1.38124798970238e23
-1.3835967038632103e23
-1.3843595699467791e23
-1.3835498692391722e23
-1.3811816465636062e23
-1.3772697003524257e23
-1.3718295722305143e23
-1.364877536115218e23
-1.3564305868384806e23
-1.3465064282968664e23
-1.3351234611359146e23
-1.3223007699751877e23
-1.3080581101810311e23
-1.292415894194224e23
-1.2753951774200775e23
-1.2570176436887851e23
-1.2373055902944117e23
-1.2162819126207506e23
-1.1939700883631822e23
-1.170394161355424e23
-1.145578725010773e23
-1.1195489053875061e23
-1.092330343888554e23
-1.0639491796056274e23
-1.0344320313187174e23
-1.0038059791614424e23
-9.720985459638774e22
-9.393376782839661e22
-9.055517271394096e22
-8.70769428451943e22
-8.350198832162439e22
-7.983325374059039e22
-7.607371616291827e22
-7.222638305475813e22
-6.8294290207014845e22
-6.428049963371652e22
-6.018809745066533e22
-5.602019173574734e22
-5.177991037231104e22
-4.747039887701397e22
-4.309481821358711e22
-3.865634259396741e22
-3.4158157268241223e22
-2.960345630491855e22
-2.4995440363005177e22
-2.033731445739358e22
-1.563228571909149e22
-1.0883561151825724e22
-6.094345386557375e21
-1.2678384354747503e21
3.592766552995409e21
8.48428553656492e21
1.3403545817287982e22
1.83473882740059e22
2.3312669587448976e22
2.8296264456399846e22
3.3295067803333983e22
3.830599696793516e22
4.332599388689381e22
4.835202725840737e22
5.338109468976425e22
5.841022482644608e22
6.343647946115338e22
6.845695562117099e22
7.3468787632505285e22
7.846914915921916e22
8.345525521640682e22
8.84243641552673e22
9.337377961871816e22
9.830085246603516e22
1.0320298266499791e23
1.0807762115003592e23
1.1292227164488828e23
1.1773449244830717e23
1.2251189818133882e23
1.2725216149476554e23
1.3195301473525996e23
1.3661225156887695e23
1.4122772856049262e23
1.4579736670783843e23
1.5031915292878981e23
1.5479114150061435e23
1.592114554498786e23
1.6357828789176463e23
1.6788990331756893e23
1.721446388291691e23
1.7634090531929397e23
1.8047718859644614e23
1.845520504533745e23
1.885641296779996e23
1.9251214300576145e23
1.9639488601235425e23
2.0021123394589573e23
2.0396014249755247e23
2.076406485097431e23
2.1125187062102906e23
2.1479300984686757e23
2.1826335009542922e23
2.216622586177274e23
2.2498918639133887e23
2.2824366843705264e23
2.3142532406779944e23
2.345338570692855e23
2.375690558117755e23
2.4053079329252395e23
2.434190271083968e23
2.4623379935826746e23
2.4897523647481407e23
2.516435489854111e23
2.5423903120181472e23
2.5676206083843355e23
2.5921309855899144e23
2.615926874514505e23
2.639014524311109e23
2.6614009957184447e23
2.6830941536548036e23
2.7041026590939523e23
2.7244359602243097e23
2.7441042828928146e23
2.7631186203357733e23
2.7814907221991583e23
2.7992330828515193e23
2.81635892899311e23
2.8328822065653434e23
2.8488175669651715e23
2.864180352569581e23
2.8789865815757815e23
2.8932529321632204e23
2.9069967259841497e23
2.920235910989808e23
2.9329890435999012e23
2.945275270223575e23
2.957114308140464e23
2.9685264257510512e23
2.9795324222058948e23
2.990153606423927e23
3.0004117755104464e23
3.010329192585853e23
3.0199285640368036e23
3.0292330162017644e23
3.038266071503595e23
3.047051624042044e23
3.055613914659764e23
3.063977505495621e23
3.0721672540397864e23
3.080208286705338e23
3.08812597193165e23
3.095945892835254e23
3.1036938194242534e23
3.111395680392787e23
3.119077534512502e23
3.126765541638293e23
3.134485933346064e23
3.1422649832205496e23
3.1501289768116753e23
3.1581041812782626e23
3.166216814738254e23
3.1744930153449445e23
3.182958810109083e23
3.191640083486982e23
3.20056254575512e23
3.2097517011919914e23
3.2192328160882594e23
3.2290308866065437e23
3.239170606512446e23
3.2496763347986254e23
3.2605720632240386e23
3.2718813837906196e23
3.283627456179971e23
3.295832975172704e23
3.308520138073415e23
3.321710612164346e23
3.3354255022109313e23
3.349685318042697e23
3.364509942232918e23
3.3799185979007865e23
3.3959298166597196e23
3.412561406735677e23
3.4298304212793836e23
3.44775312689641e23
3.46634497241906e23
3.485620557944178e23
3.5055936041607816e23
3.5262769219917236e23
3.5476823825732126e23
3.569820887596305e23
3.5927023400342384e23
3.6163356152794824e23
3.640728532714305e23
3.6658878277385035e23
3.69181912427792e23
3.7185269077971343e23
3.746014498839683e23
3.774284027118927e23
3.803336406182471e23
3.833171308673024e23
3.863787142208131e23
3.895181025901204e23
3.92734876754592e23
3.9602848414857624e23
3.993982367190424e23
4.0284330885601684e23
4.0636273539792585e23
4.099554097139049e23
4.136200818651091e23
4.173553568470183e23
4.2115969291470514e23
4.2503139999297795e23
4.289686381732949e23
4.329694162992818e23
4.370315906426549e23
4.411528636713125e23
4.453307829112957e23
4.4956273990428964e23
4.538459692622822e23
4.581775478209407e23
4.625543938932256e23
4.669732666247126e23
4.714307654520194e23
4.759233296657066e23
4.804472380789436e23
4.849986088031867e23
4.8957339913205636e23
4.9416740553453437e23
4.987762637585432e23
5.03395449045924e23
5.080202764597387e23
5.1264590132477735e23
5.17267319782089e23
5.218793694582721e23
5.264767302502137e23
5.3105392522588013e23
5.356053216417089e23
5.401251320770778e23
5.446074156862464e23
5.49046079568112e23
5.5343488025403816e23
5.577674253139485e23
5.6203717508079786e23
5.6623744449346776e23
5.7036140505806275e23
5.744020869274835e23
5.783523810991247e23
5.822050417304176e23
5.859526885719015e23
5.895878095174152e23
5.9310276327092576e23
5.9648978212942715e23
5.99740974881298e23
6.0284832981936724e23
6.058037178679398e23
6.085988958228848e23
6.112255097038589e23
6.136750982176412e23
6.159390963314768e23
6.180088389552752e23
6.198755647313837e23
6.215304199306323e23
6.229644624532448e23
6.241686659331298e23
6.251339239440045e23
6.258510543057264e23
6.263108034891173e23
6.26503851117533e23
6.264208145632903e23
6.260522536370642e23
6.253886753682382e23
6.244205388741638e23
6.231382603161762e23
6.215322179401706e23
6.195927571994612e23
6.173101959575999e23
6.14674829768717e23
6.116769372329337e23
6.083067854242976e23
6.045546353886516e23
6.004107477087529e23
5.958653881339381e23
5.9090883327151835e23
5.855313763371153e23
5.7972333296096724e23
5.734750470473011e23
5.667768966837308e23
5.596193000976356e23
5.519927216563778e23
5.438876779082225e23
5.352947436607011e23
5.262045580932237e23
5.166078309005534e23
5.0649534846385e23
4.958579800458648e23
4.846866840068611e23
4.7297251403778475e23
4.607066254071834e23
4.4788028121831226e23
4.344848586729014e23
4.205118553379143e23
4.059528954117064e23
3.907997359859139e23
3.750442732993828e23
3.586785489804373e23
3.4169475627373145e23
3.2408524624800595e23
3.05842533980895e23
2.8695930471707455e23
2.6742841999593586e23
2.4724292374498408e23
2.2639604833517017e23
2.048812205943275e23
1.826920677748831e23
1.598224234721026e23
1.362663334889459e23
1.1201806164380046e23
8.707209551726596e22
6.142315213418001e22
3.5066183577122917e22
7.996382527615666e21
-1.979081226877781e22
-4.829971061708724e22
-7.753436557115952e22
-1.0749856821907209e23
-1.381958425594462e23
-1.696294404723047e23
-2.0180233678808235e23
-2.3471722445836913e23
-2.6837650983199165e23
-3.02782308039823e23
-3.3793643849194646e23
-3.738404204905073e23
-4.104954689616809e23
-4.479024903100918e23
-4.860620783989989e23
-5.2497451065946295e23
-5.646397443317616e23
-6.050574128420743e23
-6.462268223176533e23
-6.881469482434219e23
-7.30816432262997e23
-7.742335791270284e23
-8.183963537916866e23
-8.633023786701285e23
-9.089489310394781e23
-9.553329406061892e23
-1.0024509872321416e24
-1.0502992988240483e24
-1.0988737493885641e24
-1.1481698572553996e24
-1.1981827834706984e24
-1.2489073303628764e24
-1.3003379402828578e24
-1.3524686945209137e24
-1.4052933124018206e24
-1.4588051505602363e24
-1.512997202397993e24
-1.56786209772495e24
-1.6233921025849128e24
-1.679579119268123e24
-1.7364146865115035e24
-1.7938899798881378e24
-1.851995812386918e24
-1.9107226351835039e24
-1.9700605386035173e24
-2.0299992532787974e24
-2.090528151497453e24
-2.1516362487483752e24
-2.2133122054606234e24
-2.275544328938232e24
-2.3383205754906682e24
-2.4016285527591394e24
-2.465455522238843e24
-2.529788401997144e24
-2.594613769587523e24
-2.659917865159109e24
-2.7256865947612975e24
-2.79190553384315e24
-2.8585599309469076e24
-2.9256347115948863e24
-2.9931144823690173e24
-3.0609835351820484e24
-3.129225851739406e24
-3.1978251081905735e24
-3.2667646799686137e24
-3.33602764681662e24
-3.4055967979995096e24
-3.4754546376995146e24
-3.5455833905937516e24
-3.615965007611943e24
-3.686581171872449e24
-3.7574133047944013e24
-3.828442572383954e24
-3.899649891692244e24
-3.971015937442689e24
-4.0425211488252416e24
-4.1141457364547976e24
-4.185869689491243e24
-4.2576727829182157e24
-4.329534584977641e24
-4.401434464757127e24
-4.4733515999269746e24
-4.545264984623641e24
-4.61715343747631e24
-4.688995609773134e24
-4.760769993763599e24
-4.832454931093496e24
-4.904028621368613e24
-4.975469130843479e24
-5.046754401231259e24
-5.11786225863067e24
-5.188770422566051e24
-5.259456515136256e24
-5.329898070268189e24
-5.400072543070725e24
-5.469957319284461e24
-5.539529724822964e24
-5.60876703540089e24
-5.677646486244362e24
-5.746145281878871e24
-5.814240605990038e24
-5.881909631352256e24
-5.949129529820489e24
-6.015877482380086e24
-6.082130689249752e24
-6.147866380032578e24
-6.213061823909899e24
-6.277694339872967e24
-6.341741306987095e24
-6.405180174683126e24
-6.467988473070745e24
-6.530143823268526e24
-6.59162394774512e24
-6.652406680666319e24
-6.712469978242458e24
-6.77179192907074e24
-6.830350764466988e24
-6.888124868781292e24
-6.945092789691977e24
-7.001233248472447e24
-7.056525150225277e24
-7.110947594077965e24
-7.164479883334843e24
-7.217101535579487e24
-7.26879229272213e24
-7.319532130986482e24
-7.36930127083031e24
-7.418080186794393e24
-7.465849617274158e24
-7.512590574208563e24
-7.55828435268069e24
-7.602912540424584e24
-7.646457027232874e24
-7.68890001425981e24
-7.7302240232142e24
-7.770411905437057e24
-7.809446850858554e24
-7.847312396829007e24
-7.883992436818723e24
-7.919471228981494e24
-7.953733404576661e24
-7.986763976244637e24
-8.018548346130932e24
-8.049072313853692e24
-8.078322084309945e24
-8.106284275315668e24
-8.132945925074988e24
-8.158294499473859e24
-8.18231789919361e24
-8.205004466639858e24
-8.226342992682415e24
-8.246322723201773e24
-8.264933365438025e24
-8.282165094138001e24
-8.298008557496561e24
-8.312454882888145e24
-8.325495682384669e24
-8.337123058056032e24
-8.347329607049605e24
-8.356108426445102e24
-8.363453117881484e24
-8.369357791952536e24
-8.373817072367898e24
-8.376826099876504e24
-8.378380535949458e24
-8.378476566219506e24
-8.377110903674384e24
-8.374280791601431e24
-8.369984006281076e24
-8.364218859426794e24
-8.35698420036938e24
-8.348279417983464e24
-8.338104442354322e24
-8.32645974618327e24
-8.313346345929871e24
-8.298765802689562e24
-8.282720222805254e24
-8.265212258211745e24
-8.246245106511823e24
-8.225822510783146e24
-8.203948759115089e24
-8.180628683875035e24
-8.155867660703403e24
-8.129671607237364e24
-8.102046981562736e24
-8.073000780394381e24
-8.042540536984897e24
-8.01067431876205e24
-7.977410724695393e24
-7.942758882392546e24
-7.906728444925947e24
-7.869329587390898e24
-7.830573003196046e24
-7.790469900087338e24
-7.749031995907026e24
-7.706271514088934e24
-7.662201178891912e24
-7.61683421037317e24
-7.570184319103357e24
-7.522265700625764e24
-7.473093029661549e24
-7.42268145406383e24
-7.371046588522788e24
-7.318204508024796e24
-7.264171741068351e24
-7.208965262639704e24
-7.152602486951579e24
-7.095101259947969e24
-7.036479851578834e24
-6.976756947847846e24
-6.915951642637391e24
-6.854083429314164e24
-6.791172192119827e24
-6.727238197350625e24
-6.662302084330142e24
-6.596384856179919e24
-6.529507870392016e24
-6.461692829208653e24
-6.392961769813235e24
-6.323337054338041e24
-6.252841359693414e24
-6.18149766722348e24
-6.109329252194001e24
-6.036359673117217e24
-5.962612760919703e24
-5.888112607958281e24
-5.812883556890156e24
-5.736950189402516e24
-5.660337314808141e24
-5.583069958512321e24
-5.50517335035752e24
-5.42667291285196e24
-5.347594249288087e24
-5.267963131757557e24
-5.187805489068838e24
-5.107147394574081e24
-5.026015053911814e24
-4.944434792671804e24
-4.862433043989161e24
-4.78003633607395e24
-4.6972712796835626e24
-4.614164555544217e24
-4.5307429017288435e24
-4.4470331009980685e24
-4.3630619681113663e24
-4.278856337115287e24
-4.194443048615794e24
-4.109848937042023e24
-4.025100817908068e24
-3.940225475080477e24
-3.855249648057944e24
-3.7702000192710747e24
-3.685103201408559e24
-3.599985724777621e24
-3.514874024705371e24
-3.4297944289884347e24
-3.344773145398075e24
-3.2598362492475983e24
-3.1750096710294985e24
-3.090319184129205e24
-3.005790392622566e24
-2.921448719164024e24
-2.837319392972479e24
-2.7534274379219574e24
-2.6697976607436216e24
-2.586454639346437e24
-2.503422711262767e24
-2.420725962226291e24
-2.3383882148882056e24
-2.2564330176789862e24
-2.1748836338217846e24
-2.0937630305041796e24
-2.0130938682147312e24
-1.9328984902503832e24
-1.8531989124012618e24
-1.774016812818847e24
-1.695373522073631e24
-1.617290013408103e24
-1.5397868931911662e24
-1.4628843915794648e24
-1.3866023533914145e24
-1.3109602291994727e24
-1.2359770666460085e24
-1.1616715019881185e24
-1.0880617518764534e24
-1.0151656053733023e24
-9.430004162146444e23
-8.71583095321048e23
-8.009301035621415e23
-7.310574447788966e23
-6.619806590685322e23
-5.93714816335723e23
-5.2627451011465776e23
-4.596738516655107e23
-3.939264643493541e23
-3.290454782849254e23
-2.6504352529077176e23
-2.0193273411605933e23
-1.3972472596317464e23
-7.84306103050122e22
-1.8060980999727012e22
4.137408729434587e22
9.986504240129448e22
1.5740285760545483e23
2.1397903432230802e23
2.695856044607656e23
3.242151324747845e23
3.7786071710317616e23
4.305159927959546e23
4.821751308262502e23
5.328328400867083e23
5.824843675696514e23
6.311254985304169e23
6.787525563334446e23
7.253624019808724e23
7.709524333237131e23
8.155205839557413e23
8.590653217904289e23
9.015856473215675e23
9.43081091568257e23
9.835517137053343e23
1.0229980983801966e24
1.0614213527175953e24
1.0988231030137679e24
1.1352054911217144e24
1.170571170529529e24
1.2049233021338994e24
1.2382655497110966e24
1.2706020750879882e24
1.3019375330156538e24
1.3322770657486569e24
1.3616262973329145e24
1.389991327605468e24
1.4173787259096235e24
1.4437955245290335e24
1.4692492118445957e24
1.493747725218158e24
1.5172994436070824e24
1.5399131799142378e24
1.5615981730777333e24
1.5823640799052399e24
1.602220966657649e24
1.6211793003872319e24
1.639249940035358e24
1.6564441272953118e24
1.6727734772455197e24
1.688249968759057e24
1.7028859346952013e24
1.7166940518789623e24
1.729687330874842e24
1.741879105560973e24
1.7532830225101805e24
1.7639130301844565e24
1.7737833679494869e24
1.782908554916233e24
1.791303378616297e24
1.7989828835183374e24
1.8059623593925553e24
1.8122573295307352e24
1.8178835388290526e24
1.822856941741419e24
1.8271936901107197e24
1.830910120885867e24
1.8340227437324494e24
1.836548228544759e24
1.8385033928673897e24
1.8399051892342428e24
1.840770692433339e24
1.841117086705357e24
1.8409616528844813e24
1.840321755489657e24
1.839214829774738e24
1.837658368746038e24
1.835669910155605e24
1.8332670234789424e24
1.8304672968855539e24
1.827288324211061e24
1.823747691939395e24
1.8198629662037336e24
1.8156516798149087e24
1.8111313193257604e24
1.8063193121403248e24
1.8012330136762746e24
1.7958896945895102e24
1.7903065280692555e24
1.7845005772125757e24
1.778488782486646e24
1.77228794928748e24
1.7659147356036464e24
1.7593856397933413e24
1.7527169884834275e24
1.7459249245986528e24
1.7390253955295314e24
1.7320341414470202e24
1.7249666837723264e24
1.7178383138098572e24
1.710664081551389e24
1.703458784659521e24
1.6962369576380784e24
1.689012861197514e24
1.6818004718226914e24
1.6746134715509168e24
1.667465237967457e24
1.660368834425985e24
1.6533370005012464e24
1.646382142680875e24
1.6395163253035636e24
1.6327512617501562e24
1.6260983058946496e24
1.619568443821395e24
1.613172285815098e24
1.6069200586297635e24
1.60082159804267e24
1.5948863416994053e24
1.5891233222555848e24
1.5835411608209622e24
1.5781480607112333e24
1.5729518015129106e24
1.567959733466136e24
1.5631787721704822e24
1.558615393618257e24
1.5542756295598583e24
1.5501650632055008e24
1.5462888252672392e24
1.5426515903453427e24
1.539257573662509e24
1.536110528149501e24
1.5332137418853313e24
1.530570035895061e24
1.5281817623080228e24
1.526050802878968e24
1.5241785678745545e24
1.5225659953272214e24
1.521213550658411e24
1.5201212266726835e24
1.5192885439242688e24
1.5187145514571064e24
1.5183978279193845e24
1.5183364830533067e24
1.518528159560417e24
1.518970035342878e24
1.5196588261205002e24
1.5205907884233777e24
1.5217617229595262e24
1.5231669783568184e24
1.5248014552781558e24
1.5266596109086416e24
1.5287354638132466e24
1.5310225991631901e24
1.5335141743290767e24
1.536202924838466e24
1.539081170695455e24
1.542140823059474e24
1.5453733912803078e24
1.548769990286141e24
1.5523213483210918e24
1.5560178150285732e24
1.5598493698764382e24
1.5638056309197864e24
1.5678758638969014e24
1.5720489916537032e24
1.5763136038917726e24
1.580657967234755e24
1.5850700356078515e24
1.589537460924687e24
1.5940476040757954e24
1.5985875462126017e24
1.6031441003206718e24
1.6077038230756708e24
1.6122530269753972e24
1.616777792740861e24
1.6212639819793715e24
1.6256972501022468e24
1.6300630594895982e24
1.634346692894499e24
1.6385332670785428e24
1.6426077466707512e24
1.6465549582414683e24
1.6503596045827615e24
1.6540062791867323e24
1.6574794809128214e24
1.6607636288351912e24
1.66384307726095e24
1.6667021309099968e24
1.6693250602469116e24
1.671696116955396e24
1.6737995495454015e24
1.6756196190831318e24
1.6771406150338897e24
1.678346871207576e24
1.6792227817966592e24
1.6797528174961544e24
1.6799215416952332e24
1.6797136267297477e24
1.6791138701851535e24
1.6781072112389244e24
1.6766787470316858e24
1.6748137490561717e24
1.6724976795528942e24
1.6697162079016417e24
1.6664552269975302e24
1.662700869600568e24
1.6584395246474742e24
1.6536578535145022e24
1.648342806220069e24
1.642481637555805e24
1.6360619231348155e24
1.6290715753457362e24
1.6214988592014052e24
1.613332408070649e24
1.6045612392821263e24
1.59517476958872e24
1.585162830481353e24
1.5745156833410557e24
1.5632240344179252e24
1.55127904962608e24
1.5386723691433224e24
1.525396121804698e24
1.5114429392787923e24
1.4968059700161502e24
1.4814788929588188e24
1.4654559310004107e24
1.4487318641861782e24
1.4313020426424245e24
1.4131623992250953e24
1.394309461877053e24
1.3747403656841682e24
1.3544528646200077e24
1.3334453429693234e24
1.3117168264207826e24
1.2892669928190647e24
1.2660961825673054e24
1.242205408670272e24
1.217596366409557e24
1.1922714426415812e24
1.1662337247100486e24
1.1394870089640194e24
1.1120358088734776e24
1.0838853627343648e24
1.0550416409548701e24
1.0255113529157328e24
9.953019533966381e23
9.644216485619303e23
9.328794014982096e23
9.006849372974574e23
8.678487476788578e23
8.343820951431575e23
8.002970166537317e23
7.656063268381787e23
7.30323620705495e23
6.944632758730275e23
6.580404542988193e23
6.210711035142203e23
5.83571957352559e23
5.455605361699273e23
5.070551465538414e23
4.680748805167886e23
4.2863961417085973e23
3.887700058811357e23
3.48487493894592e23
3.078142934428136e23
2.6677339331599558e23
2.2538855190676562e23
1.836842927226484e23
1.4168589936553269e23
9.941940997814113e22
5.691161115633759e22
1.4190031327876981e22
-2.871706640287988e22
-7.178069194302948e22
-1.1497113643167876e23
-1.582579809914843e23
-2.016101060095405e23
-2.449957009461527e23
-2.8838227466871615e23
-3.3173666630883484e23
-3.750250566391232e23
-4.182129799670773e23
-4.6126533654221074e23
-5.041464054724736e23
-5.468198581462099e23
-5.8924877215449115e23
-6.313956457097531e23
-6.732224125547265e23
-7.146904573569948e23
-7.55760631582595e23
-7.963932698430633e23
-8.36548206709356e23
-8.761847939854528e23
-9.152619184352799e23
-9.537380199547319e23
-9.91571110181859e23
-1.0287187915364408e24
-1.0651382766813626e24
-1.1007864083963986e24
-1.1356196798562047e24
-1.1695942553028713e24
-1.2026659911034417e24
-1.2347904571831449e24
-1.2659229588235487e24
-1.2960185588160466e24
-1.325032099959349e24
-1.3529182278906088e24
-1.3796314142390027e24
-1.405125980089891e24
-1.4293561197486844e24
-1.4522759247917246e24
-1.4738394083928465e24
-1.4940005299124853e24
-1.5127132197375276e24
-1.5299314043583079e24
-1.5456090316705277e24
-1.5597000964883523e24
-1.5721586662552857e24
-1.5829389069396662e24
-1.5919951091003295e24
-1.5992817141091852e24
-1.6047533405158628e24
-1.6083648105407308e24
-1.6100711766814146e24
-1.6098277484184286e24
-1.6075901190051733e24
-1.6033141923271494e24
-1.5969562098159332e24
-1.5884727774021385e24
-1.577820892492742e24
-1.564957970957059e24
-1.5498418741061377e24
-1.5324309356501163e24
-1.512683988617738e24
-1.4905603922227495e24
-1.466020058661327e24
-1.4390234798246364e24
-1.4095317539112227e24
-1.3775066119228833e24
-1.3429104440286905e24
-1.30570632578111e24
-1.2658580441684852e24
-1.223330123487917e24
-1.1780878510230367e24
-1.1300973025107369e24
-1.0793253673810341e24
-1.0257397737547656e24
-9.693091131828676e23
-9.100028651126e23
-8.477914210642065e23
-7.826461085033945e23
-7.145392143940465e23
-6.43444008415826e23
-5.693347658319567e23
-4.921867899918205e23
-4.1197643445376275e23
-3.286811247134999e23
-2.4227937952333168e23
-1.5275083178786752e23
-6.007624902219892e22
3.576244664168368e22
1.3478215891405723e23
2.369985982859358e23
3.424262634599694e23
4.510784232875213e23
5.629670992246253e23
6.781030483196116e23
7.964957467451365e23
9.181533738867506e23
1.0430827970001131e24
1.1712895564489123e24
1.3027778515342912e24
1.4375505269279885e24
1.5756090597193934e24
1.7169535470875537e24
1.861582694608364e24
2.0094938052070474e24
2.1606827687655939e24
2.3151440523948503e24
2.4728706913797037e24
2.6338542808069364e24
2.798084967883568e24
2.965551444953963e24
3.1362409432233665e24
3.310139227195221e24
3.4872305898292094e24
3.6674978484268404e24
3.850922341250198e24
4.0374839248805123e24
4.2271609723214255e24
4.4199303718521724e24
4.6157675266354053e24
4.8146463550837914e24
5.016539291989297e24
5.22141729041888e24
5.429249824378747e24
5.640004892250999e24
5.853649021003857e24
6.070147271177784e24
6.289463242648537e24
6.511559081168257e24
6.736395485684972e24
6.963931716440699e24
7.194125603847317e24
7.426933558139986e24
7.662310579806514e24
7.900210270790837e24
8.140584846468825e24
8.383385148393385e24
8.628560657806458e24
8.876059509913492e24
9.125828508917459e24
9.377813143807519e24
9.631957604897542e24
9.888204801109497e24
1.0146496377995725e25
1.0406772736494293e25
1.0668973052410833e25
1.0933035296619336e25
1.1198896255975584e25
1.1466491554934244e25
1.1735755677862225e25
1.2006621992038995e25
1.2279022771335225e25
1.2552889220559838e25
1.282815150046608e25
1.3104738753405446e25
1.3382579129619536e25
1.36615998141584e25
1.3941727054413547e25
1.4222886188254272e25
1.4505001672754365e25
1.4787997113497094e25
1.5071795294445179e25
1.5356318208361828e25
1.5641487087770235e25
1.5927222436436116e25
1.6213444061359786e25
1.6500071105262223e25
1.6787022079550625e25
1.7074214897747278e25
1.73615669093669e25
1.7648994934224937e25
1.7936415297161932e25
1.8223743863166372e25
1.8510896072878995e25
1.8797786978461886e25
1.9084331279814014e25
1.9370443361116562e25
1.9656037327688337e25
1.994102704313487e25
2.022532616677132e25
2.0508848191300962e25
2.0791506480730474e25
2.1073214308502297e25
2.135388489582555e25
2.1633431450185306e25
2.1911767204010766e25
2.218880545348252e25
2.246445959745906e25
2.2738643176502097e25
2.3011269911980557e25
2.3282253745232986e25
2.355150887676764e25
2.381894980548028e25
2.4084491367867818e25
2.434804877721867e25
2.460953766275769e25
2.486887410872559e25
2.5125974693371852e25
2.538075652783991e25
2.5633137294924217e25
2.5883035287678046e25
2.6130369447850814e25
2.637505940413475e25
2.661702551019947e25
2.6856188882494147e25
2.709247143779603e25
2.732579593048515e25
2.755608598952441e25
2.7783266155124723e25
2.8007261915074413e25
2.8227999740713353e25
2.8445407122531106e25
2.865941260536943e25
2.8869945823209174e25
2.907693753352195e25
2.9280319651167335e25
2.9480025281815847e25
2.967598875487907e25
2.986814565592795e25
3.0056432858580455e25
3.0240788555840417e25
3.042115229086923e25
3.0597464987172625e25
3.0769668978184993e25
3.0937708036233497e25
3.1101527400865456e25
3.126107380652195e25
3.1416295509541193e25
3.1567142314475764e25
3.1713565599707568e25
3.1855518342345625e25
3.199295514239103e25
3.2125832246154713e25
3.225410756891347e25
3.2377740716790683e25
3.2496693007847427e25
3.2610927492371603e25
3.2720408972351768e25
3.2825104020123397e25
3.2924980996176113e25
3.302001006610954e25
3.311016321672766e25
3.31954142712603e25
3.3275738903702276e25
3.335111465225977e25
3.3421520931895595e25
3.348693904596378e25
3.3547352196925794e25
3.3602745496140464e25
3.36531059727202e25
3.369842258144714e25
3.373868620974237e25
3.3773889683683094e25
3.3804027773062186e25
3.382909719548523e25
3.384909661950168e25
3.3864026666765167e25
3.3873889913221316e25
3.387869088931924e25
3.3878436079245547e25
3.3873133919178626e25
3.3862794794563106e25
3.384743103640323e25
3.3827056916575602e25
3.3801688642162485e25
3.3771344348805804e25
3.373604409308493e25
3.369580984391929e25
3.365066547299994e25
3.360063674425231e25
3.354575130233532e25
3.3486038660180466e25
3.3421530185576262e25
3.3352259086804174e25
3.327826039733127e25
3.319957095956739e25
3.3116229407693004e25
3.3028276149566723e25
3.293575334771986e25
3.2838704899447137e25
3.2737176416003836e25
3.263121520091759e25
3.2520870227427322e25
3.240619211505824e25
3.2287233105346365e25
3.216404703672276e25
3.203668931857147e25
3.1905216904473152e25
3.176968826464801e25
3.1630163357612863e25
3.1486703601065186e25
3.133937184201086e25
3.1188232326149128e25
3.1033350666532423e25
3.0874793811515416e25
3.0712630012011907e25
3.0546928788075056e25
3.037776089481918e25
3.0205198287701607e25
3.0029314087181448e25
2.9850182542776e25
2.966787899653164e25
2.9482479845931112e25
2.9294062506254914e25
2.910270537241812e25
2.8908487780303505e25
2.8711489967610267e25
2.8511793034241783e25
2.8309478902251413e25
2.810463027537046e25
2.7897330598138415e25
2.7687664014659387e25
2.7475715327006026e25
2.7261569953294423e25
2.70453138854535e25
2.682703364671071e25
2.660681624881948e25
2.6384749149049955e25
2.616092020696922e25
2.5935417641032607e25
2.570832998501244e25
2.5479746044287014e25
2.524975485201474e25
2.501844562521865e25
2.4785907720804494e25
2.4552230591538752e25
2.4317503742009916e25
2.4081816684599245e25
2.3845258895484605e25
2.360791977070304e25
2.336988858229727e25
2.3131254434569896e25
2.2892106220471826e25
2.2652532578147787e25
2.241262184766617e25
2.2172462027955266e25
2.1932140733973166e25
2.1691745154133855e25
2.145136200801495e25
2.121107750437178e25
2.0970977299480764e25
2.0731146455837576e25
2.0491669401232864e25
2.0252629888230186e25
2.001411095406851e25
1.977619488101411e25
1.953896315718355e25
1.9302496437861245e25
1.9066874507334474e25
1.88321762412674e25
1.8598479569637133e25
1.8365861440252343e25
1.8134397782877368e25
1.7904163473981701e25
1.767523230213604e25
1.7447676934076109e25
1.7221568881452675e25
1.6996978468289707e25
1.6773974799167594e25
1.6552625728152616e25
1.6332997828489284e25
1.6115156363075236e25
1.5899165255735295e25
1.5685087063312173e25
1.5472982948591086e25
1.5262912654073877e25
1.5054934476619126e25
1.484910524296277e25
1.4645480286135259e25
1.4444113422788163e25
1.4245056931445437e25
1.4048361531691626e25
1.385407636430986e25
1.3662248972382906e25
1.3472925283367112e25
1.328614959215216e25
1.3101964545115629e25
1.2920411125183563e25
1.2741528637905398e25
1.256535469855249e25
1.2391925220248479e25
1.222127440313871e25
1.2053434724606003e25
1.1888436930538572e25
1.1726310027656602e25
1.1567081276901526e25
1.1410776187893533e25
1.125741851446011e25
1.1107030251239442e25
1.095963163136105e25
1.081524112520515e25
1.0673875440242602e25
1.0535549521955328e25
1.0400276555837783e25
1.026806797047807e25
1.0138933441717826e25
1.0012880897888635e25
9.889916526122019e24
9.770044779730145e24
9.653268386652581e24
9.539588358965093e24
9.429004003444455e24
9.321512933183913e24
9.217111080252043e24
9.11579270938827e24
9.017550432726701e24
8.922375225539781e24
8.830256442992698e24
8.741181837898374e24
8.655137579462886e24
8.572108273009903e24
8.492076980672451e24
8.415025243039917e24
8.340933101746811e24
8.269779122990183e24
8.201540421961193e24
8.136192688176316e24
8.073710211692555e24
8.01406591019105e24
7.957231356912243e24
7.903176809425933e24
7.851871239218256e24
7.803282362077675e24
7.757376669261228e24
7.714119459421857e24
7.673474871277111e24
7.63540591699902e24
7.59987451630438e24
7.566841531224491e24
7.536266801532421e24
7.508109180805883e24
7.48232657310322e24
7.458875970229368e24
7.437713489568654e24
7.418794412460333e24
7.402073223093107e24
7.387503647893655e24
7.375038695384532e24
7.364630696486133e24
7.356231345237009e24
7.34979173990684e24
7.345262424475583e24
7.342593430452539e24
7.341734319008426e24
7.342634223393419e24
7.345241891613981e24
7.349505729340809e24
7.355373843020424e24
7.362794083162196e24
7.371714087773078e24
7.382081325911367e24
7.39384314133164e24
7.406946796191788e24
7.421339514793951e24
7.436968527330485e24
7.453781113606038e24
7.471724646707191e24
7.490746636590447e24
7.510794773559906e24
7.531816971605568e24
7.553761411573458e24
7.57657658413855e24
7.600211332551871e24
7.624614895132899e24
7.649736947478517e24
7.675527644360206e24
7.701937661280622e24
7.72891823566179e24
7.756421207636107e24
7.78439906041275e24
7.8128049601914e24
7.8415927955956e24
7.870717216598778e24
7.900133672915287e24
7.929798451830173e24
7.959668715440553e24
7.989702537282782e24
8.019858938319057e24
8.050097922258096e24
8.080380510184508e24
8.110668774471755e24
8.140925871954502e24
8.171116076335787e24
8.201204809805682e24
8.231158673847681e24
8.260945479210402e24
8.290534275021747e24
8.319895377023911e24
8.34900039490764e24
8.377822258724687e24
8.406335244358327e24
8.434514998031624e24
8.462338559834536e24
8.489784386250629e24
8.516832371665511e24
8.543463868839232e24
8.569661708325467e24
8.595410216821338e24
8.620695234431799e24
8.645504130833648e24
8.669825820324395e24
8.693650775742419e24
8.716971041244872e24
8.739780243931144e24
8.762073604299887e24
8.78384794552838e24
8.805101701564103e24
8.82583492401847e24
8.84604928785404e24
8.865748095856687e24
8.884936281885501e24
8.903620412893375e24
8.921808689712519e24
8.93951094659945e24
8.956738649535136e24
8.973504893276498e24
8.989824397156336e24
9.005713499629585e24
9.021190151564458e24
9.036273908277973e24
9.050985920316025e24
9.06534892297904e24
9.079387224595009e24
9.093126693542474e24
9.106594744026944e24
9.119820320614851e24
9.13283388153015e24
9.145667380719262e24
9.158354248691047e24
9.170929372139204e24
9.183429072355217e24
9.195891082440971e24
9.208354523330667e24
9.220859878632806e24
9.233448968303386e24
9.246164921162678e24
9.259052146268263e24
9.272156303158269e24
9.285524270979086e24
9.299204116512801e24
9.313245061120427e24
9.327697446617525e24
9.34261270009977e24
9.358043297736546e24
9.374042727551578e24
9.39066545121024e24
9.407966864833702e24
9.426003258861196e24
9.444831776981844e24
9.464510374158687e24
9.485097773767745e24
9.506653423876002e24
9.529237452682402e24
9.552910623147165e24
9.577734286834708e24
9.60377033699643e24
9.631081160920273e24
9.659729591574165e24
9.689778858571494e24
9.721292538486784e24
9.754334504550893e24
9.788968875754836e24
9.82525996539252e24
9.863272229072777e24
9.903070212231436e24
9.944718497175213e24
9.988281649688727e24
1.0033824165237376e25
1.0081410414798236e25
1.01311045903523e25
1.0182970650071293e25
1.023707226323262e25
1.029347275489681e25
1.0352235050381259e25
1.041342161956545e25
1.0477094421061905e25
1.054331484628859e25
1.0612143663477417e25
1.0683640961654951e25
1.075786609463074e25
1.0834877625028996e25
1.0914733268400044e25
1.0997489837447068e25
1.1083203186405067e25
1.117192815560747e25
1.1263718516277686e25
1.1358626915580993e25
1.1456704821973866e25
1.1558002470886973e25
1.1662568810777534e25
1.1770451449588486e25
1.1881696601649348e25
1.1996349035056082e25
1.2114452019564795e25
1.2236047275036037e25
1.2361174920465001e25
1.248987342363259e25
1.262217955141376e25
1.2758128320776825e25
1.2897752950509721e25
1.3041084813706634e25
1.318815339105028e25
1.3338986224922447e25
1.349360887437764e25
1.3652044871012187e25
1.3814315675761412e25
1.3980440636658348e25
1.4150436947584423e25
1.4324319608045168e25
1.4502101384000554e25
1.4683792769781875e25
1.4869401951123831e25
1.5058934769342575e25
1.5252394686688072e25
1.5449782752898749e25
1.5651097572987528e25
1.5856335276284823e25
1.6065489486766692e25
1.627855129469258e25
1.649550922957909e25
1.6716349234534111e25
1.6941054641974233e25
1.7169606150750533e25
1.7401981804702943e25
1.7638156972667278e25
1.7878104329953414e25
1.8121793841317278e25
1.8369192745443695e25
1.8620265540960497e25
1.887497397400093e25
1.9133277027330553e25
1.9395130911056557e25
1.9660489054932324e25
1.99293021022741e25
2.020151790550076e25
2.0477081523311527e25
2.0755935219511198e25
2.1038018463495205e25
2.1323267932403858e25
2.161161751495347e25
2.1902998316954764e25
2.2197338668522456e25
2.249456413298512e25
2.2794597517497347e25
2.3097358885360805e25
2.3402765570056044e25
2.3710732190986344e25
2.4021170670937064e25
2.433399025524741e25
2.4649097532697128e25
2.496639645810261e25
2.5285788376623145e25
2.5607172049769737e25
2.59304436831144e25
2.6255496955692945e25
2.6582223051092736e25
2.6910510690220764e25
2.724024616573892e25
2.7571313378160604e25
2.7903593873593415e25
2.823696688312006e25
2.857130936380018e25
2.890649604128267e25
2.924239945401161e25
2.957888999900881e25
2.991583597921891e25
3.0253103652395086e25
3.0590557281510534e25
3.092805918667144e25
3.1265469798514137e25
3.1602647713062853e25
3.1939449748024176e25
3.2275731000497408e25
3.2611344906072467e25
3.29461432992934e25
3.3279976475457305e25
3.3612693253724858e25
3.3944141041510628e25
3.4274165900126977e25
3.4602612611650257e25
3.492932474697725e25
3.5254144735043314e25
3.5576913933165775e25
3.5897472698483476e25
3.6215660460454157e25
3.653131579437924e25
3.684427649591604e25
3.715437965654499e25
3.746146173995255e25
3.776535865929251e25
3.8065905855288572e25
3.8362938375136797e25
3.8656290952171606e25
3.894579808625143e25
3.923129412482625e25
3.951261334464448e25
3.9789590034055764e25
4.006205857587087e25
4.03298535307312e25
4.05928097209489e25
4.085076231476972e25
4.110354691101792e25
4.135099962407513e25
4.159295716915071e25
4.182925694779689e25
4.205973713362257e25
4.228423675816128e25
4.250259579684404e25
4.27146552550344e25
4.292025725407434e25
4.311924511729831e25
4.331146345596402e25
4.349675825505596e25
4.367497695891238e25
4.384596855662735e25
4.400958366718277e25
4.416567462425911e25
4.431409556068087e25
4.4454702492445e25
4.458735340228784e25
4.471190832274107e25
4.482822941862941e25
4.493618106896331e25
4.503562994817721e25
4.5126445106669555e25
4.520849805059368e25
4.528166282085651e25
4.534581607127547e25
4.540083714584934e25
4.5446608155096996e25
4.5483014051416645e25
4.550994270342335e25
4.552728496921673e25
4.553493476853768e25
4.553278915376683e25
4.552074837972399e25
4.54987159722246e25
4.5466598795349785e25
4.5424307117389815e25
4.537175467541758e25
4.5308858738453896e25
4.523554016918131e25
4.515172348417036e25
4.505733691257635e25
4.495231245327059e25
4.483658593036838e25
4.471009704711547e25
4.457278943810007e25
4.442461071975195e25
4.426551253909745e25
4.409545062073453e25
4.391438481199627e25
4.372227912627243e25
4.351910178445517e25
4.330482525448221e25
4.307942628894588e25
4.284288596074265e25
4.259518969673333e25
4.233632730939074e25
4.206629302640715e25
4.178508551824025e25
4.149270792357187e25
4.118916787266017e25
4.08744775085631e25
4.0548653506213385e25
4.021171708932752e25
3.986369404513038e25
3.950461473687839e25
3.913451411416991e25
3.875343172102312e25
3.8361411701713313e25
3.7958502804355503e25
3.7544758382223206e25
3.712023639279294e25
3.668499939450783e25
3.6239114541252182e25
3.578265357453262e25
3.531569281336045e25
3.483831314183312e25
3.4350599994412316e25
3.3852643338898113e25
3.334453765710094e25
3.2826381923209905e25
3.2298279579867655e25
3.176033851194744e25
3.1212671018044804e25
3.0655393779688033e25
3.0088627828276307e25
2.9512498509755005e25
2.8927135447038853e25
2.8332672500195337e25
2.7729247724401436e25
2.711700332568817e25
2.649608561448928e25
2.5866644957010553e25
2.522883572443856e25
2.4582816240008095e25
2.3928748723949837e25
2.32667992363372e25
2.2597137617862585e25
2.1919937428558378e25
2.1235375884494983e25
2.05436337924803e25
1.9844895482788456e25
1.9139348739947388e25
1.8427184731615475e25
1.7708597935578266e25
1.6983786064898217e25
1.6252949991250643e25
1.5516293666480871e25
1.4774024042418078e25
1.4026350988982735e25
1.3273487210625868e25
1.2515648161136276e25
1.1753051956862191e25
1.0985919288379312e25
1.0214473330653616e25
9.438939651738846e24
8.659546120052955e24
7.876522810277591e24
7.090101907926361e24
6.300517612627759e24
5.508006040170027e24
4.7128051233553775e24
3.915154511712456e24
3.115295470116401e24
2.313470776366028e24
1.509924617769546e24
7.049024867901319e23
-1.0134892419910345e23
-9.085818289914354e23
-1.7165474544097778e24
-2.524996147896545e24
-3.333677485778425e24
-4.1423403821506516e24
-4.950733198325909e24
-5.758603852791721e24
-6.565699931620438e24
-7.371768799275503e24
-8.176557709756601e24
-8.979813918027248e24
-9.781284791666862e24
-1.0580717922689796e25
-1.1377861239473543e25
-1.2172463118737348e25
-1.2964272497515844e25
-1.3753038985062456e25
-1.4538512974633336e25
-1.5320445755086146e25
-1.6098589622238277e25
-1.6872697989925232e25
-1.7642525500700743e25
-1.840782813612016e25
-1.916836332654884e25
-1.9923890060437334e25
-2.0674168993005275e25
-2.1418962554276255e25
-2.2158035056406007e25
-2.2891152800246724e25
-2.361808418108998e25
-2.4338599793534066e25
-2.5052472535413395e25
-2.5759477710742056e25
-2.645939313161024e25
-2.7151999218980576e25
-2.7837079102329926e25
-2.8514418718082266e25
-2.9183806906779526e25
-2.984503550893733e25
-3.0497899459533777e25
-3.114219688107913e25
-3.1777729175216584e25
-3.2404301112802535e25
-3.3021720922418445e25
-3.362980037726447e25
-3.422835488038762e25
-3.481720354819865e25
-3.539616929222728e25
-3.5965078899076636e25
-3.6523763108527715e25
-3.707205668975301e25
-3.760979851559527e25
-3.813683163487179e25
-3.8653003342661877e25
-3.915816524853975e25
-3.965217334271345e25
-4.013488806003341e25
-4.060617434183397e25
-4.106590169557287e25
-4.151394425223596e25
-4.19501808214727e25
-4.237449494443288e25
-4.278677494427408e25
-4.318691397430817e25
-4.357481006376426e25
-4.39503661611368e25
-4.431349017509721e25
-4.4664095012942505e25
-4.500209861656129e25
-4.532742399589267e25
-4.563999925986219e25
-4.593975764477225e25
-4.62266375401339e25
-4.650058251192149e25
-4.6761541323237235e25
-4.700946795237338e25
-4.724432160825854e25
-4.746606674328269e25
-4.767467306348477e25
-4.7870115536105165e25
-4.805237439448974e25
-4.822143514034604e25
-4.837728854334675e25
-4.851993063807964e25
-4.864936271834593e25
-4.876559132880565e25
-4.886862825397742e25
-4.895849050459304e25
-4.90352003013173e25
-4.9098785055837455e25
-4.914927734933308e25
-4.918671490833784e25
-4.921114057800248e25
-4.9222602292777464e25
-4.92211530445233e25
-4.920685084807345e25
-4.917975870426031e25
-4.913994456042945e25
-4.908748126845909e25
-4.9022446540308335e25
-4.894492290112006e25
-4.88549976398989e25
-4.875276275779644e25
-4.86383149140258e25
-4.851175536944049e25
-4.837318992780261e25
-4.822272887477744e25
-4.806048691468401e25
-4.788658310503677e25
-4.770114078891749e25
-4.750428752520818e25
-4.729615501673084e25
-4.707687903632628e25
-4.684659935091956e25
-4.660545964360824e25
-4.63536074338197e25
-4.609119399558233e25
-4.581837427395246e25
-4.553530679964805e25
-4.524215360193203e25
-4.493908011979829e25
-4.462625511150532e25
-4.430385056251261e25
-4.39720415918676e25
-4.363100635709687e25
-4.328092595765647e25
-4.2921984336992026e25
-4.25543681832682e25
-4.217826682881803e25
-4.179387214837445e25
-4.14013784561355e25
-4.1000982401727065e25
-4.059288286511701e25
-4.017728085054211e25
-3.97543793795098e25
-3.932438338293013e25
-3.888749959244548e25
-3.8443936431013136e25
-3.7993903902808984e25
-3.75376134825098e25
-3.707527800401951e25
-3.660711154870408e25
-3.61333293331941e25
-3.5654147596825083e25
-3.51697834887733e25
-3.468045495495788e25
-3.4186380624767527e25
-3.3687779697682384e25
-3.318487182985161e25
-3.267787702069274e25
-3.216701549958051e25
-3.1652507612684506e25
-3.113457371002721e25
-3.0613434032820385e25
-3.00893086011514e25
-2.956241710207713e25
-2.903297877819631e25
-2.8501212316759233e25
-2.7967335739381012e25
-2.743156629242304e25
-2.6894120338101976e25
-2.635521324639421e25
-2.5815059287792646e25
-2.527387152698289e25
-2.4731861717496188e25
-2.418924019740164e25
-2.3646215786099455e25
-2.3102995682270923e25
-2.2559785363049264e25
-2.201678848446439e25
-2.1474206783224493e25
-2.093223997988581e25
-2.0391085683472477e25
-1.9850939297596926e25
-1.9311993928136855e25
-1.8774440292524757e25
-1.8238466630697518e25
-1.770425861776354e25
-1.7171999278432409e25
-1.6641868903262237e25
-1.6114044966767855e25
-1.5588702047442583e25
-1.506601174973588e25
-1.454614262803374e25
-1.4029260112687555e25
-1.3515526438130447e25
-1.3005100573127547e25
-1.2498138153195591e25
-1.1994791415236257e25
-1.1495209134416583e25
-1.099953656333509e25
-1.0507915373509915e25
-1.0020483599219483e25
-9.537375583732199e24
-9.058721927951952e24
-8.5846494415134e24
-8.115281096350544e24
-7.650735982769822e24
-7.191129268049102e24
-6.736572157587875e24
-6.287171858631991e24
-5.843031546589977e24
-5.404250333964304e24
-4.970923241910942e24
-4.543141174446811e24
-4.120990895315484e24
-3.704555007527861e24
-3.293911935585485e24
-2.8891359103973076e24
-2.490296956898732e24
-2.0974608843761798e24
-1.7106892795052501e24
-1.330039502101683e24
-9.555646835895317e23
-5.87313728183686e23
-2.2533131678529172e23
1.3034208641255712e23
4.7967022461684155e23
8.226210364287847e23
1.1591666411514524e24
1.489283321418928e24
1.8129515031618747e24
2.13015573292043e24
2.4408846525221694e24
2.7451309711415074e24
3.0428914347581305e24
3.3341667930371947e24
3.6189617636505553e24
3.8972849940652483e24
4.1691490208219106e24
4.4345702263321777e24
4.69356879322133e24
4.946168656247777e24
5.192397451829925e24
5.432286465213117e24
5.66587057531206e24
5.893188197263563e24
6.114281222728172e24
6.329194957978203e24
6.537978059813717e24
6.740682469347498e24
6.93736334370176e24
7.128078985662038e24
7.312890771332754e24
7.491863075842827e24
7.665063197148346e24
7.832561277983253e24
7.994430226007528e24
8.150745632206064e24
8.301585687590906e24
8.447031098260714e24
8.587164998874135e24
8.722072864592175e24
8.851842421548451e24
8.976563555904742e24
9.096328221552217e24
9.21123034651861e24
9.321365738142325e24
9.426831987076529e24
9.527728370185495e24
9.624155752397871e24
9.716216487580832e24
9.804014318501218e24
9.887654275939e24
9.967242577020392e24
1.00428865228377e25
1.0114694395423568e25
1.018277535414852e25
1.0247239331610225e25
1.030819692908419e25
1.0365759311605317e25
1.0420038102750625e25
1.0471145279193569e25
1.05191930651004e25
1.0564293826439822e25
1.0606559965276779e25
1.0646103814121823e25
1.0683037530407264e25
1.0717472991161636e25
1.0749521687953852e25
1.0779294622178405e25
1.0806902200753152e25
1.083245413230048e25
1.0856059323883373e25
1.087782577836687e25
1.0897860492475688e25
1.091626935561821e25
1.0933157049546857e25
1.094862694892441e25
1.096278102286537e25
1.097571973752116e25
1.0987541959777202e25
1.0998344862129582e25
1.1008223828808278e25
1.101727236321331e25
1.1025581996729577e25
1.1033242198985172e25
1.1040340289617625e25
1.1046961351611224e25
1.1053188146268051e25
1.1059101029874432e25
1.1064777872123386e25
1.1070293976352909e25
1.1075722001658795e25
1.1081131886939688e25
1.1086590776930936e25
1.109216295028271e25
1.109790974973677e25
1.1103889514454882e25
1.1110157514550823e25
1.1116765887876577e25
1.1123763579112028e25
1.1131196281206013e25
1.1139106379215538e25
1.1147532896588085e25
1.115651144393096e25
1.1166074170309907e25
1.1176249717117717e25
1.1187063174552194e25
1.1198536040741097e25
1.1210686183550317e25
1.1223527805109588e25
1.1237071409088907e25
1.1251323770756627e25
1.1266287909848963e25
1.1281963066278621e25
1.129834467870875e25
1.1315424366016559e25
1.1333189911669156e25
1.1351625251032483e25
1.1370710461632362e25
1.1390421756384711e25
1.1410731479810433e25
1.143160810724843e25
1.145301624707825e25
1.1474916645962349e25
1.1497266197115507e25
1.1520017951607777e25
1.1543121132704563e25
1.1566521153246274e25
1.159015963606768e25
1.1613974437455107e25
1.1637899673638097e25
1.166186575030954e25
1.168579939516716e25
1.1709623693466492e25
1.173325812657417e25
1.175661861350805e25
1.1779617555448822e25
1.1802163883206041e25
1.1824163107619055e25
1.1845517372872129e25
1.1866125512700416e25
1.1885883109462018e25
1.190468255604919e25
1.192241312061004e25
1.193896101405002e25
1.1954209460280827e25
1.196803876918236e25
1.1980326412241354e25
1.1990947100829159e25
1.1999772867078349e25
1.2006673147316902e25
1.201151486801652e25
1.2014162534209962e25
1.2014478320330557e25
1.2012322163425518e25
1.200755185869259e25
1.2000023157288522e25
1.1989589866355535e25
1.1976103951211028e25
1.1959415639643663e25
1.193937352825776e25
1.1915824690806268e25
1.1888614788451056e25
1.185758818188819e25
1.1822588045273737e25
1.1783456481885132e25
1.17400346414509e25
1.1692162839081146e25
1.1639680675729113e25
1.158242716011327e25
1.1520240832028535e25
1.1452959886973159e25
1.1380422302017694e25
1.1302465962840835e25
1.1218928791855646e25
1.1129648877349676e25
1.1034464603560276e25
1.093321478160681e25
1.082573878119886e25
1.0711876663041162e25
1.0591469311853008e25
1.0464358569919653e25
1.0330387371094023e25
1.018939987516434e25
1.0041241602504407e25
9.885759568920971e24
9.722802420614364e24
9.552220569166683e24
9.373866326470423e24
9.187594039513585e24
8.993260224932977e24
8.790723703250525e24
8.579845732703931e24
8.360490142586844e24
8.132523466010395e24
7.89581507199846e24
7.650237296831295e24
7.395665574548948e24
7.131978566529395e24
6.859058290052422e24
6.576790245765555e24
6.285063543963985e24
5.983771029600519e24
5.672809405937563e24
5.352079356759382e24
5.021485667059143e24
4.6809373421148027e24
4.3303477248745707e24
3.9696346115661314e24
3.5987203654501737e24
3.2175320286344634e24
2.8260014318711777e24
2.4240653022570834e24
2.0116653687558423e24
1.5887484654691522e24
1.1552666325766338e24
7.11177214871893e23
2.5644295781673265e23
-2.089678989552099e23
-6.850815307593159e23
-1.1719184396783759e24
-1.6694933691430384e24
-2.1778152213464215e24
-2.6968869775561555e24
-3.2267056213938083e24
-3.7672620651396367e24
-4.3185410791287636e24
-4.880521224297037e24
-5.453174787939449e24
-6.036467722732942e24
-6.630359589082122e24
-7.234803500844415e24
-7.849746074481063e24
-8.475127381689126e24
-9.110880905559233e24
-9.756933500311205e24
-1.0413205354645584e25
-1.10796099587568e25
-1.1756054075052569e25
-1.2442437712610697e25
-1.313865410541686e25
-1.3844589694412124e25
-1.4560124113390588e25
-1.5285130178769073e25
-1.601947388326115e25
-1.6763014393485202e25
-1.7515604051522866e25
-1.8277088380455976e25
-1.9047306093896807e25
-1.982608910953526e25
-2.061326256670982e25
-2.1408644848021733e25
-2.2212047604997125e25
-2.3023275787813154e25
-2.3842127679084453e25
-2.4668394931717784e25
-2.550186261084029e25
-2.6342309239790314e25
-2.7189506850175727e25
-2.8043221035987177e25
-2.8903211011765613e25
-2.97692296748043e25
-3.064102367137606e25
-3.1518333466974925e25
-3.2400893420544348e25
-3.328843186268003e25
-3.418067117777778e25
-3.507732789011032e25
-3.597811275379485e25
-3.6882730846626453e25
-3.779088166774996e25
-3.8702259239125265e25
-3.961655221075806e25
-4.053344396964934e25
-4.145261275243212e25
-4.237373176163944e25
-4.3296469285566804e25
-4.422048882167368e25
-4.514544920348279e25
-4.607100473091319e25
-4.699680530399726e25
-4.792249655992987e25
-4.884772001337887e25
-4.977211320000532e25
-5.069530982312206e25
-5.16169399034353e25
-5.253662993178979e25
-5.345400302485333e25
-5.436867908367441e25
-5.5280274955028265e25
-5.6188404595485255e25
-5.70926792381171e25
-5.799270756177172e25
-5.888809586282405e25
-5.977844822932583e25
-6.066336671747559e25
-6.154245153031097e25
-6.2415301198546044e25
-6.328151276345684e25
-6.414068196173405e25
-6.499240341219901e25
-6.583627080429901e25
-6.667187708827947e25
-6.74988146669465e25
-6.83166755889113e25
-6.912505174322207e25
-6.992353505529041e25
-7.071171768399808e25
-7.1489192219892656e25
-7.2255551884361755e25
-7.301039072969108e25
-7.375330383988963e25
-7.448388753218227e25
-7.520173955906831e25
-7.590645931082691e25
-7.659764801837173e25
-7.727490895633798e25
-7.793784764630355e25
-7.858607206002237e25
-7.921919282256484e25
-7.98368234152625e25
-8.043858037833214e25
-8.102408351307918e25
-8.159295608356307e25
-8.214482501762042e25
-8.267932110712554e25
-8.31960792073841e25
-8.36947384355435e25
-8.417494236791678e25
-8.46363392360991e25
-8.507858212177085e25
-8.550132915008247e25
-8.590424368149991e25
-8.628699450201138e25
-8.664925601157662e25
-8.699070841072514e25
-8.731103788517808e25
-8.760993678839701e25
-8.788710382195536e25
-8.814224421361874e25
-8.8375069893036e25
-8.858529966493384e25
-8.877265937971774e25
-8.893688210137035e25
-8.90777082725506e25
-8.919488587679841e25
-8.928817059773884e25
-8.935732597519578e25
-8.940212355811532e25
-8.942234305421173e25
-8.94177724762332e25
-8.938820828476926e25
-8.933345552749755e25
-8.925332797479564e25
-8.914764825162109e25
-8.901624796558049e25
-8.885896783110886e25
-8.867565778967057e25
-8.846617712591162e25
-8.82303945796799e25
-8.796818845384702e25
-8.767944671785073e25
-8.736406710689233e25
-8.702195721672306e25
-8.665303459394808e25
-8.625722682178869e25
-8.58344716012364e25
-8.538471682755134e25
-8.49079206620324e25
-8.440405159901511e25
-8.387308852804599e25
-8.331502079117755e25
-8.272984823534291e25
-8.211758125976172e25
-8.147824085834044e25
-8.081185865702213e25
-8.011847694605385e25
-7.939814870713471e25
-7.865093763541745e25
-7.787691815633031e25
-7.707617543719672e25
-7.62488053936279e25
-7.539491469067358e25
-7.451462073870477e25
-7.360805168401994e25
-7.267534639416386e25
-7.1716654437946e25
-7.073213606015518e25
-6.9721962150968e25
-6.8686314210048774e25
-6.7625384305344856e25
-6.6539375026583e25
-6.542849943347505e25
-6.429298099864434e25
-6.313305354528635e25
-6.1948961179582465e25
-6.074095821788622e25
-5.95093091087005e25
-5.825428834948418e25
-5.697618039830025e25
-5.567527958034984e25
-5.435188998941988e25
-5.300632538428592e25
-5.163890908010677e25
-5.02499738348556e25
-4.883986173083396e25
-4.740892405131562e25
-4.595752115237261e25
-4.448602232993757e25
-4.2994805682158325e25
-4.1484257967105686e25
-3.995477445589573e25
-3.8406758781287246e25
-3.684062278183499e25
-3.5256786341650314e25
-3.3655677225855554e25
-3.203773091180142e25
-3.0403390416126886e25
-2.8753106117739396e25
-2.708733557680038e25
-2.5406543349798553e25
-2.371120080079881e25
-2.2001785908956668e25
-2.027878307238891e25
-1.8542682908493648e25
-1.6793982050817184e25
-1.5033182942564563e25
-1.3260793626854176e25
-1.1477327533813915e25
-9.683303264635942e24
-7.879244372678155e24
-6.065679141731192e24
-4.243140361558729e24
-2.412165100819429e24
-5.732944774857756e23
1.2729265731284476e24
3.1259495326135853e24
4.985222535866782e24
6.850190609533438e24
8.720295912366519e24
1.0594977977382465e25
1.2473673955692114e25
1.4355818861882506e25
1.6240845820823074e25
1.8128186315777819e25
2.0017270437680825e25
2.190752713546808e25
2.3798384467321594e25
2.5689269852703407e25
2.7579610325048496e25
2.94688327849859e25
3.1356364253957224e25
3.324163212810208e25
3.5124064432276906e25
3.700309007407722e25
3.887813909772933e25
4.074864293772025e25
4.26140346720325e25
4.4473749274851e25
4.63272238686147e25
4.817389797526658e25
5.001321376658935e25
5.184461631347984e25
5.366755383403746e25
5.5481477940333715e25
5.7285843883732755e25
5.908011079863321e25
6.086374194450129e25
6.263620494606753e25
6.4396972031558955e25
6.6145520268839215e25
6.788133179933204e25
6.960389406960215e25
7.1312700060470164e25
7.300724851353738e25
7.468704415500587e25
7.635159791665853e25
7.80004271538991e25
7.963305586072204e25
8.124901488150084e25
8.284784211948033e25
8.442908274185943e25
8.599228938135562e25
8.753702233413922e25
8.906284975403353e25
9.05693478428717e25
9.205610103691066e25
9.352270218919894e25
9.496875274779843e25
9.63938629297653e25
9.77976518907918e25
9.917974789042488e25
1.005397884527528e26
1.0187742052249587e26
1.0319230061639875e26
1.0448409496984535e26
1.0575247967862028e26
1.069971408357325e26
1.0821777466323245e26
1.0941408763894283e26
1.1058579661804005e26
1.1173262894941599e26
1.1285432258675376e26
1.1395062619426105e26
1.1502129924699766e26
1.160661121257453e26
1.1708484620636581e26
1.1807729394359272e26
1.1904325894922067e26
1.1998255606464082e26
1.2089501142768081e26
1.2178046253371815e26
1.226387582910293e26
1.2346975907034004e26
1.2427333674855638e26
1.250493747466449e26
1.2579776806164661e26
1.265184232927981e26
1.2721125866175418e26
1.2787620402689628e26
1.2851320089171313e26
1.2912220240725795e26
1.2970317336867568e26
1.3025609020579815e26
1.307809409678171e26
1.3127772530204222e26
1.3174645442675646e26
1.321871510981757e26
1.3259984957154262e26
1.3298459555636654e26
1.3334144616584083e26
1.3367046986045635e26
1.3397174638585353e26
1.3424536670493827e26
1.3449143292430653e26
1.3471005821500817e26
1.3490136672770632e26
1.35065493502273e26
1.3520258437186915e26
1.3531279586156628e26
1.3539629508156681e26
1.3545325961508348e26
1.354838774009313e26
1.3548834661091206e26
1.3546687552205252e26
1.3541968238376267e26
1.353469952800013e26
1.352490519865151e26
1.3512609982324134e26
1.3497839550194349e26
1.3480620496918126e26
1.3460980324469649e26
1.3438947425529866e26
1.3414551066436047e26
1.3387821369700253e26
1.3358789296108185e26
1.3327486626406841e26
1.3293945942593024e26
1.3258200608812132e26
1.3220284751878841e26
1.3180233241429714e26
1.3138081669720157e26
1.3093866331076913e26
1.3047624201016614e26
1.2999392915044138e26
1.294921074714135e26
1.2897116587959534e26
1.2843149922726554e26
1.2787350808882998e26
1.2729759853459357e26
1.2670418190206042e26
1.2609367456491457e26
1.2546649769979518e26
1.248230770510121e26
1.241638426933212e26
1.23489228792913e26
1.2279967336674272e26
1.2209561804033191e26
1.2137750780419764e26
1.2064579076903396e26
1.1990091791979781e26
1.1914334286882521e26
1.1837352160813838e26
1.1759191226107074e26
1.1679897483336518e26
1.1599517096387133e26
1.1518096367500573e26
1.1435681712310833e26
1.135231963488319e26
1.1268056702772485e26
1.118293952211371e26
1.1097014712760364e26
1.1010328883483422e26
1.0922928607247052e26
1.0834860396574426e26
1.0746170679017142e26
1.0656905772744118e26
1.0567111862262605e26
1.0476834974286474e26
1.0386120953764333e26
1.0295015440083036e26
1.0203563843459443e26
1.0111811321533544e26
1.0019802756178031e26
9.927582730536353e25
9.835195506303704e25
9.742685001262691e25
9.65009476708842e25
9.557467967434589e25
9.464847356314216e25
9.372275256786365e25
9.279793539962695e25
9.187443604345361e25
9.095266355507554e25
9.003302186129992e25
8.911590956403681e25
8.82017197481137e25
8.729083979297486e25
8.638365118839172e25
8.548052935428252e25
8.458184346474041e25
8.368795627638681e25
8.279922396113703e25
8.191599594348521e25
8.10386147423908e25
8.016741581787286e25
7.930272742239456e25
7.844487045711804e25
7.759415833312597e25
7.675089683768051e25
7.591538400560399e25
7.508790999584611e25
7.426875697332212e25
7.345819899608018e25
7.265650190787033e25
7.186392323616751e25
7.10807120957194e25
7.030710909766813e25
6.954334626429365e25
6.878964694943861e25
6.8046225764650376e25
6.731328851108998e25
6.65910321172363e25
6.5879644582432585e25
6.517930492630096e25
6.4490183144048406e25
6.381244016769893e25
6.314622783326454e25
6.249168885387859e25
6.1848956798896344e25
6.1218156078984135e25
6.0599401937197534e25
5.99928004460476e25
5.939844851056426e25
5.8816433877343594e25
5.824683514957797e25
5.768972180804831e25
5.714515423807418e25
5.6613183762394e25
5.609385267995853e25
5.558719431060507e25
5.509323304558938e25
5.461198440393933e25
5.414345509458869e25
5.368764308425832e25
5.324453767103451e25
5.281411956360105e25
5.239636096606774e25
5.199122566834801e25
5.159866914202385e25
5.121863864163331e25
5.085107331132263e25
5.049590429678828e25
5.0153054862442254e25
4.982244051371963e25
4.950396912445663e25
4.919754106925499e25
4.890304936074487e25
4.862037979166506e25
4.83494110816639e25
4.809001502873184e25
4.7842056665163e25
4.760539441795329e25
4.73798802735263e25
4.7165359946686165e25
4.696167305368486e25
4.676865328929769e25
4.658612860779133e25
4.641392140766716e25
4.625184872006477e25
4.609972240070176e25
4.595734932522912e25
4.582453158787368e25
4.570106670324304e25
4.558674781116218e25
4.548136388440748e25
4.538469993920824e25
4.52965372483768e25
4.521665355693157e25
4.514482330007139e25
4.508081782336259e25
4.5024405604995235e25
4.4975352479962695e25
4.493342186602198e25
4.489837499128558e25
4.486997112329798e25
4.4847967799446115e25
4.4832121058555225e25
4.482218567351716e25
4.4817915384800145e25
4.481906313468493e25
4.4825381302076224e25
4.48366219377332e25
4.48525369997638e25
4.487287858922931e25
4.489739918570149e25
4.492585188261792e25
4.495799062227775e25
4.4993570430323395e25
4.503234764955093e25
4.50740801728931e25
4.5118527675419945e25
4.516545184520063e25
4.5214616612872385e25
4.526578837976056e25
4.5318736244397524e25
4.537323222728585e25
4.542905149375361e25
4.548597257475066e25
4.554377758543466e25
4.560225244139783e25
4.566118707238517e25
4.572037563335828e25
4.577961671275781e25
4.583871353782116e25
4.589747417681149e25
4.595571173801816e25
4.601324456538818e25
4.606989643065103e25
4.612549672180165e25
4.617988062780701e25
4.623288931940558e25
4.628437012586798e25
4.633417670759401e25
4.6382169224419374e25
4.6428214499509124e25
4.647218617871877e25
4.651396488530441e25
4.655343836986736e25
4.659050165542005e25
4.662505717746471e25
4.665701491897746e25
4.6686292540193566e25
4.6712815503093794e25
4.673651719049346e25
4.675733901964016e25
4.677523055022748e25
4.6790149586737465e25
4.680206227502668e25
4.681094319307435e25
4.681677543581345e25
4.681955069397155e25
4.681926932684965e25
4.681594042897056e25
4.680958189053444e25
4.680022045162026e25
4.6787891750077135e25
4.677264036305196e25
4.675451984210563e25
4.673359274187244e25
4.670993064222013e25
4.668361416387536e25
4.66547329774802e25
4.662338580605034e25
4.658968042080937e25
4.655373363037909e25
4.651567126330787e25
4.647562814392297e25
4.643374806149987e25
4.639018373274193e25
4.634509675757112e25
4.629865756823083e25
4.625104537171133e25
4.620244808550712e25
4.615306226672371e25
4.610309303455172e25
4.605275398613478e25
4.600226710585886e25
4.595186266809372e25
4.590177913342573e25
4.585226303842098e25
4.5803568878965066e25
4.575595898722596e25
4.570970340229588e25
4.566507973456837e25
4.562237302390961e25
4.558187559169273e25
4.554388688676133e25
4.55087133253973e25
4.547666812536775e25
4.544807113413426e25
4.542324865130857e25
4.5402533245441265e25
4.5386263565239274e25
4.537478414530486e25
4.536844520649889e25
4.536760245102815e25
4.537261685236756e25
4.538385444012449e25
4.540168607996156e25
4.54264872486924e25
4.545863780467389e25
4.549852175361778e25
4.554652700994697e25
4.560304515383e25
4.56684711840245e25
4.574320326666764e25
4.582764248015097e25
4.59221925562239e25
4.602725961747065e25
4.614325191130477e25
4.627057954063722e25
4.640965419136608e25
4.656088885684595e25
4.6724697559492645e25
4.69014950696849e25
4.709169662212472e25
4.729571762981916e25
4.7513973395852434e25
4.774687882311406e25
4.7994848122155e25
4.8258294517341615e25
4.853762995148276e25
4.883326478910348e25
4.914560751854262e25
4.9475064453051714e25
4.982203943107302e25
5.018693351587933e25
5.057014469475396e25
5.097206757789472e25
5.1393093097224e25
5.183360820528843e25
5.229399557443301e25
5.27746332964335e25
5.3275894582772915e25
5.379814746574694e25
5.434175450058442e25
5.490707246876787e25
5.549445208273992e25
5.610423769218129e25
5.673676699204626e25
5.739237073253683e25
5.8071372431205755e25
5.877408808736715e25
5.95008258990004e25
6.025188598232804e25
6.102756009425102e25
6.182813135781922e25
6.265387399091819e25
6.350505303834875e25
6.438192410747788e25
6.528473310763375e25
6.621371599341922e25
6.716909851211776e25
6.815109595535823e25
6.915991291520938e25
7.019574304487004e25
7.125876882411741e25
7.234916132967821e25
7.346708001067871e25
7.4612672469335815e25
7.578607424703866e25
7.698740861597679e25
7.821678637646109e25
7.947430566008982e25
8.076005173889644e25
8.20740968406237e25
8.34164999702647e25
8.478730673799938e25
8.61865491936626e25
8.7614245667868e25
8.90704006199208e25
9.05550044926262e25
9.206803357412638e25
9.360944986686812e25
9.517920096382174e25
9.677721993204815e25
9.84034252037207e25
1.000577204747054e26
1.0173999461078454e26
1.0345012156162183e26
1.0518796028255033e26
1.0695335466427268e26
1.0874613347054222e26
1.1056611028390323e26
1.1241308345956443e26
1.1428683608745952e26
1.1618713596256742e26
1.181137355635325e26
1.2006637203965749e26
1.2204476720629446e26
1.2404862754868611e26
1.2607764423429869e26
1.2813149313366775e26
1.3020983484979408e26
1.3231231475610505e26
1.3443856304301139e26
1.3658819477305743e26
1.3876080994468487e26
1.4095599356460576e26
1.4317331572879453e26
1.454123317120784e26
1.476725820663215e26
1.499535927271972e26
1.522548751295039e26
1.5457592633102216e26
1.5691622914486435e26
1.5927525228029772e26
1.6165245049198272e26
1.640472647375899e26
1.664591223437511e26
1.6888743718027398e26
1.7133160984257262e26
1.7379102784223933e26
1.7626506580570113e26
1.7875308568086912e26
1.812544369517093e26
1.8376845686065848e26
1.862944706387813e26
1.8883179174358225e26
1.9137972210437192e26
1.9393755237509515e26
1.965045621944934e26
1.99080020453508e26
2.0166318556979337e26
2.0425330576923704e26
2.0684961937434167e26
2.0945135509934874e26
2.1205773235197895e26
2.1466796154163383e26
2.172812443939309e26
2.1989677427141637e26
2.2251373650032082e26
2.2513130870318397e26
2.2774866113720457e26
2.3036495703815587e26
2.3297935296969087e26
2.3559099917788083e26
2.3819903995080257e26
2.408026139830195e26
2.434008547447549e26
2.4599289085558687e26
2.4857784646249087e26
2.5115484162201968e26
2.5372299268644958e26
2.5628141269368565e26
2.5882921176074793e26
2.613654974806182e26
2.638893753222633e26
2.66399949033619e26
2.688963210473486e26
2.7137759288914046e26
2.7384286558835537e26
2.7629124009081192e26
2.7872181767348246e26
2.811337003608974e26
2.83525991343031e26
2.8589779539446657e26
2.882482192946008e26
