2.486516484374998e-13
2.4849976645071143e11
3.9686513868607783e12
2.0029398037519453e13
6.302906673600457e13
1.53020921052607e14
3.151297624428744e14
5.79060406158058e14
9.784990914863961e14
1.550409118234691e15
2.334222231516496e15
3.37092750471313e15
4.702059695562249e15
6.368589272355219e15
8.409716525842144e15
1.0861572397310016e16
1.3755828864077456e16
1.7118221930007058e16
2.096699047024735e16
2.531123437596023e16
3.014919563595394e16
3.5466466177619616e16
4.123412646906131e16
4.740681905752695e16
5.392076138590473e16
6.06917023888751e16
6.761282752303612e16
7.455261703069395e16
8.1352662374786e16
8.782544591234462e16
9.375208899578968e16
9.888007380494254e16
1.0292094431778387e17
1.055479919244311e17
1.0639393127641517e17
1.0504857204192635e17
1.0105649230709728e17
9.391471942348459e16
8.307042415253562e16
6.791863399889184e16
4.779997165575638e16
2.1998424507161056e16
-1.0260848856271584e16
-4.98136691496409e16
-9.755893798385837e16
-1.544606846013557e17
-2.2155005185344134e17
-2.9992721555354304e17
-3.907632313888598e17
-4.953018036312422e17
-6.148609699564026e17
-7.508346967588265e17
-9.046943794378804e17
-1.0779902422285967e18
-1.2723526322583163e18
-1.4894932026276838e18
-1.731205979441408e18
-1.9993683078504148e18
-2.2959416723125204e18
-2.622972386433445e18
-2.9825921479133967e18
-3.377018454296915e18
-3.8085548754043095e18
-4.2795911785124736e18
-4.792603302549854e18
-5.350153177775972e18
-5.954888387628389e18
-6.609541669640475e18
-7.316930252560824e18
-8.079955027039068e18
-8.901599547484033e18
-9.784928862946978e18
-1.0733088175135748e19
-1.174930132192435e19
-1.283686908498619e19
-1.3999167320448442e19
-1.5239644911737946e19
-1.6561821544067418e19
-1.7969285300291645e19
-1.9465690078149042e19
-2.1054752829191746e19
-2.274025061999855e19
-2.4526017516558156e19
-2.641594129300564e19
-2.8413959966191514e19
-3.052405815786066e19
-3.2750263286517285e19
-3.5096641591350395e19
-3.7567293990893265e19
-4.016635177938877e19
-4.2897972164128506e19
-4.576633364733097e19
-4.877563125641624e19
-5.193007162682717e19
-5.523386794183533e19
-5.869123473405601e19
-6.230638255367808e19
-6.608351250869269e19
-7.00268106826786e19
-7.414044243596971e19
-7.842854659629464e19
-8.289522954523468e19
-8.75445592070988e19
-9.238055894705816e19
-9.740720138562098e19
-1.0262840213675929e20
-1.0804801347722035e20
-1.1366981795477127e20
-1.1949752194333078e20
-1.2553474915313834e20
-1.3178503410429945e20
-1.382518155722227e20
-1.4493843001363254e20
-1.5184810498199978e20
-1.5898395254137736e20
-1.6634896268776538e20
-1.7394599678725423e20
-1.817777810403058e20
-1.8984689998163653e20
-1.9815579002525103e20
-2.0670673306425446e20
-2.1550185013513355e20
-2.245430951562481e20
-2.3383224875030918e20
-2.4337091216065004e20
-2.5316050127109987e20
-2.6320224073927203e20
-2.7349715825305938e20
-2.8404607892009838e20
-2.9484961979991828e20
-3.059081845884347e20
-3.1722195846436736e20
-3.287909031070815e20
-3.4061475189524195e20
-3.526930052955572e20
-3.650249264507552e20
-3.7760953697579e20
-3.90445612971114e20
-4.035316812616767e20
-4.1686601587012154e20
-4.304466347324456e20
-4.4427129666417217e20
-4.583374985848517e20
-4.7264247300845476e20
-4.871831858069727e20
-5.019563342542478e20
-5.169583453567873e20
-5.3218537447800046e20
-5.476333042619828e20
-5.632977438626527e20
-5.791740284836997e20
-5.952572192344466e20
-6.115421033063708e20
-6.280231944746492e20
-6.446947339287e20
-6.615506914353008e20
-6.785847668374459e20
-6.957903918916925e20
-7.131607324463016e20
-7.306886909620579e20
-7.483669093771845e20
-7.661877723173184e20
-7.841434106510492e20
-8.022257053910426e20
-8.20426291940288e20
-8.387365646825284e20
-8.571476819154262e20
-8.756505711245242e20
-8.942359345955522e20
-9.128942553621186e20
-9.316158034853119e20
-9.503906426612245e20
-9.692086371518736e20
-9.880594590344889e20
-1.0069325957636042e21
-1.025817358039856e21
-1.0447028879788794e21
-1.0635781675731469e21
-1.0824320274390965e21
-1.1012531558413388e21
-1.1200301079852313e21
-1.1387513155685891e21
-1.1574050965827724e21
-1.1759796653528878e21
-1.1944631428063355e21
-1.212843566958424e21
-1.2311089036032905e21
-1.2492470571978567e21
-1.2672458819261023e21
-1.2850931929304227e21
-1.3027767776964182e21
-1.3202844075769633e21
-1.337603849441004e21
-1.3547228774320644e21
-1.37162928482104e21
-1.3883108959374452e21
-1.4047555781628713e21
-1.4209512539700608e21
-1.436885912990595e21
-1.4525476240938747e21
-1.467924547459714e21
-1.4830049466265544e21
-1.4977772004970062e21
-1.512229815282118e21
-1.5263514363655385e21
-1.540130860068451e21
-1.5535570452959477e21
-1.5666191250452995e21
-1.5793064177563746e21
-1.5916084384843086e21
-1.6035149098743476e21
-1.615015772918696e21
-1.6261011974750646e21
-1.6367615925265456e21
-1.6469876161623844e21
-1.6567701852591777e21
-1.666100484841999e21
-1.674969977105015e21
-1.6833704100711133e21
-1.6912938258702134e21
-1.6987325686159463e21
-1.705679291860544e21
-1.7121269656079054e21
-1.718068882864961e21
-1.7234986657116662e21
-1.7284102708701681e21
-1.7327979947539051e21
-1.7366564779777332e21
-1.739980709310388e21
-1.7427660290509898e21
-1.7450081318116047e21
-1.7467030686882818e21
-1.7478472488033565e21
-1.748437440202293e21
-1.7484707700887443e21
-1.7479447243820386e21
-1.7468571465817947e21
-1.7452062359248946e21
-1.742990544820645e21
-1.740208975550509e21
-1.736860776219443e21
-1.7329455359464985e21
-1.7284631792830052e21
-1.7234139598473986e21
-1.7177984531663893e21
-1.7116175487130104e21
-1.7048724411327568e21
-1.697564620649888e21
-1.689695862646746e21
-1.6812682164097665e21
-1.6722839930367642e21
-1.6627457525008803e21
-1.652656289867568e21
-1.6420186206618158e21
-1.6308359653838275e21
-1.6191117331722829e21
-1.6068495046153064e21
-1.594053013710241e21
-1.5807261289743657e21
-1.5668728337096667e21
-1.552497205425884e21
-1.537603394427022e21
-1.5221956015676593e21
-1.5062780551864228e21
-1.4898549872250803e21
-1.4729306085428366e21
-1.4555090834364965e21
-1.43759450337829e21
-1.4191908599842763e21
-1.4003020172273585e21
-1.380931682910122e21
-1.3610833794137782e21
-1.340760413740706e21
-1.319965846869195e21
-1.2987024624401213e21
-1.2769727347964882e21
-1.2547787963978476e21
-1.2321224046327743e21
-1.2090049080537635e21
-1.1854272120599127e21
-1.1613897440540502e21
-1.1368924181019403e21
-1.1119345991223839e21
-1.0865150666381125e21
-1.060631978118448e21
-1.034282831945801e21
-1.0074644300391038e21
-9.801728401683554e20
-9.524033579954685e20
-9.241504688776023e20
-8.954078094702074e20
-8.661681291679017e20
-8.364232514223461e20
-8.061640349771187e20
-7.753803350605525e20
-7.440609645783708e20
-7.121936553487775e20
-6.797650194235148e20
-6.467605105391868e20
-6.131643857439023e20
-5.7895966724503765e20
-5.441281045246218e20
-5.086501367694893e20
-4.7250485566402304e20
-4.356699685938565e20
-3.981217623095137e20
-3.598350670994342e20
-3.20783221522373e20
-2.8093803774953285e20
-2.4026976756727756e20
-1.98747069091543e20
-1.5633697424544393e20
-1.1300485705180355e20
-6.871440279259133e19
-2.342757808740185e19
2.289539805673318e19
7.0296082171842265e19
1.1881783317941348e20
1.68505838112309e20
2.1940713665588075e20
2.715706444560508e20
3.250471751423508e20
3.798894610140433e20
4.361521723378193e20
4.938919352057893e20
5.5316734790295985e20
6.140389957337177e20
6.765694642574236e20
7.408233508836745e20
8.068672747784876e20
8.747698850331629e20
9.446018670484668e20
1.016435947087388e21
1.0903468949506189e21
1.1664115247297643e21
1.2447086935942137e21
1.3253192985686007e21
1.408326271258788e21
1.493814570485484e21
1.581871172785653e21
1.6725850607431928e21
1.7660472091114838e21
1.862350568691956e21
1.9615900479338436e21
2.0638624922221874e21
2.1692666608220798e21
2.2779032014492748e21
2.389874622438251e21
2.505285262481094e21
2.62424125791159e21
2.7468505075113295e21
2.873222634815749e21
3.003468947900508e21
3.1377023966298946e21
3.2760375273514284e21
3.4185904350222405e21
3.565478712755475e21
3.716821398776316e21
3.8727389207800337e21
4.0333530376859786e21
4.1987867787841535e21
4.369164380272798e21
4.544611219188079e21
4.725253744728764e21
4.911219406981757e21
5.102636583056015e21
5.299634500635394e21
5.502343158962906e21
5.710893247271644e21
5.925416060679916e21
6.146043413570802e21
6.372907550478552e21
6.606141054507295e21
6.845876753309527e21
7.092247622654798e21
7.345386687621563e21
7.605426921447488e21
7.872501142076629e21
8.146741906443864e21
8.428281402540311e21
8.717251339305342e21
9.013782834394226e21
9.318006299872211e21
9.63005132588945e21
9.95004656239272e21
1.0278119598933607e22
1.0614396842634432e22
1.0959003394376668e22
1.1312062923278337e22
1.167369753953039e22
1.2044027665663484e22
1.2423171906320348e22
1.2811246916610254e22
1.3208367269125554e22
1.3614645319701904e22
1.4030191072006935e22
1.4455112041043755e22
1.4889513115658815e22
1.5333496420145226e22
1.5787161175035537e22
1.6250603557179514e22
1.6723916559205603e22
1.7207189848465623e22
1.7700509625565632e22
1.8203958482586869e22
1.8717615261103474e22
1.9241554910104714e22
1.977584834393249e22
2.0320562300345234e22
2.0875759198822625e22
2.1441496999225605e22
2.201782906092925e22
2.260480400254636e22
2.3202465562362095e22
2.381085245960023e22
2.4429998256644455e22
2.5059931222337395e22
2.5700674196483074e22
2.635224445567833e22
2.701465358060005e22
2.76879073248762e22
2.837200548566886e22
2.9066941776099054e22
2.9772703699642425e22
3.048927242662701e22
3.121662267296303e22
3.1954722581236685e22
3.2703533604298247e22
3.34630103914768e22
3.4233100677552397e22
3.5013745174617547e22
3.5804877466958433e22
3.6606423909087694e22
3.7418303527058156e22
3.824042792318848e22
3.907270118432902e22
3.991501979379743e22
4.076727254711093e22
4.162934047164262e22
4.2501096750327114e22
4.338240664954028e22
4.427312745127615e22
4.517310838974316e22
4.608219059249931e22
4.700020702624597e22
4.7926982447396e22
4.886233335753248e22
4.980606796387024e22
5.075798614483163e22
5.1717879420844945e22
5.2685530930472594e22
5.366071541197228e22
5.464319919039333e22
5.563274017030644e22
5.66290878342637e22
5.763198324708099e22
5.864115906603406e22
5.9656339557054465e22
6.067724061701016e22
6.1703569802150415e22
6.273502636279287e22
6.377130128432642e22
6.481207733459927e22
6.585702911775959e22
6.690582313460982e22
6.795811784953508e22
6.901356376405796e22
7.007180349707258e22
7.113247187180207e22
7.219519600952275e22
7.325959543009219e22
7.432528215931424e22
7.539186084316966e22
7.645892886893653e22
7.752607649321907e22
7.859288697690046e22
7.965893672702827e22
8.072379544563762e22
8.178702628551221e22
8.284818601287722e22
8.390682517701417e22
8.496248828678235e22
8.601471399402522e22
8.706303528383684e22
8.810697967165622e22
8.914606940715313e22
9.01798216848633e22
9.120774886152551e22
9.222935868006765e22
9.32441545001829e22
9.42516355354326e22
9.525129709680573e22
9.624263084266057e22
9.722512503496702e22
9.819826480176414e22
9.91615324057409e22
1.0011440751884212e23
1.0105636750279779e23
1.019868876954659e23
1.0290544170287624e23
1.038115016968535e23
1.0470453871809667e23
1.0558402298458227e23
1.0644942420515649e23
1.0730021189817392e23
1.0813585571503635e23
1.0895582576847892e23
1.0975959296544628e23
1.1054662934439568e23
1.1131640841685924e23
1.120684055130914e23
1.1280209813162388e23
1.1351696629254523e23
1.142124928943149e23
1.1488816407392103e23
1.1554346957018282e23
1.1617790308999437e23
1.1679096267730401e23
1.1738215108461726e23
1.179509761468065e23
1.1849695115700773e23
1.1901959524437974e23
1.1951843375349696e23
1.1999299862514365e23
1.2044282877827273e23
1.2086747049288922e23
1.2126647779361489e23
1.2163941283368675e23
1.2198584627913893e23
1.2230535769291432e23
1.225975359186498e23
1.2286197946387501e23
1.2309829688236302e23
1.233061071553673e23
1.2348504007147899e23
1.2363473660483445e23
1.2375484929140154e23
1.238450426030714e23
1.2390499331928114e23
1.2393439089589004e23
1.2393293783103182e23
1.2390035002766402e23
1.2383635715253341e23
1.2374070299127737e23
1.2361314579937965e23
1.234534586486976e23
1.2326142976927947e23
1.2303686288618939e23
1.2277957755105724e23
1.2248940946807341e23
1.2216621081414385e23
1.2180985055292955e23
1.2142021474248679e23
1.2099720683623307e23
1.205407479769596e23
1.200507772836166e23
1.1952725213059731e23
1.1897014841924969e23
1.1837946084134583e23
1.1775520313424396e23
1.1709740832747696e23
1.1640612898050851e23
1.1568143741139674e23
1.1492342591611192e23
1.1413220697825704e23
1.1330791346894316e23
1.1245069883657594e23
1.1156073728631524e23
1.106382239489712e23
1.0968337503910768e23
1.0869642800212741e23
1.0767764165011628e23
1.066272962862351e23
1.0554569381744495e23
1.0443315785536549e23
1.0329003380506325e23
1.0211668894158274e23
1.0091351247402926e23
9.968091559702718e22
9.841933152937674e22
9.712921553974729e22
9.5811044959243e22
9.446531918069262e22
9.309255964451414e22
9.169330981102092e22
9.026813511903613e22
8.881762293069598e22
8.73423824623251e22
8.584304470128077e22
8.43202623086668e22
8.277470950782892e22
8.120708195855004e22
7.961809661687531e22
7.800849158050269e22
7.637902591968631e22
7.473047949360811e22
7.306365275218023e22
7.137936652325584e22
6.967846178522873e22
6.796179942501749e22
6.623025998143378e22
6.4484743373951425e22
6.272616861689541e22
6.095547351908623e22
5.917361436897845e22
5.738156560535057e22
5.558031947360527e22
5.377088566775615e22
5.195429095818059e22
5.013157880523663e22
4.830380895884448e22
4.647205704414958e22
4.463741413338865e22
4.280098630409807e22
4.096389418380651e22
3.91272724813707e22
3.7292269505117434e22
3.5460046667972168e22
3.363177797975857e22
3.180864952686865e22
2.9991858939508317e22
2.8182614846739805e22
2.63821363195467e22
2.4591652302160715e22
2.2812401031899005e22
2.104562944776878e22
1.9292592588109742e22
1.7554552977550494e22
1.5832780003568268e22
1.4128549282946918e22
1.2443142018443139e22
1.0777844345974477e22
9.133946672656634e21
7.512743006021869e21
5.915530274765099e21
4.3436076413674953e21
2.7982758069602427e21
1.2808363087952473e21
-2.0740918929651663e20
-1.6651596130757105e21
-3.091115200299349e21
-4.483978228959971e21
-5.842453750948422e21
-7.16525033072559e21
-8.451080788579151e21
-9.69866294803678e21
-1.09067203869973e22
-1.2073983192137917e22
-1.3199188716148947e22
-1.428108233733953e22
-1.5318418221156163e22
-1.630996008314549e22
-1.7254481952892873e22
-1.8150768938458603e22
-1.8997617990834596e22
-1.979383866793368e22
-2.053825389762599e22
-2.122970073932804e22
-2.1867031143652012e22
-2.2449112709613725e22
-2.297482943890101e22
-2.344308248669678e22
-2.3852790908553964e22
-2.4202892402812323e22
-2.449234404805103e22
-2.4720123035064807e22
-2.488522739285715e22
-2.4986676708135093e22
-2.5023512837799027e22
-2.4994800613914336e22
-2.489962854065659e22
-2.4737109482721677e22
-2.4506381344692263e22
-2.4206607740855432e22
-2.383697865496991e22
-2.3396711089479027e22
-2.288504970367289e22
-2.2301267440303943e22
-2.164466614016612e22
-2.091457714414791e22
-2.011036188227745e22
-1.923141244927996e22
-1.8277152166176574e22
-1.7247036127452936e22
-1.614055173333764e22
-1.495721920673249e22
-1.3696592094347798e22
-1.235825775159541e22
-1.094183781080772e22
-9.44698863235099e21
-7.873401738217128e21
-6.220804227676903e21
-4.48895917459519e21
-2.6776660060103854e21
-7.867608615980326e20
1.1838830663633386e21
3.234355212884021e21
5.364707340372391e21
7.574953259300085e21
9.86506856976363e21
1.2234990424259595e22
1.4684617311987308e22
1.7213808864973206e22
1.982238568630941e22
2.251012920077558e22
2.527678152810948e22
2.8122045379167765e22
3.1045583975220727e22
3.4047020990594057e22
3.7125940518871663e22
4.028188706284499e22
4.351436554839557e22
4.682284136246986e22
5.02067404152981e22
5.366544922698766e22
5.7198315038615276e22
6.0804645947919034e22
6.448371106967427e22
6.823474072083192e22
7.205692663046968e22
7.594942217460032e22
7.991134263585327e22
8.39417654880443e22
8.803973070561808e22
9.220424109793972e22
9.64342626683866e22
1.0072872499818836e23
1.0508652165492854e23
1.0950651062561998e23
1.139875147742352e23
1.1852832232356831e23
1.2312768736127771e23
1.2778433036994863e23
1.3249693878098748e23
1.3726416755215755e23
1.4208463976853257e23
1.4695694726663957e23
1.5187965128153166e23
1.568512831165327e23
1.6187034483535887e23
1.669353099763199e23
1.720446242882728e23
1.771967064879979e23
1.8238994903863836e23
1.8762271894883245e23
1.928933585921489e23
1.982001865464233e23
2.035414984525725e23
2.0891556789245092e23
2.143206472852885e23
2.1975496880225157e23
2.2521674529863068e23
2.3070417126316165e23
2.3621542378395567e23
2.417486635305155e23
2.4730203575128485e23
2.5287367128617414e23
2.584616875934809e23
2.640641897906247e23
2.6967927170808716e23
2.7530501695593808e23
2.8093950000232686e23
2.8658078726328825e23
2.922269382032134e23
2.9787600644531257e23
3.035260408913993e23
3.0917508685029764e23
3.148211871741803e23
3.20462383402114e23
3.260967169101037e23
3.3172223006689446e23
3.373369673947973e23
3.429389767347781e23
3.485263104150689e23
3.540970264225181e23
3.5964918957591986e23
3.651808727005292e23
3.706901578029894e23
3.761751372458664e23
3.816339149210026e23
3.8706460742087405e23
3.9246534520715384e23
3.9783427377566476e23
4.031695548169064e23
4.0846936737133284e23
4.137319089785706e23
4.189553968197445e23
4.2413806885209363e23
4.292781849350445e23
4.343740279469268e23
4.39423904891499e23
4.4442614799346466e23
4.4937911578215225e23
4.542811941625446e23
4.5913079747283685e23
4.6392636952771026e23
4.686663846465089e23
4.733493486655184e23
4.779737999335418e23
4.825383102899812e23
4.870414860246312e23
4.914819688184077e23
4.9585843666423645e23
5.001696047673292e23
5.044142264240987e23
5.085910938789571e23
5.1269903915826196e23
5.1673693488067784e23
5.20703695043241e23
5.24598275782419e23
5.284196761094682e23
5.321669386194121e23
5.3583915017297126e23
5.394354425507888e23
5.4295499307931665e23
5.463970252277293e23
5.497608091752635e23
5.5304566234838886e23
5.562509499272283e23
5.593760853206714e23
5.624205306096419e23
5.653837969579887e23
5.6826544499050016e23
5.710650851375512e23
5.737823779459196e23
5.764170343553239e23
5.789688159402587e23
5.8143753511671195e23
5.8382305531339854e23
5.8612529110712964e23
5.883442083219931e23
5.904798240920149e23
5.9253220688701816e23
5.945014765014031e23
5.963878040056071e23
5.9819141166000897e23
5.9991257279110016e23
6.015516116297303e23
6.031089031112925e23
6.045848726377151e23
6.059799958011742e23
6.072947980694452e23
6.08529854432861e23
6.096857890128422e23
6.107632746320265e23
6.117630323460202e23
6.126858309368377e23
6.135324863681213e23
6.143038612022553e23
6.15000863979523e23
6.156244485594742e23
6.161756134247098e23
6.166554009473042e23
6.170648966181301e23
6.174052282393623e23
6.176775650804754e23
6.178831169980789e23
6.18023133519949e23
6.180989028936626e23
6.181117511002516e23
6.180630408333276e23
6.179541704441623e23
6.177865728532254e23
6.17561714428715e23
6.172810938326448e23
6.169462408350722e23
6.165587150970877e23
6.161201049232064e23
6.156320259838256e23
6.150961200084532e23
6.145140534504187e23
6.138875161238199e23
6.13218219813474e23
6.125078968586708e23
6.117582987115518e23
6.109711944709593e23
6.101483693926241e23
6.092916233765908e23
6.084027694327919e23
6.074836321257142e23
6.065360459991141e23
6.055618539817708e23
6.045629057752775e23
6.035410562248967e23
6.024981636745288e23
6.014360883068479e23
6.0035669046970304e23
5.9926182898987676e23
5.981533594753224e23
5.9703313260702186e23
5.9590299242161074e23
5.9476477458594806e23
5.9362030466480674e23
5.924713963828904e23
5.913198498823855e23
5.9016744997727956e23
5.8901596440567636e23
5.87867142081365e23
5.867227113458998e23
5.855843782224627e23
5.8445382467278596e23
5.833327068584292e23
5.822226534076994e23
5.8112526368952276e23
5.8004210609557304e23
5.7897471633197187e23
5.7792459572188165e23
5.768932095203069e23
5.758819852424312e23
5.7489231100682013e23
5.739255338948044e23
5.729829583273846e23
5.720658444609668e23
5.711754066032694e23
5.7031281165070494e23
5.6947917754856525e23
5.686755717753129e23
5.679030098522973e23
5.6716245388017656e23
5.664548111033551e23
5.6578093250370775e23
5.651416114248731e23
5.645375822283718e23
5.639695189828064e23
5.634380341873824e23
5.629436775309775e23
5.6248693468796975e23
5.6206822615201954e23
5.616879061089974e23
5.61346261350209e23
5.6104351022707174e23
5.6077980164836725e23
5.605552141211825e23
5.603697548366193e23
5.602233588013454e23
5.601158880160249e23
5.600471307016523e23
5.6001680057478385e23
5.600245361726356e23
5.6006990022899535e23
5.601523791018665e23
5.6027138225373256e23
5.604262417853043e23
5.6061621202358153e23
5.608404691650386e23
5.610981109746922e23
5.6138815654180574e23
5.617095460929255e23
5.6206114086293606e23
5.624417230247616e23
5.6284999567833e23
5.632845828993648e23
5.63744029848545e23
5.642268029415238e23
5.6473129008027314e23
5.652558009461757e23
5.6579856735525076e23
5.663577436758554e23
5.669314073091722e23
5.6751755923274524e23
5.6811412460729815e23
5.687189534470082e23
5.693298213533861e23
5.699444303128616e23
5.7056040955813536e23
5.7117531649330905e23
5.717866376827705e23
5.723917899037583e23
5.729881212625034e23
5.735729123737739e23
5.7414337760362994e23
5.746966663751434e23
5.7522986453678273e23
5.757399957931349e23
5.7622402319757404e23
5.7667885070646055e23
5.771013247943903e23
5.774882361299797e23
5.77836321311622e23
5.7814226466261535e23
5.784027000849982e23
5.786142129714005e23
5.787733421741648e23
5.788765820309554e23
5.789203844460106e23
5.7890116102617304e23
5.788152852707647e23
5.786590948143512e23
5.784288937213773e23
5.781209548316231e23
5.777315221553793e23
5.772568133172171e23
5.766930220471465e23
5.760363207179628e23
5.7528286292749306e23
5.744287861244617e23
5.734702142766006e23
5.724032605796371e23
5.712240302057192e23
5.6992862308982946e23
5.685131367526607e23
5.6697366915843786e23
5.653063216060839e23
5.6350720165214185e23
5.615724260637797e23
5.594981238002124e23
5.5728043902081314e23
5.549155341181764e23
5.523995927743378e23
5.4972882303834735e23
5.46899460423349e23
5.4390777102130595e23
5.407500546334545e23
5.374226479145704e23
5.339219275291041e23
5.3024431331718794e23
5.263862714685294e23
5.223443177021546e23
5.1811502044997874e23
5.136950040421054e23
5.0908095189179706e23
5.042696096779941e23
4.992577885232854e23
4.940423681651668e23
4.886203001184585e23
4.8298861082670926e23
4.7714440480041827e23
4.710848677398843e23
4.648072696404836e23
4.5830896787819706e23
4.5158741027314703e23
4.446401381289542e23
4.374647892456802e23
4.300591009041632e23
4.224209128194916e23
4.1454817006142574e23
4.0643892593952906e23
3.980913448508204e23
3.895037050877108e23
3.806744016040418e23
3.716019487370182e23
3.622849828828717e23
3.5272226512405145e23
3.4291268380580674e23
3.3285525705999e23
3.225491352739811e23
3.119936035025785e23
3.0118808382078892e23
2.9013213761541793e23
2.7882546781343374e23
2.6726792104503393e23
2.5545948973943672e23
2.434003141513898e23
2.310906843164725e23
2.1853104193322424e23
2.0572198217023438e23
1.926642553963035e23
1.793587688318753e23
1.6580658811990408e23
1.520089388144125e23
1.3796720778503292e23
1.2368294453580916e23
1.0915786243664326e23
9.439383986575795e22
7.939292126164676e22
6.415731808295292e22
4.868940967483519e22
3.299174404037224e22
1.7067038515659759e22
9.181803472296482e20
-1.5451772829451313e22
-3.203959261166174e22
-4.884187955241564e22
-6.585506298593253e22
-8.307540095661487e22
-1.0049898025256874e23
-1.1812171654458363e23
-1.359393546315102e23
-1.5394746879283144e23
-1.721414632492341e23
-1.905165727318503e23
-2.090678631608683e23
-2.2779023243406456e23
-2.4667841132580694e23
-2.6572696449695092e23
-2.8493029161606997e23
-3.042826285923092e23
-3.2377804892015045e23
-3.434104651362504e23
-3.631736303885107e23
-3.830611401174121e23
-4.0306643384961954e23
-4.2318279710373914e23
-4.4340336340812325e23
-4.6372111643045676e23
-4.8412889221886167e23
-5.046193815541162e23
-5.251851324125906e23
-5.458185525393591e23
-5.665119121309288e23
-5.872573466268921e23
-6.080468596098219e23
-6.288723258125884e23
-6.497254942321976e23
-6.705979913492557e23
-6.914813244520036e23
-7.12366885063852e23
-7.332459524732242e23
-7.541096973645113e23
-7.74949185548801e23
-7.957553817930187e23
-8.165191537460081e23
-8.372312759600592e23
-8.578824340062694e23
-8.784632286820928e23
-8.989641803093146e23
-9.193757331206956e23
-9.396882597333763e23
-9.59892065707142e23
-9.799773941854972e23
-9.999344306175295e23
-1.0197533075583969e24
-1.0394241095462591e24
-1.0589368780533549e24
-1.0782816165089468e24
-1.0974482953917078e24
-1.116426857389132e24
-1.1352072226214198e24
-1.1537792939273191e24
-1.1721329622092664e24
-1.1902581118351687e24
-1.2081446260940642e24
-1.2257823927029068e24
-1.243161309361612e24
-1.2602712893534884e24
-1.2771022671880914e24
-1.293644204283539e24
-1.3098870946852397e24
-1.3258209708179603e24
-1.3414359092680908e24
-1.3567220365929786e24
-1.371669535154094e24
-1.386268648970813e24
-1.4005096895915022e24
-1.4143830419786304e24
-1.4278791704045513e24
-1.4409886243545413e24
-1.4537020444337513e24
-1.466010168274581e24
-1.4779038364410487e24
-1.4893739983266505e24
-1.5004117180422294e24
-1.5110081802903055e24
-1.52115469622235e24
-1.5308427092754048e24
-1.5400638009845323e24
-1.5488096967674652e24
-1.5570722716778993e24
-1.5648435561237968e24
-1.572115741547132e24
-1.578881186061449e24
-1.5851324200436417e24
-1.5908621516763326e24
-1.596063272437259e24
-1.60072886253209e24
-1.6048521962670538e24
-1.6084267473578246e24
-1.6114461941710942e24
-1.6139044248952898e24
-1.6157955426369033e24
-1.6171138704389256e24
-1.6178539562178734e24
-1.618010577615993e24
-1.6175787467651603e24
-1.6165537149590768e24
-1.6149309772304055e24
-1.6127062768294752e24
-1.60987560960126e24
-1.6064352282573628e24
-1.6023816465397552e24
-1.5977116432731102e24
-1.5924222663025747e24
-1.5865108363138674e24
-1.5799749505326748e24
-1.5728124863003473e24
-1.565021604522937e24
-1.5566007529906987e24
-1.5475486695652306e24
-1.537864385231455e24
-1.5275472270117663e24
-1.5165968207396745e24
-1.505013093690381e24
-1.4927962770657495e24
-1.4799469083312633e24
-1.4664658334025602e24
-1.4523542086793015e24
-1.43761350292407e24
-1.4222454989842394e24
-1.4062522953547016e24
-1.389636307579466e24
-1.3724002694902512e24
-1.3545472342802278e24
-1.3360805754111922e24
-1.3170039873525371e24
-1.29732148615042e24
-1.2770374098257178e24
-1.2561564185993627e24
-1.2346834949437778e24
-1.2126239434592423e24
-1.1899833905740784e24
-1.1667677840676806e24
-1.1429833924155042e24
-1.1186368039551588e24
-1.0937349258730043e24
-1.0682849830105855e24
-1.0422945164904422e24
-1.0157713821609063e24
-9.887237488596046e23
-9.611600964954964e23
-9.330892139493499e23
-9.045201967927567e23
-8.754624448257216e23
-8.459256594332032e23
-8.159198407608762e23
-7.854552847106191e23
-7.54542579756306e23
-7.23192603580583e23
-6.914165195334213e23
-6.592257729133971e23
-6.266320870726264e23
-5.936474593465902e23
-5.602841568100124e23
-5.265547118601724e23
-4.9247191762909514e23
-4.580488232262001e23
-4.232987288130655e23
-3.8823518051214386e23
-3.52871965151225e23
-3.1722310484576984e23
-2.8130285142113897e23
-2.451256806769646e23
-2.0870628649598662e23
-1.720595747997771e23
-1.352006573538899e23
-9.814484542506458e22
-6.09076432932586e22
-2.350474162125803e22
1.4047989315072543e22
5.173450653294506e22
8.953860138204503e22
1.2744390671393215e23
1.654339041781213e23
2.0349193164142116e23
2.4160119072698197e23
2.797447544695387e23
3.179055750830287e23
3.5606649183689386e23
3.942102390371649e23
4.3231945410838116e23
4.703766857723134e23
5.083644023193791e23
5.4626499996853105e23
5.8406081131143564e23
6.217341138364877e23
6.592671385283343e23
6.966420785383986e23
7.338410979218592e23
7.708463404364768e23
8.076399383985928e23
8.442040215915752e23
8.805207262218914e23
9.165722039180457e23
9.523406307673788e23
9.878082163858626e23
1.0229572130158744e24
1.0577699246469222e24
1.0922287161542385e24
1.1263160224501506e24
1.160014357643029e24
1.1933063241987378e24
1.226174622099253e24
1.2586020579933043e24
1.2905715543337457e24
1.322066158496393e24
1.353069051875018e24
1.3835635589472132e24
1.4135331563057573e24
1.4429614816502574e24
1.471832342733612e24
1.5001297262580466e24
1.5278378067153622e24
1.5549409551660846e24
1.5814237479521794e24
1.607270975338045e24
1.632467650074482e24
1.6569990158803664e24
1.6808505558368108e24
1.7040080006885304e24
1.72645733704725e24
1.7481848154920003e24
1.7691769585611396e24
1.7894205686310338e24
1.808902735676323e24
1.8276108449067804e24
1.845532584275823e24
1.862655951855711e24
1.8789692630746332e24
1.894461157810872e24
1.9091206073392923e24
1.9229369211255027e24
1.9358997534630733e24
1.947999109949279e24
1.959225353794932e24
1.9695692119638568e24
1.979021781137762e24
1.9875745335022794e24
1.995219322349991e24
2.0019483874964374e24
2.007754360505149e24
2.0126302697178033e24
2.016569545085768e24
2.0195660227993684e24
2.0216139497113046e24
2.0227079875507465e24
2.0228432169247875e24
2.0220151411039738e24
2.0202196895888488e24
2.0174532214544146e24
2.0137125284696884e24
2.0089948379895281e24
2.0032978156161422e24
1.996619567627658e24
1.9889586431714536e24
1.980314036219889e24
1.9706851872863938e24
1.960071984899793e24
1.9484747668351048e24
1.9358943210990088e24
1.9223318866683938e24
1.907789153980564e24
1.892268265173746e24
1.8757718140767564e24
1.8583028459467815e24
1.839864856954371e24
1.820461793415004e24
1.8000980507664945e24
1.7787784722919205e24
1.7565083475877316e24
1.7332934107769215e24
1.7091398384672792e24
1.6840542474548875e24
1.658043692173149e24
1.63111566188796e24
1.6032780776394625e24
1.574539288931323e24
1.5449080701684012e24
1.514393616843941e24
1.4830055414775278e24
1.450753869305176e24
1.4176490337232564e24
1.3837018714877746e24
1.3489236176710474e24
1.3133259003777244e24
1.2769207352223704e24
1.2397205195709206e24
1.2017380265485383e24
1.1629863988164321e24
1.1234791421205984e24
1.0832301186152113e24
1.0422535399639267e24
1.0005639602222582e24
9.581762685044412e23
9.151056814383156e23
8.713677354118981e23
8.269782786154249e23
7.819534628829766e23
7.363097353375512e23
6.900638298440206e23
6.432327582742393e23
5.9583380158884734e23
5.478845007403942e23
4.994026474025566e23
4.504062745302742e23
4.0091364675601084e23
3.509432506270099e23
3.0051378468900585e23
2.496441494216819e23
1.9835343703137998e23
1.4666092110663888e23
9.458604614232439e22
4.214841693802061e22
-1.0632212123144136e22
-6.373594790953429e22
-1.1714276948357814e23
-1.708325391457732e23
-2.24785013573781e23
-2.789798550503119e23
-3.33396642773245e23
-3.880148842415927e23
-4.428140267104746e23
-4.977734687086771e23
-5.52872571611889e23
-6.080906712648321e23
-6.634070896454397e23
-7.188011465641322e23
-7.742521713912922e23
-8.29739514805699e23
-8.852425605571419e23
-9.407407372359019e23
-9.962135300420131e23
-1.0516404925471466e24
-1.107001258441894e24
-1.1622755532612284e24
-1.217443206080962e24
-1.2724841611777675e24
-1.3273784896457455e24
-1.3821064009620862e24
-1.4366482544946117e24
-1.4909845709439467e24
-1.5450960437130407e24
-1.5989635501967866e24
-1.6525681629846162e24
-1.7058911609686048e24
-1.7589140403502575e24
-1.8116185255385635e24
-1.863986579932317e24
-1.9160004165796299e24
-1.9676425087075805e24
-2.0188956001150485e24
-2.0697427154218648e24
-2.1201671701672273e24
-2.170152580750845e24
-2.2196828742098853e24
-2.2687422978251487e24
-2.3173154285498497e24
-2.365387182254536e24
-2.4129428227816988e24
-2.4599679708038244e24
-2.506448612478463e24
-2.552371107894449e24
-2.5977221993030347e24
-2.642489019128104e24
-2.6866590977496225e24
-2.7302203710546363e24
-2.7731611877503e24
-2.8154703164333065e24
-2.8571369524106065e24
-2.898150724266098e24
-2.938501700168234e24
-2.978180393913648e24
-3.0171777707020263e24
-3.0554852526375474e24
-3.093094723952511e24
-3.129998535948642e24
-3.166189511652095e24
-3.2016609501780454e24
-3.236406630801009e24
-3.2704208167272404e24
-3.3036982585656956e24
-3.336234197494188e24
-3.368024368117641e24
-3.399065001015315e24
-3.4293528249743714e24
-3.4588850689070354e24
-3.487659463448958e24
-3.515674242236527e24
-3.542928142861079e24
-3.569420407498103e24
-3.5951507832098967e24
-3.620119521919955e24
-3.644327380058134e24
-3.667775617875253e24
-3.6904659984264115e24
-3.7124007862223e24
-3.7335827455480715e24
-3.7540151384494787e24
-3.773701722386317e24
-3.792646747553157e24
-3.8108549538680173e24
-3.8283315676292484e24
-3.845082297841677e24
-3.8611133322128695e24
-3.876431332820766e24
-3.8910434314541466e24
-3.9049572246275416e24
-3.918180768272407e24
-3.930722572106736e24
-3.942591593685258e24
-3.9537972321327983e24
-3.9643493215634985e24
-3.974258124188737e24
-3.9835343231169915e24
-3.992189014848816e24
-4.0002337014706293e24
-4.007680282550946e24
-4.014541046743089e24
-4.020828663098409e24
-4.026556172094507e24
-4.031736976382951e24
-4.036384831261227e24
-4.040513834873867e24
-4.0441384181479834e24
-4.0472733344684285e24
-4.049933649098237e24
-4.052134728349892e24
-4.053892228513519e24
-4.055222084547918e24
-4.056140498540819e24
-4.0566639279446597e24
-4.056809073594659e24
-4.056592867515827e24
-4.0560324605259414e24
-4.0551452096415294e24
-4.0539486652941924e24
-4.0524605583646377e24
-4.050698787042048e24
-4.0486814035164084e24
-4.0464266005117877e24
-4.0439526976684847e24
-4.041278127782185e24
-4.038421422908464e24
-4.03540120034092e24
-4.032236148471566e24
-4.028945012542047e24
-4.025546580294431e24
-4.022059667530456e24
-4.018503103588162e24
-4.014895716744963e24
-4.0112563195563205e24
-4.0076036941391877e24
-4.0039565774096535e24
-4.000333646284014e24
-3.99675350285288e24
-3.9932346595377327e24
-3.9897955242395827e24
-3.9864543854892923e24
-3.98322939760935e24
-3.98013856589668e24
-3.977199731836394e24
-3.974430558356156e24
-3.971848515131073e24
-3.9694708639488604e24
-3.9673146441451864e24
-3.965396658119031e24
-3.9637334569379135e24
-3.9623413260428095e24
-3.961236271062647e24
-3.9604340037481503e24
-3.9599499280348254e24
-3.959799126244905e24
-3.959996345437892e24
-3.9605559839194587e24
-3.961492077918268e24
-3.962818288440375e24
-3.9645478883106225e24
-3.9666937494105675e24
-3.969268330122247e24
-3.972283662987129e24
-3.975751342589395e24
-3.979682513672717e24
-3.9840878594995014e24
-3.9889775904615644e24
-3.9943614329509395e24
-4.0002486184996085e24
-4.0066478731966346e24
-4.013567407391147e24
-4.0210149056894816e24
-4.0289975172546044e24
-4.037521846415845e24
-4.0465939435967847e24
-4.056219296568969e24
-4.066402822039024e24
-4.077148857576487e24
-4.0884611538895706e24
-4.1003428674558554e24
-4.1127965535147235e24
-4.12582415942818e24
-4.1394270184164865e24
-4.153605843674838e24
-4.16836072287713e24
-4.1836911130726146e24
-4.1995958359810373e24
-4.216073073691703e24
-4.2331203647715344e24
-4.2507346007871347e24
-4.2689120232455247e24
-4.287648220957999e24
-4.3069381278313534e24
-4.3267760210904405e24
-4.3471555199357915e24
-4.368069584639763e24
-4.389510516084474e24
-4.4114699557444175e24
-4.433938886116552e24
-4.4569076316001786e24
-4.480365859828936e24
-4.504302583456623e24
-4.5287061623986295e24
-4.5535643065302345e24
-4.578864078842868e24
-4.604591899059145e24
-4.6307335477071363e24
-4.6572741706541243e24
-4.6841982840998436e24
-4.7114897800286904e24
-4.739131932120492e24
-4.7671074021186834e24
-4.7953982466548587e24
-4.8239859245281177e24
-4.852851304437311e24
-4.881974673164363e24
-4.911335744205903e24
-4.94091366685097e24
-4.970687035701381e24
-5.000633900631927e24
-5.030731777186456e24
-5.060957657406292e24
-5.091288021086788e24
-5.121698847457401e24
-5.152165627280934e24
-5.182663375366552e24
-5.213166643491698e24
-5.243649533726941e24
-5.274085712158312e24
-5.304448423000586e24
-5.334710503095533e24
-5.364844396788175e24
-5.394822171174108e24
-5.424615531710943e24
-5.454195838185957e24
-5.4835341210327e24
-5.512601097988099e24
-5.541367191082057e24
-5.569802543951151e24
-5.597877039467186e24
-5.625560317672226e24
-5.652821794010311e24
-5.679630677846819e24
-5.705955991265348e24
-5.731766588132636e24
-5.757031173420858e24
-5.781718322777395e24
-5.80579650233123e24
-5.829234088725079e24
-5.851999389362675e24
-5.874060662859465e24
-5.895386139685904e24
-5.91594404299128e24
-5.93570260959675e24
-5.95463011114536e24
-5.972694875397187e24
-5.989865307657348e24
-6.006109912324237e24
-6.021397314545966e24
-6.035696281971749e24
-6.048975746586037e24
-6.061204826611839e24
-6.072352848470878e24
-6.082389368786914e24
-6.09128419641911e24
-6.09900741451238e24
-6.105529402550797e24
-6.110820858401123e24
-6.11485282033224e24
-6.117596688997591e24
-6.119024249366151e24
-6.11910769258881e24
-6.117819637786067e24
-6.115133153743204e24
-6.111021780499352e24
-6.105459550816253e24
-6.098421011513146e24
-6.089881244653783e24
-6.07981588857176e24
-6.068201158720244e24
-6.055013868332473e24
-6.040231448879138e24
-6.02383197030886e24
-6.005794161058352e24
-5.986097427818197e24
-5.964721875041384e24
-5.941648324180349e24
-5.916858332639768e24
-5.890334212431563e24
-5.862059048518863e24
-5.832016716836132e24
-5.800191901972188e24
-5.766570114503528e24
-5.731137707965266e24
-5.693881895447055e24
-5.654790765801574e24
-5.613853299453568e24
-5.571059383797242e24
-5.526399828170103e24
-5.479866378391746e24
-5.431451730855797e24
-5.381149546164222e24
-5.328954462292297e24
-5.274862107273937e24
-5.218869111396369e24
-5.160973118894008e24
-5.101172799131268e24
-5.039467857264208e24
-4.975859044371912e24
-4.910348167047517e24
-4.842938096440253e24
-4.773632776739425e24
-4.7024372330918937e24
-4.629357578944673e24
-4.5544010228047227e24
-4.4775758744081444e24
-4.398891550291724e24
-4.318358578759326e24
-4.235988604236681e24
-4.1517943910081264e24
-4.0657898263291304e24
-3.977989922908913e24
-3.888410820757771e24
-3.7970697883938923e24
-3.703985223405325e24
-3.609176652362255e24
-3.51266473007596e24
-3.4144712382006767e24
-3.3146190831751354e24
-3.213132293500862e24
-3.1100360163547916e24
-3.0053565135338313e24
-2.899121156730146e24
-2.7913584221350774e24
-2.6820978843712924e24
-2.5713702097523214e24
-2.459207148869298e24
-2.3456415285051547e24
-2.2307072428768656e24
-2.114439244206515e24
-1.9968735326230955e24
-1.8780471453961915e24
-1.7579981455041461e24
-1.6367656095392196e24
-1.5143896149526498e24
-1.390911226643176e24
-1.266372482892489e24
-1.1408163806524194e24
-1.0142868601877283e24
-8.86828789080069e23
-7.584879455982799e23
-6.29311001440828e23
-4.993455038566837e23
-3.686398571512002e23
-2.3724330358374932e23
-1.0520590366512476e23
2.7421484138335367e22
1.6058722428512187e23
2.9423892561517387e23
4.283234633737162e23
5.627870017931013e23
6.97575017222841e23
8.32632321798102e23
9.679030876356868e23
1.1033308715474017e24
1.2388586402592633e24
1.3744287961251432e24
1.5099832033231515e24
1.645463214522442e24
1.7808096980080684e24
1.9159630652511177e24
2.0508632989105885e24
2.1854499812541455e24
2.3196623229835194e24
2.453439192450636e24
2.586719145250085e24
2.7194404541732517e24
2.851541139509133e24
2.9829589996768164e24
3.1136316421736113e24
3.24349651482374e24
3.3724909373111333e24
3.5005521329801916e24
3.6276172608880825e24
3.753623448091815e24
3.8785078221531026e24
4.002207543844149e24
4.124659840036441e24
4.2458020367557257e24
4.3655715923849517e24
4.4839061309974653e24
4.600743475802469e24
4.7160216826843263e24
4.829679073817834e24
4.941654271340192e24
5.051886231062035e24
5.160314276198061e24
5.266878131098808e24
5.371517954964631e24
5.474174375522775e24
5.574788522648668e24
5.673302061912278e24
5.769657228030152e24
5.863796858204342e24
5.955664425328688e24
6.045204071043379e24
6.132360638618421e24
6.217079705646986e24
6.299307616529166e24
6.378991514727355e24
6.456079374773468e24
6.530520034009708e24
6.602263224043262e24
6.671259601896173e24
6.737460780831686e24
6.800819360837972e24
6.861288958750973e24
6.918824237997552e24
6.973380937940602e24
7.024915902807978e24
7.07338711018714e24
7.118753699067446e24
7.160975997412397e24
7.200015549244483e24
7.235835141224838e24
7.268398828711165e24
7.297671961276151e24
7.32362120767067e24
7.346214580214542e24
7.365421458598916e24
7.381212613084582e24
7.393560227079981e24
7.402437919084376e24
7.407820763979989e24
7.409685313659572e24
7.408009616973866e24
7.402773238985649e24
7.393957279515979e24
7.3815443909694e24
7.365518795425307e24
7.345866300982061e24
7.322574317342237e24
7.29563187062628e24
7.2650296174038e24
7.230759857930328e24
7.192816548579781e24
7.15119531346136e24
7.105893455211319e24
7.056909964950407e24
7.004245531396907e24
6.947902549127898e24
6.887885125979228e24
6.824199089577677e24
6.756851992997023e24
6.685853119531618e24
6.611213486581492e24
6.532945848642201e24
6.451064699395125e24
6.365586272892244e24
6.276528543832137e24
6.183911226922057e24
6.087755775324033e24
5.988085378180957e24
5.884924957220785e24
5.778301162437489e24
5.668242366846134e24
5.554778660312903e24
5.43794184245812e24
5.317765414634109e24
5.194284570977078e24
5.06753618853586e24
4.937558816478093e24
4.804392664376663e24
4.668079589579865e24
4.528663083667367e24
4.386188257997595e24
4.2407018283492827e24
4.092252098663919e24
3.9408889438932525e24
3.786663791958489e24
3.6296296048283765e24
3.469840858721865e24
3.307353523444808e24
3.1422250408670176e24
2.9745143025502605e24
2.8042816265345115e24
2.6315887332940613e24
2.4564987208722096e24
2.2790760392058957e24
2.099386463652128e24
1.9174970677264087e24
1.733476195067332e24
1.547393430638058e24
1.3593195711798904e24
1.1693265949295925e24
9.774876306165706e23
7.838769257529458e23
5.8856981423217486e23
3.9164268325241985e23
1.93172939578959e23
-6.761024835929172e21
-2.0807986786092904e23
-4.107033328022007e23
-6.14550284612517e23
-8.195387466742452e23
-1.0255859381371984e24
-1.2326083117941186e24
-1.4405215924726234e24
-1.6492408159261862e24
-1.858680368202119e24
-2.068754025468503e24
-2.2793749942774239e24
-2.4904559522452715e24
-2.701909089128317e24
-2.913646148271365e24
-3.125578468409415e24
-3.3376170257981843e24
-3.549672476653361e24
-3.7616551998738936e24
-3.973475340028617e24
-4.1850428505811887e24
-4.396267537331727e24
-4.607059102051087e24
-4.817327186283461e24
-5.026981415295192e24
-5.235931442143788e24
-5.444086991845171e24
-5.651357905612844e24
-5.857654185146284e24
-6.062886036943507e24
-6.266963916612485e24
-6.469798573158522e24
-6.671301093220811e24
-6.871382945235554e24
-7.069956023498765e24
-7.266932692106036e24
-7.462225828742451e24
-7.655748868299498e24
-7.847415846293489e24
-8.037141442060212e24
-8.224841021702599e24
-8.410430680764958e24
-8.593827286611116e24
-8.774948520480153e24
-8.953712919197277e24
-9.130039916513763e24
-9.303849884053463e24
-9.475064171841254e24
-9.64360514838921e24
-9.809396240318302e24
-9.972361971490513e24
-1.013242800163007e25
-1.028952116440904e25
-1.0443569504976066e25
-1.059450231690523e25
-1.074225017854233e25
-1.0886744988728065e25
-1.1027920001874837e25
-1.1165709862377649e25
-1.1300050638336428e25
-1.1430879854570856e25
-1.1558136524905777e25
-1.168176118370862e25
-1.1801695916658859e25
-1.191788439072965e25
-1.203027188336444e25
-1.213880531082851e25
-1.2243433255719144e25
-1.2344105993615488e25
-1.2440775518852494e25
-1.2533395569401117e25
-1.2621921650839665e25
-1.2706311059400378e25
-1.2786522904075569e25
-1.2862518127770016e25
-1.293425952748399e25
-1.3001711773514797e25
-1.3064841427662546e25
-1.3123616960428686e25
-1.3178008767194865e25
-1.3227989183370552e25
-1.3273532498499352e25
-1.3314614969312934e25
-1.3351214831723753e25
-1.338331231174666e25
-1.3410889635341988e25
-1.343393103717114e25
-1.3452422768258505e25
-1.3466353102552535e25
-1.3475712342379794e25
-1.34804928227876e25
-1.3480688914769313e25
-1.3476297027369246e25
-1.346731560866307e25
-1.3453745145611536e25
-1.3435588162784827e25
-1.3412849219956564e25
-1.3385534908566338e25
-1.3353653847050958e25
-1.3317216675044605e25
-1.327623604644928e25
-1.3230726621377476e25
-1.3180705056969375e25
-1.3126189997088135e25
-1.3067202060896619e25
-1.3003763830320783e25
-1.2935899836404343e25
-1.2863636544560777e25
-1.2787002338729527e25
-1.2706027504443023e25
-1.262074421081301e25
-1.2531186491444259e25
-1.2437390224284925e25
-1.2339393110423863e25
-1.2237234651844572e25
-1.2130956128147596e25
-1.2020600572252813e25
-1.1906212745094167e25
-1.178783910931975e25
-1.1665527802011124e25
-1.153932860643566e25
-1.1409292922847694e25
-1.1275473738352963e25
-1.1137925595853063e25
-1.0996704562086464e25
-1.0851868194783276e25
-1.0703475508951614e25
-1.0551586942314106e25
-1.0396264319913047e25
-1.0237570817904525e25
-1.0075570926560587e25
-9.910330412500617e24
-9.741916280172859e24
-9.570396732607506e24
-9.395841131463618e24
-9.218319956392269e24
-9.037904763738783e24
-8.854668144608136e24
-8.668683682316488e24
-8.48002590925397e24
-8.288770263183005e24
-8.094993042997591e24
-7.898771363968815e24
-7.700183112502861e24
-7.499306900437093e24
-7.296222018902008e24
-7.091008391774651e24
-6.883746528751607e24
-6.674517478068958e24
-6.463402778896843e24
-6.250484413437044e24
-6.035844758751351e24
-5.819566538350422e24
-5.601732773570631e24
-5.382426734768494e24
-5.16173189236261e24
-4.93973186775097e24
-4.7165103841343415e24
-4.49215121727499e24
-4.2667381462203517e24
-4.040354904021913e24
-3.8130851284785034e24
-3.585012312935287e24
-3.3562197571669565e24
-3.126790518376409e24
-2.896807362338405e24
-2.6663527147184083e24
-2.4355086125968206e24
-2.2043566562283551e24
-1.9729779610664736e24
-1.7414531100833268e24
-1.509862106414052e24
-1.2782843263557015e24
-1.0467984727500786e24
-8.154825287799432e23
-5.8441371220751186e23
-3.536684300846475e23
-1.2332223396272371e23
1.0655022436796413e23
3.358752365825675e23
5.6458008094055104e23
7.9259306479192e23
1.0198435664432415e24
1.2462620763561506e24
1.4717802376521595e24
1.696330885896157e24
1.919848088134014e24
2.1422671811574258e24
2.3635248089713771e24
2.58355895943904e24
2.8023090000798886e24
3.019715712996938e24
3.2357213289099133e24
3.450269560270564e24
3.663305633438705e24
3.8747763198961624e24
4.084629966477485e24
4.2928165245964715e24
4.499287578448154e24
4.703996372166367e24
4.906897835918121e24
5.107948610915273e24
5.307107073326685e24
5.504333357072688e24
5.699589375485456e24
5.892838841819198e24
6.084047288594801e24
6.273182085764108e24
6.460212457680222e24
6.645109498859568e24
6.827846188524381e24
7.008397403912655e24
7.186739932345006e24
7.362852482037677e24
7.536715691652265e24
7.708312138573002e24
7.877626345903819e24
8.044644788177083e24
8.209355895768265e24
8.37175005801016e24
8.531819625001671e24
8.689558908107163e24
8.844964179142649e24
8.998033668246324e24
9.148767560431913e24
9.297167990822928e24
9.44323903856887e24
9.586986719443009e24
9.728418977123758e24
9.867545673161608e24
1.0004378575634933e25
1.013893134649871e25
1.0271219527630188e25
1.040126052557833e25
1.0529073595022241e25
1.0654679820946708e25
1.0778102099542204e25
1.0899365117838992e25
1.1018495332084199e25
1.1135520944873442e25
1.1250471881047024e25
1.136337976236407e25
1.1474277880966981e25
1.1583201171649816e25
1.1690186182945671e25
1.1795271047047723e25
1.1898495448580734e25
1.1999900592239532e25
1.2099529169311762e25
1.219742532310436e25
1.2293634613291755e25
1.2388203979206559e25
1.2481181702092735e25
1.257261736634321e25
1.2662561819743305e25
1.275106713274358e25
1.283818655678455e25
1.2923974481698204e25
1.3008486392210918e25
1.3091778823572733e25
1.317390931633986e25
1.3254936370336233e25
1.3334919397822267e25
1.341391867589803e25
1.349199529816963e25
1.3569211125707873e25
1.3645628737328608e25
1.3721311379225142e25
1.3796322913982922e25
1.3870727769008224e25
1.3944590884401876e25
1.4017977660310403e25
1.409095390378711e25
1.4163585775195915e25
1.423593973419152e25
1.4308082485309285e25
1.4380080923199428e25
1.4452002077539443e25
1.4523913057660255e25
1.4595880996920217e25
1.4667972996863518e25
1.474025607119774e25
1.481279708962686e25
1.4885662721575969e25
1.4958919379843631e25
1.5032633164218978e25
1.51068698050997e25
1.5181694607148093e25
1.5257172393022004e25
1.5333367447217857e25
1.541034346006264e25
1.5488163471892247e25
1.5566889817453348e25
1.5646584070565825e25
1.572730698908339e25
1.5809118460188823e25
1.5892077446061802e25
1.5976241929955664e25
1.6061668862720183e25
1.6148414109807436e25
1.6236532398796758e25
1.6326077267475918e25
1.641710101251425e25
1.650965463876385e25
1.6603787809224821e25
1.6699548795709847e25
1.6796984430243368e25
1.6896140057230212e25
1.6997059486428326e25
1.709978494675972e25
1.7204357040993408e25
1.7310814701333785e25
1.7419195145947528e25
1.7529533836461317e25
1.7641864436462647e25
1.7756218771035103e25
1.7872626787359433e25
1.799111651641058e25
1.8111714035780895e25
1.8234443433658821e25
1.835932677399194e25
1.848638406286231e25
1.8615633216101973e25
1.874709002817522e25
1.8880768142354e25
1.9016679022212008e25
1.9154831924461997e25
1.9295233873160805e25
1.943788963530504e25
1.958280169784034e25
1.972997024610557e25
1.987939314373341e25
2.003106591402724e25
2.0184981722833577e25
2.0341131362928904e25
2.0499503239938127e25
2.0660083359801905e25
2.0822855317808126e25
2.098780028920325e25
2.115489702139679e25
2.132412182777274e25
2.1495448583119955e25
2.166884872069225e25
2.1844291230909543e25
2.2021742661708216e25
2.2201167120550086e25
2.2382526278096375e25
2.256577937355395e25
2.27508832216986e25
2.293779222157973e25
2.312645836691026e25
2.331683125814328e25
2.3508858116237705e25
2.3702483798111977e25
2.3897650813786358e25
2.4094299345210525e25
2.4292367266774923e25
2.449179016750104e25
2.469250137490566e25
2.4894431980533804e25
2.5097510867152018e25
2.530166473759523e25
2.55068181452565e25
2.5712893526210933e25
2.5919811232960954e25
2.6127489569791645e25
2.633584482972246e25
2.654479133304021e25
2.675424146739911e25
2.696410572946987e25
2.717429276812174e25
2.7384709429117525e25
2.7595260801303225e25
2.7805850264270975e25
2.8016379537473653e25
2.822674873076924e25
2.843685639637042e25
2.864659958217596e25
2.88558738864572e25
2.90645735138745e25
2.927259133279496e25
2.947981893388418e25
2.968614668994256e25
2.9891463816955256e25
3.009565843632637e25
3.029861763826367e25
3.0500227546283143e25
3.070037338279761e25
3.0898939535757413e25
3.109580962630585e25
3.1290866577414905e25
3.148399268346412e25
3.167506968072456e25
3.186397881871093e25
3.205060093236144e25
3.2234816515007488e25
3.2416505792091127e25
3.259554879559114e25
3.2771825439115064e25
3.2945215593615236e25
3.3115599163686802e25
3.328285616440329e25
3.3446866798647417e25
3.360751153489119e25
3.3764671185382244e25
3.3918226984689453e25
3.4068060668563673e25
3.421405455306666e25
3.4356091613921464e25
3.4494055566038752e25
3.4627830943170144e25
3.475730317764277e25
3.4882358680125928e25
3.500288491938329e25
3.5118770501960533e25
3.5229905251762204e25
3.5336180289467593e25
3.5437488111737336e25
3.553372267016268e25
3.562477944990694e25
3.5710555547992307e25
3.5790949751180814e25
3.5865862613402136e25
3.593519653267871e25
3.5998855827498803e25
3.6056746812589983e25
3.6108777874042807e25
3.6154859543737507e25
3.6194904573024725e25
3.6228828005612232e25
3.6256547249609816e25
3.6277982148684696e25
3.6293055052280445e25
3.6301690884851763e25
3.630381721406934e25
3.629936431794748e25
3.6288265250850316e25
3.627045590832913e25
3.624587509074776e25
3.6214464565650358e25
3.6176169128828527e25
3.613093666404408e25
3.607871820136422e25
3.6019467974068563e25
3.5953143474084446e25
3.5879705505911467e25
3.5799118238993988e25
3.5711349258502895e25
3.5616369614487697e25
3.5514153869360853e25
3.540468014367763e25
3.528793016017521e25
3.5163889286035287e25
3.503254657333591e25
3.4893894797658897e25
3.4747930494819866e25
3.459465399568966e25
3.443406945907569e25
3.426618490263344e25
3.4091012231780417e25
3.390856726658281e25
3.3718869766590015e25
3.3521943453590077e25
3.3317816032262222e25
3.3106519208702566e25
3.28880887068011e25
3.266256428244792e25
3.2429989735550263e25
3.2190412919839515e25
3.194388575045208e25
3.1690464209266926e25
3.143020834798488e25
3.116318228893549e25
3.0889454223599018e25
3.06090964088314e25
3.0322185160783493e25
3.0028800846503667e25
2.972902787321787e25
2.9422954675279935e25
2.911067369878748e25
2.8792281383859833e25
2.8467878144575085e25
2.8137568346566477e25
2.780146028227715e25
2.7459666143875677e25
2.7112301993835576e25
2.6759487733182752e25
2.6401347067417204e25
2.6038007470115563e25
2.5669600144223293e25
2.529625998104701e25
2.4918125516956793e25
2.45353388878125e25
2.4148045781127136e25
2.3756395385983217e25
2.336054034071833e25
2.2960636678398586e25
2.2556843770098066e25
2.2149324266007106e25
2.173824403438937e25
2.1323772098412115e25
2.0906080570874654e25
2.0485344586860112e25
2.006174223433877e25
1.9635454482750862e25
1.9206665109598899e25
1.8775560625081494e25
1.8342330194799403e25
1.7907165560569194e25
1.7470260959378031e25
1.7031813040516781e25
1.6592020780927743e25
1.6151085398806203e25
1.5709210265494493e25
1.5266600815710868e25
1.4823464456153178e25
1.4380010472521467e25
1.393644993500346e25
1.349299560226747e25
1.30498618240096e25
1.2607264442101675e25
1.21654206903883e25
1.1724549093182908e25
1.1284869362511182e25
1.0846602294154463e25
1.0409969662543961e25
9.97519411455907e24
9.542499062282937e24
9.11210857476963e24
8.684247268878893e24
8.25914019923308e24
7.837012747353725e24
7.418090510034884e24
7.002599187011359e24
6.59076446797997e24
6.182811919033798e24
5.778966868567925e24
5.379454292719231e24
4.98449870039827e24
4.59432401797659e24
4.209153473690544e24
3.82920948182348e24
3.454713526729292e24
3.0858860467599054e24
2.722946318159475e24
2.3661123389899349e24
2.0156007131499135e24
1.6716265345520206e24
1.334403271521948e24
1.0041426514838045e24
6.810545459955957e23
3.6534685619945347e23
5.722539875011448e22
-2.4310620771264517e23
-5.3544665548519614e23
-8.195970600496017e23
-1.0953610715879531e24
-1.3625449856975966e24
-1.620957853244044e24
-1.870411589287507e24
-2.1107210810213224e24
-2.3417042946574377e24
-2.5631823811990885e24
-2.77497978103682e24
-2.9769243273070014e24
-3.168847347952037e24
-3.3505837664208295e24
-3.521972200950922e24
-3.6828550623706624e24
-3.833078650365138e24
-3.972493248145517e24
-4.100953215465594e24
-4.218317079928178e24
-4.3244476265251565e24
-4.4192119853567234e24
-4.502481717474471e24
-4.574132898795196e24
-4.634046202032529e24
-4.682106976595309e24
-4.71820532640047e24
-4.74223618555233e24
-4.7540993918380743e24
-4.753699757992099e24
-4.740947140683596e24
-4.715756507179285e24
-4.6780479996401783e24
-4.627746997005827e24
-4.5647841744268527e24
-4.489095560202738e24
-4.4006225901862284e24
-4.2993121596167406e24
-4.185116672343955e24
-4.057994087407985e24
-3.917907962939788e24
-3.764827497351162e24
-3.5987275677801186e24
-3.4195887657643554e24
-3.227397430111842e24
-3.022145676942167e24
-2.803831426874264e24
-2.572458429333169e24
-2.328036283957136e24
-2.0705804590799462e24
-1.800112307272705e24
-1.5166590779233146e24
-1.2202539268410173e24
-9.109359228680964e23
-5.887500514868756e23
-2.5374721541156055e23
9.40157678478717e22
4.544761714542046e23
8.275653677546482e23
1.2132088398363525e24
1.6113261961324314e24
2.0218311880786625e24
2.4446317308192754e24
2.879629926963516e24
3.326722093384981e24
3.785798791063123e24
4.256744857955175e24
4.7394394448947023e24
5.233756054501519e24
5.739562583094884e24
6.256721365594488e24
6.785089223392143e24
7.324517515181028e24
7.874852190718458e24
8.435933847506922e24
9.007597790365626e24
9.589674093874206e24
1.018198766765747e25
1.0784358324488208e25
1.1396600851177643e25
1.2018525082220807e25
1.2649935976169458e25
1.329063369469289e25
1.3940413684297231e25
1.4599066760660415e25
1.5266379195549201e25
1.5942132806275807e25
1.6626105047651208e25
1.7318069106396378e25
1.801779399796104e25
1.8725044665710093e25
1.94395820824239e25
2.016116335406978e25
2.0889541825788485e25
2.1624467190048398e25
2.2365685596913115e25
2.311293976636549e25
2.3865969102637867e25
2.462450981048503e25
2.538829501334845e25
2.615705487334603e25
2.693051671303284e25
2.7708405138865585e25
2.8490442166312435e25
2.9276347346542936e25
3.0065837894630398e25
3.085862881920669e25
3.1654433053495384e25
3.2452961587662957e25
3.325392360241179e25
3.405702660375168e25
3.4861976558876528e25
3.5668478033073265e25
3.6476234327596287e25
3.728494761842798e25
3.809431909585893e25
3.890404910480714e25
3.971383728580798e25
4.0523382716593695e25
4.133238405419196e25
4.2140539677464924e25
4.2947547830010755e25
4.375310676335514e25
4.455691488034989e25
4.5358670878707115e25
4.615807389458469e25
4.695482364615168e25
4.774862057704924e25
4.853916599967339e25
4.932616223819977e25
5.0109312771269425e25
5.088832237426262e25
5.166289726107616e25
5.243274522533166e25
5.3197575780931606e25
5.39571003018893e25
5.471103216135348e25
5.545908686974851e25
5.620098221195708e25
5.693643838346376e25
5.766517812538891e25
5.8386926858330455e25
5.910141281494545e25
5.980836717118967e25
6.050752417614693e25
6.119862128037153e25
6.188139926267022e25
6.255560235525574e25
6.322097836719487e25
6.387727880608634e25
6.452425899789367e25
6.5161678204869054e25
6.578929974149568e25
6.6406891088386045e25
6.701422400406788e25
6.7611074634592774e25
6.8197223620906286e25
6.877245620391353e25
6.933656232718301e25
6.988933673722415e25
7.043057908128382e25
7.096009400260204e25
7.147769123306996e25
7.19831856832385e25
7.2476397529619866e25
7.295715229923432e25
7.3425280951347614e25
7.388061995635385e25
7.432301137175264e25
7.4752302915177516e25
7.516834803443021e25
7.557100597447674e25
7.596014184136709e25
7.63356266630359e25
7.6697337446949526e25
7.704515723456062e25
7.737897515253869e25
7.769868646074184e25
7.800419259690102e25
7.8295401217987e25
7.857222623823263e25
7.883458786378716e25
7.908241262397685e25
7.931563339915327e25
7.953418944510716e25
7.973802641403332e25
7.992709637202835e25
8.010135781310947e25
8.026077566974217e25
8.040532131986716e25
8.053497259041927e25
8.064971375733227e25
8.074953554202667e25
8.083443510437848e25
8.090441603216927e25
8.095948832702112e25
8.09996683868193e25
8.10249789846307e25
8.103544924412583e25
8.103111461151563e25
8.101201682401483e25
8.097820387484773e25
8.092972997481203e25
8.086665551042057e25
8.078904699864043e25
8.069697703825345e25
8.05905242578621e25
8.046977326056742e25
8.033481456534867e25
8.018574454517419e25
8.002266536187674e25
7.984568489782806e25
7.965491668444874e25
7.945047982759172e25
7.923249892984016e25
7.90011040097616e25
7.875643041816226e25
7.849861875138721e25
7.822781476171447e25
7.794416926489213e25
7.764783804486936e25
7.733898175577478e25
7.701776582119594e25
7.668436033081716e25
7.633893993447217e25
7.598168373367289e25
7.561277517067329e25
7.523240191513275e25
7.484075574844209e25
7.443803244577674e25
7.402443165594811e25
7.360015677911573e25
7.316541484243505e25
7.272041637370882e25
7.226537527311649e25
7.18005086830938e25
7.132603685643808e25
7.084218302271595e25
7.034917325304891e25
6.984723632335719e25
6.933660357613877e25
6.881750878086674e25
6.829018799308289e25
6.775487941227314e25
6.721182323860515e25
6.666126152861195e25
6.610343804991026e25
6.553859813503213e25
6.496698853446162e25
6.438885726895984e25
6.3804453481267325e25
6.321402728726984e25
6.261782962671718e25
6.201611211358276e25
6.14091268861525e25
6.079712645693379e25
6.0180363562471835e25
5.955909101316546e25
5.89335615431697e25
5.830402766047793e25
5.767074149727098e25
5.703395466062351e25
5.639391808366162e25
5.575088187725435e25
5.510509518233553e25
5.445680602294082e25
5.3806261160052244e25
5.315370594633638e25
5.249938418186735e25
5.184353797092038e25
5.118640757992436e25
5.052823129666152e25
4.98692452907981e25
4.920968347583484e25
4.854977737255948e25
4.788975597408847e25
4.722984561257736e25
4.657026982768907e25
4.591124923689427e25
4.52530014076898e25
4.459574073181386e25
4.393967830153525e25
4.328502178809663e25
4.263197532238594e25
4.198073937791358e25
4.133151065616739e25
4.068448197441955e25
4.003984215605653e25
3.939777592350147e25
3.875846379379894e25
3.812208197692728e25
3.748880227690689e25
3.685879199576414e25
3.6232213840420033e25
3.560922583255699e25
3.4989981221527774e25
3.437462840036286e25
3.3763310824930735e25
3.3156166936306547e25
3.2553330086399547e25
3.1954928466891004e25
3.136108504152933e25
3.077191748182983e25
3.018753810622267e25
2.9608053822691457e25
2.903356607494336e25
2.8464170792147725e25
2.789995834228092e25
2.7341013489108397e25
2.6787415352841493e25
2.6239237374491474e25
2.5696547283953677e25
2.515940707184498e25
2.4627872965117606e25
2.4101995406470665e25
2.358181903757731e25
2.3067382686144354e25
2.255871935681767e25
2.2055856225945665e25
2.1558814640209463e25
2.1067610119127123e25
2.058225236143665e25
2.010274525535968e25
1.962908689274488e25
1.9161269587092081e25
1.8699279895447056e25
1.8243098644163676e25
1.7792700958522535e25
1.734805629619368e25
1.690912848452972e25
1.647587576167214e25
1.6048250821451823e25
1.5626200862062363e25
1.5209667638482149e25
1.479858751861916e25
1.4392891543149878e25
1.399250548902142e25
1.3597349936583684e25
1.3207340340316469e25
1.2822387103111825e25
1.2442395654075973e25
1.2067266529802836e25
1.1696895459078972e25
1.1331173450971154e25
1.0969986886248258e25
1.061321761208637e25
1.0260743040003466e25
9.912436246968916e24
9.568166079629653e24
9.227797261594354e24
8.891190503713201e24
8.558202617290602e24
8.228686630164461e24
7.902491905585686e24
7.579464263826708e24
7.259446106451446e24
6.942276543169278e24
6.627791521201384e24
6.315823957082155e24
6.006203870816951e24
5.698758522317135e24
5.39331255003055e24
5.089688111684148e24
4.7877050270551204e24
4.4871809226832727e24
4.187931378438655e24
3.88977007585418e24
3.592508948134428e24
3.2959583317480764e24
2.9999271195125324e24
2.704222915074932e24
2.4086521886981388e24
2.1130204342517068e24
1.8171323273131916e24
1.5207918842817948e24
1.2238026224044106e24
9.259677206157367e23
6.270901810905675e23
3.269729914083508e23
2.5419287227418773e22
-2.7776748463350367e23
-5.827834028090372e23
-8.898239078005002e23
-1.1990836382915655e24
-1.5107562674718502e24
-1.8250343394716518e24
-2.1421091060145868e24
-2.4621703633897475e24
-2.7854062898525364e24
-3.1120032835565874e24
-3.4421458011225864e24
-3.7760161969495213e24
-4.113794563372473e24
-4.4556585717725187e24
-4.8017833147425776e24
-5.1523411494133e24
-5.507501542043499e24
-5.867430913977103e24
-6.232292489070746e24
-6.602246142692892e24
-6.977448252396778e24
-7.35805155036874e24
-7.744204977748632e24
-8.136053540926271e24
-8.533738169908499e24
-8.93739557885576e24
-9.34715812888418e24
-9.763153693228315e24
-1.018550552485869e25
-1.0614332126647014e25
-1.1049747124170614e25
-1.1491859141246388e25
-1.194077167828321e25
-1.2396582993540195e25
-1.285938598737676e25
-1.3329268089579057e25
-1.380631114984503e25
-1.4290591331511163e25
-1.4782179008596096e25
-1.5281138666244247e25
-1.5787528804641236e25
-1.6301401846476514e25
-1.6822804048025446e25
-1.7351775413920253e25
-1.7888349615678526e25
-1.843255391405474e25
-1.8984409085279245e25
-1.954392935124571e25
-2.0111122313707208e25
-2.0685988892538115e25
-2.1268523268116137e25
-2.185871282787832e25
-2.245653811709978e25
-2.3061972793945956e25
-2.367498358883857e25
-2.4295530268184745e25
-2.4923565602505167e25
-2.555903533900063e25
-2.6201878178593106e25
-2.685202575747258e25
-2.7509402633181673e25
-2.817392627526349e25
-2.8845507060499773e25
-2.952404827275925e25
-3.020944610747735e25
-3.0901589680783556e25
-3.1600361043288914e25
-3.2305635198547243e25
-3.301728012619695e25
-3.3735156809788034e25
-3.4459119269299207e25
-3.5189014598344313e25
-3.5924683006063415e25
-3.6665957863695157e25
-3.7412665755820775e25
-3.8164626536267036e25
-3.892165338865643e25
-3.968355289158452e25
-4.045012508840709e25
-4.122116356161135e25
-4.1996455511748044e25
-4.277578184089462e25
-4.355891724061716e25
-4.434563028439899e25
-4.513568352449715e25
-4.592883359318672e25
-4.672483130835168e25
-4.752342178337628e25
-4.83243445412876e25
-4.912733363310033e25
-4.993211776030888e25
-5.0738420401470016e25
-5.154595994281921e25
-5.235444981285581e25
-5.3163598620836595e25
-5.397311029910719e25
-5.478268424920515e25
-5.559201549166015e25
-5.640079481941922e25
-5.7208708954818815e25
-5.8015440710025095e25
-5.8820669150860065e25
-5.962406976393074e25
-6.042531462697527e25
-6.1224072582335816e25
-6.202000941346957e25
-6.281278802440478e25
-6.360206862204499e25
-6.438750890122805e25
-6.5168764232437215e25
-6.594548785206685e25
-6.671733105513698e25
-6.748394339035504e25
-6.8244972857415125e25
-6.900006610643009e25
-6.9748868639384865e25
-7.049102501349775e25
-7.122617904638187e25
-7.195397402288646e25
-7.267405290350736e25
-7.338605853424464e25
-7.408963385779377e25
-7.478442212594565e25
-7.5470067113078905e25
-7.614621333061982e25
-7.681250624234725e25
-7.746859248041989e25
-7.811412006199848e25
-7.874873860634074e25
-7.937209955223867e25
-7.998385637567403e25
-8.058366480756376e25
-8.117118305146487e25
-8.174607200111376e25
-8.230799545766696e25
-8.2856620346518e25
-8.339161693355601e25
-8.39126590407416e25
-8.441942426086463e25
-8.491159417135874e25
-8.538885454704017e25
-8.585089557164114e25
-8.62974120480103e25
-8.672810360684857e25
-8.714267491385393e25
-8.754083587514491e25
-8.792230184083696e25
-8.828679380664192e25
-8.863403861336705e25
-8.896376914418603e25
-8.927572451955673e25
-8.956965028966385e25
-8.984529862426055e25
-9.010242849979036e25
-9.034080588366516e25
-9.056020391558258e25
-9.076040308576318e25
-9.094119140998973e25
-9.110236460133512e25
-9.124372623846267e25
-9.136508793038847e25
-9.146626947759295e25
-9.154709902937412e25
-9.160741323733477e25
-9.164705740489807e25
-9.16658856327475e25
-9.16637609600911e25
-9.164055550164876e25
-9.15961505802669e25
-9.153043685506344e25
-9.144331444501263e25
-9.1334693047876e25
-9.120449205439456e25
-9.105264065765328e25
-9.087907795753674e25
-9.068375306019383e25
-9.046662517243407e25
-9.022766369097931e25
-8.99668482864978e25
-8.96841689823523e25
-8.937962622799184e25
-8.905323096692521e25
-8.870500469921324e25
-8.833497953842172e25
-8.79431982629793e25
-8.752971436188699e25
-8.709459207473104e25
-8.663790642595092e25
-8.615974325332057e25
-8.566019923060252e25
-8.513938188433578e25
-8.4597409604728e25
-8.403441165061677e25
-8.345052814847565e25
-8.284591008544096e25
-8.222071929633799e25
-8.157512844468874e25
-8.090932099768995e25
-8.022349119514867e25
-7.951784401236874e25
-7.879259511698695e25
-7.804797081975481e25
-7.7284208019273965e25
-7.6501554140687415e25
-7.570026706834162e25
-7.488061507242887e25
-7.404287672963039e25
-7.318734083778009e25
-7.23143063245722e25
-7.14240821503416e25
-7.051698720494871e25
-6.959335019880227e25
-6.865350954805736e25
-6.769781325403399e25
-6.672661877689712e25
-6.574029290364821e25
-6.473921161048192e25
-6.372375991955901e25
-6.269433175025903e25
-6.1651329764969544e25
-6.059516520948232e25
-5.952625774805966e25
-5.8445035293248e25
-5.735193383050902e25
-5.624739723774883e25
-5.5131877099826555e25
-5.400583251812628e25
-5.286972991528003e25
-5.172404283513023e25
-5.056925173802994e25
-4.9405843791572105e25
-4.823431265684941e25
-4.7055158270348955e25
-4.5868886621581645e25
-4.46760095265601e25
-4.34770443972293e25
-4.227251400696929e25
-4.106294625227902e25
-3.984887391076614e25
-3.863083439555809e25
-3.7409369506257582e25
-3.618502517657547e25
-3.495835121875593e25
-3.37299010649357e25
-3.2500231505560265e25
-3.1269902424998356e25
-3.00394765344849e25
-2.8809519102532614e25
-2.7580597682954343e25
-2.635328184063191e25
-2.5128142875181733e25
-2.3905753542654855e25
-2.2686687775424697e25
-2.1471520400403653e25
-2.026082685574409e25
-1.9055182906169523e25
-1.7855164357087444e25
-1.666134676764439e25
-1.5474305162864189e25
-1.4294613745037077e25
-1.3122845604505197e25
-1.1959572430009495e25
-1.0805364218747356e25
-9.660788986305993e24
-8.526412476624395e24
-7.402797872144928e24
-6.290505504315467e24
-5.190092564596659e24
-4.1021128161399325e24
-3.0271163062896314e24
-1.965649080074765e24
-9.18252894845578e23
1.145350637858147e23
1.1321824645352116e24
2.1341621114187017e24
3.1199522229391773e24
4.089036709337031e24
5.040905447742103e24
5.975054555076274e24
6.890986658546136e24
7.788211163575412e24
8.666244519022262e24
9.524610479527345e24
1.0362840364845852e25
1.1180473316008538e25
1.1977056548168677e25
1.2752145599982565e25
1.3505304579384564e25
1.4236106405604955e25
1.4944133047296782e25
1.5628975756626555e25
1.6290235299190725e25
1.6927522179624554e25
1.7540456862765285e25
1.812866999024154e25
1.8691802592355152e25
1.9229506295131186e25
1.9741443522409413e25
2.0227287692853814e25
2.0686723411762544e25
2.1119446657557503e25
2.152516496284199e25
2.190359758991131e25
2.2254475700610234e25
2.2577542520427316e25
2.2872553496726348e25
2.3139276451012416e25
2.3377491725135515e25
2.3586992321338704e25
2.3767584036058684e25
2.3919085587392397e25
2.4041328736144466e25
2.413415840037545e25
2.419743276337302e25
2.4231023374972515e25
2.4234815246156557e25
2.4208706936866797e25
2.4152610636965154e25
2.4066452240284883e25
2.3950171411716023e25
2.3803721647273574e25
2.3627070327100026e25
2.3420198761358273e25
2.318310222897507e25
2.291579000919782e25
2.261828540593343e25
2.2290625764839553e25
2.1932862483145336e25
2.1545061012179556e25
2.112730085259173e25
2.0679675542252264e25
2.0202292636824193e25
1.969527368300327e25
1.9158754184424462e25
1.8592883560240746e25
1.7997825096382093e25
1.737375588950678e25
1.6720866783660736e25
1.6039362299668056e25
1.532946055727481e25
1.4591393190076085e25
1.3825405253260742e25
1.3031755124207717e25
1.2210714395979324e25
1.1362567763752358e25
1.0487612904240813e25
9.586160348160151e24
8.658533345791818e24
7.705067725711146e24
6.726111746740424e24
5.722025943199667e24
4.6931829635274606e24
3.6399674023487294e24
2.562775626068972e24
1.4620155920839022e24
3.381066616884459e23
-8.085205932207394e23
-1.9774245895509526e24
-3.1681529384333595e24
-4.380242656546957e24
-5.613220383247281e24
-6.86660260338228e24
-8.139895875689156e24
-9.432597066648163e24
-1.0744193589678368e25
-1.2074163649552182e25
-1.3421976491893624e25
-1.4787092657644345e25
-1.6168964242351194e25
-1.756703516015019e25
-1.8980741412299594e25
-2.0409511360127255e25
-2.1852766002245297e25
-2.3309919255882984e25
-2.4780378242194002e25
-2.6263543575380576e25
-2.7758809655481063e25
-2.926556496467024e25
-3.0783192366903146e25
-3.23110694107502e25
-3.3848568635252495e25
-3.539505787864425e25
-3.6949900589757793e25
-3.8512456141955965e25
-4.0082080149419495e25
-4.16581247856094e25
-4.323993910373873e25
-4.482686935907187e25
-4.641825933288379e25
-4.801345065789043e25
-4.961178314497681e25
-5.121259511104768e25
-5.281522370780881e25
-5.441900525130655e25
-5.602327555203706e25
-5.762737024544896e25
-5.923062512264768e25
-6.0832376461122605e25
-6.243196135531272e25
-6.402871804682345e25
-6.562198625411359e25
-6.721110750146219e25
-6.8795425447040614e25
-7.03742862098937e25
-7.1947038695655806e25
-7.351303492081052e25
-7.507163033532074e25
-7.6622184143436605e25
-7.81640596225037e25
-7.969662443959708e25
-8.12192509657901e25
-8.273131658788855e25
-8.42322040174483e25
-8.572130159690247e25
-8.71980036026221e25
-8.866171054473614e25
-9.011182946354474e25
-9.15477742223476e25
-9.296896579652578e25
-9.437483255870671e25
-9.576481055985437e25
-9.713834380611366e25
-9.849488453125513e25
-9.983389346456429e25
-1.0115484009401327e26
-1.0245720292456877e26
-1.0374046973148167e26
-1.0500413780841612e26
-1.062477142102684e26
-1.0747071599053468e26
-1.0867267043309127e26
-1.0985311527825208e26
-1.110115989429659e26
-1.1214768073502735e26
-1.1326093106117774e26
-1.1435093162896703e26
-1.154172756422627e26
-1.1645956799028604e26
-1.1747742543006812e26
-1.1847047676221097e26
-1.1943836299985301e26
-1.203807375307385e26
-1.2129726627228907e26
-1.2218762781959056e26
-1.2305151358619712e26
-1.2388862793767865e26
-1.2469868831781976e26
-1.2548142536739934e26
-1.262365830354768e26
-1.2696391868311548e26
-1.2766320317947952e26
-1.2833422099024479e26
-1.2897677025826807e26
-1.295906628764636e26
-1.3017572455283972e26
-1.3073179486765504e26
-1.3125872732265576e26
-1.3175638938236065e26
-1.3222466250736703e26
-1.3266344217965308e26
-1.330726379198564e26
-1.3345217329651735e26
-1.3380198592727507e26
-1.341220274720114e26
-1.3441226361794434e26
-1.3467267405667317e26
-1.3490325245318654e26
-1.3510400640684493e26
-1.3527495740436e26
-1.3541614076478987e26
-1.3552760557658165e26
-1.3560941462669258e26
-1.3566164432182851e26
-1.3568438460183943e26
-1.3567773884532307e26
-1.3564182376748356e26
-1.3557676931030595e26
-1.3548271852510244e26
-1.3535982744750073e26
-1.3520826496494047e26
-1.3502821267675575e26
-1.3481986474691784e26
-1.3458342774952756e26
-1.3431912050714089e26
-1.3402717392201976e26
-1.337078308004083e26
-1.3336134566993115e26
-1.3298798459022212e26
-1.3258802495688843e26
-1.3216175529892842e26
-1.317094750697171e26
-1.3123149443168014e26
-1.3072813403478438e26
-1.3019972478897112e26
-1.2964660763066778e26
-1.2906913328350965e26
-1.2846766201341806e26
-1.2784256337817559e26
-1.2719421597164238e26
-1.2652300716277132e26
-1.258293328295693e26
-1.2511359708816731e26
-1.243762120171527e26
-1.2361759737733478e26
-1.2283818032710468e26
-1.2203839513356255e26
-1.2121868287957707e26
-1.20379491166962e26
-1.1952127381594089e26
-1.1864449056107665e26
-1.1774960674385691e26
-1.168370930021118e26
-1.1590742495645608e26
-1.1496108289393794e26
-1.1399855144909221e26
-1.1302031928258738e26
-1.1202687875765677e26
-1.1101872561451676e26
-1.0999635864296392e26
-1.0896027935335394e26
-1.0791099164615592e26
-1.0684900148029142e26
-1.0577481654045474e26
-1.0468894590361892e26
-1.03591899704932e26
-1.0248418880320827e26
-1.0136632444622014e26
-1.0023881793599205e26
-9.910218029431015e25
-9.795692192864667e25
-9.68035522987111e25
-9.56425795838274e25
-9.447451035135087e25
-9.329984922632783e25
-9.211909856259803e25
-9.09327581155544e25
-8.974132471675669e25
-8.8545291950606e25
-8.734514983328087e25
-8.614138449413776e25
-8.493447785977787e25
-8.372490734097217e25
-8.251314552265301e25
-8.129965985715948e25
-8.008491236093766e25
-7.886935931488075e25
-7.765345096850907e25
-7.64376312481739e25
-7.522233746946937e25
-7.400800005404401e25
-7.279504225098847e25
-7.158387986298289e25
-7.037492097737711e25
-6.91685657023812e25
-6.796520590854088e25
-6.676522497566064e25
-6.556899754534216e25
-6.437688927930478e25
-6.318925662364496e25
-6.200644657918765e25
-6.082879647808922e25
-5.96566337668358e25
-5.849027579578677e25
-5.733002961540011e25
-5.617619177928436e25
-5.502904815420796e25
-5.388887373719446e25
-5.2755932479835225e25
-5.163047711993724e25
-5.051274902062504e25
-4.940297801701315e25
-4.8301382270553336e25
-4.7208168131166655e25
-4.612353000725522e25
-4.5047650243694726e25
-4.398069900789444e25
-4.2922834184013924e25
-4.18742012754142e25
-4.083493331542471e25
-3.980515078649329e25
-3.8784961547789444e25
-3.777446077131846e25
-3.677373088660746e25
-3.5782841534012375e25
-3.4801849526689077e25
-3.3830798821279097e25
-3.2869720497334365e25
-3.191863274551946e25
-3.0977540864612824e25
-3.004643726732922e25
-2.9125301494976415e25
-2.821410024095516e25
-2.7312787383107944e25
-2.6421304024912987e25
-2.5539578545517916e25
-2.4667526658599717e25
-2.380505148003327e25
-2.295204360434608e25
-2.210838118992862e25
-2.1273930052968557e25
-2.0448543770064614e25
-1.9632063789483804e25
-1.8824319551000702e25
-1.8025128614270914e25
-1.7234296795674235e25
-1.645161831356214e25
-1.5676875941836693e25
-1.490984117178496e25
-1.4150274382085288e25
-1.3397925016899527e25
-1.265253177195652e25
-1.1913822788530555e25
-1.118151585521071e25
-1.0455318617354343e25
-9.734928794110862e24
-9.020034402895054e24
-8.31031399119667e24
-7.605436875585478e24
-6.905063387789728e24
-6.208845127705698e24
-5.516425223200058e24
-4.827438596555916e24
-4.141512237413191e24
-3.4582654820496984e24
-2.777310298840845e24
-2.0982515797370453e24
-1.4206874375889544e24
-7.44209509151697e23
-6.840326358943734e22
6.071516836978282e23
1.2828812521063343e24
1.959216571912838e24
2.636593655590611e24
3.315453064563864e24
3.9962395715871227e24
4.679401818956263e24
5.365391972751856e24
6.054665373323159e24
6.747680182219532e24
7.444897025784673e24
8.14677863562696e24
8.853789486181842e24
9.566395429589204e24
1.0285063328104963e25
1.101026068427338e25
1.1742455269083272e25
1.2482114748339248e25
1.3229706307479638e25
1.3985696275062222e25
1.4750549745166153e25
1.5524730198932404e25
1.6308699125484453e25
1.7102915642462062e25
1.790783611640953e25
1.8723913783255087e25
1.955159836911904e25
2.039133571169368e25
2.124356738243226e25
2.2108730309789256e25
2.2987256403749927e25
2.3879572181892523e25
2.4786098397220344e25
2.5707249668009065e25
2.6643434109896873e25
2.7595052970471747e25
2.8562500266582756e25
2.9546162424615585e25
3.0546417923969888e25
3.156363694397147e25
3.2598181014454143e25
3.3650402670241746e25
3.4720645109762836e25
3.580924185802547e25
3.691651643417874e25
3.8042782023886427e25
3.918834115673564e25
4.035348538889976e25
4.1538494991273265e25
4.274363864329814e25
4.396917313268381e25
4.521534306124345e25
4.648238055704396e25
4.777050499307673e25
4.907992271264851e25
5.041082676168988e25
5.176339662817441e25
5.31377979888379e25
5.453418246338444e25
5.595268737636075e25
5.7393435526877275e25
5.8856534966349285e25
6.034207878442954e25
6.185014490329561e25
6.338079588045386e25
6.493407872021968e25
6.651002469401622e25
6.810864916965157e25
6.972995144970588e25
7.137391461917186e25
7.304050540247711e25
7.472967403001671e25
7.6441354114317505e25
7.817546253595154e25
7.99318993393071e25
8.171054763832404e25
8.351127353229505e25
8.533392603182333e25
8.717833699502833e25
8.90443210740784e25
9.093167567213693e25
9.284018091077411e25
9.476959960793098e25
9.671967726647804e25
9.869014207343153e25
1.0068070490986716e26
1.0269105937157416e26
1.0472088180048696e26
1.0676983132691685e26
1.0883754992260911e26
1.1092366246463855e26
1.1302777681015632e26
1.1514948388198508e26
1.1728835776506135e26
1.1944395581371769e26
1.2161581876978096e26
1.2380347089147415e26
1.2600642009307399e26
1.282241580953136e26
1.3045616058646493e26
1.3270188739406272e26
1.349607826672163e26
1.3723227506943962e26
1.3951577798193879e26
1.4181068971727611e26
1.4411639374333781e26
1.4643225891750893e26
1.4875763973096817e26
1.5109187656299884e26
1.534342959452158e26
1.5578421083558808e26
1.5814092090214228e26
1.605037128162305e26
1.628718605552124e26
1.6524462571443735e26
1.6762125782836775e26
1.7000099470070675e26
1.723830627433672e26
1.747666773241259e26
1.7715104312280226e26
1.7953535449578223e26
1.819187958487171e26
1.8430054201721158e26
1.8667975865532067e26
1.890556026316547e26
1.914272224328984e26
1.9379375857454747e26
1.9615434401864858e26
1.9850810459832895e26
2.0085415944890634e26
2.0319162144535775e26
2.0551959764591207e26
2.0783718974154716e26
2.1014349451114886e26
2.1243760428210394e26
2.1471860739607245e26
2.169855886797004e26
2.1923762992002593e26
2.2147381034431724e26
2.236932071040923e26
2.2589489576305557e26
2.2807795078869492e26
2.3024144604726353e26
2.3238445530188793e26
2.3450605271351805e26
2.3660531334445892e26
2.3868131366419552e26
2.407331320572371e26
2.4275984933270085e26
2.4476054923534785e26
2.467343189577877e26
2.4868024965356967e26
2.5059743695086418e26
2.5248498146645233e26
2.543419893197285e26
2.56167572646429e26
2.579608501117877e26
2.5972094742283324e26
2.6144699783952938e26
2.631381426844646e26
2.6479353185080075e26
2.664123243081824e26
2.679936886063178e26
2.6953680337593226e26
2.710408578268067e26
2.7250505224260454e26
2.739285984722005e26
2.7531072041721557e26
2.7665065451547274e26
2.7794765022008548e26
2.7920097047389047e26
2.8040989217894368e26
2.8157370666079228e26
2.826917201272472e26
2.8376325412137622e26
2.8478764596843597e26
2.8576424921648038e26
2.8669243407036448e26
2.8757158781888204e26
2.8840111525476944e26
2.891804390873149e26
2.899090003473141e26
2.905862587841195e26
2.9121169325452917e26
2.9178480210326973e26
2.923051035348295e26
2.927721359764042e26
2.931854584317161e26
2.9354465082548085e26
2.9384931433829246e26
2.940990717317098e26
2.9429356766331788e26
2.9443246899156633e26
2.945154650701696e26
2.9454226803186684e26
2.9451261306135263e26
2.9442625865718056e26
2.9428298688246408e26
2.940826036041821e26
2.9382493872093104e26
2.9350984637894843e26
2.9313720517624335e26
2.9270691835468958e26
2.92218913979922e26
2.9167314510890457e26
2.9106958994501968e26
2.904082519805672e26
2.8968916012653627e26
2.8891236882954593e26
2.8807795817583085e26
2.8718603398218767e26
2.8623672787377707e26
2.85230197348689e26
2.8416662582920456e26
2.830462226996684e26
2.8186922333091534e26
2.806358890911779e26
2.7934650734344102e26
2.7800139142919203e26
2.7660088063851876e26
2.7514534016654752e26
2.7363516105618193e26
2.7207076012714145e26
2.704525798912768e26
2.687810884541825e26
2.6705677940310774e26
2.652801716811703e26
2.6345180944792013e26
2.6157226192626534e26
2.5964212323581674e26
2.576620122126747e26
2.556325722157411e26
2.5355447091959933e26
2.5142840009404455e26
2.4925507537032477e26
2.470352359942007e26
2.447696445659081e26
2.4245908676710654e26
2.401043710749548e26
2.3770632846339984e26
2.352658120918246e26
2.3278369698115643e26
2.3026087967760696e26
2.276982779041711e26
2.250968302000243e26
2.2245749554800664e26
2.1978125299033496e26
2.1706910123273475e26
2.143220582371458e26
2.1154116080321893e26
2.087274641387838e26
2.0588204141947107e26
2.0300598333772653e26
2.0010039764140765e26
1.971664086621958e26
1.9420515683402626e26
1.9121779820180048e26
1.8820550392059063e26
1.851694597456005e26
1.8211086551310312e26
1.790309346126436e26
1.7593089345075148e26
1.72811980906411e26
1.6967544777859455e26
1.6652255622610544e26
1.63354579200033e26
1.601727998690746e26
1.5697851103805143e26
1.5377301455989135e26
1.5055762074136828e26
1.4733364774292725e26
1.441024209728781e26
1.4086527247628812e26
1.3762354031885875e26
1.3437856796613875e26
1.3113170365837853e26
1.278842997813318e26
1.2463771223336867e26
1.2139329978919785e26
1.181524234605553e26
1.1491644585416104e26
1.1168673052732154e26
1.0846464134148518e26
1.0525154181411266e26
1.0204879446917987e26
9.88577601866865e25
9.567979755150362e25
9.251626220188722e25
8.936850617804217e25
8.623787727105336e25
8.312571837255647e25
8.003336682546551e25
7.696215377614346e25
7.39134035283469e25
7.088843289927721e25
6.7888550578121414e25
6.491505648740086e25
6.19692411474965e25
5.9052385044667136e25
5.616575800293859e25
5.33106185601936e25
5.048821334878281e25
4.769977648103445e25
4.494652893996943e25
4.2229677975579066e25
3.955041650696963e25
3.6909922530739593e25
3.4309358535888175e25
3.1749870925601067e25
2.923258944620649e25
2.675862662365231e25
2.432907720780277e25
2.194501762485045e25
1.9607505438181888e25
1.731757881797263e25
1.5076256019829538e25
1.2884534872748573e25
1.074339227670747e25
8.653783710163076e24
6.616642747718923e24
4.632880588266887e24
2.703385593846976e24
8.29022839506736e23
-9.893663256050468e23
-2.750964705630941e24
-4.454979673650543e24
-6.100643575351922e24
-7.687214120468121e24
-9.213974761773775e24
-1.068023506140455e25
-1.2085331044305156e25
-1.342862553857525e25
-1.4709508502529068e25
-1.5927397338263412e25
-1.708173719156572e25
-1.817200123796002e25
-1.9197690954730271e25
-2.0158336378767116e25
-2.1053496350058614e25
-2.188275874069552e25
-2.2645740669235458e25
-2.334208870031054e25
-2.397147902933217e25
-2.4533617652186437e25
-2.502824051981889e25
-2.5455113677589484e25
-2.5814033389318336e25
-2.610482624593381e25
-2.632734925865131e25
-2.6481489936606197e25
-2.656716634888731e25
-2.658432717092803e25
-2.6532951715198075e25
-2.6413049946175508e25
-2.6224662479565895e25
-2.596786056576434e25
-2.5642746057538883e25
-2.524945136194886e25
-2.4788139376500972e25
-2.4259003409571628e25
-2.3662267085112762e25
-2.29981842316847e25
-2.2267038755860807e25
-2.1469144500061156e25
-2.0604845084869836e25
-1.967451373591516e25
-1.8678553095394507e25
-1.7617395018326176e25
-1.6491500353630518e25
-1.5301358710149112e25
-1.4047488207710564e25
-1.2730435213372018e25
-1.1350774062964468e25
-9.909106768086038e24
-8.406062708687322e24
-6.842298311407975e24
-5.218496713831484e24
-3.5353674148214873e24
-1.7936459111395806e24
5.906679490026584e21
1.8625040086548797e24
3.775334900671228e24
5.743563768929771e24
7.766331044951089e24
9.842753619924308e24
1.1971925298495188e25
1.4152917264561973e25
1.638477855883227e25
1.866653656788466e25
2.0997197524474844e25
2.33757470188167e25
2.580115052056578e25
2.8272353911221138e25
3.0788284026666233e25
3.3347849209539305e25
3.594993987115635e25
3.8593429062666055e25
4.127717305513162e25
4.400001192822708e25
4.6760770167222845e25
4.955825726793721e25
5.23912683493265e25
5.525858477337295e25
5.815897477193663e25
6.109119408022387e25
6.405398657652893e25
6.704608492789287e25
7.006621124132796e25
7.311307772024491e25
7.6185387325734375e25
7.928183444231048e25
8.240110554778e25
8.554187988684903e25
8.870283014809521e25
9.188262314393646e25
9.507992049321295e25
9.829337930601085e25
1.0152165287033932e26
1.0476339134028364e26
1.0801724242525292e26
1.1128185207993376e26
1.1455586519456893e26
1.1783792628517348e26
1.2112668018330602e26
1.2442077272501247e26
1.2771885143853713e26
1.3101956623045076e26
1.3432157006977999e26
1.3762351966977208e26
1.4092407616690387e26
1.4422190579676255e26
1.475156805664089e26
1.5080407892285261e26
1.540857864172588e26
1.573594963645172e26
1.606239104977973e26
1.638777396177219e26
1.6711970423579778e26
1.7034853521173332e26
1.7356297438428694e26
1.767617751952959e26
1.7994370330651478e26
1.831075372089391e26
1.8625206882425013e26
1.8937610409805072e26
1.9247846358455164e26
1.9555798302237867e26
1.9861351390117336e26
2.016439240186693e26
2.046480980279223e26
2.0762493797438774e26
2.1057336382254046e26
2.134923139717354e26
2.16380745761018e26
2.1923763596259436e26
2.2206198126369216e26
2.2485279873651164e26
2.276091262960339e26
2.303300231453993e26
2.3301457020861445e26
2.3566187055033898e26
2.3827104978251165e26
2.4084125645758723e26
2.4337166244815714e26
2.4586146331273978e26
2.483098786475314e26
2.507161524239168e26
2.530795533115492e26
2.5539937498681347e26
2.5767493642649947e26
2.5990558218651424e26
2.6209068266548577e26
2.6422963435308763e26
2.6632186006296764e26
2.683668091501333e26
2.7036395771267535e26
2.7231280877771556e26
2.742128924714736e26
2.7606376617335806e26
2.7786501465399505e26
2.7961625019711607e26
2.8131711270524035e26
2.829672697890909e26
2.8456641684069854e26
2.8611427709015035e26
2.8761060164595796e26
2.8905516951902406e26
2.9044778763019693e26
2.9178829080140666e26
2.9307654173040482e26
2.9431243094911616e26
2.9549587676563063e26
2.966268251898802e26
2.977052498430441e26
2.9873115185073733e26
2.9970455972005518e26
3.0062552920054535e26
3.01494143129199e26
3.0231051125954637e26
3.030747700749746e26
3.0378708258637467e26
3.0444763811423825e26
3.050566520553502e26
3.056143656341997e26
3.061210456392845e26
3.0657698414444544e26
3.069824982154204e26
3.0733792960178235e26
3.0764364441446043e26
3.0790003278902435e26
3.0810750853495397e26
3.0826650877109936e26
3.0837749354754447e26
3.084409454541217e26
3.084573692157996e26
3.0842729127520227e26
3.083512593624975e26
3.0822984205293388e26
3.080636283122895e26
3.0785322703049332e26
3.0759926654373046e26
3.0730239414530027e26
3.0696327558553896e26
3.0658259456109547e26
3.0616105219389114e26
3.056993665000711e26
3.0519827184926303e26
3.046585184144922e26
3.0408087161307293e26
3.0346611153882994e26
3.028150323859801e26
3.0212844186504975e26
3.0140716061116503e26
3.0065202158509394e26
2.998638694673887e26
2.9904356004601907e26
2.9819195959786622e26
2.97309944264445e26
2.963983994222593e26
2.9545821904816196e26
2.944903050801206e26
2.9349556677376963e26
2.924749200551626e26
