9.867128906250173e-15
1.0098305950082184e10
1.7266520267928027e11
9.676783246544082e11
3.4721033887638203e12
9.774687975186016e12
2.3555252318297812e13
5.08270594811255e13
1.00840446259412e14
1.87145498133005e14
3.28811157211239e14
5.51797762058647e14
8.904796331853155e14
1.389313938483385e15
2.104651699621078e15
3.106686433993295e15
4.481535567889024e15
6.33344940567648e15
8.787142097622062e15
1.1990238716031672e16
1.6115832226304608e16
2.1365143826777044e16
2.7970279829449344e16
3.61970779633664e16
4.634803570406762e16
5.876531296663819e16
7.383380124695795e16
9.198425105622149e16
1.1369644926813206e17
1.3950243778678944e17
1.6998976474658746e17
2.058047592738151e17
2.4765582067346397e17
2.9631671275434394e17
3.5262985387130195e17
4.1750959314545286e17
4.9194546322211296e17
5.770053998418579e17
6.738389184330126e17
7.836802378841636e17
9.078513416230996e17
1.0477649661141435e18
1.2049275068892234e18
1.3809418322494031e18
1.5775099948129582e18
1.796435831143636e18
2.0396274397682926e18
2.309099527986946e18
2.606975617990091e18
2.935490102928153e18
3.2969901437258465e18
3.6939373976001014e18
4.12890956942384e18
4.6046017772791465e18
5.123827723762071e18
5.689520664837293e18
6.304734168293812e18
6.972642654122601e18
7.696541709423361e18
8.479848170749968e18
9.326099967122405e18
1.0238955717266844e19
1.1222194074994266e19
1.2279712816991838e19
1.3415527667678933e19
1.4633770856171661e19
1.5938689400804774e19
1.7334643117077795e19
1.8826102345322856e19
2.0417645394833613e19
2.211395570164835e19
2.3919818697644655e19
2.5840118389077053e19
2.7879833643173216e19
3.0044034181896704e19
3.2337876282485293e19
3.476659818488252e19
3.73355152066949e19
4.005001456682948e19
4.291554991949265e19
4.593763560076362e19
4.912184059049073e19
5.247378219279876e19
5.5999119439036015e19
5.970354621753367e19
6.359278413509406e19
6.767257511566827e19
7.194867374222797e19
7.642683934837824e19
8.111282786679787e19
8.60123834421315e19
9.113122981649013e19
9.647506149624586e19
1.02049534709329e20
1.0786025816275314e20
1.1391278361060275e20
1.2021259624321994e20
1.2676510490881948e20
1.3357563217924561e20
1.4064940427205588e20
1.4799154084157994e20
1.5560704465205133e20
1.635007911463473e20
1.7167751792429492e20
1.801418141449126e20
1.8889810986734944e20
1.9795066534566435e20
2.0730356029294838e20
2.1696068313064053e20
2.2692572023921194e20
2.3720214522670508e20
2.4779320823190186e20
2.587019252791642e20
2.6993106770224218e20
2.814831516545691e20
2.9336042772377312e20
3.055648706683149e20
3.180981692943271e20
3.309617164908639e20
3.441565994418874e20
3.5768359003340505e20
3.715431354742385e20
3.857353491489425e20
4.0026000172141065e20
4.151165125076875e20
4.3030394113647536e20
4.458209795157531e20
4.616659441238401e20
4.7783676864311296e20
4.943309969544445e20
5.111457765102543e20
5.282778521038662e20
5.457235600526344e20
5.6347882281204895e20
5.815391440377398e20
5.99899604111996e20
6.185548561510712e20
6.374991225091773e20
6.567261917946792e20
6.762294164135768e20
6.960017106549063e20
7.160355493322246e20
7.363229669948292e20
7.568555577218331e20
7.776244755116643e20
7.986204352789659e20
8.198337144702705e20
8.412541553091863e20
8.628711676811653e20
8.846737326672498e20
9.066504067354813e20
9.287893265979161e20
9.510782147404526e20
9.735043856318869e20
9.960547526178169e20
1.0187158355042027e21
1.0414737688345408e21
1.064314310863764e21
1.0872228532310901e21
1.110184431333155e21
1.1331837353978534e21
1.1562051222583741e21
1.1792326278259891e21
1.2022499802591852e21
1.2252406138257584e21
1.2481876834535174e21
1.2710740799642387e21
1.2938824459845147e21
1.3165951925261223e21
1.3391945162275252e21
1.3616624172470813e21
1.3839807177975037e21
1.406131081310077e21
1.4280950322161003e21
1.4498539763319678e21
1.471389221833263e21
1.4926820008021973e21
1.5137134913316693e21
1.534464840168195e21
1.5549171858749113e21
1.5750516824948233e21
1.5948495236934418e21
1.6142919673589476e21
1.6333603606369946e21
1.6520361653762717e21
1.6703009839599738e21
1.6881365854973274e21
1.7055249323483815e21
1.722448206954322e21
1.738888838944647e21
1.7548295324916216e21
1.7702532938815552e21
1.7851434592715688e21
1.7994837225996818e21
1.8132581636152204e21
1.826451275995757e21
1.8390479955160195e21
1.8510337282334689e21
1.8623943786545244e21
1.873116377844741e21
1.8831867114455853e21
1.8925929475598283e21
1.9013232644670171e21
1.9093664781298827e21
1.9167120694521003e21
1.9233502112472509e21
1.9292717948784854e21
1.9344684565279018e21
1.9389326030543682e21
1.9426574373981313e21
1.9456369834903334e21
1.947866110625286e21
1.9493405572531607e21
1.95005695415066e21
1.9500128469270486e21
1.949206717822961e21
1.9476380067593168e21
1.9453071315937945e21
1.94221550754232e21
1.9383655657232636e21
1.933760770782127e21
1.9284056375548442e21
1.9223057467280196e21
1.9154677594548514e21
1.9078994308858134e21
1.8996096225736786e21
1.8906083137129076e21
1.8809066111740422e21
1.8705167582942805e21
1.8594521423861493e21
1.8477273009267965e21
1.8353579263913322e21
1.8223608696943047e21
1.808754142204419e21
1.7945569162984195e21
1.7797895244211025e21
1.7644734566194235e21
1.7486313565197545e21
1.7322870157185004e21
1.715465366557414e21
1.69819247325628e21
1.680495521376806e21
1.662402805593032e21
1.643943715744821e21
1.625148721152552e21
1.6060493531725169e21
1.5866781859741426e21
1.567068815521658e21
1.547255836744517e21
1.5272748188824956e21
1.5071622789931438e21
1.4869556536109726e21
1.4666932685496074e21
1.4464143068399007e21
1.4261587747989556e21
1.4059674662268132e21
1.385881924729618e21
1.3659444041699382e21
1.3461978272470244e21
1.326685742211763e21
1.307452277723197e21
1.2885420958555505e21
1.270000343266847e21
1.2518726005423543e21
1.234204829728231e21
1.2170433200730082e21
1.2004346319966592e21
1.1844255393093544e21
1.1690629697041159e21
1.1543939435499596e21
1.1404655110142874e21
1.1273246875456457e21
1.115018387750179e21
1.1035933576974611e21
1.0930961056936219e21
1.0835728315620223e21
1.075069354473982e21
1.0676310393743806e21
1.0613027220492043e21
1.0561286328844e21
1.0521523193676333e21
1.0494165673868224e21
1.0479633213815047e21
1.0478336034053464e21
1.0490674311602559e21
1.0517037350647567e21
1.0557802744213853e21
1.0613335527500176e21
1.0683987323560864e21
1.0770095482047096e21
1.0871982211737628e21
1.0989953707608818e21
1.1124299273213507e21
1.1275290439156795e21
1.1443180078475502e21
1.1628201519745877e21
1.1830567658761748e21
1.205047006964203e21
1.2288078116243104e21
1.254353806476727e21
1.2816972198473693e21
1.3108477935412975e21
1.341812695012025e21
1.3745964300215166e21
1.4092007558869622e21
1.445624595411609e21
1.4838639515980427e21
1.523911823243358e21
1.5657581215166198e21
1.609389587619906e21
1.6547897116350108e21
1.701938652658643e21
1.7508131603295384e21
1.8013864978515176e21
1.8536283666169206e21
1.9075048325352637e21
1.9629782541722347e21
2.0200072128042988e21
2.078546444494341e21
2.1385467742936813e21
2.1999550526757955e21
2.2627140943067698e21
2.3267626192573143e21
2.3920351967606714e21
2.458462191620323e21
2.5259697133707293e21
2.5944795682936896e21
2.6639092143920025e21
2.7341717194212964e21
2.8051757220797664e21
2.876825396454493e21
2.949020419821715e21
3.0216559438971446e21
3.0946225696308677e21
3.16780632563991e21
3.24108865036975e21
3.314346378074407e21
3.387451728702722e21
3.4602723017765306e21
3.532671074344282e21
3.604506403091425e21
3.6756320306866364e21
3.745897096440408e21
3.8151461513501333e21
3.883219177603028e21
3.9499516126056316e21
4.0151743776056473e21
4.0787139109690676e21
4.140392206172351e21
4.200026854566377e21
4.257431092965566e21
4.3124138561123155e21
4.3647798340633273e21
4.4143295345410294e21
4.460859350289509e21
4.504161631470823e21
4.5440247631335916e21
4.580233247782062e21
4.612567793069709e21
4.6408054046375123e21
4.6647194841128213e21
4.6840799322806383e21
4.698653257434734e21
4.7082026889117937e21
4.7124882958072697e21
4.7112671108672725e21
4.7042932595460974e21
4.6913180942146407e21
4.672090333500022e21
4.646356206732322e21
4.61385960346929e21
4.57434222806538e21
4.527543759246319e21
4.473202014645844e21
4.411053120256106e21
4.340831684738323e21
4.2622709785354825e21
4.1751031177235865e21
4.0790592525332345e21
3.9738697604680505e21
3.8592644439416305e21
3.734972732349453e21
3.600723888487329e21
3.456247219222724e21
3.3012722903204485e21
3.135529145318978e21
2.958748528348848e21
2.770662110779328e21
2.5710027215749136e21
2.3595045812378502e21
2.135903539208416e21
1.8999373145893251e21
1.6513457400563326e21
1.3898710088116873e21
1.1152579244330593e21
8.27254153465085e20
5.2561048059694495e20
2.1008106626380884e20
-1.1957629349342478e20
-4.6359990508117085e20
-8.2222391349331e20
-1.1956780367181796e21
-1.5841872985951778e21
-1.98797176030872e21
-2.407246250710789e21
-2.8422200956674407e21
-3.2930968466279954e21
-3.76007400862006e21
-4.243342767876285e21
-4.743087719302686e21
-5.25948659400142e21
-5.792709987064293e21
-6.342921085856241e21
-6.910275399010763e21
-7.494920486362308e21
-8.096995690043311e21
-8.716631866975475e21
-9.353951122988227e21
-1.000906654879844e22
-1.0682081958088065e22
-1.1373091627918168e22
-1.2082180041719415e22
-1.2809421635100659e22
-1.35548805447183e22
-1.4318610360450951e22
-1.5100653881124155e22
-1.5901042874031366e22
-1.671979783849732e22
-1.755692777373108e22
-1.841242995121591e22
-1.9286289691883124e22
-2.0178480148316747e22
-2.108896209223641e22
-2.2017683707503965e22
-2.2964580388899595e22
-2.3929574546911873e22
-2.4912575418784945e22
-2.5913478886065063e22
-2.6932167298886597e22
-2.7968509307235953e22
-2.9022359699430494e22
-3.0093559248046264e22
-3.1181934563526976e22
-3.228729795570277e22
-3.340944730344641e22
-3.454816593268856e22
-3.5703222503014425e22
-3.6874370903055868e22
-3.806135015489405e22
-3.926388432767987e22
-4.0481682460678466e22
-4.171443849593648e22
-4.2961831220769775e22
-4.422352422026093e22
-4.549916583995447e22
-4.678838915892864e22
-4.8090811973421035e22
-4.9406036791176435e22
-5.073365083668253e22
-5.207322606744986e22
-5.342431920148868e22
-5.478647175612839e22
-5.615921009831761e22
-5.75420455065374e22
-5.893447424445243e22
-6.033597764641796e22
-6.174602221495307e22
-6.316405973028354e22
-6.458952737204875e22
-6.602184785326109e22
-6.746042956659584e22
-6.890466674308471e22
-7.035393962327353e22
-7.180761464090019e22
-7.326504461913714e22
-7.4725568979437e22
-7.618851396300692e22
-7.765319286493261e22
-7.911890628096047e22
-8.058494236693881e22
-8.20505771109085e22
-8.351507461782515e22
-8.497768740688375e22
-8.643765672140878e22
-8.789421285126069e22
-8.934657546770265e22
-9.079395397065803e22
-9.22355478482826e22
-9.367054704876214e22
-9.509813236423868e22
-9.65174758267556e22
-9.792774111610464e22
-9.932808397944487e22
-1.0071765266255454e23
-1.0209558835256709e23
-1.034610256320302e23
-1.0481309294411874e23
-1.0615091306882036e23
-1.0747360360990297e23
-1.0878027749246253e23
-1.1007004347084031e23
-1.1134200664668682e23
-1.125952689969407e23
-1.1382892991148082e23
-1.1504208674019824e23
-1.1623383534922653e23
-1.1740327068605734e23
-1.1854948735325979e23
-1.1967158019051055e23
-1.2076864486463427e23
-1.218397784673416e23
-1.2288408012034558e23
-1.2390065158752456e23
-1.2488859789379425e23
-1.258470279503395e23
-1.2677505518584852e23
-1.2767179818338471e23
-1.2853638132251987e23
-1.2936793542634795e23
-1.3016559841298682e23
-1.3092851595116945e23
-1.3165584211951769e23
-1.3234674006908432e23
-1.3300038268874172e23
-1.336159532729868e23
-1.3419264619172899e23
-1.3472966756161583e23
-1.3522623591844918e23
-1.356815828902365e23
-1.3609495387041524e23
-1.3646560869078506e23
-1.3679282229367487e23
-1.3707588540286837e23
-1.37314105192805e23
-1.3750680595557163e23
-1.376533297651936e23
-1.3775303713873046e23
-1.3780530769367839e23
-1.3780954080118061e23
-1.3776515623453724e23
-1.3767159481251292e23
-1.375283190369298e23
-1.3733481372403689e23
-1.3709058662914377e23
-1.3679516906400453e23
-1.3644811650643837e23
-1.360490092016719e23
-1.3559745275488889e23
-1.3509307871447324e23
-1.3453554514543103e23
-1.3392453719247907e23
-1.3325976763228972e23
-1.3254097741438123e23
-1.3176793619014806e23
-1.30940442829525e23
-1.3005832592478494e23
-1.2912144428097167e23
-1.2812968739247364e23
-1.2708297590524713e23
-1.2598126206420591e23
-1.248245301452944e23
-1.2361279687177041e23
-1.223461118142273e23
-1.2102455777389291e23
-1.1964825114874866e23
-1.1821734228201856e23
-1.1673201579258568e23
-1.1519249088690261e23
-1.135990216519687e23
-1.1195189732895635e23
-1.1025144256707783e23
-1.084980176572918e23
-1.066920187454621e23
-1.0483387802458632e23
-1.029240639057284e23
-1.0096308116729127e23
-9.895147108228892e22
-9.688981152327746e22
-9.47787170446248e22
-9.26188389418028e22
-9.04108652874103e22
-8.815552094363427e22
-8.58535675508822e22
-8.350580349232207e22
-8.111306383409015e22
-7.867622024093184e22
-7.61961808670635e22
-7.367389022205073e22
-7.1110329011520236e22
-6.850651395253425e22
-6.58634975634732e22
-6.318236792828693e22
-6.046424843499509e22
-5.771029748832949e22
-5.492170819642963e22
-5.209970803152207e22
-4.924555846452501e22
-4.636055457354678e22
-4.344602462625428e22
-4.050332963611433e22
-3.7533862892519777e22
-3.4539049464840866e22
-3.152034568045093e22
-2.847923857680226e22
-2.5417245327637495e22
-2.2335912643452417e22
-1.9236816146332937e22
-1.6121559719318217e22
-1.2991774830450914e22
-9.849119831706453e21
-6.695279233000665e21
-3.531962951504436e21
-3.6090553650324387e20
2.816134629929411e21
5.997376156167996e21
9.181015487874876e21
1.2365227778128501e22
1.554816778049431e22
1.8727970764684005e22
2.1902753454421338e22
2.507061498712175e22
2.8229637894964064e22
3.1377889106923757e22
3.4513420971311693e22
3.763427229834586e22
4.0738469422267705e22
4.38240272824904e22
4.688895052325433e22
4.993123461124302e22
5.294886697059953e22
5.593982813475878e22
5.890209291450191e22
6.183363158161525e22
6.4732411067526455e22
6.759639617626569e22
7.0423550811090935e22
7.32118392140964e22
7.59592272181109e22
7.866368351017284e22
8.13231809058591e22
8.393569763372637e22
8.649921862911421e22
8.901173683653879e22
9.147125451989908e22
9.387578457970117e22
9.622335187649617e22
9.851199455971147e22
1.007397654010479e23
1.0290473313160197e23
1.05004983781861e23
1.0703862202371314e23
1.0900377251359709e23
1.1089858123591682e23
1.1272121684582797e23
1.1446987201050587e23
1.1614276474798479e23
1.1773813976266373e23
1.1925426977655757e23
1.2068945685537564e23
1.2204203372849443e23
1.2331036510189793e23
1.2449284896314445e23
1.255879178774256e23
1.2659404027376956e23
1.2750972172044996e23
1.2833350618864984e23
1.290639773034389e23
1.2969975958111308e23
1.3023951965195367e23
1.3068196746745885e23
1.31025857491106e23
1.3126998987170443e23
1.3141321159839919e23
1.314544176363935e23
1.3139255204246305e23
1.3122660905933453e23
1.309556341880133e23
1.3057872523714677e23
1.3009503334852333e23
1.2950376399780637e23
1.2880417796961921e23
1.279955923061001e23
1.27077381228065e23
1.2604897702791396e23
1.2490987093344036e23
1.2365961394170652e23
1.2229781762216902e23
1.2082415488824151e23
1.1923836073650508e23
1.1754023295278558e23
1.157296327843401e23
1.1380648557739927e23
1.1177078137934074e23
1.0962257550477783e23
1.0736198906487533e23
1.049892094592082e23
1.0250449082951637e23
9.990815447471057e22
9.720058922652465e22
9.438225178521012e22
9.145366701470645e22
8.841542819673512e22
8.526819724329472e22
8.201270486704708e22
7.86497507091209e22
7.5180203423875195e22
7.160500072019831e22
6.792514935893121e22
6.414172510604532e22
6.0255872641217105e22
5.626880542148608e22
5.2181805499688535e22
4.799622329740784e22
4.371347733219676e22
3.933505389886882e22
3.4862506704668434e22
3.0297456458172023e22
2.5641590411805315e22
2.089666185787457e22
1.6064489578060619e22
1.1146957246339796e22
6.14601278534205e21
1.063667676171106e21
-4.098003778241982e21
-9.336865236158784e21
-1.465071914628873e22
-2.0037307623129894e22
-2.549431336818907e22
-3.10193606368626e22
-3.661001625070702e22
-4.226379065481785e22
-4.797813901998191e22
-5.375046238924778e22
-5.957810886851536e22
-6.545837486072934e22
-7.13885063432061e22
-7.736570018761242e22
-8.338710552205895e22
-8.944982513476185e22
-9.555091691867437e22
-1.0168739535646875e23
-1.0785623304520493e23
-1.1405436226000724e23
-1.2027867655602033e23
-1.2652603240789668e23
-1.3279325088602226e23
-1.390771193686759e23
-1.4537439328926596e23
-1.5168179791777167e23
-1.5799603017547095e23
-1.6431376048203017e23
-1.706316346339733e23
-1.769462757135438e23
-1.8325428602691872e23
-1.8955224907073417e23
-1.9583673152582843e23
-2.0210428527709827e23
-2.083514494583215e23
-2.1457475252079325e23
-2.207707143245799e23
-2.269358482511701e23
-2.3306666333629487e23
-2.3915966642164407e23
-2.4521136432419606e23
-2.5121826602184675e23
-2.571768848540139e23
-2.630837407358566e23
-2.6893536238474347e23
-2.7472828955756833e23
-2.8045907529751192e23
-2.861242881888132e23
-2.917205146181078e23
-2.972443610408632e23
-3.026924562514437e23
-3.0806145365530104e23
-3.1334803354179316e23
-3.1854890535609945e23
-3.23660809968716e23
-3.286805219409752e23
-3.3360485178504825e23
-3.3843064821685586e23
-3.431548004003339e23
-3.477742401814654e23
-3.522859443105029e23
-3.5668693665078884e23
-3.609742903725893e23
-3.651451301303441e23
-3.691966342217364e23
-3.731260367269861e23
-3.7693062962677297e23
-3.8060776489719484e23
-3.841548565801671e23
-3.8756938282767494e23
-3.908488879182985e23
-3.93990984244432e23
-3.969933542686237e23
-3.998537524474783e23
-4.0257000712156634e23
-4.0514002236980153e23
-4.075617798267504e23
-4.0983334046135885e23
-4.119528463155914e23
-4.1391852220149575e23
-4.157286773552113e23
-4.173817070464777e23
-4.188760941421951e23
-4.202104106226271e23
-4.213833190488388e23
-4.223935739800041e23
-4.2324002333922534e23
-4.239216097265339e23
-4.2443737167777144e23
-4.247864448680748e23
-4.249680632587106e23
-4.249815601860415e23
-4.24826369391427e23
-4.245020259909e23
-4.240081673834905e23
-4.233445340970876e23
-4.225109705707883e23
-4.215074258726947e23
-4.2033395435216505e23
-4.1899071622556395e23
-4.174779780945857e23
-4.157961133962708e23
-4.139456027838719e23
-4.119270344377683e23
-4.097411043056524e23
-4.073886162712898e23
-4.0487048225115546e23
-4.0218772221832196e23
-3.9934146415300104e23
-3.963329439192021e23
-3.9316350506699726e23
-3.8983459855995347e23
-3.86347782427302e23
-3.82704721340514e23
-3.789071861139515e23
-3.749570531293413e23
-3.708563036838544e23
-3.666070232616349e23
-3.622114007286608e23
-3.576717274508859e23
-3.5299039633563445e23
-3.481699007963164e23
-3.4321283364054047e23
-3.381218858817801e23
-3.3289984547479e23
-3.2754959597503124e23
-3.2207411512240876e23
-3.164764733496835e23
-3.1075983221598054e23
-3.049274427658449e23
-2.9898264381439324e23
-2.9292886015911935e23
-2.8676960071899384e23
-2.8050845660154307e23
-2.7414909909864686e23
-2.676952776118501e23
-2.6115081750804257e23
-2.5451961790639264e23
-2.478056493975151e23
-2.4101295169586522e23
-2.341456312264291e23
-2.2720785864682706e23
-2.202038663059949e23
-2.131379456406699e23
-2.06014444510955e23
-1.988377644762713e23
-1.9161235801309848e23
-1.84342725675909e23
-1.7703341320278257e23
-1.696890085672202e23
-1.623141389777353e23
-1.5491346782684096e23
-1.4749169159110866e23
-1.4005353668399735e23
-1.3260375626323594e23
-1.251471269945501e23
-1.1768844577358778e23
-1.1023252640793619e23
-1.0278419626116606e23
-9.534829286087986e22
-8.792966047277804e22
-8.053314664280822e22
-7.316359870947116e22
-6.582586028844197e22
-5.852476773165144e22
-5.126514656303843e22
-4.405180789320805e22
-3.68895448152602e22
-2.9783128784088546e22
-2.273730598148198e22
-1.575679366937053e22
-8.8462765336195e21
-2.0104030207653173e21
4.746218329868694e21
1.141902255621921e22
1.8003491943218168e22
2.4495159689718645e22
3.088961357009112e22
3.7182499587971567e22
4.336952561959627e22
4.944646504417617e22
5.540916035873309e22
6.125352677481384e22
6.697555579449296e22
7.2571318763063375e22
7.803697039581291e22
8.336875227627212e22
8.856299632333811e22
9.361612822464608e22
9.852467083359453e22
1.0328524752741099e23
1.078945855236619e23
1.1234951915261173e23
1.166469930828482e23
1.2078406549759398e23
1.2475791121915367e23
1.2856582477893543e23
1.3220522343052329e23
1.356736501032822e23
1.3896877629400207e23
1.420884048941053e23
1.4503047294996915e23
1.4779305435393244e23
1.5037436246359522e23
1.527727526470317e23
1.5498672475158135e23
1.5701492549390935e23
1.5885615076905964e23
1.6050934787626388e23
1.6197361765930402e23
1.63248216559266e23
1.643325585775636e23
1.6522621714715418e23
1.6592892690991114e23
1.6644058539816543e23
1.6676125461847548e23
1.6689116253573502e23
1.6683070445577737e23
1.665804443046903e23
1.661411158031086e23
1.65513623533804e23
1.646990439009572e23
1.636986259795475e23
1.625137922533606e23
1.6114613924017576e23
1.5959743800275745e23
1.5786963454433865e23
1.559648500873556e23
1.538853812342488e23
1.516337000092309e23
1.4921245377997607e23
1.4662446505826636e23
1.4387273117869844e23
1.4096042385463122e23
1.37890888610625e23
1.346676440907019e23
1.312943812418368e23
1.2777496237215191e23
1.2411342008339038e23
1.2031395607729989e23
1.1638093983565395e23
1.1231890717371114e23
1.0813255866699942e23
1.0382675795139128e23
9.940652989652703e22
9.48770586527081e22
9.024368557149735e22
8.551190700031875e22
8.068737195145075e22
7.577587964589057e22
7.078337693264982e22
6.5715955584131e22
6.057984946832563e22
5.538143159864232e22
5.012721106229455e22
4.482382982822997e22
3.947805943569114e22
3.409679756457893e22
2.8687064488876045e22
2.325599941447644e22
1.781085670285106e22
1.2359001982075184e22
6.907908146805101e21
1.4651512489170048e21
-3.961593719435819e21
-9.364557148476395e21
-1.4735879237229844e22
-2.0067614521689062e22
-2.5351736502616225e22
-3.0580142370775263e22
-3.574465782734205e22
-4.083704199711379e22
-4.584899243210188e22
-5.07721502029873e22
-5.559810507585182e22
-6.031840077151568e22
-6.492454030474773e22
-6.940799140051699e22
-7.376019198442218e22
-7.797255574431167e22
-8.203647776008571e22
-8.59433401985714e22
-8.968451807030992e22
-9.325138504502113e22
-9.663531932245735e22
-9.982770955528213e22
-1.0281996082055659e23
-1.056035006363673e23
-1.0816978502004845e23
-1.1051030458441728e23
-1.1261659066837752e23
-1.1448022149820518e23
-1.1609282837576265e23
-1.1744610188986252e23
-1.1853179814693315e23
-1.1934174501713242e23
-1.1986784839195993e23
-1.2010209844943543e23
-1.2003657592283615e23
-1.196634583689781e23
-1.1897502643196827e23
-1.1796367009835239e23
-1.1662189493953208e23
-1.1494232833732828e23
-1.1291772568851124e23
-1.1054097658412425e23
-1.078051109594194e23
-1.0470330521016394e23
-1.0122888827112079e23
-9.737534765245373e22
-9.313633542983885e22
-8.850567418401578e22
-8.347736288555849e22
-7.804558272060747e22
-7.220470285334524e22
-6.594928612097035e22
-5.927409465695937e22
-5.217409543840449e22
-4.464446575325452e22
-3.6680598583262023e22
-2.8278107898507e22
-1.943283385935672e22
-1.0140847921782178e22
-3.984578419373166e20
9.797787424015803e21
2.0451092928851756e22
3.1564413055937748e22
4.3140446957549405e22
5.518163411370292e22
6.76901500153505e22
8.066790197569481e22
9.411652507338678e22
1.0803737823124946e23
1.224315404341675e23
1.3729980708966923e23
1.52642686534725e23
1.6846039669217334e23
1.8475286188011563e23
2.015197097775989e23
2.187602685497675e23
2.3647356413564935e23
2.546583177015896e23
2.7331294326335522e23
2.9243554547976593e23
3.1202391762067834e23
3.3207553971200666e23
3.525875768604448e23
3.7355687776038194e23
3.94979973385481e23
4.168530758672078e23
4.391720775625968e23
4.619325503133509e23
4.851297448983249e23
5.087585906812834e23
5.328136954557851e23
5.572893454888557e23
5.821795057650844e23
6.074778204325505e23
6.331776134520122e23
6.592718894505463e23
6.85753334780793e23
7.12614318786765e23
7.39846895277148e23
7.674428042068069e23
7.953934735671515e23
8.236900214858351e23
8.523232585361915e23
8.812836902566289e23
9.105615198801211e23
9.401466512737363e23
9.700286920881096e23
1.0001969571165364e24
1.0306404718632924e24
1.0613479763206148e24
1.092307928953679e24
1.1235085108927352e24
1.1549376303314704e24
1.18658292713046e24
1.218431777624538e24
1.2504712996326945e24
1.2826883576689604e24
1.315069568352727e24
1.347601306016641e24
1.3802697085102223e24
1.4130606831971054e24
1.44595991314377e24
1.4789528634974114e24
1.5120247880505082e24
1.545160735989478e24
1.578345558824726e24
1.6115639174992193e24
1.6448002896726006e24
1.6780389771777013e24
1.7112641136462405e24
1.7444596723003096e24
1.7776094739061512e24
1.810697194886568e24
1.843706375588241e24
1.876620428700071e24
1.9094226478185263e24
1.942096216155862e24
1.974624215387014e24
2.0069896346307644e24
2.039175379560747e24
2.0711642816416505e24
2.1029391074859855e24
2.1344825683265751e24
2.165777329599875e24
2.196806020635075e24
2.227551244443923e24
2.257995587606004e24
2.2881216302442067e24
2.3179119560849198e24
2.347349162597528e24
2.3764158712075652e24
2.4050947375779107e24
2.433368461952216e24
2.461219799554791e24
2.488631571041006e24
2.5155866729922633e24
2.5420680884494363e24
2.5680588974787257e24
2.593542287763724e24
2.6185015652174265e24
2.642920164607957e24
2.6667816601916026e24
2.6900697763468083e24
2.712768398202647e24
2.734861582255336e24
2.756333566966239e24
2.777168783334826e24
2.7973518654399824e24
2.816867660943095e24
2.8357012415462516e24
2.853837913398926e24
2.871263227446464e24
2.887962989713716e24
2.903923271517131e24
2.9191304195986287e24
2.933571066174566e24
2.9472321388931237e24
2.9601008706934677e24
2.972164809560023e24
2.9834118281652224e24
2.9938301333941406e24
3.003408275744436e24
3.0121351585950445e24
3.020000047337113e24
3.0269925783607014e24
3.033102767890856e24
3.038321020666635e24
3.042638138456779e24
3.0460453284057867e24
3.048534211204134e24
3.0500968290765686e24
3.0507256535823445e24
3.0504135932214406e24
3.049154000840843e24
3.0469406808350583e24
3.04376789613509e24
3.039630374980251e24
3.0345233174672496e24
3.0284424018710576e24
3.0213837907322444e24
3.0133441367055014e24
3.00432058816421e24
2.9943107945560547e24
2.983312911504752e24
2.9713256056531353e24
2.958348059242904e24
2.944379974426546e24
2.929421577307006e24
2.913473621700905e24
2.8965373926210855e24
2.878614709474633e24
2.8597079289724746e24
2.839819947746902e24
2.8189542046735037e24
2.7971146828941344e24
2.774305911537729e24
2.7505329671359454e24
2.725801474730681e24
2.700117608670873e24
2.6734880930959776e24
2.645920202103775e24
2.6174217596003553e24
2.588001138830249e24
2.5576672615848934e24
2.5264295970878334e24
2.494298160555119e24
2.461283511429743e24
2.4273967512889937e24
2.39264952142383e24
2.3570540000896267e24
2.3206228994277902e24
2.2833694620579348e24
2.245307457340535e24
2.206451177310201e24
2.166815432279756e24
2.1264155461157872e24
2.0852673511862607e24
2.0433871829811513e24
2.0007918744072143e24
1.957498749758196e24
1.9135256183620248e24
1.8688907679067397e24
1.8236129574470012e24
1.7777114100934566e24
1.7312058053872117e24
1.684116271362002e24
1.6364633762968146e24
1.5882681201619232e24
1.5395519257614984e24
1.4903366295762163e24
1.4406444723093075e24
1.3904980891399952e24
1.3399204996881628e24
1.2889350976944972e24
1.237565640420441e24
1.1858362377725512e24
1.1337713411560073e24
1.081395732062236e24
1.028734510395832e24
9.758130825459956e23
9.226571492081765e23
8.692926929615114e23
8.157459656079867e23
7.620434752793915e23
7.082119733183126e23
6.542784409395794e23
6.002700756788061e23
5.462142776346571e23
4.9213863551194105e23
4.380709124724928e23
3.8403903180113306e23
3.3007106239410756e23
2.7619520407755188e23
2.2243977276368156e23
1.6883318545259736e23
1.1540394508755796e23
6.218062527202098e22
9.191854856570701e21
-4.353369759584273e22
-9.596733945785264e22
-1.4808036979019708e23
-1.9984409519007714e23
-2.5122984572652092e23
-3.0220899095375115e23
-3.527529559936439e23
-4.028332376779593e23
-4.524214207412488e23
-5.014891940550711e23
-5.500083668941291e23
-5.9795088522486794e23
-6.452888480069997e23
-6.919945234983067e23
-7.380403655532009e23
-7.833990299051575e23
-8.280433904233927e23
-8.71946555333946e23
-9.150818833953525e23
-9.574230000190275e23
-9.989438133245174e23
-1.039618530119645e24
-1.0794216717957828e24
-1.1183280901281655e24
-1.156312982971455e24
-1.193351909840601e24
-1.2294208073671166e24
-1.2644960046208964e24
-1.298554238287716e24
-1.3315726676926188e24
-1.3635288896593695e24
-1.3944009531963282e24
-1.4241673739989388e24
-1.4528071487592909e24
-1.4802997692731772e24
-1.5066252363351176e24
-1.5317640734119569e24
-1.555697340085688e24
-1.5784066452562315e24
-1.599874160095066e24
-1.6200826307405684e24
-1.6390153907261631e24
-1.656656373132446e24
-1.6729901224545227e24
-1.6880018061759788e24
-1.7016772260410196e24
-1.71400282901642e24
-1.724965717935137e24
-1.7345536618134795e24
-1.7427551058339765e24
-1.7495591809862269e24
-1.7549557133581205e24
-1.758935233070047e24
-1.7614889828448995e24
-1.7626089262067823e24
-1.7622877553015758e24
-1.7605188983327306e24
-1.757296526605787e24
-1.7526155611753474e24
-1.7464716790884693e24
-1.7388613192185876e24
-1.7297816876844038e24
-1.7192307628482442e24
-1.7072072998887463e24
-1.6937108349429173e24
-1.678741688812836e24
-1.6623009702324924e24
-1.6443905786905498e24
-1.6250132068049902e24
-1.6041723422459777e24
-1.5818722692033218e24
-1.5581180693954379e24
-1.5329156226167142e24
-1.5062716068206363e24
-1.4781934977362136e24
-1.4486895680155072e24
-1.4177688859103787e24
-1.3854413134768382e24
-1.351717504305547e24
-1.3166089007776198e24
-1.2801277308446567e24
-1.242287004332709e24
-1.2031005087698798e24
-1.1625828047376105e24
-1.1207492207460749e24
-1.0776158476342576e24
-1.0331995324956476e24
-9.875178721309417e23
-9.405892060290177e23
-8.92432608878204e23
-8.430678826098833e23
-7.92515547976832e23
-7.407968356690401e23
-6.879336769698888e23
-6.339486939562365e23
-5.788651892456675e23
-5.2270713529502855e23
-4.6549916325433154e23
-4.072665513804892e23
-3.480352130156665e23
-2.878316841352667e23
-2.2668311047082803e23
-1.646172342136551e23
-1.016623803047949e23
-3.784744231774437e22
2.6798132059701718e22
9.2244355937749e22
1.5846071852400126e23
2.2541620080267986e23
2.9307929158620286e23
3.6141800393104504e23
4.3039989191014993e23
4.999920677332993e23
5.701612192069308e23
6.408736275245783e23
7.120951853788011e23
7.837914153852946e23
8.559274888096743e23
9.284682445869214e23
1.0013782086237338e24
1.0746216133733439e24
1.148162417672385e24
1.2219643268291017e24
1.295990812952047e24
1.3702051355081013e24
1.4445703620986739e24
1.5190493894423045e24
1.593604964552367e24
1.6681997060977596e24
1.742796125934676e24
1.81735665079724e24
1.8918436441346826e24
1.9662194280825415e24
2.0404463055553436e24
2.1144865824477252e24
2.1883025899314602e24
2.261856706835072e24
2.335111382092986e24
2.4080291572509715e24
2.480572689014476e24
2.5527047718265026e24
2.624388360461233e24
2.69558659262014e24
2.7662628115166166e24
2.8363805884354905e24
2.905903745253603e24
2.974796376907595e24
3.043022873794989e24
3.110547944094774e24
3.1773366359932757e24
3.24335435980171e24
3.308566909951208e24
3.372940486851467e24
3.4364417185990683e24
3.4990376825215384e24
3.560695926543267e24
3.6213844903595235e24
3.6810719264045036e24
3.7397273206000504e24
3.7973203128710514e24
3.8538211174140437e24
3.909200542705517e24
3.9634300112363946e24
4.016481578959458e24
4.06832795443647e24
4.1189425176717615e24
4.1682993386195273e24
4.2163731953518136e24
4.263139591874546e24
4.308574775579059e24
4.3526557543167013e24
4.395360313084334e24
4.436667030308685e24
4.476555293717571e24
4.515005315786513e24
4.551998148749154e24
4.5875156991602237e24
4.621540742000055e24
4.6540569343097953e24
4.685048828346831e24
4.714501884249848e24
4.7424024822037344e24
4.768737934094278e24
4.793496494643162e24
4.816667372013945e24
4.838240737879991e24
4.858207736945597e24
4.876560495911938e24
4.893292131879528e24
4.9083967601795e24
4.92186950162609e24
4.933706489183112e24
4.943904874037527e24
4.952462831073536e24
4.959379563740949e24
4.964655308311987e24
4.968291337520869e24
4.970289963581042e24
4.970654540575254e24
4.969389466213889e24
4.96650018295749e24
4.961993178499738e24
4.955875985607458e24
4.948157181314722e24
4.938846385468307e24
4.927954258622467e24
4.915492499280912e24
4.901473840484803e24
4.885912045745502e24
4.868821904321508e24
4.850219225839268e24
4.830120834258054e24
4.8085445611793043e24
4.785509238501608e24
4.7610346904223675e24
4.7351417247881833e24
4.7078521237959563e24
4.679188634047294e24
4.649174955959263e24
4.617835732534831e24
4.5851965374967584e24
4.551283862789298e24
4.5161251054520875e24
4.47974855387149e24
4.4421833734146774e24
4.403459591452334e24
4.3636080817762353e24
4.3226605484182984e24
4.2806495088782334e24
4.237608276767141e24
4.193570943875028e24
4.148572361670261e24
4.102648122239823e24
4.0558345386792267e24
4.0081686249415144e24
3.9596880751551047e24
3.9104312424206686e24
3.86043711709749e24
3.809745304590296e24
3.7583960026475923e24
3.706429978183387e24
3.653888543634001e24
3.6008135328624104e24
3.5472472766226753e24
3.493232577597468e24
3.438812685021952e24
3.384031268907716e24
3.328932393880502e24
3.273560492646209e24
3.21796033909951e24
3.1621770210900144e24
3.106255912861029e24
3.050242647176348e24
2.9941830871507063e24
2.938123297799805e24
2.882109517326142e24
2.8261881281569155e24
2.7704056277508327e24
2.714808599190564e24
2.659443681577979e24
2.604357540249461e24
2.549596836828781e24
2.4952081991352117e24
2.44123819096481e24
2.3877332817627117e24
2.3347398162048677e24
2.282303983707366e24
2.2304717878818943e24
2.1792890159559068e24
2.1288012081762254e24
2.0790536272148643e24
2.0300912275960512e24
1.981958625163298e24
1.9347000666057563e24
1.8883593990628604e24
1.842980039826464e24
1.7986049461596818e24
1.755276585251663e24
1.7130369043275398e24
1.6719273009328408e24
1.631988593411502e24
1.5932609915968338e24
1.55578406773453e24
1.5195967276568938e24
1.4847371822273487e24
1.4512429190742714e24
1.4191506746330552e24
1.3884964065152466e24
1.3593152662235286e24
1.3316415722310756e24
1.3055087834438854e24
1.2809494730643514e24
1.2579953028743013e24
1.2366769979555313e24
1.2170243218656863e24
1.199066052287148e24
1.1828299571664238e24
1.168342771361227e24
1.155630173812363e24
1.1447167652571532e24
1.1356260465009748e24
1.1283803972632001e24
1.1230010556135697e24
1.1195080980147259e24
1.1179204199863833e24
1.1182557174062601e24
1.1205304684626352e24
1.1247599162730334e24
1.1309580521832205e24
1.1391375997603541e24
1.1493099994937706e24
1.1614853942165245e24
1.1756726152604457e24
1.1918791693570402e24
1.2101112262962626e24
1.2303736073546675e24
1.2526697745041407e24
1.2770018204119305e24
1.303370459242287e24
1.3317750182695897e24
1.3622134303123892e24
1.394682226997305e24
1.4291765328613715e24
1.4656900603007758e24
1.5042151053736296e24
1.5447425444638314e24
1.5872618318126225e24
1.6317609979239349e24
1.6782266488491466e24
1.7266439663562759e24
1.7769967089883193e24
1.8292672140146431e24
1.8834364002790583e24
1.9394837719475724e24
1.9973874231582657e24
2.0571240435752592e24
2.1186689248481641e24
2.1819959679777953e24
2.24707769158868e24
2.3138852411076977e24
2.3823883988486087e24
2.4525555950005237e24
2.5243539195188845e24
2.5977491349163144e24
2.672705689950059e24
2.749186734202996e24
2.827154133553347e24
2.9065684865291374e24
2.9873891415413395e24
3.0695742149906693e24
3.1530806102408414e24
3.237864037451972e24
3.3238790342663555e24
3.4110789873382723e24
3.4994161546998774e24
3.588841688953137e24
3.6793056612789984e24
3.770757086252575e24
3.863143947454501e24
3.956413223866163e24
4.05051091703768e24
4.14538207901591e24
4.2409708410192456e24
4.337220442846508e24
4.434073263004997e24
4.531470849544228e24
4.629353951579417e24
4.727662551489969e24
4.8263358977767846e24
4.925312538561532e24
5.024530355711826e24
5.123926599573918e24
5.223437924296095e24
5.323000423723467e24
5.422549667846468e24
5.522020739782874e24
5.621348273274643e24
5.720466490679201e24
5.819309241434493e24
5.917810040977844e24
6.015902110096447e24
6.113518414689015e24
6.210591705915672e24
6.307054560714856e24
6.402839422663764e24
6.497878643160135e24
6.592104522901981e24
6.685449353641358e24
6.777845460189267e24
6.869225242646598e24
6.959521218837913e24
7.048666066922366e24
7.136592668158024e24
7.22323414979402e24
7.308523928065176e24
7.392395751264441e24
7.474783742866609e24
7.555622444678594e24
7.634846859989333e24
7.712392496694486e24
7.788195410368583e24
7.862192247259425e24
7.934320287177948e24
8.004517486256975e24
8.072722519553133e24
8.138874823464554e24
8.20291463793878e24
8.264783048443551e24
8.324422027674774e24
8.381774476974359e24
8.436784267432294e24
8.489396280646211e24
8.539556449111903e24
8.587211796219308e24
8.632310475826936e24
8.674801811389792e24
8.714636334613902e24
8.751765823612597e24
8.786143340538708e24
8.817723268667095e24
8.846461348903032e24
8.872314715690765e24
8.895241932298269e24
8.915203025453284e24
8.932159519306844e24
8.946074468700024e24
8.956912491710732e24
8.964639801457148e24
8.969224237134616e24
8.970635294263956e24
8.968844154128214e24
8.963823712376968e24
8.955548606775659e24
8.943995244079782e24
8.929141826012697e24
8.910968374327203e24
8.889456754931035e24
8.864590701056639e24
8.836355835457244e24
8.804739691609758e24
8.769731733907734e24
8.731323376826225e24
8.689508003042375e24
8.644280980495146e24
8.595639678368503e24
8.543583481982981e24
8.48811380658126e24
8.429234109993358e24
8.366949904168407e24
8.301268765560165e24
8.232200344354028e24
8.159756372524137e24
8.083950670709729e24
8.004799153900187e24
7.922319835919891e24
7.836532832703171e24
7.74746036435174e24
7.655126755966755e24
7.559558437248792e24
7.460783940859565e24
7.358833899539894e24
7.253741041979097e24
7.14554018743225e24
7.034268239081351e24
6.919964176138323e24
6.802669044687847e24
6.68242594726896e24
6.55928003119511e24
6.433278475613006e24
6.304470477301324e24
6.172907235211623e24
6.038641933753462e24
5.901729724827619e24
5.762227708611431e24
5.620194913101146e24
5.475692272417136e24
5.328782603878024e24
5.179530583851686e24
5.02800272239019e24
4.874267336658056e24
4.7183945231630685e24
4.560456128799845e24
4.4005257207173075e24
4.238678555021651e24
4.074991544327091e24
3.9095432241683633e24
3.7424137182878386e24
3.573684702812833e24
3.403439369337997e24
3.2317623869292356e24
3.058739863065702e24
2.884459303537723e24
2.7090095713183967e24
2.532480844428643e24
2.354964572814349e24
2.1765534342564718e24
1.997341289335083e24
1.8174231354685762e24
1.6368950600507094e24
1.4558541927081143e24
1.274398656701707e24
1.0926275194966768e24
9.106407425249344e23
7.285391301660705e23
5.4642427797227494e23
3.643985201639819e23
1.825648764229291e23
1.0269980105903723e21
-1.8011088676057434e23
-3.6074402767353495e23
-5.407672083426987e23
-7.200748025093252e23
-8.985608308664717e23
-1.0761190183831009e24
-1.2526428520963288e24
-1.4280256393405492e24
-1.6021605663818996e24
-1.774940757425417e24
-1.9462593339631787e24
-2.1160094744300524e24
-2.2840844741341834e24
-2.4503778054286367e24
-2.614783178090555e24
-2.777194599873933e24
-2.937506437201201e24
-3.0956134759599206e24
-3.251410982369254e24
-3.404794763881569e24
-3.555661230083963e24
-3.703907453564577e24
-3.8494312307081867e24
-3.992131142385853e24
-4.131906614502432e24
-4.268657978367083e24
-4.4022865308503955e24
-4.532694594292758e24
-4.6597855761279814e24
-4.7834640281865944e24
-4.903635705642891e24
-5.020207625570436e24
-5.133088125069697e24
-5.242186918933244e24
-5.347415156812358e24
-5.44868547985016e24
-5.54591207674615e24
-5.639010739217035e24
-5.727898916819445e24
-5.812495771099875e24
-5.892722229037448e24
-5.968501035745877e24
-6.039756806400745e24
-6.106416077358711e24
-6.168407356435493e24
-6.225661172310344e24
-6.278110123023998e24
-6.325688923539078e24
-6.368334452330244e24
-6.405985796974286e24
-6.438584298708543e24
-6.466073595927817e24
-6.488399666590392e24
-6.505510869503329e24
-6.517357984459353e24
-6.523894251195959e24
-6.525075407150797e24
-6.520859723984882e24
-6.511208042848586e24
-6.496083808363839e24
-6.475453101297792e24
-6.449284669903958e24
-6.417549959906257e24
-6.380223143103926e24
-6.337281144574006e24
-6.288703668450952e24
-6.234473222261214e24
-6.17457513979412e24
-6.108997602488562e24
-6.037731659317469e24
-5.960771245152905e24
-5.878113197593412e24
-5.789757272239452e24
-5.695706156399796e24
-5.595965481216198e24
-5.490543832191551e24
-5.379452758109356e24
-5.262706778333374e24
-5.140323388475225e24
-5.012323064421668e24
-4.8787292647108e24
-4.739568431250931e24
-4.5948699883730513e24
-4.4446663402125646e24
-4.288992866413525e24
-4.127887916151619e24
-3.961392800473362e24
-3.789551782947253e24
-3.612412068627862e24
-3.430023791330034e24
-3.242439999216117e24
-3.0497166386955e24
-2.8519125366412117e24
-2.649089380925363e24
-2.441311699278656e24
-2.2286468364802943e24
-2.011164929882917e24
-1.788938883282485e24
-1.5620443391391542e24
-1.330559649161122e24
-1.0945658432599548e24
-8.541465968897362e23
-6.093881967833593e23
-3.603795050973717e23
-1.072119219824554e23
1.5002065340773205e23
4.1122186345019623e23
6.76292934114094e23
9.45132718529032e23
1.2176377420430967e24
1.4937022487494428e24
1.7732182494594215e24
2.0560755711023774e24
2.3421619075262707e24
2.6313628716781455e24
2.923562049136654e24
3.2186410529739034e24
3.5164795799171914e24
3.816955467785404e24
4.119944754171024e24
4.4253217363375233e24
4.7329590323046544e24
5.042727643087882e24
5.354497016063501e24
5.668135109424126e24
5.983508457693918e24
6.30048223826866e24
6.618920338945302e24
6.938685426408041e24
7.259639015632011e24
7.58164154017109e24
7.904552423289409e24
8.2282301499018e24
8.552532339281685e24
8.877315818499594e24
9.202436696551867e24
9.527750439138166e24
9.853111944049578e24
1.017837561712295e25
1.0503395448722925e25
1.0828025090706262e25
1.115211793382897e25
1.1475527185550165e25
1.179810594819166e25
1.2119707297408454e25
1.2440184360925062e25
1.275939039749558e25
1.30771788760398e25
1.339340355491334e25
1.3707918561263677e25
1.4020578470428848e25
1.433123838533235e25
1.4639754015827339e25
1.494598175794664e25
1.5249778773009478e25
1.5551003066541853e25
1.584951356696138e25
1.6145170203983223e25
1.6437833986698197e25
1.6727367081278997e25
1.7013632888267547e25
1.7296496119396494e25
1.7575822873901187e25
1.785148071427344e25
1.8123338741414414e25
1.8391267669138227e25
1.865513989798393e25
1.891482958828813e25
1.9170212732475723e25
1.9421167226523463e25
1.96675729405515e25
1.9909311788501133e25
2.014626779685309e25
2.0378327172345797e25
2.060537836864888e25
2.082731215195173e25
2.1044021665424844e25
2.1255402492512293e25
2.1461352719016596e25
2.1661772993933975e25
2.1856566589002853e25
2.2045639456924916e25
2.222890028822271e25
2.2406260566694474e25
2.257763462343113e25
2.274293968935901e25
2.2902095946272446e25
2.3055026576323175e25
2.320165780993156e25
2.3341918972088163e25
2.347574252701232e25
2.3603064121138102e25
2.372382262439603e25
2.383796016976236e25
2.3945422191047162e25
2.4046157458893076e25
2.4140118114959838e25
2.4227259704267156e25
2.4307541205673314e25
2.4380925060464406e25
2.444737719903291e25
2.4506867065623845e25
2.455936764112777e25
2.4604855463902233e25
2.4643310648602773e25
2.4674716903007075e25
2.469906154281577e25
2.4716335504415907e25
2.4726533355592673e25
2.4729653304177727e25
2.4725697204622553e25
2.4714670562486376e25
2.4696582536831025e25
2.467144594051358e25
2.4639277238371695e25
2.4600096543295515e25
2.4553927610182894e25
2.450079782777476e25
2.4440738208369427e25
2.437378337541543e25
2.4299971548984373e25
2.4219344529125568e25
2.4131947677106326e25
2.4037829894542846e25
2.3937043600427596e25
2.382964470606078e25
2.371569258789418e25
2.359525005829803e25
2.3468383334261233e25
2.333516200403794e25
2.3195658991754114e25
2.3049950519988906e25
2.289811607034724e25
2.2740238342041064e25
2.2576403208497644e25
2.240669967201566e25
2.223121981648934e25
2.2050058758223617e25
2.1863314594863832e25
2.167108835246461e25
2.1473483930724183e25
2.127060804641108e25
2.1062570175011547e25
2.0849482490627673e25
2.063145980415599e25
2.0408619499779127e25
2.018108146980286e25
1.994896804787289e25
1.9712403940606013e25
1.9471516157672313e25
1.922643394036467e25
1.897728868869496e25
1.8724213887055018e25
1.8467345028482904e25
1.8206819537576028e25
1.7942776692092367e25
1.7675357543283658e25
1.7404704835003617e25
1.7130962921636475e25
1.68542776848916e25
1.6574796449509762e25
1.6292667897929459e25
1.600804198396018e25
1.572106984551249e25
1.5431903716433278e25
1.5140696837497555e25
1.4847603366606182e25
1.4552778288243044e25
1.4256377322241598e25
1.395855683191489e25
1.3659473731602094e25
1.3359285393684752e25
1.3058149555127884e25
1.2756224223599371e25
1.2453667583224741e25
1.2150637900030832e25
1.184729342713505e25
1.1543792309737743e25
1.1240292489971945e25
1.0936951611668845e25
1.0633926925095992e25
1.0331375191724689e25
1.0029452589085078e25
9.728314615765102e24
9.428115996612992e24
9.129010588198746e24
8.831151284594216e24
8.534689923528539e24
8.239777192976918e24
7.94656253824079e24
7.655194069576149e24
7.365818470428101e24
7.078580906328805e24
6.793624934515484e24
6.511092414325521e24
6.231123418425047e24
5.95385614492752e24
5.679426830457447e24
5.407969664215582e24
5.139616703099428e24
4.87449778793531e24
4.612740460874113e24
4.354469884005857e24
4.0998087592451746e24
3.848877249540396e24
3.6017929014582345e24
3.358670569194359e24
3.119622340061761e24
2.88475746150482e24
2.654182269689465e24
2.4280001197167047e24
2.2063113175073745e24
1.9892130534042125e24
1.7767993375370875e24
1.569160936995777e24
1.3663853148546313e24
1.1685565710910635e24
9.757553854401592e23
7.880589622260556e23
6.055409772096233e23
4.282715264910879e23
2.563170775051471e23
8.974042214450226e22
-7.1399367952199554e22
-2.2704698391512435e23
-3.771509199271921e23
-5.216635112459804e23
-6.605409699333696e23
-7.937434182639202e23
-9.212349197842949e23
-1.0429835079977973e24
-1.1589612126482116e24
-1.2691440835804825e24
-1.373512212155114e24
-1.472049750196061e24
-1.5647449264523716e24
-1.6515900605560435e24
-1.7325815744592596e24
-1.807720001336367e24
-1.8770099919367507e24
-1.940460318376875e24
-1.9980838753610546e24
-2.049897678821581e24
-2.0959228619714046e24
-2.1361846687629336e24
-2.1707124447488499e24
-2.1995396253426067e24
-2.222703721476342e24
-2.2402463026580099e24
-2.252212977428418e24
-2.258653371222763e24
-2.259621101640921e24
-2.2551737511340926e24
-2.245372837115565e24
-2.2302837795054284e24
-2.2099758657216714e24
-2.18452221312949e24
-2.1539997289648341e24
-2.118489067747249e24
-2.078074586201173e24
-2.0328442957038382e24
-1.982889812282228e24
-1.92830630418034e24
-1.869192437021787e24
-1.8056503165935214e24
-1.7377854292770299e24
-1.6657065801571077e24
-1.5895258288370896e24
-1.509358422993715e24
-1.42532272970389e24
-1.3375401645783658e24
-1.2461351187392727e24
-1.1512348836778624e24
-1.0529695740330416e24
-9.514720483297123e23
-8.468778277203213e23
-7.393250127713346e23
-6.289541983407896e23
-5.159083865915306e23
-4.003328981879718e23
-2.823752817253266e23
-1.6218522143981136e23
-3.991444325239642e22
8.428338080334507e22
2.102527297142904e23
3.37836332128846e23
4.668752664488669e23
5.9720906231695416e23
7.286758034408466e23
8.611122316956374e23
9.943538524452632e23
1.128235041020968e24
1.2625891502966337e24
1.3972486192969204e24
1.5320450827759466e24
1.6668094817018068e24
1.801372174581361e24
1.9355630495607277e24
2.0692116372334458e24
2.2021472240906435e24
2.3341989665438827e24
2.465196005453684e24
2.5949675810933685e24
2.723343148479757e24
2.850152493000324e24
2.975225846265871e24
3.098394002118987e24
3.219488432725721e24
3.338341404680321e24
3.454786095049851e24
3.5686567072879965e24
3.6797885869445496e24
3.7880183370991806e24
3.8931839334466045e24
3.995124838960246e24
4.093682118062699e24
4.18869855022938e24
4.2800187429539375e24
4.3674892440020875e24
4.450958652882417e24
4.5302777314618274e24
4.605299513653625e24
4.675879414107388e24
4.741875335828757e24
4.803147776659065e24
4.859559934543817e24
4.910977811520762e24
4.957270316357621e24
4.998309365771102e24
5.033969984158769e24
5.064130401776126e24
5.088672151292255e24
5.107480162657598e24
5.120442856218659e24
5.127452234014922e24
5.128403969194316e24
5.123197493484386e24
5.111736082657214e24
5.093926939927209e24
5.069681277221877e24
5.038914394266623e24
5.001545755425988e24
4.957499064244473e24
4.906702335631795e24
4.849087965638086e24
4.7845927987660884e24
4.7131581927689454e24
4.634730080882616e24
4.5492590314446676e24
4.456700304850958e24
4.357013907804897e24
4.250164644813625e24
4.1361221668887945e24
4.0148610174094334e24
3.8863606751070296e24
3.7506055941345966e24
3.6075852411818875e24
3.457294129602528e24
3.2997318505181433e24
3.1349031008689053e24
2.962817708378751e24
2.783490653408297e24
2.5969420876674487e24
2.403197349763235e24
2.2022869775604263e24
1.9942467173320723e24
1.7791175296824574e24
1.5569455922229165e24
1.327782298986834e24
1.0916842565684009e24
8.487132769740213e23
5.989363671770481e23
3.424257153663625e23
7.925867388479407e22
-1.9048226114879318e23
-4.6670947353342524e23
-7.49330253998433e23
-1.038246830529909e24
-1.3333564020092917e24
-1.6345511751571563e24
-1.941718404773424e24
-2.2547404372661064e24
-2.5734947574536825e24
-2.897854038630059e24
-3.227686195872887e24
-3.5628544425802597e24
-3.9032173502125866e24
-4.2486289112198613e24
-4.598938605129337e24
-4.953991467766234e24
-5.313628163581985e24
-5.677685061056588e24
-6.045994311146363e24
-6.418383928739625e24
-6.794677877087059e24
-7.174696155167594e24
-7.558254887948859e24
-7.945166419503238e24
-8.335239408932208e24
-8.728278929057206e24
-9.124086567825847e24
-9.522460532387995e24
-9.923195755787054e24
-1.0326084006216552e25
-1.0730913998786364e25
-1.113747150974096e25
-1.154553949307479e25
-1.195489819948124e25
-1.236532529757795e25
-1.2776595997341305e25
-1.3188483175689956e25
-1.3600757504146955e25
-1.4013187578516434e25
-1.4425540050504263e25
-1.4837579761211003e25
-1.524906987642832e25
-1.5659772023661577e25
-1.6069446430808178e25
-1.6477852066411503e25
-1.6884746781416677e25
-1.7289887452348294e25
-1.7693030125829266e25
-1.8093930164363325e25
-1.8492342393295233e25
-1.8888021248870174e25
-1.9280720927304052e25
-1.9670195534784335e25
-2.0056199238311434e25
-2.043848641729748e25
-2.0816811815833666e25
-2.119093069553682e25
-2.1560598988889547e25
-2.1925573452980394e25
-2.2285611823558015e25
-2.264047296930465e25
-2.2989917046241695e25
-2.333370565217171e25
-2.3671601981068215e25
-2.4003370977319324e25
-2.4328779489731392e25
-2.4647596425203023e25
-2.4959592901971886e25
-2.5264542402345876e25
-2.5562220924820674e25
-2.5852407135493747e25
-2.613488251868037e25
-2.6409431526636783e25
-2.6675841728300816e25
-2.6933903956953103e25
-2.718341245670993e25
-2.742416502775219e25
-2.7655963170201117e25
-2.7878612226546968e25
-2.809192152254117e25
-2.8295704506461223e25
-2.8489778886656577e25
-2.8673966767289583e25
-2.8848094782178577e25
-2.901199422665997e25
-2.91655011873775e25
-2.9308456669916864e25
-2.9440706724196686e25
-2.9562102567534227e25
-2.9672500705301626e25
-2.977176304908911e25
-2.9859757032297376e25
-2.9936355723075198e25
-3.000143793452737e25
-3.0054888332112583e25
-3.0096597538157307e25
-3.012646223341039e25
-3.014438525556407e25
-3.01502756946718e25
-3.014404898539071e25
-3.0125626995981515e25
-3.0094938113997645e25
-3.0051917328599715e25
-2.9996506309430128e25
-2.99286534819875e25
-2.9848314099440038e25
-2.9755450310819078e25
-2.9650031225538784e25
-2.9532032974184427e25
-2.940143876551981e25
-2.9258238939661203e25
-2.910243101737117e25
-2.893401974542453e25
-2.8753017138003567e25
-2.8559442514079326e25
-2.835332253074037e25
-2.8134691212430212e25
-2.790358997605871e25
-2.7660067651954373e25
-2.7404180500626246e25
-2.71359922253075e25
-2.6855573980254377e25
-2.6563004374775958e25
-2.6258369472975512e25
-2.594176278918176e25
-2.561328527905565e25
-2.5273045326357705e25
-2.492115872536451e25
-2.455774865892554e25
-2.418294567215298e25
-2.379688764174218e25
-2.3399719740919154e25
-2.2991594400017547e25
-2.257267126268845e25
-2.2143117137748815e25
-2.170310594667764e25
-2.125281866677097e25
-2.079244326996916e25
-2.0322174657374567e25
-1.9842214589475924e25
-1.93527716121035e25
-1.8854060978137616e25
-1.8346304564998251e25
-1.7829730787944105e25
-1.7304574509214005e25
-1.6771076943043335e25
-1.6229485556595028e25
-1.5680053966841733e25
-1.5123041833442734e25
-1.4558714747659822e25
-1.3987344117358412e25
-1.3409207048144227e25
-1.28245862206862e25
-1.2233769764280205e25
-1.1637051126711473e25
-1.1034728940471896e25
-1.042710688539629e25
-9.814493547779202e24
-9.197202276039704e24
-8.575551033000753e24
-7.949862244855148e24
-7.320462646888549e24
-6.687683126036963e24
-6.051858560352988e24
-5.413327655460791e24
-4.7724327780813076e24
-4.129519786709314e24
-3.484937859528786e24
-2.8390393196518957e24
-2.1921794577710866e24
-1.5447163523157684e24
-8.97010687203402e23
-2.494255672817568e23
3.9767366844381504e23
1.0439196356993897e24
1.6889430958498337e24
2.3323731487236971e24
2.9738374272523743e24
3.612962293822406e24
4.249373038234336e24
4.882694077162728e24
5.512549155009418e24
6.138561546042327e24
6.760354257708783e24
7.377550235014624e24
7.989772565853758e24
8.596644687179591e24
9.197790591901419e24
9.792835036392459e24
1.0381403748494417e25
1.0963123635901699e25
1.153762299480948e25
1.21045317187082e25
1.2663481507205637e25
1.3214106074760062e25
1.375604135920471e25
1.4288925729944997e25
1.4812400195709237e25
1.53261086117337e25
1.5829697886262182e25
1.6322818186241774e25
1.6805123142092976e25
1.7276270051437805e25
1.7735920081664491e25
1.8183738471210841e25
1.8619394729447242e25
1.9042562835041417e25
1.9452921432686597e25
1.985015402807696e25
2.0233949181011432e25
2.0604000696512717e25
2.096000781384396e25
2.1301675393309486e25
2.162871410072603e25
2.194084058945115e25
2.223777767985851e25
2.251925453614677e25
2.2785006840376076e25
2.303477696362067e25
2.3268314134132886e25
2.348537460241151e25
2.368572180307061e25
2.38691265134066e25
2.403536700856147e25
2.4184229213182833e25
2.4315506849482817e25
2.44290015816e25
2.452452315616857e25
2.4601889539003917e25
2.46609270478122e25
2.4701470480835814e25
2.4723363241349184e25
2.472645745791708e25
2.4710614100337153e25
2.4675703091182097e25
2.4621603412867117e25
2.454820321016389e25
2.4455399888088986e25
2.4343100205096475e25
2.4211220361503758e25
2.40596860830872e25
2.388843269978131e25
2.369740521942363e25
2.348655839648313e25
2.3255856795720487e25
2.300527485072402e25
2.2734796917272074e25
2.2444417321476517e25
2.213414040265811e25
2.180398055091771e25
2.145396223935875e25
2.1084120050930527e25
2.0694498699853957e25
2.0285153047605063e25
1.9856148113424958e25
1.940755907933405e25
1.8939471289631474e25
1.8451980244857315e25
1.7945191590208885e25
1.741922109839307e25
1.68741946469127e25
1.6310248189776477e25
1.5727527723632373e25
1.512618924832778e25
1.4506398721895182e25
1.3868332009977647e25
1.3212174829697623e25
1.2538122687990096e25
1.1846380814409828e25
1.1137164088440134e25
1.041069696132076e25
9.667213372423921e24
8.906956660210691e24
8.130179467794716e24
7.33714364315713e24
6.528120134044018e24
5.703388877597051e24
4.863238684754798e24
4.0079671194813574e24
3.1378803728681106e24
2.2532931321655433e24
1.354528444806414e24
4.4191757747421354e23
-4.842001297102581e23
-1.4234774138262166e24
-2.3755592445353325e24
-3.3400829841435726e24
-4.31667855226326e24
-5.304968594994657e24
-6.304568658552118e24
-7.315087367241789e24
-8.336126605713267e24
-9.367281705386045e24
-1.0408141634967796e25
-1.1458289194960696e25
-1.2517301216064991e25
-1.3584748761377781e25
-1.4660197332280778e25
-1.574320707791997e25
-1.68333330081608e25
-1.793012520991843e25
-1.9033129066742643e25
-2.014188548155164e25
-2.125593110239084e25
-2.23747985511051e25
-2.349801665480144e25
-2.4625110679977287e25
-2.575560256919783e25
-2.6889011180186953e25
-2.802485252721502e25
-2.916264002464306e25
-3.030188473250245e25
-3.1442095603972874e25
-3.258277973462287e25
-3.3723442613284906e25
-3.4863588374419395e25
-3.6002720051839297e25
-3.71403398336477e25
-3.827594931825646e25
-3.940904977133746e25
-4.053914238357108e25
-4.166572852904609e25
-4.278831002416549e25
-4.390638938692024e25
-4.501947009637818e25
-4.612705685225159e25
-4.722865583438821e25
-4.832377496204959e25
-4.941192415282097e25
-5.049261558101338e25
-5.156536393540872e25
-5.26296866761979e25
-5.3685104290973155e25
-5.473114054961887e25
-5.576732275796344e25
-5.6793182010038615e25
-5.780825343880683e25
-5.881207646520907e25
-5.98041950453867e25
-6.078415791593901e25
-6.175151883706679e25
-6.2705836833466855e25
-6.364667643282857e25
-6.457360790180049e25
-6.548620747927966e25
-6.638405760689236e25
-6.726674715652635e25
-6.813387165477757e25
-6.898503350418311e25
-6.981984220110007e25
-7.063791455010741e25
-7.1438874874794755e25
-7.222235522481604e25
-7.298799557907779e25
-7.3735444044941845e25
-7.446435705331925e25
-7.517439954953403e25
-7.586524517984301e25
-7.653657647349156e25
-7.718808502019692e25
-7.78194716429435e25
-7.84304465659859e25
-7.902072957795161e25
-7.959005018993906e25
-8.013814778851385e25
-8.06647717835e25
-8.116968175047683e25
-8.165264756788264e25
-8.21134495486417e25
-8.255187856622232e25
-8.296773617504691e25
-8.336083472517006e25
-8.37309974711487e25
-8.407805867503007e25
-8.440186370338451e25
-8.470226911831826e25
-8.49791427623979e25
-8.523236383742871e25
-8.546182297702605e25
-8.566742231292756e25
-8.58490755349941e25
-8.600670794485187e25
-8.614025650313274e25
-8.62496698702713e25
-8.633490844082298e25
-8.63959443712698e25
-8.643276160128412e25
-8.644535586842512e25
-8.643373471624651e25
-8.639791749579631e25
-8.633793536049518e25
-8.62538312543825e25
-8.614565989372344e25
-8.601348774197397e25
-8.585739297810501e25
-8.567746545829014e25
-8.547380667096598e25
-8.524652968527734e25
-8.49957590929232e25
-8.472163094342474e25
-8.44242926728384e25
-8.410390302594248e25
-8.3760631971929e25
-8.339466061363608e25
-8.300618109036144e25
-8.259539647429806e25
-8.216252066064211e25
-8.170777825142058e25
-8.123140443309706e25
-8.073364484800983e25
-8.021475545970864e25
-7.967500241225226e25
-7.911466188353845e25
-7.853401993273972e25
-7.793337234191867e25
-7.731302445190749e25
-7.667329099253102e25
-7.6014495907264766e25
-7.5336972172414255e25
-7.464106161091412e25
-7.392711470084145e25
-7.31954903787444e25
-7.244655583789272e25
-7.168068632155284e25
-7.089826491140363e25
-7.009968231119973e25
-6.928533662580568e25
-6.84556331357146e25
-6.761098406717777e25
-6.675180835806867e25
-6.587853141960727e25
-6.499158489408272e25
-6.40914064086973e25
-6.317843932567697e25
-6.225313248878016e25
-6.131593996635132e25
-6.036732079105746e25
-5.9407738696455535e25
-5.843766185054004e25
-5.745756258641587e25
-5.646791713025416e25
-5.5469205326678384e25
-5.446191036174335e25
-5.344651848365716e25
-5.24235187214122e25
-5.139340260148066e25
-5.035666386273692e25
-4.931379816977723e25
-4.826530282479023e25
-4.721167647815524e25
-4.615341883792749e25
-4.509103037838506e25
-4.4025012047800545e25
-4.295586497561355e25
-4.1884090179170246e25
-4.0810188270202575e25
-3.9734659161222284e25
-3.8658001771996218e25
-3.758071373628272e25
-3.6503291108994986e25
-3.5426228073971674e25
-3.435001665252238e25
-3.3275146412922333e25
-3.2202104181035037e25
-3.1131373752225175e25
-3.006343560474469e25
-2.8998766614755744e25
-2.793783977316883e25
-2.688112390446018e25
-2.5829083387644705e25
-2.478217787956862e25
-2.3740862040691514e25
-2.2705585263527445e25
-2.1676791403905316e25
-2.065491851521987e25
-1.9640398585829417e25
-1.863365727976947e25
-1.7635113680933705e25
-1.6645180040891335e25
-1.5664261530487044e25
-1.4692755995384534e25
-1.3731053715706455e25
-1.2779537169917498e25
-1.1838580803104654e25
-1.0908550799795399e25
-9.989804861463407e24
-9.082691988858812e24
-8.187552269304087e24
-7.30471666909368e24
-6.434506831126597e24
-5.577234877908856e24
-4.733203220047894e24
-3.9027043703700275e24
-3.0860207637764426e24
-2.283424582965205e24
-1.4951775901264198e24
-7.215309647284607e23
3.7274852495734876e22
7.810103092595659e23
1.509456885024363e24
2.2224072277971715e24
2.919665284325262e24
3.6010464236001363e24
4.266377553579291e24
4.915497231044868e24
5.548255764518148e24
6.164515310152234e24
6.76414996053406e24
7.347045826323668e24
7.91310111067147e24
8.462226176347545e24
8.994343605533632e24
9.509388252222315e24
1.0007307287176734e25
1.0488060235409696e25
1.0951619006141172e25
1.1397967915202489e25
1.1827103699855086e25
1.2239035526000742e25
1.2633784987760362e25
1.3011386099406532e25
1.3371885279637321e25
1.371534132818357e25
1.4041825394747874e25
1.4351420940276382e25
1.4644223690569314e25
1.4920341582242269e25
1.5179894701053056e25
1.5423015212613942e25
1.5649847285514584e25
1.5860547006884523e25
1.6055282290429012e25
1.6234232776976786e25
1.6397589727582568e25
1.6545555909231894e25
1.6678345473200142e25
1.679618382612249e25
1.6899307493835565e25
1.6987963978056605e25
1.7062411605969562e25
1.712291937279331e25
1.7169766777409222e25
1.7203243651132967e25
1.7223649979716241e25
1.7231295718671228e25
1.7226500602012755e25
1.7209593944518494e25
1.7180914437611693e25
1.7140809938973604e25
1.7089637255999163e25
1.7027761923210652e25
1.6955557973750876e25
1.687340770507829e25
1.6781701438993276e25
1.6680837276125712e25
1.6571220845019536e25
1.6453265045953203e25
1.6327389789637134e25
1.6194021730935378e25
1.6053593997758411e25
1.590654591528135e25
1.5753322725641299e25
1.5594375303273045e25
1.5430159866045206e25
1.5261137682359764e25
1.5087774774384183e25
1.491054161758425e25
1.4729912836732334e25
1.4546366898564262e25
1.4360385801264702e25
1.4172454760959447e25
1.3983061895397632e25
1.3792697905009238e25
1.3601855751522722e25
1.3411030334333478e25
1.3220718164811399e25
1.3031417038741937e25
1.2843625707092211e25
1.2657843545299684e25
1.247457022127841e25
1.2294305362341655e25
1.2117548221240656e25
1.1944797341518338e25
1.1776550222381113e25
1.1613302983288915e25
1.145555002846821e25
1.1303783711549792e25
1.1158494000535963e25
1.1020168143301922e25
1.0889290333834397e25
1.0766341379413892e25
1.065179836894348e25
1.0546134342630309e25
1.0449817963222446e25
1.0363313189006506e25
1.0287078948768283e25
1.0221568818919725e25
1.0167230702994578e25
1.0124506513713176e25
1.0093831857817538e25
1.0075635723875073e25
1.0070340173249573e25
1.0078360034435577e25
1.0100102600951532e25
1.0135967332985233e25
1.0186345562983464e25
1.0251620205375894e25
1.0332165470621347e25
1.0428346583762503e25
1.0540519507673083e25
1.0669030671178962e25
1.0814216702232612e25
1.097640416631765e25
1.1155909310257275e25
1.1353037811598647e25
1.1568084533740857e25
1.1801333286973144e25
1.2053056595584716e25
1.2323515471207196e25
1.261295919254357e25
1.2921625091638732e25
1.3249738346839759e25
1.3597511782591164e25
1.3965145676208863e25
1.4352827571769185e25
1.4760732101249512e25
1.5189020813048902e25
1.563784200801769e25
1.6107330583115916e25
1.6597607882820936e25
1.7108781558397517e25
1.7640945435138727e25
1.8194179387685588e25
1.8768549223522613e25
1.9364106574749625e25
1.998088879821608e25
2.061891888410958e25
2.127820537307816e25
2.195874228196216e25
2.266050903821171e25
2.3383470423052347e25
2.412757652346587e25
2.4892762693038706e25
2.5678949521734786e25
2.648604281463496e25
2.7313933579688587e25
2.816249802451243e25
2.903159756226584e25
2.9921078826632727e25
3.0830773695926096e25
3.1760499326333777e25
3.2710058194312363e25
3.367923814813751e25
3.4667812468604265e25
3.5675539938875898e25
3.670216492346729e25
3.774741745634307e25
3.881101333811336e25
3.989265424229149e25
4.09920278305875e25
4.210880787719064e25
4.324265440200208e25
4.43932138127654e25
4.5560119056036365e25
4.674298977693734e25
4.794143248762291e25
4.91550407443905e25
5.038339533335374e25
5.1626064464602575e25
5.288260397475413e25
5.415255753780869e25
5.5435456884209465e25
5.673082202800006e25
5.803816150197799e25
5.935697260072216e25
6.0686741631384675e25
6.202694417211405e25
6.3377045337991215e25
6.473650005433516e25
6.61047533372483e25
6.748124058125503e25
6.886538785388457e25
7.025661219705067e25
7.165432193506613e25
7.305791698913818e25
7.44667891981712e25
7.588032264571488e25
7.729789399288123e25
7.871887281704909e25
8.014262195618363e25
8.15684978585743e25
8.299585093781266e25
8.4424025932807e25
8.585236227264787e25
8.72801944461134e25
8.870685237562047e25
9.013166179541199e25
9.15539446337648e25
9.297301939901769e25
9.438820156919069e25
9.579880398498866e25
9.720413724595773e25
9.860351010958163e25
9.999622989308093e25
1.0138160287769617e26
1.027589347152199e26
1.0412753083654314e26
1.0548669686198874e26
1.0683573901318607e26
1.0817396452625976e26
1.0950068206608226e26
1.1081520214135838e26
1.1211683752029663e26
1.1340490364662034e26
1.1467871905568342e26
1.1593760579043569e26
1.1718088981700277e26
1.1840790143962396e26
1.196179757147123e26
1.2081045286377997e26
1.2198467868499087e26
1.2314000496308982e26
1.242757898774594e26
1.2539139840806572e26
1.2648620273903803e26
1.275595826596469e26
1.286109259624275e26
1.296396288382135e26
1.3064509626783026e26
1.3162674241021482e26
1.3258399098671813e26
1.3351627566135048e26
1.3442304041673884e26
1.3530373992555446e26
1.3615783991718533e26
1.3698481753941517e26
1.3778416171488674e26
1.3855537349212102e26
1.3929796639086548e26
1.400114667415574e26
1.406954140186758e26
1.4134936116777439e26
1.419728749259761e26
1.4256553613572652e26
1.431269400515949e26
1.4365669663992454e26
1.4415443087113098e26
1.4461978300445384e26
1.4505240886497154e26
1.4545198011268993e26
1.458181845035235e26
1.4615072614198784e26
1.4644932572543074e26
1.4671372077962897e26
1.4694366588558716e26
1.4713893289737637e26
1.4729931115085451e26
1.4742460766312016e26
1.4751464732254926e26
1.4756927306927526e26
1.4758834606597615e26
1.4757174585883545e26
1.475193705285525e26
1.4743113683128052e26
1.4730698032937855e26
1.4714685551186602e26
1.4695073590447753e26
1.4671861416921898e26
1.4645050219333317e26
1.4614643116758733e26
1.4580645165380442e26
1.4543063364156041e26
1.4501906659398277e26
1.4457185948258525e26
1.4408914081108272e26
1.4357105862814001e26
1.430177805290065e26
1.4242949364600078e26
1.4180640462781684e26
1.4114873960762403e26
1.4045674415994428e26
1.3973068324629626e26
1.3897084114959815e26
1.381775213973341e26
1.3735104667348963e26
1.3649175871927219e26
1.356000182226369e26
1.3467620469664476e26
1.337207163466901e26
1.3273396992663405e26
1.317164005838936e26
1.3066846169354128e26
1.295906246814734e26
1.2848337883671309e26
1.2734723111292569e26
1.2618270591922183e26
1.2499034490033583e26
1.2377070670627454e26
1.225243667515306e26
1.2125191696397147e26
1.1995396552350945e26
1.1863113659067707e26
1.1728407002522547e26
1.1591342109488222e26
1.1451986017439935e26
1.1310407243503685e26
1.116667575246288e26
1.1020862923838803e26
1.0873041518060653e26
1.0723285641741672e26
1.057167071207897e26
1.0418273420394134e26
1.0263171694833087e26
1.0106444662244222e26
9.948172609253476e25
9.788436942556921e25
9.627320148450345e25
9.464905751617536e25
9.30127827319763e25
9.13652318815423e25
8.97072688196783e25
8.803976606674187e25
8.63636043627297e25
8.4679672215283e25
8.29888654418701e25
8.129208670637621e25
7.959024505035901e25
7.788425541921289e25
7.617503818350071e25
7.446351865571475e25
7.275062660272057e25
7.103729575415922e25
6.932446330706543e25
6.761306942698374e25
6.590405674584534e25
6.419836985689315e25
6.24969548069258e25
6.0800758586142265e25
5.9110728615881655e25
5.742781223452489e25
5.5752956181863704e25
5.408710608221205e25
5.243120592656149e25
5.0786197554062e25
4.915302013313085e25
4.75326096424758e25
4.592589835233069e25
4.433381430620139e25
4.275728080341118e25
4.119721588275062e25
3.965453180751912e25
3.813013455226378e25
3.662492329150473e25
3.5139789890743112e25
3.3675618400056946e25
3.223328455056297e25
3.0813655254054075e25
2.941758810609336e25
2.8045930892865453e25
2.6699521102066694e25
2.537918543813089e25
2.4085739342070986e25
2.2819986516224026e25
2.1582718454184945e25
2.0374713976203245e25
1.919673877032864e25
1.8049544939573367e25
1.6933870555371796e25
1.5850439217598193e25
1.4799959621420978e25
1.3783125131245296e25
1.2800613362011132e25
1.1853085768103594e25
1.094118724012359e25
1.0065545709773947e25
9.22677176310015e24
8.425458262331783e24
7.662179976556996e24
6.93749322146386e24
6.25193550837706e24
5.606025202809316e24
5.000261192749172e24
4.435122566893824e24
3.911068303038476e24
3.4285369668196244e24
2.987946421014847e24
2.589693545584189e24
2.2341539686424354e24
1.9216818085410224e24
1.6526094272321208e24
1.4272471950840848e24
1.2458832673080333e24
1.1087833721522868e24
1.016190611011942e24
9.683252705970151e23
9.653846472940475e23
1.0075428838504896e24
1.0949508185040421e24
1.2277358466723077e24
1.406001795311181e24
1.6298288100432293e24
1.8992732551504954e24
2.2143676265188653e24
2.5751204776140546e24
2.9815163585609155e24
3.4335157683929487e24
3.9310551205275843e24
4.474046721520248e24
5.062378763136952e24
5.695915327784028e24
6.374496407319274e24
7.097937935267191e24
7.866031832449909e24
8.678546066036721e24
9.535224722012653e24
1.0435788091052077e25
1.1379932767780333e25
1.2367331763396558e25
1.3397634631625733e25
1.447046760795396e25
1.558543376210193e25
1.6742113163677548e25
1.7940063060940579e25
1.9178818072611928e25
2.0457890392640628e25
2.177677000784758e25
2.3134924928343505e25
2.4531801430623585e25
2.5966824313226014e25
2.743939716483357e25
2.8948902644698584e25
3.0494702775252715e25
3.2076139246763626e25
3.3692533733890386e25
3.5343188223985563e25
3.7027385356976106e25
3.874438877666023e25
4.049344349324232e25
4.227377625691953e25
4.40845959423383e25
4.592509394371503e25
4.7794444580428326e25
4.969180551286279e25
5.161631816829981e25
5.356710817662246e25
5.554328581561487e25
5.754394646562112e25
5.956817107331302e25
6.161502662433923e25
6.368356662458634e25
6.5772831589808945e25
6.788184954335458e25
7.000963652172518e25
7.2155197087698616e25
7.431752485072885e25
7.649560299435086e25
7.868840481029514e25
8.089489423902089e25
8.311402641638165e25
8.53447482261077e25
8.758599885781378e25
8.983671037021399e25
9.20958082592482e25
9.436221203078064e25
9.663483577757203e25
9.891258876020034e25
1.0119437599159543e26
1.0347909882487114e26
1.0576565554411613e26
1.0805294195782255e26
1.1033985199460417e26
1.1262527830087353e26
1.1490811284014635e26
1.1718724749361893e26
1.1946157466168858e26
1.217299878660655e26
1.2399138235214349e26
1.262446556912703e26
1.2848870838258272e26
1.3072244445405623e26
1.3294477206242377e26
1.3515460409161746e26
1.3735085874938335e26
1.3953246016173341e26
1.4169833896487606e26
1.438474328942907e26
1.4597868737059602e26
1.4809105608187754e26
1.501835015621246e26
1.5225499576543877e26
1.5430452063568528e26
1.5633106867123654e26
1.5833364348448546e26
1.6031126035579315e26
1.62262946781541e26
1.6418774301596385e26
1.660847026064366e26
1.679528929219029e26
1.6979139567411746e26
1.7159930743139854e26
1.733757401245747e26
1.7511982154482775e26
1.7683069583312088e26
1.7850752396092107e26
1.8014948420192445e26
1.817557725944903e26
1.833256033945059e26
1.8485820951840006e26
1.863528429760375e26
1.878087752932215e26
1.8922529792354136e26
1.9060172264931483e26
1.919373819713699e26
1.9323162948742132e26
1.9448384025880365e26
1.9569341116533142e26
1.96859761248056e26
1.979823320397032e26
1.990605878825779e26
2.0009401623373085e26
2.010821279571884e26
2.020244576030534e26
2.029205636732948e26
2.037700288740472e26
2.0457246035425408e26
2.0532748993048733e26
2.0603477429779714e26
2.0669399522644e26
2.0730485974435027e26
2.078671003052231e26
2.0838047494208865e26
2.0884476740626312e26
2.0925978729157298e26
2.096253701437516e26
2.099413775549248e26
2.102076972431025e26
2.1042424311660734e26
2.1059095532337376e26
2.10707800285069e26
2.107747707159892e26
2.1079188562669093e26
2.107591903123358e26
2.106767563257276e26
2.1054468143503415e26
2.1036308956618747e26
2.1013213072997972e26
2.098519809338676e26
2.0952284207850806e26
2.0914494183906923e26
2.0871853353135406e26
2.0824389596279597e26
2.0772133326838018e26
2.0715117473157264e26
2.0653377459033324e26
2.058695118282951e26
2.0515878995122175e26
2.0440203674883782e26
2.0359970404215848e26
2.027522674164295e26
2.0186022593982735e26
2.009241018680484e26
1.999444403349471e26
1.9892180902937093e26
1.978567978583729e26
1.9675001859697165e26
1.9560210452463605e26
1.9441371004870123e26
1.931855103149043e26
1.9191820080525812e26
1.90612496923465e26
1.8926913356811236e26
1.878888646938728e26
1.864724628609409e26
1.850207187729701e26
1.8353444080374965e26
1.8201445451289277e26
1.8046160215079122e26
1.7887674215312676e26
1.7726074862521568e26
1.7561451081646327e26
1.7393893258524373e26
1.7223493185448966e26
1.70503440058311e26
1.6874540157993947e26
1.66961773181339e26
1.6515352342478885e26
1.633216320867842e26
1.6146708956456742e26
1.595908962756577e26
1.576940620507081e26
1.557776055200325e26
1.538425534941777e26
1.5188994033888076e26
1.499208073447873e26
1.4793620209227993e26
1.4593717781180696e26
1.4392479274007608e26
1.4190010947247843e26
1.3986419431214488e26
1.3781811661599843e26
1.3576294813820167e26
1.3369976237136845e26
1.3162963388595201e26
1.2955363766818672e26
1.2747284845697435e26
1.2538834008012166e26
1.2330118479031376e26
1.2121245260123149e26
1.1912321062419093e26
1.1703452240572906e26
1.1494744726651244e26
1.1286303964198354e26
1.1078234842512393e26
1.0870641631175369e26
1.0663627914875449e26
1.0457296528560264e26
1.0251749492962859e26
1.0047087950537945e26
9.843412101848799e25
9.640821142442663e25
9.439413200254846e25
9.239285273579698e25
9.04053316964568e25
8.84325144383466e25
8.647533339581545e25
8.453470728993014e25
8.26115405422077e25
8.070672269628079e25
7.882112784785072e25
7.695561408327754e25
7.511102292718333e25
7.328817879940189e25
7.148788848163347e25
6.97109405941304e25
6.795810508276599e25
6.623013271680772e25
6.452775459772305e25
6.285168167932792e25
6.120260429960585e25
5.958119172449574e25
5.798809170394236e25
5.642393004051784e25
5.488931017088883e25
5.338481276041785e25
5.191099531115952e25
5.046839178353179e25
4.905751223191234e25
4.767884245440433e25
4.633284365702749e25
4.501995213255692e25
4.374057895424321e25
4.249510968462415e25
4.128390409964521e25
4.010729592828633e25
3.89655926078809e25
3.7859075055321183e25
3.6787997454314494e25
3.575258705886161e25
3.475304401310487e25
3.378954118770192e25
3.2862224032853888e25
3.1971210448120695e25
3.1116590669133424e25
3.029842717132028e25
2.9516754590739e25
2.877157966209989e25
2.806288117406656e25
2.739060994189275e25
2.675468879745911e25
2.615501259675135e25
2.559144824482271e25
2.506383473826405e25
2.457198322519618e25
2.4115677082794833e25
2.3694672012339654e25
2.3308696151775063e25
2.29574502057542e25
2.264060759313372e25
2.235781461187097e25
2.2108690621265727e25
2.189282824148167e25
2.170979357026723e25
2.1559126416789774e25
2.1440340552482035e25
2.1352923978793855e25
2.1296339211728645e25
2.127002358303519e25
2.1273389557914976e25
2.1305825069094733e25
2.136669386710378e25
2.145533588658678e25
2.1571067628470364e25
2.1713182557794536e25
2.1880951517007774e25
2.2073623154518197e25
2.2290424368279026e25
2.2530560764180515e25
2.2793217129011964e25
2.307755791774315e25
2.3382727754871044e25
2.370785194956442e25
2.40520370243345e25
2.4414371256945045e25
2.4793925235271245e25
2.5189752424809607e25
2.5600889748525664e25
2.6026358178726435e25
2.6465163340629972e25
2.691629612730372e25
2.737873332562628e25
2.785143825292744e25
2.833336140395423e25
2.882344110779563e25
2.93206041944016e25
2.982376667031755e25
3.033183440325719e25
3.0843703815119343e25
3.135826258305942e25
3.187439034821174e25
3.2390959431662208e25
3.2906835557254084e25
3.342087858081354e25
3.3931943225376914e25
3.4438879821987587e25
3.494053505563725e25
3.543575271591371e25
3.5923374451921376e25
3.6402240531026668e25
3.687119060098521e25
3.732906445500541e25
3.7774702799289968e25
3.8206948022606634e25
3.8624644967427014e25
3.902664170217969e25
3.9411790294150626e25
3.977894758257128e25
4.012697595143289e25
4.045474410155648e25
4.0761127821457026e25
4.104501075653255e25
4.130528517611502e25
4.154085273791158e25
4.175062524937351e25
4.193352542552372e25
4.208848764278252e25
4.221445868832162e25
4.231039850448709e25
4.237528092783145e25
4.240809442229189e25
4.240784280606112e25
4.2373545971694135e25
4.230424059900128e25
4.219898086027661e25
4.205683911741719e25
4.187690661049238e25
4.165829413732279e25
4.140013272363694e25
4.110157428337472e25
4.07617922687136e25
4.037998230939535e25
3.99553628409425e25
3.94871757213494e25
3.897468683584796e25
3.8417186689348465e25
3.781399098616398e25
3.716444119663145e25
3.6467905110252805e25
3.572377737498192e25
3.493148002229445e25
3.4090462977680114e25
3.3200204556210475e25
3.2260211942839196e25
3.1270021657097466e25
3.02292000018638e25
2.9137343495886553e25
2.799407928975183e25
2.6799065564997044e25
2.555199191607775e25
2.4252579714909337e25
2.2900582457704614e25
2.149578609385315e25
2.003800933658255e25
1.8527103955164387e25
1.6962955048424253e25
1.5345481299342646e25
1.3674635210530477e25
1.1950403320373101e25
1.0172806399661942e25
8.341899628525946e24
6.457772753501125e24
4.520550224567595e24
2.5303913120290054e24
4.874902030778739e23
-1.607923922059784e24
-3.7555868345274416e24
-5.955199221874103e24
-8.206426673817831e24
-1.0508899688820954e25
-1.2862213701525856e25
-1.5265929131116958e25
-1.7719571450638477e25
-2.0222631277311237e25
-2.2774564483846797e25
-2.5374792330770825e25
-2.802270161975615e25
-3.0717644867925563e25
-3.3458940503111337e25
-3.624587308000297e25
-3.907769351715684e25
-4.195361935476653e25
-4.4872835033125824e25
-4.783449219169806e25
-5.083770998866497e25
-5.388157544085306e25
-5.696514378389255e25
-6.008743885248392e25
-6.3247453480593304e25
-6.64441499214275e25
-6.967646028699478e25
-7.294328700707903e25
-7.624350330740102e25
-7.957595370676151e25
-8.293945453295572e25
-8.633279445718407e25
-8.975473504674685e25
-9.320401133573359e25
-9.667933241346027e25
-1.0017938203034536e26
-1.0370281922094253e26
-1.0724827894383654e26
-1.1081437273806034e26
-1.1439968939573101e26
-1.1800279565054785e26
-1.2162223688183158e26
-1.252565378337193e26
-1.2890420334916125e26
-1.325637191183564e26
-1.3623355244121801e26
-1.3991215300348463e26
-1.435979536660733e26
-1.4728937126727168e26
-1.5098480743732387e26
-1.5468264942500407e26
-1.5838127093572068e26
-1.620790329807307e26
-1.657742847369812e26
-1.6946536441713268e26
-1.7315060014930602e26
-1.7682831086605425e26
-1.8049680720209848e26
-1.8415439240032272e26
-1.8779936322555723e26
-1.9143001088562224e26
-1.950446219591443e26
-1.986414793296329e26
-2.0221886312529456e26
-2.057750516640704e26
-2.0930832240336305e26
-2.1281695289394138e26
-2.162992217374675e26
-2.1975340954711945e26
-2.2317779991078078e26
-2.2657068035623112e26
-2.299303433178107e26
-2.332550871039972e26
-2.3654321686536258e26
-2.3979304556233545e26
-2.4300289493223407e26
-2.461710964550045e26
-2.4929599231711682e26
-2.5237593637305715e26
-2.554092951038596e26
-2.583944485721338e26
-2.6132979137301532e26
-2.6421373358049823e26
-2.670447016885868e26
-2.698211395467298e26
-2.7254150928896764e26
-2.7520429225625446e26
-2.7780798991141825e26
-2.803511247461983e26
-2.8283224117983344e26
-2.8524990644865757e26
-2.8760271148617984e26
-2.898892717931102e26
-2.9210822829680362e26
-2.942582481996238e26
-2.9633802581568666e26
-2.9834628339549032e26
-3.0028177193791883e26
-3.0214327198913306e26
-3.039295944278416e26
-3.056395812364794e26
-3.072721062578075e26
-3.088260759364696e26
-3.103004300450326e26
-3.116941423940618e26
-3.1300622152578e26
-3.1423571139086765e26
-3.153816920079764e26
-3.164432801055289e26
-3.174196297453933e26
-3.183099329280257e26
-3.191134201786872e26
-3.1982936111434816e26
-3.204570649909031e26
-3.209958812303336e26
-3.214451999274641e26
-3.218044523359608e26
-3.220731113332495e26
-3.22250691864023e26
-3.223367513620286e26
-3.2233089014984085e26
-3.22232751816324e26
-3.220420235715214e26
-3.2175843657869035e26
-3.213817662632496e26
-3.209118325983898e26
-3.203485003671272e26
-3.196916794005792e26
-3.189413247922724e26
-3.180974370882922e26
-3.171600624530915e26
-3.161292928108159e26
-3.150052659619813e26
-3.1378816567538654e26
-3.1247822175512235e26
-3.110757100825924e26
-3.0958095263344436e26
-3.0799431746932554e26
-3.0631621870441845e26
-3.0454711644668944e26
-3.02687516713833e26
-3.0073797132386468e26
-2.9869907776038707e26
-2.965714790125198e26
-2.9435586338950878e26
-2.9205296431007293e26
-2.8966356006651944e26
-2.8718847356371185e26
-2.846285720329441e26
-2.8198476672084747e26
-2.792580125534146e26
-2.7644930777528246e26
-2.7355969356438472e26
-2.705902536221586e26
-2.675421137394584e26
-2.6441644133833267e26
-2.612144449899067e26
-2.579373739085349e26
-2.5458651742247876e26
-2.5116320442130955e26
-2.476688027803251e26
-2.4410471876222764e26
-2.4047239639631718e26
-2.3677331683553423e26
-2.3300899769161957e26
-2.2918099234873395e26
-2.2529088925583185e26
-2.213403111981749e26
-2.1733091454831823e26
-2.1326438849691845e26
-2.0914245426378223e26
-2.0496686428951925e26
-2.0073940140821932e26
-1.9646187800153976e26
-1.9213613513467356e26
-1.8776404167459935e26
-1.8334749339108905e26
-1.7888841204089713e26
-1.7438874443564372e26
-1.698504614938544e26
-1.6527555727762128e26
-1.606660480144354e26
-1.560239711046574e26
-1.5135138411517928e26
-1.4665036375976137e26
-1.4192300486663126e26
-1.3717141933386354e26
-1.3239773507307867e26
-1.2760409494205868e26
-1.2279265566681657e26
-1.179655867537216e26
-1.1312506939222135e26
-1.0827329534880087e26
-1.0341246585274941e26
-9.854479047431077e25
-9.367248599587725e25
-8.879777527679342e25
-8.39228861124213e25
-7.905005008804217e25
-7.41815014282774e25
-6.931947584261352e25
-6.446620936769336e25
-5.962393720697471e25
-5.479489256843606e25
-4.998130550095375e25
-4.5185401729966704e25
-4.040940149312566e25
-3.5655518376529727e25
-3.092595815223118e25
-2.6222917617610787e25
-2.1548583437325927e25
-1.6905130988454158e25
-1.2294723209454182e25
-7.71950945364479e24
-3.181624347802016e24
1.316813343448679e24
5.773701846845605e24
1.0186957502621942e25
1.4554515878935431e25
1.8874332877995883e25
2.3144385833202754e25
2.736267459671168e25
3.1527222616776137e25
3.5636078004287816e25
3.968731458785126e25
4.367903295682672e25
4.760936149170901e25
5.14764573812866e25
5.527850762594391e25
5.9013730026547e25
6.268037415835856e25
6.6276722329367755e25
6.980109052251272e25
7.325182932121575e25
7.662732481772274e25
7.992599950366887e25
8.314631314236451e25
8.628676362230467e25
8.934588779135154e25
9.232226227112946e25
9.521450425111773e25
9.802127226200087e25
1.00741266927768e26
1.0337323169612865e26
1.0591595354681855e26
1.0836826367732596e26
1.107290381656519e26
1.129971986096739e26
1.1517171274274731e26
1.1725159502512909e26
1.1923590721087993e26
1.2112375888987116e26
1.229143080045815e26
1.2460676134132186e26
1.2620037499559002e26
1.2769445481126966e26
1.2908835679335574e26
1.3038148749396155e26
1.3157330437133166e26
1.3266331612164247e26
1.3365108298333489e26
1.3453621701378244e26
1.3531838233810844e26
1.3599729536994703e26
1.3657272500400007e26
1.3704449278023512e26
1.3741247301959573e26
1.3767659293109425e26
1.3783683269019228e26
1.3789322548839242e26
1.37845857553952e26
1.3769486814368195e26
1.3744044950578173e26
1.3708284681370636e26
1.366223580710394e26
1.360593339874028e26
1.3539417782541912e26
1.346273452187855e26
1.337593439615055e26
1.3279073376836662e26
1.3172212600675528e26
1.3055418339992634e26
1.2928761970184162e26
1.2792319934373153e26
1.2646173705254149e26
1.2490409744143053e26
1.2325119457252083e26
1.215039914921087e26
1.1966349973855503e26
1.1773077882310207e26
1.1570693568386789e26
1.1359312411329664e26
1.1139054415934522e26
1.0910044150071414e26
1.0672410679644138e26
1.0426287501018148e26
1.0171812470954444e26
9.909127734082287e25
9.638379647951138e25
9.359718705699905e25
9.073299456384286e25
8.779280423004358e25
8.477824018275488e25
8.169096458187691e25
7.853267673399285e25
7.530511218512088e25
7.20100417927715e25
6.864927077780577e25
6.522463775660984e25
6.173801375410286e25
5.8191301198122e25
5.458643289571664e25
5.0925370991934934e25
4.721010591163919e25
4.344265528495233e25
3.962506285691767e25
3.5759397381966377e25
3.1847751503808743e25
2.789224062136441e25
2.3895001741352456e25
1.9858192318186825e25
1.578398908181271e25
1.1674586854139497e25
7.532197354722853e24
3.359047996371322e24
-8.426193286595047e23
-5.07054947119634e24
-9.322475255738003e24
-1.3596118718374844e25
-1.7889192351386464e25
-2.219940035379394e25
-2.6524439887160773e25
-3.0862002335943753e25
-3.520977457167164e25
-3.956544022024819e25
-4.392668093164715e25
-4.829117765128739e25
-5.265661189236697e25
-5.702066700842391e25
-6.1381029465406755e25
-6.573539011252024e25
-7.00814454511304e25
-7.441689890100066e25
-7.8739462063111e25
-8.304685597837851e25
-8.73368123815176e25
-9.160707494933713e25
-9.585540054274853e25
-1.0007956044177525e26
-1.042773415728415e26
-1.0844654772763621e26
-1.1258500077284256e26
-1.1669054185003588e26
-1.2076103256504851e26
-1.2479435616610874e26
-1.2878841871007481e26
-1.3274115021607496e26
-1.3665050580588288e26
-1.4051446683036993e26
-1.44331041981349e26
-1.4809826838819122e26
-1.5181421269854488e26
-1.5547697214253188e26
-1.5908467557979176e26
-1.6263548452875367e26
-1.6612759417752865e26
-1.695592343758243e26
-1.7292867060728962e26
-1.7623420494171382e26
-1.794741769665119e26
-1.826469646969394e26
-1.857509854644923e26
-1.8878469678295844e26
-1.9174659719160885e26
-1.9463522707499597e26
-1.9744916945889928e26
-2.0018705078190897e26
-2.028475416421907e26
-2.054293575189747e26
-2.079312594683316e26
-2.1035205479280253e26
-2.1269059768447966e26
-2.1494578984113614e26
-2.1711658105502564e26
-2.1920196977398392e26
-2.212010036344838e26
-2.2311277996631185e26
-2.2493644626853877e26
-2.2667120065649267e26
-2.2831629227944776e26
-2.2987102170874775e26
-2.3133474129612635e26
-2.327068555019857e26
-2.3398682119341315e26
-2.3517414791173163e26
-2.3626839810941166e26
-2.3726918735616963e26
-2.3817618451411402e26
-2.3898911188179593e26
-2.3970774530706968e26
-2.403319142686558e26
-2.4086150192634345e26
-2.4129644513975645e26
-2.4163673445566554e26
-2.4188241406381676e26
-2.4203358172126616e26
-2.4209038864524783e26
-2.4205303937460784e26
-2.4192179159986002e26
-2.4169695596191746e26
-2.4137889581961542e26
-2.4096802698612274e26
-2.4046481743435388e26
-2.398697869715552e26
-2.391835068832048e26
-2.3840659954642598e26
-2.3753973801308968e26
-2.3658364556285112e26
-2.355390952263458e26
-2.3440690927877923e26
-2.3318795870421917e26
-2.3188316263084186e26
-2.304934877374725e26
-2.2901994763170418e26
-2.2746360219997713e26
-2.2582555692994544e26
-2.2410696220552783e26
-2.223090125750028e26
-2.2043294599259294e26
-2.1848004303394333e26
-2.1645162608591536e26
-2.1434905851119106e26
-2.121737437881226e26
-2.0992712462634196e26
-2.076106820585933e26
-2.052259345093468e26
-2.0277443684070497e26
-2.0025777937612138e26
-1.9767758690253714e26
-1.9503551765146648e26
-1.923332622596456e26
-1.895725427098031e26
-1.8675511125220888e26
-1.8388274930759906e26
-1.8095726635209316e26
-1.7798049878479144e26
-1.7495430877867228e26
-1.718805831154855e26
-1.6876123200528073e26
-1.6559818789130755e26
-1.623934042409454e26
-1.591488543233995e26
-1.5586652997484027e26
-1.5254844035175495e26
-1.4919661067322302e26
-1.4581308095283277e26
-1.4239990472103167e26
-1.3895914773862622e26
-1.3549288670221943e26
-1.3200320794231374e26
-1.2849220611489649e26
