4.292201074218754e-14
4.2931032002959496e10
6.87319409341827e11
3.483123420752183e12
1.1024131240669045e13
2.6963562420625414e13
5.603553826495094e13
1.04082050401865e14
1.7808495240647372e14
2.862023959670026e14
4.378090310486528e14
6.435391890375649e14
9.153321691750841e14
1.2664786519516822e15
1.7116671687492822e15
2.2670294651260895e15
2.9501835059507255e15
3.780272784330889e15
4.778000513158581e15
5.965657198318787e15
7.367140016384286e15
9.007962347145e15
1.0915251742788634e16
1.311773455114715e16
1.5645705350332126e16
1.853097929647383e16
2.180682543532462e16
2.550787898234339e16
2.9670030534700532e16
3.4330290142578132e16
3.952662413632062e16
4.529776258055469e16
5.168297520645919e16
5.872181365904204e16
6.645381788767275e16
7.491818450533042e16
8.415339494513235e16
9.419680125179571e16
1.0508416736081512e17
1.1684916373937744e17
1.2952281329042173e17
1.4313288645483672e17
1.577032434865934e17
1.732531219216525e17
1.8979636731378563e17
2.073406053689986e17
2.2588635367501558e17
2.454260712933177e17
2.659431445583715e17
2.8741080751207222e17
3.0979099549080224e17
3.330331304779977e17
3.5707283693651104e17
3.818305869423591e17
4.0721027355450157e17
4.3309771147406035e17
4.5935906417069504e17
4.858391967836074e17
5.1235995423971354e17
5.387183641717464e17
5.646847643643256e17
5.900008546060627e17
6.143776729806281e17
6.37493496788896e17
6.589916684579455e17
6.784783469602989e17
6.955201854384718e17
7.096419359051206e17
7.203239820678189e17
7.26999801509546e17
7.290533586408202e17
7.258164300272722e17
7.165658638864401e17
7.005207757402826e17
6.768396824040209e17
6.446175766881299e17
6.028829453878404e17
5.505947333329142e17
4.866392564700496e17
4.0982706715024525e17
3.1888977499333965e17
2.1247682690255187e17
8.9152250000968e16
-5.260863853846797e16
-2.1442255060052528e17
-3.9800157080658035e17
-6.05156520204296e17
-8.37800335213841e17
-1.0979514568863404e18
-1.3877372253417764e18
-1.7093972740686518e18
-2.0652869185859574e18
-2.4578805337896253e18
-2.889774914131991e18
-3.363692610611942e18
-3.882485238389271e18
-4.449136748675412e18
-5.066766658398031e18
-5.738633230987921e18
-6.468136601491783e18
-7.258821839078348e18
-8.114381939873885e18
-9.038660742938785e18
-1.0035655762080627e19
-1.1109520926089273e19
-1.2264569219877808e19
-1.3505275218919537e19
-1.4836277509285667e19
-1.6262380985511674e19
-1.7788559018451907e19
-1.941995548522315e19
-2.116188665328892e19
-2.3019842910694486e19
-2.4999490334435e19
-2.710667208891606e19
-2.934740964645842e19
-3.1727903821797695e19
-3.4254535612541833e19
-3.6933866837570585e19
-3.977264056539505e19
-4.277778132453817e19
-4.595639508805479e19
-4.93157690243745e19
-5.2863371006730445e19
-5.660684887352845e19
-6.0554029432110236e19
-6.471291719848115e19
-6.90916928656985e19
-7.369871149375233e19
-7.854250041392408e19
-8.363175684076798e19
-8.897534518503686e19
-9.458229406105743e19
-1.0046179298226274e20
-1.0662318873879844e20
-1.1307598145133971e20
-1.1982982029549797e20
-1.2689449889143434e20
-1.3427995035356402e20
-1.4199624199550022e20
-1.5005356968567243e20
-1.584622518493459e20
-1.67232723113075e20
-1.7637552758794e20
-1.8590131178824427e20
-1.958208171826866e20
-2.0614487237537435e20
-2.168843849144019e20
-2.280503327260877e20
-2.3965375517334634e20
-2.5170574373705725e20
-2.6421743231969657e20
-2.7719998717089976e20
-2.906645964350484e20
-3.046224593213908e20
-3.190847748976496e20
-3.3406273050850224e20
-3.495674898207764e20
-3.656101804976551e20
-3.822018815046492e20
-3.993536100505691e20
-4.170763081671923e20
-4.3538082893181714e20
-4.542779223373695e20
-4.737782208152222e20
-4.938922244163819e20
-5.146302856571977e20
-5.360025940362398e20
-5.580191602295142e20
-5.806897999716661e20
-6.040241176313541e20
-6.280314894894652e20
-6.527210467293675e20
-6.781016581488901e20
-7.041819126042494e20
-7.309701011966227e20
-7.584741992126033e20
-7.867018478302505e20
-8.156603356029678e20
-8.453565797339323e20
-8.757971071542897e20
-9.06988035418822e20
-9.389350534332864e20
-9.716434020280816e20
-1.0051178543933977e21
-1.0393626963914456e21
-1.0743817067618406e21
-1.110178137236641e21
-1.1467546925820184e21
-1.1841135105839234e21
-1.2222561419955777e21
-1.2611835304649962e21
-1.300895992461173e21
-1.3413931972179305e21
-1.3826741467148313e21
-1.4247371557148861e21
-1.467579831879175e21
-1.511199055978805e21
-1.5555909622249706e21
-1.6007509187381798e21
-1.6466735081780003e21
-1.6933525085549633e21
-1.7407808742465064e21
-1.7889507172390918e21
-1.8378532886188552e21
-1.8874789603333408e21
-1.9378172072470685e21
-1.9888565895138585e21
-2.0405847352889508e21
-2.0929883238041437e21
-2.1460530688292036e21
-2.1997637025429783e21
-2.2541039598376255e21
-2.309056563079456e21
-2.364603207349926e21
-2.420724546190255e21
-2.4774001778731935e21
-2.5346086322253553e21
-2.5923273580235053e21
-2.65053271098806e21
-2.709199942396995e21
-2.7683031883431275e21
-2.827815459657693e21
-2.8877086325228e21
-2.9479534397952885e21
-3.0085194630641306e21
-3.0693751254633787e21
-3.130487685262243e21
-3.191823230253702e21
-3.2533466729626044e21
-3.3150217466938754e21
-3.3768110024411264e21
-3.4386758066754284e21
-3.500576340033655e21
-3.562471596925319e21
-3.6243193860762994e21
-3.686076332027397e21
-3.7476978776050243e21
-3.8091382873809003e21
-3.8703506521369e21
-3.93128689435066e21
-3.991897774716901e21
-4.0521328997187626e21
-4.1119407302627143e21
-4.171268591389974e21
-4.2300626830765714e21
-4.2882680921334565e21
-4.345828805217293e21
-4.4026877229617523e21
-4.458786675238322e21
-4.51406643755478e21
-4.568466748598662e21
-4.621926328932116e21
-4.674382900843723e21
-4.725773209361797e21
-4.776033044432939e21
-4.825097264268466e21
-4.872899819860536e21
-4.919373780668666e21
-4.964451361476441e21
-5.00806395041711e21
-5.05014213816583e21
-5.090615748295164e21
-5.129413868789481e21
-5.166464884712782e21
-5.201696512023403e21
-5.23503583252797e21
-5.266409329965931e21
-5.295742927214696e21
-5.322962024604625e21
-5.347991539331642e21
-5.370755945954345e21
-5.391179317961334e21
-5.409185370393197e21
-5.424697503502683e21
-5.437638847435233e21
-5.447932307911097e21
-5.455500612888932e21
-5.460266360189836e21
-5.462152066059499e21
-5.461080214645061e21
-5.456973308362192e21
-5.449753919126693e21
-5.4393447404239e21
-5.425668640188017e21
-5.408648714462387e21
-5.388208341810711e21
-5.364271238448011e21
-5.336761514059283e21
-5.305603728272403e21
-5.270722947751263e21
-5.232044803873637e21
-5.189495550957585e21
-5.143002124999147e21
-5.092492202882981e21
-5.037894262026845e21
-4.979137640419785e21
-4.916152597012987e21
-4.848870372421423e21
-4.777223249893501e21
-4.701144616505194e21
-4.6205690245342025e21
-4.535432252968994e21
-4.4456713691068325e21
-4.351224790194141e21
-4.2520323450618595e21
-4.14803533570786e21
-4.039176598777782e21
-3.925400566895081e21
-3.806653329790533e21
-3.682882695181012e21
-3.554038249346566e21
-3.420071417354825e21
-3.280935522880891e21
-3.1365858475708714e21
-2.986979689896618e21
-2.8320764234490677e21
-2.671837554617347e21
-2.506226779600442e21
-2.3352100406982552e21
-2.15875558182862e21
-1.9768340032167645e21
-1.7894183152037575e21
-1.596483991120391e21
-1.3980090191729952e21
-1.1939739532879158e21
-9.84361962861306e20
-7.691588813612777e20
-5.483532537295594e20
-3.219363825301473e20
-8.990237279274952e19
1.4775182450078437e20
3.910263703384702e20
6.39918497059497e20
8.944224692453389e20
1.1545295461703339e21
1.4202279458612283e21
1.6915028108137414e21
1.968336175414618e21
2.2507069351155828e21
2.538590817406025e21
2.831960354629234e21
3.130784858687283e21
3.43503039767738e21
3.7446597745029446e21
4.0596325075001504e21
4.379904813120936e21
4.7054295907111094e21
5.036156409422146e21
5.37203149729288e21
5.712997732537164e21
6.058994637071091e21
6.409958372313154e21
6.765821737288113e21
7.126514169065203e21
7.491961745558246e21
7.862087190715505e21
8.236809882123637e21
8.616045861050291e21
8.999707844946547e21
9.387705242430327e21
9.77994417076856e21
1.0176327475875723e22
1.0576754754842979e22
1.0981122381011862e22
1.1389323531603071e22
1.1801248217910491e22
1.2216783318067337e22
1.263581261239034e22
1.305821682130525e22
1.3483873645855506e22
1.3912657810793058e22
1.4344441110249448e22
1.4779092455981926e22
1.52164779281881e22
1.5656460828880488e22
1.6098901737809444e22
1.654365857092197e22
1.6990586641340567e22
1.7439538722845118e22
1.789036511583765e22
1.8342913715768853e22
1.8797030084001353e22
1.925255752108462e22
1.9709337142411974e22
2.0167207956230005e22
2.0626006943966683e22
2.108556914284396e22
2.1545727730736672e22
2.200631411323933e22
2.2467158012898014e22
2.2928087560564762e22
2.338892938882732e22
2.3849508727467096e22
2.4309649500894346e22
2.4769174427508717e22
2.5227905120930273e22
2.5685662193044855e22
2.6142265358804685e22
2.6597533542724235e22
2.7051284987007954e22
2.7503337361246022e22
2.7953507873610965e22
2.8401613383487363e22
2.8847470515463347e22
2.929089577461305e22
2.973170566299486e22
3.0169716797290626e22
3.0604746027507913e22
3.103661055666669e22
3.1465128061389133e22
3.1890116813311353e22
3.231139580123178e22
3.2728784853912693e22
3.3142104763446598e22
3.3551177409100893e22
3.3955825881550353e22
3.4355874607407586e22
3.475114947395962e22
3.5141477954017353e22
3.5526689230784786e22
3.590661432265207e22
3.6281086207817568e22
3.6649939948641513e22
3.701301281563449e22
3.7370144410981498e22
3.7721176791504227e22
3.806595459096077e22
3.840432514158407e22
3.873613859475752e22
3.906124804072859e22
3.937950962725821e22
3.9690782677105885e22
3.999492980424826e22
4.029181702873134e22
4.058131389005373e22
4.086329355898126e22
4.113763294769087e22
4.140421281814478e22
4.1662917888593405e22
4.191363693810883e22
4.215626290904837e22
4.239069300735157e22
4.261682880057128e22
4.283457631354366e22
4.304384612159976e22
4.324455344122518e22
4.34366182180729e22
4.36199652122377e22
4.379452408070014e22
4.3960229456850404e22
4.411702102700357e22
4.426484360381943e22
4.440364719654114e22
4.453338707796935e22
4.465402384808997e22
4.476552349427534e22
4.486785744798137e22
4.496100263786354e22
4.504494153923935e22
4.511966221982451e22
4.518515838167415e22
4.524142939926141e22
4.52884803536299e22
4.532632206255691e22
4.5354971106669215e22
4.5374449851453286e22
4.538478646510767e22
4.538601493218495e22
4.537817506297619e22
4.536131249859189e22
4.5335478711697495e22
4.53007310028647e22
4.525713249250213e22
4.520475210833317e22
4.514366456839096e22
4.5073950359505385e22
4.499569571125857e22
4.490899256539045e22
4.481393854063804e22
4.471063689299699e22
4.459919647139663e22
4.44797316687837e22
4.4352362368613745e22
4.421721388675258e22
4.4074416908794646e22
4.392410742280831e22
4.376642664752161e22
4.3601520955967305e22
4.342954179460854e22
4.325064559797105e22
4.30649936988111e22
4.287275223385374e22
4.267409204513844e22
4.246918857701333e22
4.225822176882514e22
4.204137594335224e22
4.1818839691036646e22
4.159080575007109e22
4.135747088240377e22
4.111903574572534e22
4.087570476150885e22
4.062768597917553e22
4.037519093646448e22
4.011843451608659e22
3.985763479874963e22
3.9593012912642545e22
3.932479287947267e22
3.905320145715216e22
3.877846797923509e22
3.8500824191208924e22
3.822050408374911e22
3.793774372304769e22
3.765278107833217e22
3.736585584669288e22
3.707720927534164e22
3.6787083981426874e22
3.649572376953502e22
3.620337344701007e22
3.591027863722733e22
3.561668559095976e22
3.532284099597868e22
3.50289917850342e22
3.473538494236253e22
3.444226730887089e22
3.4149885386152923e22
3.385848513949117e22
3.3568311800004103e22
3.327960966609946e22
3.2992621904395776e22
3.2707590350278765e22
3.2424755308259e22
3.214435535230115e22
3.1866627126294955e22
3.1591805144842463e22
3.132012159453513e22
3.1051806135897748e22
3.0787085706176106e22
3.052618432314833e22
3.0269322890139023e22
3.001671900241812e22
2.9768586755165448e22
2.9525136553184734e22
2.9286574922549825e22
2.905310432436667e22
2.8824922970835837e22
2.8602224643799293e22
2.8385198515955828e22
2.8174028974929375e22
2.7968895450374767e22
2.7769972244302916e22
2.7577428364810158e22
2.739142736339274e22
2.7212127176028502e22
2.703967996820565e22
2.6874231984078195e22
2.6715923399925658e22
2.656488818209371e22
2.642125394958968e22
2.6285141841507013e22
2.61566663894486e22
2.6035935395118534e22
2.592304981324828e22
2.581810364002184e22
2.5721183807161284e22
2.5632370081831494e22
2.555173497251988e22
2.5479343641044082e22
2.5415253820837256e22
2.535951574165721e22
2.53121720608621e22
2.527325780139174e22
2.524280029658989e22
2.5220819141998722e22
2.5207326154252727e22
2.520232533719475e22
2.5205812855332862e22
2.5217777014752057e22
2.5238198251589766e22
2.5267049128179563e22
2.530429433696309e22
2.534989071226369e22
2.5403787250011665e22
2.5465925135504125e22
2.553623777927849e22
2.561465086117147e22
2.5701082382631204e22
2.57954427273429e22
2.589763473022363e22
2.600755375483498e22
2.6125087779256556e22
2.625011749045664e22
2.6382516387190575e22
2.652215089145006e22
2.666888046848097e22
2.682255775537975e22
2.698302869827221e22
2.7150132698071695e22
2.732370276480643e22
2.750356568049929e22
2.768954217057556e22
2.7881447083767937e22
2.8079089580480326e22
2.828227332956481e22
2.8490796713459333e22
2.8704453041625527e22
2.8923030772220053e22
2.9146313741923772e22
2.9374081403847436e22
2.9606109073423693e22
2.984216818218876e22
3.0082026539349155e22
3.032544860102171e22
3.057219574702722e22
3.082202656511138e22
3.1074697142458382e22
3.132996136435576e22
3.1587571219861323e22
3.184727711431593e22
3.2108828188538185e22
3.2371972644530226e22
3.263645807751619e22
3.290203181412812e22
3.316844125654647e22
3.3435434232395847e22
3.370275935018909e22
3.397016636010638e22
3.4237406519888685e22
3.4504232965618765e22
3.4770401087155515e22
3.503566890798165e22
3.5299797469217583e22
3.5562551217548597e22
3.5823698396805807e22
3.6083011442935444e22
3.6340267382084873e22
3.659524823152837e22
3.6847741403149325e22
3.7097540109190505e22
3.73444437699784e22
3.7588258423322574e22
3.7828797135285454e22
3.806588041201377e22
3.829933661231751e22
3.852900236067803e22
3.875472296036235e22
3.8976352806316685e22
3.919375579750852e22
3.940680574838161e22
3.961538679908679e22
3.9819393824145235e22
4.001873283920093e22
4.021332140551308e22
4.040308903183889e22
4.058797757335289e22
4.076794162724809e22
4.094294892466093e22
4.1112980718561715e22
4.127803216724874e22
4.143811271308521e22
4.159324645611502e22
4.174347252219424e22
4.188884542527304e22
4.202943542346455e22
4.216532886853465e22
4.229662854844952e22
4.242345402261584e22
4.254594194945135e22
4.266424640592337e22
4.277853919869437e22
4.288901016651568e22
4.29958674735119e22
4.3099337893001e22
4.319966708149745e22
4.32971198425485e22
4.339198038005621e22
4.348455254074259e22
4.357516004541682e22
4.366414670870877e22
4.375187664693691e22
4.383873447378272e22
4.392512548344893e22
4.401147582098363e22
4.40982326394573e22
4.418586424368645e22
4.427486022020205e22
4.43657315531677e22
4.4459010725959245e22
4.4555251808123516e22
4.4655030527441385e22
4.475894432682693e22
4.4867612405802935e22
4.498167574629972e22
4.510179712253318e22
4.522866109472534e22
4.536297398644005e22
4.550546384531492e22
4.565688038697998e22
4.581799492196132e22
4.5989600265380666e22
4.617251062926788e22
4.636756149731648e22
4.657560948192047e22
4.679753216334266e22
4.703422791087407e22
4.728661568585638e22
4.755563482644875e22
4.784224481403366e22
4.8147425021165834e22
4.84721744409822e22
4.881751139800039e22
4.918447324024775e22
4.957411601267294e22
4.998751411180646e22
5.042575992164717e22
5.0889963430766375e22
5.138125183063293e22
5.190076909517521e22
5.244967554161083e22
5.302914737258629e22
5.364037619968322e22
5.428456854836067e22
5.4962945344417365e22
5.5676741382070426e22
5.642720477376186e22
5.721559638181605e22
5.80431892320886e22
5.891126790975689e22
5.982112793742036e22
6.077407513568854e22
6.177142496645341e22
6.281450185905274e22
6.390463851954758e22
6.504317522334896e22
6.623145909144599e22
6.7470843350497876e22
6.876268657706966e22
7.010835192630168e22
7.1509206345321655e22
7.296661977171659e22
7.448196431739998e22
7.605661343821943e22
7.769194108966785e22
7.938932086907017e22
8.115012514463482e22
8.297572417176882e22
8.486748519707194e22
8.682677155043547e22
8.885494172568613e22
9.095334845022496e22
9.312333774412858e22
9.536624796918722e22
9.768340886836983e22
1.0007614059621476e23
1.0254575274066092e23
1.0509354333684093e23
1.0772079787337269e23
1.1042878829169222e23
1.1321877197898797e23
1.1609199075530146e23
1.1904966985536909e23
1.2209301690579607e23
1.2522322089815543e23
1.2844145115861992e23
1.3174885631473853e23
1.3514656325998318e23
1.3863567611669695e23
1.4221727519808208e23
1.4589241596987328e23
1.496621280123548e23
1.535274139833789e23
1.5748924858305492e23
1.6154857752078082e23
1.6570631648529933e23
1.699633501184631e23
1.743205309933974e23
1.7877867859775454e23
1.833385783227621e23
1.880009804587621e23
1.9276659919795374e23
1.976361116450388e23
2.0261015683649093e23
2.0768933476915304e23
2.128742054388858e23
2.1816528788997272e23
2.2356305927600792e23
2.2906795393297603e23
2.3468036246524665e23
2.4040063084519003e23
2.4622905952713687e23
2.521659025763897e23
2.5821136681399823e23
2.643656109780031e23
2.706287449018561e23
2.7700082871071503e23
2.8348187203631217e23
2.90071833251084e23
2.967706187222529e23
3.0357808208653945e23
3.104940235461847e23
3.175181891869421e23
3.246502703187069e23
3.31889902839441e23
3.392366666230226e23
3.466900849316766e23
3.542496238535992e23
3.619146917664052e23
3.696846388269954e23
3.7755875648845214e23
3.8553627704454084e23
3.93616373202403e23
4.0179815768398864e23
4.1008068285679255e23
4.1846294039442455e23
4.2694386096754133e23
4.355223139656454e23
4.441971072502543e23
4.5296698693991114e23
4.6183063722751854e23
4.7078668023042456e23
4.7983367587371464e23
4.889701218071164e23
4.981944533559219e23
5.0750504350630805e23
5.1690020292542434e23
5.2637818001659585e23
5.359371610099639e23
5.4557527008888633e23
5.5529056955237706e23
5.650810600138623e23
5.7494468063650626e23
5.8487930940533276e23
5.948827634363564e23
6.049527993229158e23
6.150871135193697e23
6.252833427623112e23
6.355390645294222e23
6.458517975360683e23
6.562190022697214e23
6.666380815622611e23
6.771063812001982e23
6.87621190572827e23
6.98179743358295e23
7.087792182475667e23
7.194167397062081e23
7.300893787739231e23
7.407941539017288e23
7.515280318266478e23
7.622879284837564e23
7.730707099554175e23
7.838731934574921e23
7.946921483623025e23
8.055242972581044e23
8.163663170447809e23
8.272148400654666e23
8.380664552737734e23
8.4891770943627e23
8.597651083698471e23
8.70605118213557e23
8.814341667345165e23
8.92248644667426e23
9.030449070872258e23
9.13819274814399e23
9.245680358524007e23
9.352874468566736e23
9.45973734634673e23
9.566230976763214e23
9.672317077142675e23
9.777957113133247e23
9.883112314884129e23
9.987743693503326e23
1.0091812057786563e24
1.0195278031210143e24
1.0298102069180241e24
1.0400244476530845e24
1.0501665425262448e24
1.0602324972513408e24
1.0702183078755488e24
1.0801199626205082e24
1.08993344374414e24
1.0996547294222571e24
1.1092797956490607e24
1.1188046181555783e24
1.1282251743451017e24
1.1375374452446449e24
1.1467374174714473e24
1.1558210852134999e24
1.164784452223093e24
1.1736235338223283e24
1.1823343589195659e24
1.190912972035715e24
1.199355435339307e24
1.2076578306892404e24
1.2158162616841034e24
1.2238268557169397e24
1.2316857660343288e24
1.2393891737986444e24
1.2469332901523252e24
1.2543143582829956e24
1.2615286554882704e24
1.2685724952390353e24
1.275442229240056e24
1.2821342494866633e24
1.2886449903163535e24
1.2949709304540644e24
1.3011085950499243e24
1.3070545577082469e24
1.3128054425065476e24
1.3183579260033503e24
1.3237087392335622e24
1.3288546696901712e24
1.3337925632910452e24
1.3385193263295883e24
1.343031927408032e24
1.347327399352124e24
1.3514028411059808e24
1.3552554196058872e24
1.358882371631821e24
1.3622810056354675e24
1.3654487035435403e24
1.3683829225351693e24
1.3710811967921858e24
1.3735411392210976e24
1.3757604431455637e24
1.3777368839682217e24
1.3794683208006742e24
1.3809526980604996e24
1.3821880470341399e24
1.3831724874045446e24
1.38390422874244e24
1.3843815719601406e24
1.3846029107268022e24
1.3845667328440615e24
1.384271621580987e24
1.383716256967329e24
1.382899417044025e24
1.381819979069985e24
1.3804769206841564e24
1.3788693210219186e24
1.376996361784859e24
1.3748573282630306e24
1.372451610308771e24
1.369778703261236e24
1.366838208820767e24
1.3636298358723182e24
1.3601534012570853e24
1.3564088304916128e24
1.3523961584335952e24
1.3481155298936957e24
1.3435672001926397e24
1.3387515356629683e24
1.3336690140947747e24
1.3283202251248647e24
1.3227058705687243e24
1.3168267646947785e24
1.3106838344404087e24
1.3042781195692802e24
1.2976107727694886e24
1.2906830596921465e24
1.2834963589300014e24
1.276052161935762e24
1.2683520728797945e24
1.260397808446923e24
1.2521911975720812e24
1.2437341811146208e24
1.2350288114710817e24
1.226077252126303e24
1.2168817771427536e24
1.2074447705880561e24
1.1977687259006272e24
1.1878562451934726e24
1.1777100384961907e24
1.1673329229352405e24
1.1567278218526192e24
1.1458977638630963e24
1.1348458818502224e24
1.1235754119013144e24
1.1120896921817264e24
1.1003921617486928e24
1.0884863593051217e24
1.0763759218937001e24
1.0640645835317581e24
1.0515561737873444e24
1.038854616297044e24
1.0259639272260499e24
1.0128882136710827e24
9.996316720067828e23
9.861985861762364e23
9.725933259263072e23
9.588203449885343e23
9.448841792063365e23
9.307894446093712e23
9.165408354358419e23
9.021431221036746e23
8.876011491314456e23
8.729198330100585e23
8.58104160026098e23
8.431591840379338e23
8.280900242055955e23
8.129018626755418e23
7.975999422214162e23
7.82189563841966e23
7.666760843173018e23
7.510649137247455e23
7.35361512915479e23
7.195713909533162e23
7.037001025168794e23
6.877532452665598e23
6.717364571776022e23
6.556554138407334e23
6.395158257317452e23
6.233234354515221e23
6.070840149379522e23
5.9080336265124314e23
5.744873007342018e23
5.581416721489799e23
5.417723377919066e23
5.253851735879767e23
5.08986067566643e23
4.9258091692052336e23
4.7617562504870064e23
4.597760985862781e23
4.433882444219124e23
4.2701796670499507e23
4.106711638442378e23
3.9435372549939576e23
3.7807152956787213e23
3.6183043916798633e23
3.456362996206614e23
3.294949354313489e23
3.1341214727395086e23
2.9739370897857335e23
2.8144536452489616e23
2.6557282504301432e23
2.4978176582352446e23
2.340778233387201e23
2.1846659227669476e23
2.0295362259021877e23
1.8754441656217146e23
1.7224442588939575e23
1.5705904878677108e23
1.4199362711336406e23
1.2705344352242874e23
1.122437186371054e23
9.75696082535941e22
8.303620057363712e22
6.864851346805207e22
5.4411491773127785e22
4.033000462162394e22
2.640884281015767e22
1.2652716204675786e22
-9.337488142329314e20
-1.4346011864501517e22
-2.757962103250707e22
-4.063021529811709e22
-5.349352691318236e22
-6.616538373186948e22
-7.864171149119361e22
-9.091853604020944e22
-1.029919855162814e23
-1.1485829246688384e23
-1.2651379591546245e23
-1.3795494336985087e23
-1.491782927718096e23
-1.60180514386248e23
-1.70958392628773e23
-1.8150882783018197e23
-1.9182883793660144e23
-2.0191556014395364e23
-2.1176625246553663e23
-2.2137829523147608e23
-2.3074919251888466e23
-2.398765735115729e23
-2.4875819378823698e23
-2.5739193653804005e23
-2.6577581370259008e23
-2.7390796704330485e23
-2.817866691332722e23
-2.8941032427268445e23
-2.9677746932701567e23
-3.0388677448712956e23
-3.1073704395058313e23
-3.1732721652340014e23
-3.236563661416739e23
-3.297237023123581e23
-3.355285704727211e23
-3.410704522679203e23
-3.463489657462612e23
-3.513638654716871e23
-3.561150425531931e23
-3.606025245908128e23
-3.648264755379475e23
-3.68787195479808e23
-3.7248512032785066e23
-3.759208214300803e23
-3.7909500509721087e23
-3.820085120446431e23
-3.8466231675038686e23
-3.8705752672900304e23
-3.891953817217648e23
-3.910772528032493e23
-3.9270464140466784e23
-3.940791782542645e23
-3.9520262223517885e23
-3.9607685916122376e23
-3.967039004711045e23
-3.970858818416254e23
-3.9722506172050304e23
-3.9712381977947754e23
-3.967846552884381e23
-3.9621018541135736e23
-3.954031434248643e23
-3.94366376860372e23
-3.931028455706798e23
-3.9161561972209105e23
-3.899078777130707e23
-3.879829040205755e23
-3.8584408697521415e23
-3.83494916466459e23
-3.8093898157916106e23
-3.7817996816272635e23
-3.752216563342724e23
-3.720679179172424e23
-3.687227138169033e23
-3.651900913342767e23
-3.614741814200579e23
-3.57579195870147e23
-3.535094244644409e23
-3.4926923205062444e23
-3.448630555746694e23
-3.402954010598921e23
-3.355708405363648e23
-3.30694008922596e23
-3.256696008613858e23
-3.2050236751183396e23
-3.151971132994923e23
-3.0975869262671475e23
-3.041920065452857e23
-2.985019993934228e23
-2.9269365539932837e23
-2.8677199525345883e23
-2.8074207265172836e23
-2.7460897081189883e23
-2.6837779896542173e23
-2.62053688827045e23
-2.556417910445243e23
-2.4914727163075624e23
-2.4257530838077114e23
-2.3593108727594183e23
-2.2921979887786027e23
-2.2244663471430724e23
-2.1561678365979485e23
-2.0873542831315157e23
-2.0180774137465187e23
-1.9483888202517746e23
-1.8783399230996577e23
-1.8079819352944817e23
-1.7373658263973087e23
-1.6665422866525772e23
-1.595561691262172e23
-1.5244740648324466e23
-1.453329046019754e23
-1.3821758524002652e23
-1.3110632455893074e23
-1.2400394966362015e23
-1.1691523517198589e23
-1.0984489981706148e23
-1.0279760308437504e23
-9.577794188699447e22
-8.879044728078271e22
-8.183958122237034e22
-7.492973337232124e22
-6.806521794598426e22
-6.1250270614472396e22
-5.448904545820227e22
-4.778561197541516e22
-4.114395214806139e22
-3.456795756741508e22
-2.8061426621760745e22
-2.1628061748446206e22
-1.5271466752599375e22
-8.995144194744818e21
-2.8024928495277703e21
3.3031947622661206e21
9.318734766256207e21
1.5241054249486205e22
2.1067193495843674e22
2.6794308139859784e22
3.241967123693199e22
3.794067524800771e22
4.335483393687044e22
4.865978417817609e22
5.385328767446115e22
5.893323258038241e22
6.389763503250817e22
6.874464058301949e22
7.347252553577407e22
7.80796981831854e22
8.256469994247421e22
8.692620638989718e22
9.116302819159795e22
9.527411192982119e22
9.925854082326724e22
1.0311553534043417e23
1.0684445370487978e23
1.1044479229137328e23
1.1391618591199243e23
1.1725840799128846e23
1.2047137062970816e23
1.2355512455453909e23
1.2650985895770265e23
1.29335901219806e23
1.3203371651994288e23
1.3460390733077651e23
1.3704721279855395e23
1.3936450800775166e23
1.415568031301249e23
1.436252424580432e23
1.4557110332202308e23
1.4739579489249768e23
1.491008568658991e23
1.5068795803525101e23
1.5215889474549616e23
1.5351558923392408e23
1.5476008785609055e23
1.558945591977406e23
1.5692129207330092e23
1.5784269341160825e23
1.586612860296037e23
1.593797062948259e23
1.6000070167759083e23
1.605271281938488e23
1.6096194773978522e23
1.613082253193002e23
1.6156912616560197e23
1.617479127582145e23
1.618479417367868e23
1.6187266071317128e23
1.6182560498331253e23
1.6171039414057147e23
1.615307285921927e23
1.612903859806828e23
1.6099321751196975e23
1.6064314419226368e23
1.602441529756416e23
1.5980029282442383e23
1.593156706845154e23
1.5879444737792723e23
1.5824083341479354e23
1.576590847272492e23
1.570534983276134e23
1.5642840789339232e23
1.5578817928168168e23
1.551372059756106e23
1.5447990446554433e23
1.5382070956781414e23
1.5316406968382018e23
1.5251444200239685e23
1.518762876484058e23
1.5125406678056768e23
1.5065223364161135e23
1.5007523156385886e23
1.4952748793343622e23
1.4901340911633489e23
1.485373753496106e23
1.4810373560104578e23
1.4771680240065174e23
1.4738084664743367e23
1.4710009239487744e23
1.4687871161866146e23
1.4672081897013502e23
1.4663046651914114e23
1.4661163848979596e23
1.4666824599286309e23
1.4680412175840494e23
1.470230148724069e23
1.4732858552110282e23
1.4772439974675398e23
1.4821392421864794e23
1.4880052102312077e23
1.4948744247639242e23
1.5027782596404952e23
1.511746888110048e23
1.5218092318577567e23
1.5329929104293234e23
1.545324191075686e23
1.558827939056504e23
1.5735275684410915e23
1.589444993445148e23
1.606600580341934e23
1.6250130999861993e23
1.6446996809892146e23
1.665675763583063e23
1.6879550542121808e23
1.7115494808900487e23
1.7364691493586033e23
1.7627223000878363e23
1.7903152661526935e23
1.819252432024093e23
1.849536193310774e23
1.881166917488011e23
1.914142905649237e23
1.9484603553159285e23
1.9841133243409112e23
2.0210936959397562e23
2.0593911448843206e23
2.0989931048922813e23
2.139884737245782e23
2.1820489006718533e23
2.225466122516746e23
2.2701145712456366e23
2.3159700302986752e23
2.3630058733336815e23
2.4111930408849864e23
2.4605000184675367e23
2.5108928161543958e23
2.562334949655245e23
2.6147874229225945e23
2.6682087123118108e23
2.7225547523201187e23
2.77777892292894e23
2.8338320385733676e23
2.890662338761226e23
2.9482154803637806e23
3.0064345315989387e23
3.065259967727072e23
3.124629668478528e23
3.184478917231062e23
3.2447404019542134e23
3.30534421793717e23
3.3662178723149676e23
3.4272862904074485e23
3.488471823884091e23
3.5496942607667025e23
3.610870837281249e23
3.671916251568481e23
3.732742679262444e23
3.793259790944644e23
3.853374771480256e23
3.912992341242179e23
3.972014779227086e23
4.030341948066827e23
4.087871320937105e23
4.144498010364318e23
4.2001147989304525e23
4.2546121718741065e23
4.307878351585446e23
4.3597993339907855e23
4.4102589268218566e23
4.459138789763486e23
4.506318476471988e23
4.551675478455558e23
4.595085270806838e23
4.636421359776018e23
4.6755553321725184e23
4.712356906581163e23
4.746693986378091e23
4.778432714530305e23
4.8074375301612487e23
4.833571226864215e23
4.856695012743269e23
4.8766685721609214e23
4.8933501291703275e23
4.906596512608329e23
4.9162632228247965e23
4.9222045000223764e23
4.9242733941794524e23
4.922321836528406e23
4.91620071255928e23
4.905759936518669e23
4.890848527371809e23
4.8713146861952834e23
4.8470058749660836e23
4.817768896712067e23
4.783449976987385e23
4.74389484663611e23
4.698948825804971e23
4.64845690916631e23
4.592263852310557e23
4.5302142592669245e23
4.4621526711096084e23
4.387923655606304e23
4.3073718978642076e23
4.220342291928857e23
4.126680033288687e23
4.0262307122387143e23
3.91884040805498e23
3.804355783931192e23
3.6826241826273156e23
3.553493722780176e23
3.4168133958240215e23
3.272433163470032e23
3.120204055690785e23
2.9599782691570724e23
2.7916092660724588e23
2.614951873351057e23
2.4298623820828077e23
2.2361986472305986e23
2.033820187502127e23
1.822588285340413e23
1.602366086974143e23
1.3730187024707741e23
1.1344133057334794e23
8.864192343832785e22
6.289080894670181e22
3.6175383493139273e22
8.483289680412297e21
-2.019757379792297e22
-4.987904231620412e22
-8.057267552280347e22
-1.1228974759979398e23
-1.4504123758220558e23
-1.7883781974298565e23
-2.1368985404978006e23
-2.496073766995241e23
-2.8660009073709922e23
-3.246773567640215e23
-3.6384818374329855e23
-4.041212199064978e23
-4.455047437691004e23
-4.8800665526013266e23
-5.3163446697217476e23
-5.763952955375424e23
-6.222958531368059e23
-6.693424391454081e23
-7.175409319242953e23
-7.668967807604141e23
-8.174149979628134e23
-8.691001511201034e23
-9.219563555250117e23
-9.759872667714816e23
-1.031196073530084e24
-1.0875854905070997e24
-1.1451577515927302e24
-1.2039146032038022e24
-1.2638572978262245e24
-1.3249865877623817e24
-1.387302719088674e24
-1.4508054258280192e24
-1.515493924342493e24
-1.5813669079507936e24
-1.6484225417753235e24
-1.7166584578235402e24
-1.7860717503080707e24
-1.856658971210143e24
-1.928416126090405e24
-2.001338670151681e24
-2.0754215045574673e24
-2.1506589730102723e24
-2.2270448585936375e24
-2.3045723808815263e24
-2.3832341933186925e24
-2.4630223808755543e24
-2.5439284579806757e24
-2.6259433667343806e24
-2.7090574754062526e24
-2.7932605772195774e24
-2.878541889425435e24
-2.964890052669074e24
-3.052293130650993e24
-3.1407386100851437e24
-3.230213400956169e24
-3.3207038370779963e24
-3.4121956769553654e24
-3.50467410495006e24
-3.5981237327533807e24
-3.6925286011661444e24
-3.7878721821874207e24
-3.884137381413085e24
-3.9813065407448353e24
-4.079361441410557e24
-4.178283307296454e24
-4.278052808591216e24
-4.378650065742419e24
-4.4800546537251545e24
-4.5822456066226054e24
-4.685201422518322e24
-4.788900068699393e24
-4.89331898717004e24
-4.998435100474587e24
-5.104224817828634e24
-5.210664041557278e24
-5.317728173838828e24
-5.425392123752392e24
-5.533630314627582e24
-5.642416691694081e24
-5.751724730029219e24
-5.861527442800951e24
-5.971797389803717e24
-6.082506686284516e24
-6.193627012056181e24
-6.305129620894945e24
-6.416985350218705e24
-6.529164631042888e24
-6.641637498210076e24
-6.754373600889621e24
-6.867342213343367e24
-6.980512245953178e24
-7.0938522565061e24
-7.207330461732647e24
-7.320914749093364e24
-7.434572688809185e24
-7.548271546130307e24
-7.661978293838546e24
-7.77565962497793e24
-7.889281965807941e24
-8.002811488973822e24
-8.116214126888328e24
-8.229455585318661e24
-8.342501357172914e24
-8.455316736479537e24
-8.567866832553529e24
-8.680116584342972e24
-8.792030774949077e24
-8.90357404631314e24
-9.014710914063503e24
-9.125405782515309e24
-9.235622959816207e24
-9.345326673230478e24
-9.454481084554362e24
-9.563050305655005e24
-9.670998414125519e24
-9.778289469048299e24
-9.884887526858994e24
-9.990756657303002e24
-1.0095860959476711e25
-1.0200164577945248e25
-1.0303631718928632e25
-1.0406226666548075e25
-1.0507913799124108e25
-1.060865760551818e25
-1.0708422701509103e25
-1.0807173846196073e25
-1.0904875958419495e25
-1.1001494133191043e25
-1.109699365812428e25
-1.119134002985708e25
-1.128449897045715e25
-1.137643644380183e25
-1.1467118671923246e25
-1.1556512151310138e25
-1.164458366915741e25
-1.1731300319554486e25
-1.1816629519603647e25
-1.1900539025459404e25
-1.198299694828007e25
-1.206397177008266e25
-1.2143432359492025e25
-1.2221347987375789e25
-1.22976883423558e25
-1.237242354618764e25
-1.244552416899918e25
-1.2516961244379603e25
-1.2586706284310103e25
-1.2654731293927705e25
-1.2721008786113492e25
-1.278551179589685e25
-1.2848213894667139e25
-1.2909089204184488e25
-1.2968112410381312e25
-1.3025258776946366e25
-1.3080504158683112e25
-1.3133825014634453e25
-1.318519842096562e25
-1.323460208359763e25
-1.328201435058333e25
-1.3327414224218438e25
-1.337078137288002e25
-1.3412096142584998e25
-1.345133956826138e25
-1.3488493384724984e25
-1.3523540037354675e25
-1.3556462692459236e25
-1.3587245247328989e25
-1.3615872339965687e25
-1.3642329358484152e25
-1.3666602450179366e25
-1.3688678530252858e25
-1.370854529019242e25
-1.3726191205799373e25
-1.374160554485767e25
-1.3754778374439451e25
-1.3765700567841723e25
-1.3774363811149136e25
-1.3780760609417815e25
-1.3784884292475696e25
-1.3786729020334785e25
-1.378628978821093e25
-1.3783562431147171e25
-1.3778543628236584e25
-1.3771230906441034e25
-1.3761622644002308e25
-1.3749718073442356e25
-1.37355172841495e25
-1.3719021224548015e25
-1.3700231703848155e25
-1.3679151393374447e25
-1.3655783827470077e25
-1.3630133403975306e25
-1.3602205384278353e25
-1.3572005892937226e25
-1.3539541916871235e25
-1.3504821304121324e25
-1.3467852762178192e25
-1.3428645855878104e25
-1.3387211004865628e25
-1.3343559480623765e25
-1.3297703403071275e25
-1.3249655736727813e25
-1.3199430286447684e25
-1.3147041692722982e25
-1.3092505426557454e25
-1.303583778391232e25
-1.2977055879726052e25
-1.2916177641509635e25
-1.285322180251997e25
-1.2788207894513366e25
-1.2721156240082068e25
-1.265208794457678e25
-1.2581024887617988e25
-1.2507989714200048e25
-1.2433005825390948e25
-1.2356097368632486e25
-1.2277289227644118e25
-1.2196607011935487e25
-1.2114077045932001e25
-1.202972635771806e25
-1.19435826674035e25
-1.185567437511799e25
-1.17660305486394e25
-1.1674680910661445e25
-1.1581655825707014e25
-1.1486986286692916e25
-1.139070390115282e25
-1.129284087712496e25
-1.1193430008711057e25
-1.1092504661314184e25
-1.0990098756562096e25
-1.0886246756924102e25
-1.0780983650028616e25
-1.0674344932689605e25
-1.0566366594649858e25
-1.0457085102049042e25
-1.0346537380625492e25
-1.0234760798659658e25
-1.0121793149668624e25
-1.0007672634859982e25
-9.892437845354818e24
-9.776127744188242e24
-9.65878164809789e24
-9.540439209108961e24
-9.421140395926005e24
-9.300925475141446e24
-9.179834992270189e24
-9.057909752621213e24
-8.935190802015634e24
-8.811719407362068e24
-8.687537037099673e24
-8.562685341519077e24
-8.437206132972484e24
-8.311141365982984e24
-8.18453311726468e24
-8.057423565663811e24
-7.929854972032466e24
-7.801869659045615e24
-7.673509990972854e24
-7.54481835341574e24
-7.415837133022186e24
-7.286608697189361e24
-7.157175373765872e24
-7.027579430765405e24
-6.897863056102187e24
-6.76806833736091e24
-6.638237241611239e24
-6.508411595279411e24
-6.378633064087675e24
-6.248943133073138e24
-6.119383086697771e24
-5.989993989060269e24
-5.860816664221799e24
-5.731891676656465e24
-5.603259311838064e24
-5.474959556974095e24
-5.347032081898285e24
-5.21951622013297e24
-5.092450950131798e24
-4.965874876714426e24
-4.839826212703208e24
-4.7143427607737384e24
-4.589461895528745e24
-4.4652205458068986e24
-4.3416551772363874e24
-4.218801775043813e24
-4.0966958271288115e24
-3.9753723074140456e24
-3.854865659480993e24
-3.73520978050107e24
-3.6164380054718846e24
-3.4985830917679134e24
-3.3816772040153424e24
-3.265751899299848e24
-3.15083811271653e24
-3.036966143270805e24
-2.924165640138926e24
-2.812465589296499e24
-2.701894300523183e24
-2.5924793947919205e24
-2.4842477920501794e24
-2.377225699401014e24
-2.2714385996914527e24
-2.1669112405150073e24
-2.0636676236359172e24
-1.96173099484104e24
-1.861123834226584e24
-1.7618678469254142e24
-1.6639839542812828e24
-1.5674922854754436e24
-1.472412169611288e24
-1.3787621282621496e24
-1.2865598684873242e24
-1.1958222763208675e24
-1.1065654107375824e24
-1.0188044981005072e24
-9.325539270935401e23
-8.478272441428568e23
-7.646371493305348e23
-6.829954928030363e23
-6.029132716778044e23
-5.244006274497438e23
-4.4746684390023335e23
-3.7212034551015154e23
-2.983686963786298e23
-2.262185996486262e23
-1.556758974402655e23
-8.674557129254092e22
-1.943174311375913e22
4.626232335945562e22
1.1033422059480747e23
1.727823947892429e23
2.3360614288717025e23
2.9280560909312764e23
3.5038178088063185e23
4.063364844988243e23
4.606723799794125e23
5.133929556462044e23
5.6450252213009665e23
6.140062058926864e23
6.619099422618807e23
7.082204679832726e23
7.529453132913863e23
7.960927935049661e23
8.37672000151209e23
8.776927916237373e23
9.16165783379595e23
9.531023376808759e23
9.885145528867668e23
1.0224152523022116e24
1.0548179725896405e24
1.0857369517503075e24
1.1151871166825647e24
1.1431840703240342e24
1.1697440783854721e24
1.1948840556839754e24
1.2186215520838265e24
1.2409747380531184e24
1.2619623898450683e24
1.2816038743125785e24
1.299919133365443e24
1.3169286680795173e24
1.3326535224673483e24
1.3471152669203359e24
1.3603359813323055e24
1.372338237914994e24
1.3831450837158994e24
1.392780022849157e24
1.4012669984506636e24
1.4086303743683088e24
1.4148949165989475e24
1.4200857744834044e24
1.4242284616715328e24
1.427348836868909e24
1.4294730843776302e24
1.4306276944430587e24
1.4308394434191878e24
1.4301353737651697e24
1.4285427738854756e24
1.4260891578268342e24
1.4228022448445578e24
1.4187099388517064e24
1.4138403077638438e24
1.4082215627531204e24
1.401882037424711e24
1.3948501669292257e24
1.3871544670247408e24
1.3788235131018077e24
1.3698859191854611e24
1.3603703169276412e24
1.3503053346040803e24
1.339719576129327e24
1.3286416001037726e24
1.3170998989067206e24
1.305122877849092e24
1.2927388344000185e24
1.2799759375008442e24
1.2668622069808082e24
1.2534254930878214e24
1.239693456148622e24
1.2256935463717252e24
1.2114529838070638e24
1.1969987384760897e24
1.1823575106856972e24
1.1675557115398073e24
1.1526194436618042e24
1.1375744821414051e24
1.1224462557190411e24
1.1072598282211006e24
1.0920398802588957e24
1.0768106912043328e24
1.0615961214551728e24
1.0464195950022469e24
1.0313040823114816e24
1.0162720835326218e24
1.0013456120472401e24
9.865461783676719e23
9.718947743988002e23
9.57411858074387e23
9.431173383790865e23
9.290305607676685e23
9.151702929920358e23
9.015547113471877e23
8.882013873462737e23
8.751272748353041e23
8.623486975573553e23
8.498813371760861e23
8.377402217681979e23
8.259397147938607e23
8.144935045543087e23
8.034145941450581e23
7.927152919133989e23
7.824072024279909e23
7.725012179686293e23
7.630075105434539e23
7.539355244408985e23
7.452939693232837e23
7.370908138684034e23
7.29333279965579e23
7.220278374717763e23
7.151801995335549e23
7.087953184798782e23
7.028773822906694e23
6.974298116456562e23
6.924552575575123e23
6.879555995931719e23
6.839319446866175e23
6.803846265462629e23
6.773132056594698e23
6.747164698966083e23
6.725924357164224e23
6.70938349974294e23
6.697506923345659e23
6.690251782875288e23
6.687567627716044e23
6.689396444005213e23
6.695672702951838e23
6.706323415193006e23
6.721268191176513e23
6.740419307552825e23
6.763681779556845e23
6.790953439355169e23
6.822125020330508e23
6.857080247271865e23
6.895695932433473e23
6.937842077423533e23
6.983381980878038e23
7.03217235187209e23
7.084063429016989e23
7.138899105186953e23
7.19651705781644e23
7.256748884703821e23
7.319420245254723e23
7.384351007093166e23
7.451355397966052e23
7.520242162862062e23
7.59081472626181e23
7.662871359434289e23
7.736205352688422e23
7.810605192487046e23
7.885854743325765e23
7.961733434276368e23
8.03801645009017e23
8.114474926754538e23
8.190876151390473e23
8.266983766378017e23
8.342557977591398e23
8.417355766622928e23
8.49113110687227e23
8.563635183373292e23
8.634616616229096e23
8.7038216875218e23
8.770994571560905e23
8.8358775683321e23
8.898211340004513e23
8.957735150352343e23
9.014187106944002e23
9.06730440594983e23
9.116823579415962e23
9.162480744851308e23
9.204011856970034e23
9.241152961432048e23
9.273640450420661e23
9.301211319894215e23
9.32360342834827e23
9.34055575692071e23
9.351808670673282e23
9.357104180878037e23
9.356186208139534e23
9.348800846178722e23
9.334696626104857e23
9.313624781001234e23
9.285339510647062e23
9.249598246199533e23
9.206161914656951e23
9.154795202924562e23
9.095266821303303e23
9.027349766220573e23
8.950821582023939e23
8.865464621654348e23
8.771066306020179e23
8.66741938188793e23
8.554322178110794e23
8.431578860010727e23
8.298999681736027e23
8.156401236410671e23
8.003606703896173e23
7.840446095986772e23
7.666756498856558e23
7.482382312582349e23
7.287175487562424e23
7.080995757656582e23
6.86371086986955e23
6.635196810406407e23
6.39533802692373e23
6.14402764680694e23
5.8811676913041264e23
5.606669285345696e23
5.320452862886685e23
5.022448367602964e23
4.7125954487831544e23
4.3908436522518366e23
4.0571526061675675e23
3.71149220154065e23
3.3538427673139174e23
2.984195239859861e23
2.60255132674102e23
2.2089236645930867e23
1.8033359709822965e23
1.3858231901034357e23
9.564316321768706e22
5.152191064123892e22
6.22550474125355e21
-4.023793651172981e22
-8.785910934689623e22
-1.3662751359682287e23
-1.8653144280580587e23
-2.3755797505473535e23
-2.8969296451279882e23
-3.4292103372694794e23
-3.972255666591526e23
-4.525887024807116e23
-5.08991330133676e23
-5.6641308366731876e23
-6.248323383589739e23
-6.842262076264295e23
-7.445705407400077e23
-8.058399213412688e23
-8.680076667745829e23
-9.310458282385264e23
-9.94925191761927e23
-1.059615280010655e24
-1.1250843549290266e24
-1.191299421221015e24
-1.2582262306741276e24
-1.32582928732998e24
-1.394071853504037e24
-1.4629159566564953e24
-1.532322397116878e24
-1.6022507566625856e24
-1.6726594079531885e24
-1.7435055248196653e24
-1.814745093409313e24
-1.8863329241845166e24
-1.9582226647748772e24
-2.0303668136803995e24
-2.1027167348232284e24
-2.1752226729455604e24
-2.247833769849493e24
-2.3204980814757444e24
-2.3931625958157419e24
-2.465773251652893e24
-2.538274958127056e24
-2.610611615115879e24
-2.6827261344271203e24
-2.75456046179373e24
-2.8260555996652455e24
-2.897151630785956e24
-2.9677877425524686e24
-3.037902252140126e24
-3.107432632389504e24
-3.1763155384424033e24
-3.2444868351160487e24
-3.311881625005223e24
-3.378434277299362e24
-3.4440784573035574e24
-3.508747156649437e24
-3.572372724183914e24
-3.6348868975207893e24
-3.696220835242197e24
-3.756305149734474e24
-3.8150699406431943e24
-3.8724448289326195e24
-3.9283589915323586e24
-3.982741196555953e24
-4.0355198390733206e24
-4.0866229774205455e24
-4.135978370029158e24
-4.1835135127559845e24
-4.2291556766962115e24
-4.272831946459451e24
-4.314469258890662e24
-4.3539944422150466e24
-4.3913342555880436e24
-4.426415429028736e24
-4.459164703717152e24
-4.4895088726335734e24
-4.517374821518377e24
-4.54268957013151e24
-4.5653803137884683e24
-4.585374465151598e24
-4.602599696253104e24
-4.616983980727828e24
-4.62845563623208e24
-4.636943367025533e24
-4.642376306692663e24
-4.6446840609795353e24
-4.643796750722804e24
-4.639645054845831e24
-4.6321602533984556e24
-4.621274270615427e24
-4.6069197179690695e24
-4.5890299371915945e24
-4.5675390432417247e24
-4.5423819671912795e24
-4.5134944990063997e24
-4.48081333019796e24
-4.4442760963168107e24
-4.4038214192676463e24
-4.359388949417067e24
-4.31091940747011e24
-4.258354626090209e24
-4.2016375912369894e24
-4.140712483197136e24
-4.0755247172829213e24
-4.0060209841730296e24
-3.93214928987127e24
-3.85385899525722e24
-3.771100855205347e24
-3.6838270572462813e24
-3.5919912597468534e24
-3.495548629583961e24
-3.3944558792877787e24
-3.288671303630766e24
-3.17815481563793e24
-3.06286798199496e24
-2.942774057830925e24
-2.817838020851844e24
-2.6880266048022985e24
-2.5533083322325703e24
-2.4136535465486278e24
-2.269034443322812e24
-2.1194251008433348e24
-1.9648015098815058e24
-1.805141602654824e24
-1.640425280965511e24
-1.470634443494082e24
-1.2957530122275723e24
-1.1157669580030209e24
-9.306643251468113e23
-7.404352551906313e23
-5.450720096466778e23
-3.445689918227056e23
-1.3892276766045972e23
7.186791442006211e22
2.8780210468695997e23
5.0887663428952866e23
7.350860984936151e23
9.664228409747098e23
1.2028769391823211e24
1.4444361907909692e24
1.691086101250286e24
1.9428098724474942e24
2.1995883924945618e24
2.4614002266517836e24
2.7282216093989167e24
3.000026437664818e24
3.2767862652245643e24
3.5584702982747796e24
3.845045392194924e24
4.1364760495029425e24
4.432724419012902e24
4.733750296201189e24
5.039511124787608e24
5.349961999537295e24
5.665055670287019e24
5.984742547201939e24
6.308970707264783e24
6.637685902001205e24
6.970831566442959e24
7.308348829330775e24
7.650176524557478e24
7.996251203851774e24
8.346507150701344e24
8.700876395514988e24
9.059288732021242e24
9.421671734900635e24
9.78795077864873e24
1.0158049057665138e25
1.0531887607564742e25
1.090938532770412e25
1.1290459004918424e25
1.16750233384611e25
1.2062990966138613e25
1.2454272491632487e25
1.2848776512998977e25
1.3246409652337158e25
1.3647076586614955e25
1.4050680079641225e25
1.4457121015173598e25
1.4866298431148038e25
1.5278109555018184e25
1.5692449840189627e25
1.6109213003535576e25
1.6528291063977783e25
1.6949574382118114e25
1.737295170090268e25
1.77983101873029e25
1.82255354749952e25
1.8654511708020414e25
1.9085121585404985e25
1.9517246406723145e25
1.9950766118580873e25
2.0385559362000464e25
2.082150352068348e25
2.125847477013188e25
2.169634812760298e25
2.2134997502876412e25
2.2574295749808596e25
2.3014114718651266e25
2.345432530910862e25
2.3894797524109035e25
2.433540052426374e25
2.4776002682988486e25
2.5216471642260306e25
2.5656674368982045e25
2.609647721192823e25
2.6535745959242953e25
2.6974345896463085e25
2.741214186503575e25
2.784899832130329e25
2.8284779395924723e25
2.8719348953704006e25
2.915257065379551e25
2.958430801025512e25
3.0014424452907337e25
3.0442783388496434e25
3.0869248262090077e25
3.12936826187047e25
3.1715950165119827e25
3.2135914831849845e25
3.2553440835240303e25
3.2968392739656856e25
3.3380635519733634e25
3.379003462264907e25
3.4196456030394633e25
3.4599766322005414e25
3.499983273571791e25
3.5396523231022334e25
3.578970655057631e25
3.6179252281946134e25
3.6565030919142794e25
3.694691392391931e25
3.73247737867953e25
3.7698484087776806e25
3.806791955673716e25
3.84329561334261e25
3.879347102707392e25
3.9149342775557965e25
3.950045130409836e25
3.984667798345088e25
4.018790568756324e25
4.052401885066436e25
4.085490352375273e25
4.118044743045331e25
4.1500540022210604e25
4.181507253278689e25
4.212393803203475e25
4.242703147891248e25
4.27242497737127e25
4.301549180947385e25
4.330065852254451e25
4.357965294227189e25
4.385238023978466e25
4.41187477758425e25
4.437866514772383e25
4.4632044235123655e25
4.487879924503535e25
4.511884675558883e25
4.535210575881924e25
4.557849770234059e25
4.579794652989871e25
4.601037872077972e25
4.621572332804926e25
4.641391201559922e25
4.660487909397933e25
4.678856155499135e25
4.696489910502369e25
4.7133834197106415e25
4.729531206166534e25
4.744928073595625e25
4.759569109216005e25
4.773449686412014e25
4.786565467270544e25
4.798912404978086e25
4.810486746077042e25
4.821285032579656e25
4.831304103938174e25
4.840541098869784e25
4.8489934570350796e25
4.856658920568792e25
4.863535535461604e25
4.869621652792069e25
4.874915929807494e25
4.879417330853056e25
4.883125128148158e25
4.88603890240937e25
4.888158543319334e25
4.8894842498408835e25
4.890016530376143e25
4.889756202769938e25
4.888704394157432e25
4.886862540655539e25
4.884232386898183e25
4.880815985415163e25
4.8766156958547415e25
4.8716341840501045e25
4.865874420929793e25
4.859339681272525e25
4.852033542306648e25
4.843959882154869e25
4.8351228781246135e25
4.825527004844859e25
4.815177032250041e25
4.80407802341186e25
4.7922353322200406e25
4.779654600912814e25
4.766341757458436e25
4.752303012788702e25
4.737544857885924e25
4.7220740607245155e25
4.70589766306872e25
4.689022977128037e25
4.671457582071775e25
4.65320932040463e25
4.634286294204803e25
4.614696861226795e25
4.5944496308704534e25
4.573553460018628e25
4.552017448745251e25
4.529850935896099e25
4.507063494544562e25
4.483664927324524e25
4.459665261642992e25
4.435074744774685e25
4.409903838841357e25
4.38416321567822e25
4.3578637515903955e25
4.331016522001897e25
4.303632796000065e25
4.275724030778439e25
4.247301865980703e25
4.218378117949097e25
4.188964773879944e25
4.159073985889817e25
4.128718064995195e25
4.0979094750089835e25
4.0666608263572935e25
4.034984869819534e25
4.002894490195558e25
3.9704026999029585e25
3.937522632508315e25
3.904267536195643e25
3.870650767175871e25
3.8366857830407636e25
3.802386136065002e25
3.7677654664602464e25
3.7328374955846406e25
3.6976160191118296e25
3.662114900162939e25
3.626348062405711e25
3.590329483124254e25
3.5540731862636186e25
3.5175932354528434e25
3.480903727010463e25
3.4440187829365197e25
3.4069525438947618e25
3.3697191621892853e25
3.332332794739314e25
3.2948075960563296e25
3.2571577112273276e25
3.2193972689082833e25
3.1815403743318923e25
3.143601102333342e25
3.1055934903983937e25
3.0675315317374058e25
3.0294291683896697e25
2.9913002843615885e25
2.9531586988030193e25
2.9150181592254434e25
2.876892334765987e25
2.838794809501251e25
2.800739075814627e25
2.762738527821171e25
2.7248064548536582e25
2.6869560350137858e25
2.6492003287920824e25
2.6115522727604815e25
2.5740246733410483e25
2.5366302006545833e25
2.499381382452797e25
2.462290598137456e25
2.42537007287021e25
2.38863187177637e25
2.352087894246288e25
2.3157498683375298e25
2.2796293452812245e25
2.243737694095959e25
2.208086096312189e25
2.172685540810629e25
2.1375468187773705e25
2.102680518779072e25
2.0680970219608923e25
2.033806497370304e25
1.9998188974094345e25
1.966143953418731e25
1.9327911713947015e25
1.8997698278442046e25
1.8670889657779433e25
1.8347573908454606e25
1.8027836676141843e25
1.7711761159946113e25
1.739942807814012e25
1.709091563540645e25
1.6786299491605227e25
1.6485652732088161e25
1.618904583957502e25
1.589654666761279e25
1.560822041563197e25
1.532412960561775e25
1.50443340604094e25
1.476889088364253e25
1.4497854441347217e25
1.4231276345213592e25
1.3969205437536314e25
1.3711687777847205e25
1.3458766631246233e25
1.321048245843737e25
1.296687290747792e25
1.2727972807245654e25
1.249381416262997e25
1.2264426151450573e25
1.2039835123105933e25
1.182006459895458e25
1.16051352744287e25
1.1395065022880955e25
1.118986890116218e25
1.0989559156928356e25
1.0794145237673214e25
1.0603633801481598e25
1.0418028729498812e25
1.023733114010857e25
1.00615394048127e25
9.890649165803152e24
9.724653355217305e24
9.563542216065092e24
9.407303324816834e24
9.255921615638417e24
9.109379406260046e24
8.96765642546392e24
8.830729842174486e24
8.698574296134783e24
8.57116193015058e24
8.448462423883458e24
8.330443029173254e24
8.217068606868281e24
8.108301665142183e24
8.004102399274057e24
7.904428732868432e24
7.809236360490155e24
7.718478791688782e24
7.632107396385607e24
7.550071451596439e24
7.472318189461226e24
7.398792846551768e24
7.329438714427328e24
7.264197191407334e24
7.20300783552949e24
7.145808418660847e24
7.092534981728443e24
7.043121891035841e24
6.997501895630366e24
6.95560618568581e24
6.917364451864416e24
6.882704945621092e24
6.851554540412555e24
6.823838793772792e24
6.79948201021668e24
6.778407304931564e24
6.760536668217389e24
6.745791030634585e24
6.734090328818548e24
6.725353571919365e24
6.719498908624345e24
6.716443694721143e24
6.716104561158287e24
6.718397482559714e24
6.723237846149702e24
6.730540521043714e24
6.740219927861114e24
6.75219010861447e24
6.7663647968309e24
6.782657487859473e24
6.800981509319938e24
6.821250091646121e24
6.843376438678708e24
6.86727379826116e24
6.892855532792226e24
6.92003518968937e24
6.948726571716094e24
6.978843807127333e24
7.010301419586063e24
7.04301439780513e24
7.076898264867568e24
7.111869147179526e24
7.147843843009494e24
7.184739890567651e24
7.222475635579912e24
7.260970298310457e24
7.300144039987984e24
7.339918028589731e24
7.380214503939066e24
7.420956842071663e24
7.46206961882592e24
7.503478672614168e24
7.545111166330492e24
7.586895648352852e24
7.628762112596063e24
7.670642057574155e24
7.712468544429867e24
7.754176253890559e24
7.795701542109799e24
7.836982495354405e24
7.877958983497983e24
7.918572712281741e24
7.958767274304874e24
7.998488198706656e24
8.037682999504073e24
8.076301222548424e24
8.114294491066166e24
8.151616549749369e24
8.188223307361952e24
8.224072877829439e24
8.259125619779603e24
8.29334417450362e24
8.326693502306933e24
8.359140917221062e24
8.390656120047844e24
8.421211229708619e24
8.450780812872295e24
8.479341911836615e24
8.506874070638552e24
8.533359359370205e24
8.558782396678259e24
8.583130370425502e24
8.606393056494544e24
8.628562835714641e24
8.649634708893612e24
8.669606309938426e24
8.688477917048424e24
8.706252461967203e24
8.722935537279462e24
8.738535401741107e24
8.753062983631403e24
8.766531882117811e24
8.778958366624791e24
8.790361374199529e24
8.800762504868538e24
8.810186014980317e24
8.818658808530748e24
8.826210426468782e24
8.832873033981672e24
8.83868140575985e24
8.843672909243171e24
8.847887485851301e24
8.851367630202358e24
8.854158367325329e24
8.856307227872804e24
8.857864221342156e24
8.858881807314314e24
8.859414864720698e24
8.859520659150268e24
8.859258808209528e24
8.858691244950135e24
8.857882179379547e24
8.856898058071786e24
8.85580752189632e24
8.854681361884672e24
8.853592473255208e24
8.852615807618237e24
8.851828323384379e24
8.8513089344006e24
8.85113845683956e24
8.851399554368864e24
8.852176681628371e24
8.853556026044437e24
8.855625448011555e24
8.858474419472795e24
8.862193960931408e24
8.866876576927534e24
8.872616190014528e24
8.879508073270933e24
8.887648781384857e24
8.897136080348905e24
8.908068875804287e24
8.920547140074591e24
8.934671837929748e24
8.950544851122269e24
8.968268901738792e24
8.987947474410431e24
9.00968473742693e24
9.03358546279986e24
9.059754945321723e24
9.088298920667623e24
9.119323482588067e24
9.15293499924145e24
9.189240028715713e24
9.22834523378975e24
9.270357295985069e24
9.315382828959891e24
9.363528291297403e24
9.414899898741433e24
9.469603535932874e24
9.527744667700556e24
9.589428249961743e24
9.654758640286338e24
9.723839508181177e24
9.796773745149352e24
9.873663374581766e24
9.954609461536529e24
1.003971202246393e25
1.0129069934933867e25
1.0222780847423e25
1.0320941089219895e25
1.0423645580505306e25
1.0530987742666477e25
1.0643059408902666e25
1.0759950735181286e25
1.088175011160163e25
1.1008544074225706e25
1.1140417217434015e25
1.1277452106863866e25
1.1419729192989915e25
1.1567326725403094e25
1.1720320667847689e25
1.1878784614072476e25
1.2042789704554772e25
1.2212404544154019e25
1.2387695120751268e25
1.2568724724932412e25
1.275555387076984e25
1.2948240217759726e25
1.314683849396884e25
1.3351400420447367e25
1.3561974636960302e25
1.3778606629092697e25
1.4001338656781564e25
1.423020968432607e25
1.446525531192995e25
1.470650770882511e25
1.4953995548029324e25
1.5207743942785547e25
1.5467774384734204e25
1.5734104683864318e25
1.6006748910292994e25
1.6285717337918618e25
1.6571016389992947e25
1.6862648586658588e25
1.7160612494493062e25
1.7464902678104796e25
1.777550965382007e25
1.809241984550388e25
1.8415615542553167e25
1.8745074860099892e25
1.9080771701463831e25
1.942267572288799e25
1.9770752300594864e25
2.0124962500193874e25
2.0485263048475985e25
2.0851606307623116e25
2.1223940251865306e25
2.1602208446612863e25
2.1986350030089654e25
2.2376299697496644e25
2.277198768772598e25
2.31733397726532e25
2.358027724902499e25
2.3992716932966904e25
2.441057115712583e25
2.483374777046804e25
2.5262150140747025e25
2.5695677159654505e25
2.6134223250670665e25
2.6577678379620643e25
2.702592806795176e25
2.747885340873501e25
2.7936331085401467e25
2.8398233393216784e25
2.8864428263496326e25
2.9334779290566185e25
2.9809145761465805e25
3.0287382688396185e25
3.076934084390514e25
3.1254866798810725e25
3.1743802962851614e25
3.2235987628060224e25
3.273125501484861e25
3.3229435320793223e25
3.3730354772111072e25
3.4233835677807236e25
3.4739696486483618e25
3.5247751845785598e25
3.5757812664473535e25
3.62696861770922e25
3.6783176011221128e25
3.729808225727946e25
3.7814201540858194e25
3.8331327097557375e25
3.884924885029374e25
3.936775348905454e25
3.9886624553059915e25
4.040564251530507e25
4.092458486944609e25
4.144322621899017e25
4.196133836875794e25
4.247869041857229e25
4.2995048859139015e25
4.351017767007106e25
4.402383842001863e25
4.4535790368854006e25
4.504579057187001e25
4.555359398594168e25
4.605895357760022e25
4.656162043297391e25
4.7061343869537785e25
4.755787154962543e25
4.805094959564213e25
4.854032270693074e25
4.902573427822645e25
4.950692651964871e25
4.998364057816792e25
5.045561666048666e25
5.092259415727741e25
5.1384311768709135e25
5.184050763120661e25
5.22909194453706e25
5.273528460500012e25
5.317334032714794e25
5.360482378314071e25
5.402947223050066e25
5.444702314569474e25
5.485721435764743e25
5.525978418194135e25
5.565447155564113e25
5.604101617266303e25
5.641915861962298e25
5.678864051208842e25
5.714920463116011e25
5.75005950603129e25
5.784255732241714e25
5.817483851687172e25
5.849718745676792e25
5.880935480601474e25
5.911109321634424e25
5.940215746412657e25
5.968230458691571e25
5.995129401964892e25
6.0208887730427755e25
6.045485035579863e25
6.068894933546285e25
6.091095504633337e25
6.1120640935867515e25
6.131778365459565e25
6.150216318777181e25
6.167356298607001e25
6.183177009524859e25
6.197657528471162e25
6.210777317488663e25
6.222516236334971e25
6.2328545549618385e25
6.241772965854237e25
6.2492525962217685e25
6.25527502003488e25
6.259822269899147e25
6.262876848759928e25
6.2644217414307776e25
6.2644404259381565e25
6.262916884675775e25
6.2598356153617005e25
6.255181641791181e25
6.2489405243788e25
6.241098370483034e25
6.231641844507082e25
6.220558177769058e25
6.207835178135812e25
6.193461239413588e25
6.177425350489856e25
6.1597171042202236e25
6.140326706054356e25
6.119244982395533e25
6.096463388687875e25
6.071974017226087e25
6.045769604682039e25
6.01784353934317e25
5.988189868057801e25
5.956803302881967e25
5.923679227423469e25
5.888813702878132e25
5.852203473754169e25
5.813845973279919e25
5.773739328491185e25
5.731882364993853e25
5.6882746113982264e25
5.642916303421139e25
5.5958083876526e25
5.546952524983505e25
5.496351093691264e25
5.444007192180427e25
5.389924641375536e25
5.334107986763317e25
5.276562500082473e25
5.217294180657902e25
5.15630975637805e25
5.093616684313107e25
5.0292231509726275e25
4.963138072200858e25
4.895371092708734e25
4.825932585241207e25
4.754833649379236e25
4.6820861099755555e25
4.6077025152238405e25
4.531696134360955e25
4.454080955002095e25
4.374871680109141e25
4.2940837245920026e25
4.2117332115444915e25
4.127836968114131e25
4.0424125210078015e25
3.955478091633893e25
3.867052590882396e25
3.777155613544433e25
3.6858074323729143e25
3.5930289917863254e25
3.4988419012176664e25
3.403268428110944e25
3.3063314905676902e25
3.2080546496462783e25
3.1084621013168994e25
3.007578668075372e25
2.9054297902191246e25
2.802041516788481e25
2.6974404961779326e25
2.5916539664199896e25
2.484709745146643e25
2.376636219232367e25
2.267462334123135e25
2.1572175828561073e25
2.045931994774857e25
1.9336361239450426e25
1.820361037275811e25
1.7061383023522363e25
1.5909999749843034e25
1.4749785864781982e25
1.358107130635727e25
1.2404190504879568e25
1.1219482247689084e25
1.002728954136637e25
8.827959471468347e24
7.62184305986707e24
6.409295119754226e24
5.19067410838246e24
3.966341977613976e24
2.736664022348839e24
1.5020087269070393e24
2.6274760943857943e23
-9.807449355612243e23
-2.228091796554818e24
-3.4789133060038407e24
-4.73282740307068e24
-5.989449797897567e24
-7.248394137381732e24
-8.509272172367438e24
-9.771693926159948e24
-1.1035267864291237e25
-1.2299601065440475e25
-1.3564299393427387e25
-1.4828967670189776e25
-1.6093209849657722e25
-1.7356629192434564e25
-1.8618828441196306e25
-1.9879409996718342e25
-2.113797609443917e25
-2.2394128981470116e25
-2.3647471093958993e25
-2.489760523471587e25
-2.6144134751008493e25
-2.7386663712434146e25
-2.862479708877872e25
-2.9858140927759953e25
-3.1086302532575022e25
-3.2308890639148803e25
-3.3525515592993864e25
-3.4735789525587344e25
-3.593932653017216e25
-3.713574283688881e25
-3.8324656987144853e25
-3.950569000712924e25
-4.067846558037898e25
-4.184261021930563e25
-4.299775343559016e25
-4.414352790935451e25
-4.527956965701825e25
-4.640551819775391e25
-4.752101671844145e25
-4.862571223704574e25
-4.971925576431838e25
-5.080130246374104e25
-5.187151180962157e25
-5.292954774325754e25
-5.397507882708171e25
-5.500777839670564e25
-5.602732471077746e25
-5.703340109857223e25
-5.802569610523363e25
-5.900390363458665e25
-5.99677230894435e25
-6.091685950932383e25
-6.185102370551366e25
-6.276993239339087e25
-6.367330832193552e25
-6.4560880400363895e25
-6.543238382180733e25
-6.628756018397042e25
-6.7126157606699305e25
-6.794793084639596e25
-6.875264140721163e25
-6.954005764895917e25
-7.030995489168139e25
-7.10621155168175e25
-7.179632906490912e25
-7.251239232979072e25
-7.321010944921138e25
-7.38892919918341e25
-7.45497590405645e25
-7.519133727216184e25
-7.581386103308028e25
-7.64171724115057e25
-7.70011213055379e25
-7.756556548748371e25
-7.811037066421904e25
-7.863541053358816e25
-7.914056683680273e25
-7.96257294068133e25
-8.009079621261971e25
-8.053567339949811e25
-8.096027532511541e25
-8.136452459151171e25
-8.174835207293024e25
-8.211169693947378e25
-8.245450667657892e25
-8.277673710028392e25
-8.307835236829165e25
-8.335932498680857e25
-8.361963581316086e25
-8.385927405417837e25
-8.407823726034748e25
-8.427653131573484e25
-8.445417042368042e25
-8.461117708827214e25
-8.47475820916023e25
-8.486342446682364e25
-8.495875146701122e25
-8.503361852984873e25
-8.508808923815671e25
-8.512223527627868e25
-8.513613638235425e25
-8.512988029649292e25
-8.510356270488783e25
-8.505728717988724e25
-8.499116511606367e25
-8.490531566230794e25
-8.479986564998706e25
-8.467494951720602e25
-8.453070922920736e25
-8.436729419495993e25
-8.41848611799725e25
-8.398357421538794e25
-8.376360450339884e25
-8.352513031904302e25
-8.326833690842776e25
-8.299341638343792e25
-8.270056761299155e25
-8.23899961108918e25
-8.206191392034896e25
-8.171653949522454e25
-8.135409757807267e25
-8.09748190750384e25
-8.057894092768542e25
-8.016670598182645e25
-7.973836285342193e25
-7.929416579163083e25
-7.883437453907976e25
-7.835925418943782e25
-7.786907504236724e25
-7.736411245593963e25
-7.6844646696593435e25
-7.631096278671899e25
-7.5763350349959375e25
-7.520210345430751e25
-7.4627520453095475e25
-7.403990382395683e25
-7.34395600058616e25
-7.2826799234306705e25
-7.220193537476335e25
-7.156528575446881e25
-7.091717099265972e25
-7.025791482934696e25
-6.958784395272051e25
-6.890728782529228e25
-6.821657850886577e25
-6.751605048844064e25
-6.680604049514589e25
-6.6086887328304305e25
-6.535893167673322e25
-6.462251593937576e25
-6.387798404537403e25
-6.31256812736772e25
-6.236595407229829e25
-6.159914987731142e25
-6.08256169317044e25
-6.004570410418176e25
-5.925976070802522e25
-5.846813632011906e25
-5.767118060023601e25
-5.686924311069733e25
-5.6062673136501e25
-5.525181950603098e25
-5.443703041244134e25
-5.3618653235827456e25
-5.279703436627892e25
-5.197251902792009e25
-5.1145451104041665e25
-5.0316172963417915e25
-4.948502528791866e25
-4.865234690150618e25
-4.781847460072532e25
-4.698374298677767e25
-4.614848429927987e25
-4.531302825180531e25
-4.447770186929775e25
-4.364282932745938e25
-4.2808731794198655e25
-4.197572727323762e25
-4.114413044996159e25
-4.0314252539609826e25
-3.94864011378873e25
-3.866088007408839e25
-3.78379892668203e25
-3.701802458240355e25
-3.620127769604056e25
-3.5388035955824307e25
-3.4578582249675212e25
-3.377319487527552e25
-3.2972147413084755e25
-3.2175708602504127e25
-3.1384142221264924e25
-3.0597706968113517e25
-2.981665634885537e25
-2.9041238565832244e25
-2.827169641088914e25
-2.750826716190164e25
-2.6751182482916912e25
-2.600066832797019e25
-2.525694484863434e25
-2.452022630535122e25
-2.3790720982603244e25
-2.3068631107967514e25
-2.235415277510678e25
-2.1647475870734867e25
-2.0948784005605707e25
-2.0258254449560807e25
-1.957605807067469e25
-1.8902359278535647e25
-1.8237315971689422e25
-1.75810794892817e25
-1.6933794566921924e25
-1.6295599296798536e25
-1.5666625092062545e25
-1.504699665550569e25
-1.4436831952545162e25
-1.3836242188532235e25
-1.3245331790398237e25
-1.266419839264321e25
-1.2092932827679546e25
-1.1531619120529446e25
-1.0980334487882588e25
-1.0439149341509327e25
-9.90812729602711e24
-9.387325181014948e24
-8.87679305746363e24
-8.376574238553737e24
-7.886705314743499e24
-7.407216183152761e24
-6.938130081219613e24
-6.479463624611319e24
-6.031226849361109e24
-5.593423258204594e24
-5.166049871086725e24
-4.749097279803235e24
-4.3425497067450444e24
-3.946385067703562e24
-3.560575038700123e24
-3.1850851267927916e24
-2.819874744818381e24
-2.4648972900184745e24
-2.120100226500601e24
-1.7854251714816358e24
-1.4608079852566465e24
-1.1461788648369918e24
-8.414624411957111e23
-5.465778800597175e23
-2.6143898618218696e23
1.40456889711085e22
2.7997273619000783e23
5.364437742161161e23
7.83565332237988e23
1.0214487292634499e24
1.2502099504444723e24
1.469969520436569e24
1.680852373872086e24
1.8829877230329894e24
2.0765089228076959e24
2.2615533330187023e24
2.438262178211535e24
2.606780404994288e24
2.767256537021549e24
2.919842527715531e24
3.064693610821057e24
3.201968148891254e24
3.33182747980197e24
3.454435761396106e24
3.5699598143578563e24
3.6785689634206766e24
3.7804348770117786e24
3.8757314054390564e24
3.964634417725739e24
4.0473216372004347e24
4.12397247595042e24
4.1947678682470366e24
4.259890103053439e24
4.3195226557246943e24
4.373850019012214e24
4.4230575334838003e24
4.4673312174724083e24
4.5068575966662604e24
4.5418235334539644e24
4.572416056138379e24
4.598822188133501e24
4.621228777258582e24
4.639822325244141e24
4.654788817564345e24
4.666313553710616e24
4.674580978020809e24
4.679774511178722e24
4.682076382497908e24
4.6816674631041245e24
4.678727100129836e24
4.6734329520343844e24
4.6659608251622986e24
4.656484511652266e24
4.6451756288084113e24
4.632203460044745e24
4.6177347975131476e24
4.6019337865242404e24
4.5849617718696294e24
4.5669771461532223e24
4.5481352002379097e24
4.5285879759133804e24
4.5084841208889353e24
4.487968746214738e24
4.467183286232994e24
4.446265361159459e24
4.425348642394434e24
4.4045627206603174e24
4.3840329770621064e24
4.363880457164662e24
4.344221748179706e24
4.3251688593531595e24
4.3068291056420165e24
4.289304994767889e24
4.272694117732519e24
4.257089042878573e24
4.242577213576854e24
4.22924084961933e24
4.217156852394725e24
4.2063967139217885e24
4.1970264298125387e24
4.1891064162359845e24
4.1826914309501144e24
4.1778304984677603e24
4.174566839419412e24
4.1729378041734586e24
4.172974810772182e24
4.1747032872386784e24
4.178142618307814e24
4.1833060966313246e24
4.19020087850457e24
4.19882794415974e24
4.2091820626675665e24
4.221251761486685e24
4.235019300697067e24
4.2504606519510514e24
4.267545482172574e24
4.2862371420323096e24
4.306492659223437e24
4.328262736559996e24
4.3514917549163227e24
4.3761177810237176e24
4.402072580136758e24
4.4292816335793256e24
4.457664161176602e24
4.487133148576984e24
4.517595379464197e24
4.5489514726570196e24
4.5810959240910275e24
4.613917153673379e24
4.647297556998934e24
4.681113561912358e24
4.715235689898468e24
4.749528622279115e24
4.78385127119253e24
4.8180568553276585e24
4.851992980382557e24
4.885501724213696e24
4.918419726638996e24
4.950578283855051e24
4.981803447425567e24
5.011916127795144e24
5.040732202279568e24
5.068062627480607e24
5.093713556070586e24
5.117486457888726e24
5.139178245288844e24
5.158581402674362e24
5.175484120154519e24
5.1896704312523e24
5.200920354591856e24
5.209010039490815e24
5.213711915379568e24
5.214794844967448e24
5.2120242810728e24
5.205162427031269e24
5.193968400594379e24
5.178198401227672e24
5.157605880715271e24
5.131941716975379e24
5.100954390988844e24
5.064390166740512e24
5.021993274070927e24
4.973506094333683e24
4.918669348751407e24
4.857222289361847e24
4.7889028924424204e24
4.7134480543008796e24
4.6305937893168936e24
4.540075430117693e24
4.441627829769555e24
4.3349855658647495e24
4.2198831463816994e24
4.096055217195525e24
3.963236771113209e24
3.821163358307765e24
3.669571298022316e24
3.508197891416315e24
3.3367816354229846e24
3.155062437485458e24
2.962781831040847e24
2.7596831916169937e24
2.545511953408718e24
2.3200158261963143e24
2.0829450124721033e24
1.8340524246375892e24
1.5730939021320684e24
1.29982842835752e24
1.0140183472589922e24
7.154295794233275e23
4.038318375549677e23
7.89988411920428e22
-2.592914694778232e23
-6.112567208428823e23
-9.771098942702503e23
-1.3570591158289118e24
-1.7513074474685142e24
-2.160052679797232e24
-2.58348712659208e24
-3.021797421183553e24
-3.4751643148487954e24
-3.943762477354373e24
-4.427760299779788e24
-4.927319699758896e24
-5.442595929276815e24
-5.973737385149598e24
-6.520885422324092e24
-7.084174170125786e24
-7.663730351588271e24
-8.25967310598914e24
-8.872113814720502e24
-9.501155930624129e24
-1.0146894810908602e25
-1.0809417553776902e25
-1.148880283888081e25
-1.218512077172777e25
-1.289843273214965e25
-1.3628791226953038e25
-1.4376239746867293e25
-1.514081262789476e25
-1.592253491717829e25
-1.672142224348818e25
-1.7537480692440136e25
-1.8370706686537941e25
-1.922108687014689e25
-2.0088597999491273e25
-2.097320683777696e25
-2.1874870055522687e25
-2.2793534136193887e25
-2.372913528722968e25
-2.468159935653806e25
-2.5650841754547745e25
-2.663676738188875e25
-2.763927056278527e25
-2.8658234984222174e25
-2.9693533640959554e25
-3.074502878646542e25
-3.181257188981846e25
-3.289600359864992e25
-3.3995153708171894e25
-3.5109841136356086e25
-3.6239873905299678e25
-3.738504912882937e25
-3.8545153006392333e25
-3.9719960823259995e25
-4.090923695709109e25
-4.2112734890876514e25
-4.333019723230604e25
-4.456135573956699e25
-4.580593135360692e25
-4.706363423686855e25
-4.833416381852255e25
-4.961720884619297e25
-5.09124474441889e25
-5.221954717825047e25
-5.353816512679269e25
-5.486794795865568e25
-5.6208532017340845e25
-5.755954341173297e25
-5.892059811327721e25
-6.029130205959608e25
-6.1671251264529995e25
-6.306003193455717e25
-6.445722059157435e25
-6.586238420199112e25
-6.727508031211331e25
-6.869485718975377e25
-7.0121253972032366e25
-7.155380081932084e25
-7.29920190752615e25
-7.4435421432815175e25
-7.58835121062648e25
-7.7335787009123475e25
-7.879173393785943e25
-8.025083276137814e25
-8.17125556161743e25
-8.317636710708796e25
-8.464172451356217e25
-8.610807800132431e25
-8.757487083940706e25
-8.904153962239729e25
-9.050751449783076e25
-9.197221939861818e25
-9.3435072280415e25
-9.489548536380884e25
-9.635286538122082e25
-9.78066138284172e25
-9.925612722049448e25
-1.007007973522339e26
-1.0214001156268999e26
-1.0357315300390333e26
-1.049996009135892e26
-1.0641873089168032e26
-1.0782991518059618e26
-1.0923252294908583e26
-1.1062592057951784e26
-1.1200947195846464e26
-1.133825387704524e26
-1.1474448079470892e26
-1.1609465620477735e26
-1.1743242187083173e26
-1.187571336645557e26
-1.2006814676641235e26
-1.2136481597515417e26
-1.2264649601942357e26
-1.239125418712643e26
-1.2516230906139565e26
-1.26395153996074e26
-1.2761043427539106e26
-1.288075090128217e26
-1.2998573915586297e26
-1.3114448780760178e26
-1.3228312054902152e26
-1.3340100576189124e26
-1.3449751495205211e26
-1.3557202307294245e26
-1.36623908849168e26
-1.3765255509994965e26
-1.3865734906228374e26
-1.3963768271361555e26
-1.4059295309386766e26
-1.4152256262663331e26
-1.4242591943937105e26
-1.4330243768240628e26
-1.4415153784657462e26
-1.4497264707932033e26
-1.457651994990856e26
-1.465286365077975e26
-1.4726240710128242e26
-1.4796596817744212e26
-1.4863878484199684e26
-1.4928033071163631e26
-1.4989008821439159e26
-1.5046754888707432e26
-1.5101221366958673e26
-1.5152359319594619e26
-1.5200120808185833e26
-1.524445892086558e26
-1.5285327800344868e26
-1.5322682671531164e26
-1.5356479868735566e26
-1.5386676862450899e26
-1.5413232285685224e26
-1.5436105959835749e26
-1.5455258920085977e26
-1.5470653440311887e26
-1.5482253057481133e26
-1.5490022595531255e26
-1.5493928188710726e26
-1.5493937304370017e26
-1.5490018765186697e26
-1.548214277081232e26
-1.5470280918925978e26
-1.545440622568162e26
-1.5434493145536645e26
-1.5410517590447652e26
-1.538245694842197e26
-1.5350290101411823e26
-1.5313997442540363e26
-1.5273560892646755e26
-1.5228963916139754e26
-1.5180191536149215e26
-1.5127230348964212e26
-1.507006853774819e26
-1.5008695885520579e26
-1.494310378739728e26
-1.4873285262078363e26
-1.4799234962576087e26
-1.472094918617483e26
-1.4638425883614214e26
-1.4551664667488726e26
-1.4460666819856166e26
-1.4365435299049039e26
-1.4265974745681641e26
-1.4162291487847794e26
-1.4054393545503378e26
-1.3942290634029097e26
-1.3825994166968488e26
-1.3705517257937333e26
-1.3580874721700501e26
-1.3452083074414014e26
-1.3319160533027996e26
-1.31821270138492e26
-1.3041004130261393e26
-1.2895815189601416e26
-1.274658518919053e26
-1.2593340811520482e26
-1.2436110418594043e26
-1.2274924045420623e26
-1.2109813392667662e26
-1.1940811818469533e26
-1.1767954329395242e26
-1.1591277570577528e26
-1.141081981500613e26
-1.1226620951988336e26
-1.1038722474779825e26
-1.0847167467391894e26
-1.0652000590577e26
-1.0453268066999651e26
-1.0251017665597242e26
-1.0045298685137156e26
-9.836161936976304e25
-9.623659727030087e25
-9.407845836958044e25
-9.188775504573963e25
-8.96650540348861e25
-8.741093621993761e25
-8.512599641196483e25
-8.281084312413393e25
-8.046609833834596e25
-7.8092397264672e25
-7.569038809370977e25
-7.326073174194642e25
-7.080410159026449e25
-6.832118321570205e25
-6.581267411659225e25
-6.327928343120937e25
-6.072173165005441e25
-5.8140750321912924e25
-5.5537081753826145e25
-5.291147870511728e25
-5.026470407561854e25
-4.759753058824844e25
-4.491074046609352e25
-4.220512510414975e25
-3.948148473588438e25
-3.6740628094772453e25
-3.398337207099703e25
-3.1210541363450763e25
-2.8422968127232305e25
-2.562149161680553e25
-2.280695782499841e25
-1.9980219118021555e25
-1.7142133866689241e25
-1.429356607402798e25
-1.1435384999459543e25
-8.568464779747196e24
-5.693684046897937e24
-2.811925543213989e24
7.592426631149418e22
2.9689755840568247e24
5.866335672091209e24
8.767109246559893e24
1.1670398873909954e25
1.4575305368784505e25
1.7480928193355125e25
2.0386365857898127e25
2.3290716322404878e25
2.6193077399017857e25
2.9092547155083453e25
3.198822431661324e25
3.4879208671941205e25
3.776460147536835e25
4.0643505850581875e25
4.351502719363893e25
4.637827357530249e25
4.923235614251682e25
5.207638951882016e25
5.490949220346012e25
5.7730786969032765e25
6.053940125741043e25
6.333446757375878e25
6.611512387843252e25
6.888051397654036e25
7.1629787904973596e25
7.436210231668999e25
7.70766208620501e25
7.977251456700025e25
8.244896220790097e25
8.51051506827989e25
8.774027537894451e25
9.03535405363568e25
9.29441596072376e25
9.551135561105198e25
9.805436148506055e25
1.005724204301427e26
1.0306478625170314e26
1.0553072369548519e26
1.0796950877810776e26
1.1038042911214461e26
1.1276278422557282e26
1.151158858754123e26
1.1743905835539004e26
1.197316387974559e26
1.2199297746698986e26
1.2422243805153802e26
1.2641939794291587e26
1.2858324851253002e26
1.3071339537976032e26
1.3280925867326807e26
1.3487027328505972e26
1.3689588911719971e26
1.3888557132101361e26
1.4083880052865369e26
1.4275507307690461e26
1.4463390122309812e26
1.4647481335302459e26
1.482773541807158e26
1.500410849399975e26
1.5176558356770212e26
1.5345044487843335e26
1.5509528073079447e26
1.566997201849804e26
1.5826340965164866e26
1.5978601303198557e26
1.6126721184888e26
1.6270670536914794e26
1.6410421071672543e26
1.6545946297676442e26
1.667722152905834e26
1.6804223894141056e26
1.692693234308674e26
1.7045327654615938e26
1.715939244179236e26
1.7269111156870986e26
1.7374470095205378e26
1.7475457398213157e26
1.7572063055397388e26
1.7664278905421705e26
1.775209863623979e26
1.7835517784278485e26
1.7914533732673997e26
1.7989145708563002e26
1.8059354779429787e26
1.8125163848511453e26
1.8186577649262397e26
1.824360273888286e26
1.8296247490913513e26
1.8344522086901208e26
1.838843850713877e26
1.842801052048599e26
1.8463253673275516e26
1.8494185277311205e26
1.85208243969637e26
1.8543191835372352e26
1.856131011976005e26
1.8575203485868634e26
1.858489786152427e26
1.8590420849341775e26
1.859180170857775e26
1.8589071336141006e26
1.858226224677326e26
1.8571408552409817e26
1.855654594073094e26
1.8537711652917973e26
1.85149444606248e26
1.8488284642179005e26
1.845777395802414e26
1.8423455625419104e26
1.838537429240781e26
1.834357601107263e26
1.829810821008934e26
1.8249019666596076e26
1.8196360477394906e26
1.81401820294995e26
1.8080536970048103e26
1.8017479175596923e26
1.795106372081288e26
1.7881346846581197e26
1.7808385927548496e26
1.7732239439118542e26
1.7652966923918235e26
1.7570628957755366e26
1.748528711508533e26
1.739700393400801e26
1.7305842880812728e26
1.721186831409378e26
1.7115145448456146e26
1.7015740317830138e26
1.6913719738419467e26
1.6809151271300866e26
1.6702103184698693e26
1.6592644415953713e26
1.6480844533210558e26
1.636677369684433e26
1.6250502620647466e26
1.6132102532801444e26
1.60116451366537e26
1.5889202571323818e26
1.576484737215939e26
1.5638652431066995e26
1.551069095673901e26
1.5381036434800625e26
1.5249762587897729e26
1.5116943335751507e26
1.4982652755201316e26
1.4846965040257613e26
1.470995446219068e26
1.4571695329675896e26
1.4432261949020227e26
1.4291728584490686e26
1.4150169418770332e26
1.4007658513563344e26
1.3864269770370808e26
1.3720076891462471e26
1.3575153341064868e26
1.342957230678987e26
1.3283406661324021e26
1.3136728924403238e26
1.2989611225093744e26
1.2842125264400038e26
1.2694342278224058e26
1.2546333000694923e26
1.2398167627892091e26
1.2249915781981097e26
1.2101646475785083e26
1.1953428077810937e26
1.1805328277751627e26
1.1657414052483108e26
1.1509751632577694e26
1.1362406469352517e26
1.1215443202471006e26
1.1068925628118722e26
1.092291666777006e26
1.0777478337565594e26
1.0632671718315863e26
1.0488556926151604e26
1.0345193083836229e26
1.0202638292756483e26
1.0060949605609687e26
9.920182999801785e25
9.780393351573051e25
9.641634410864754e25
9.50395877694367e25
9.367417874797614e25
9.232061932314804e25
9.097939958262555e25
8.96509972107627e25
8.833587728472593e25
8.703449207896767e25
8.574728087817823e25
8.447466979880836e25
8.321707161927807e25
8.19748856189555e25
8.074849742601804e25
7.953827887427515e25
7.834458786902774e25
7.716776826206004e25
7.600814973582045e25
7.486604769687063e25
7.374176317864849e25
7.263558275361858e25
7.1547778454851515e25
7.04786077070696e25
6.942831326721348e25
6.839712317454966e25
6.738525071035568e25
6.63928943671916e25
6.5420237827789924e25
6.446744995356474e25
6.3534684782739355e25
6.262208153810386e25
6.172976464438335e25
6.085784375521325e25
6.000641378968903e25
5.917555497848162e25
5.836533291947496e25
5.757579864289752e25
5.680698868589516e25
5.605892517650853e25
5.5331615926995695e25
5.462505453643455e25
5.393922050255047e25
5.327407934268919e25
5.262958272386455e25
5.200566860178863e25
5.14022613688086e25
5.081927201064994e25
5.025659827186263e25
4.9714124829876305e25
4.919172347754479e25
4.868925331407182e25
4.8206560944189515e25
4.7743480685471955e25
4.7299834783649576e25
4.687543363578399e25
4.647007602117098e25
4.608354933981787e25
4.571562985835082e25
4.536608296318919e25
4.503466342083521e25
4.472111564510759e25
4.442517397115441e25
4.414656293606644e25
4.388499756591904e25
4.364018366905687e25
4.341181813543455e25
4.319958924182581e25
4.3003176962705105e25
4.28222532866054e25
4.265648253774697e25
4.250552170273754e25
4.236902076213193e25
4.224662302663813e25
4.213796547775889e25
4.204267911264755e25
4.196038929295888e25
4.189071609746894e25
4.183327467824058e25
4.178767562010382e25
4.1753525303218606e25
4.173042626848895e25
4.171797758559055e25
4.171577522337528e25
4.172341242241105e25
4.174048006941832e25
4.176656707335792e25
4.180126074292758e25
4.184414716521902e25
4.189481158529176e25
4.195283878641404e25
4.20178134707216e25
4.208932064004672e25
4.21669459766661e25
4.225027622371825e25
4.233889956503844e25
4.243240600416214e25
4.253038774224547e25
4.263243955465179e25
4.273815916595538e25
4.284714762311174e25
4.295900966654641e25
4.307335409891311e25
4.318979415127547e25
4.330794784646489e25
4.342743835937068e25
4.354789437391922e25
4.366895043649951e25
4.379024730559617e25
4.3911432297390366e25
4.403215962709406e25
4.4152090745781855e25
4.427089467249053e25
4.438824832135507e25
4.450383682355611e25
4.46173538438543e25
4.47285018914898e25
4.483699262523032e25
4.494254715235138e25
4.504489632133883e25
4.514378100810278e25
4.523895239550184e25
4.533017224597413e25
4.5417213167078655e25
4.549985886975449e25
4.557790441910816e25
4.56511564775447e25
4.57194335400612e25
4.578256616152752e25
4.584039717578283e25
4.5892781906379495e25
4.593958836881442e25
4.598069746408887e25
4.601600316344606e25
4.604541268413784e25
4.606884665607973e25
4.608623927925758e25
4.60975384717547e25
4.610270600827258e25
4.610171764902694e25
4.6094563258903825e25
4.608124691676591e25
4.60617870148082e25
4.603621634786446e25
4.6004582192574664e25
4.596694637632651e25
4.592338533589461e25
4.587399016570331e25
4.581886665564578e25
4.5758135318401286e25
4.5691931406195446e25
4.562040491695626e25
4.554372058982415e25
4.546205788998333e25
4.537561098278529e25
4.528458869714133e25
4.518921447817269e25
4.508972632910673e25
4.498637674242005e25
4.487943262023002e25
4.476917518395032e25
4.465589987322579e25
4.453991623417341e25
4.44215477969581e25
4.4301131942745205e25
4.417901976007288e25
4.4055575890694186e25
4.393117836494996e25
4.380621842673571e25
4.368110034813507e25
4.355624123379465e25
4.343207081512899e25
4.330903123444514e25
4.318757681908133e25
4.3068173845668824e25
4.295130029462321e25
4.283744559498464e25
4.272711035972625e25
4.262080611166422e25
4.251905500010301e25
4.242238950835457e25
4.233135215228438e25
4.224649517003239e25
4.216838020307293e25
4.209757796877358e25
4.20346679246291e25
4.198023792434298e25
4.193488386594165e25
4.18992093321048e25
4.187382522290959e25
4.185934938118412e25
4.1856406210672094e25
4.186562628722065e25
4.188764596320155e25
4.192310696538612e25
4.197265598649334e25
4.203694427064255e25
4.211662719294158e25
4.221236383344177e25
4.23248165457084e25
4.2454650520244345e25
4.2602533343019155e25
4.2769134549352835e25
4.295512517341318e25
4.316117729358499e25
4.3387963573972075e25
4.3636156802301656e25
4.390642942449738e25
4.4199453076195095e25
4.451589811147386e25
4.485643312908258e25
4.522172449644007e25
4.561243587169193e25
4.602922772410885e25
4.647275685311033e25
4.6943675906207e25
4.744263289614628e25
4.797027071755633e25
4.852722666337949e25
4.911413194138947e25
4.97316111910875e25
5.038028200127267e25
5.106075442858339e25
5.17736305173064e25
5.251950382075082e25
5.329895892448431e25
5.411257097172849e25
5.496090519121087e25
5.584451642777135e25
5.676394867601385e25
5.771973461730693e25
5.871239516042029e25
5.974243898609453e25
6.081036209583369e25
6.191664736521405e25
6.3061764101994855e25
6.424616760932023e25
6.547029875429579e25
6.6734583542225894e25
6.803943269678808e25
6.938524124642491e25
7.077238811723066e25
7.220123573260166e25
7.367212961992196e25
7.518539802455193e25
7.674135153137975e25
7.834028269419948e25
7.99824656731667e25
8.166815588059095e25
8.339758963530515e25
8.517098382586208e25
8.698853558279316e25
8.885042196017197e25
9.075679962670393e25
9.270780456657303e25
9.470355179027099e25
9.674413505561543e25
9.882962659917589e25
1.0096007687830656e26
1.031355143239993e26
1.0535594510472891e26
1.076213529015037e26
1.0993169869428536e26
1.1228692055997205e26
1.1468693348209997e26
1.1713162917243577e26
1.1962087590462456e26
1.2215451836003211e26
1.2473237748593827e26
1.273542503662113e26
1.3001991010460958e26
1.327291057208184e26
1.3548156205935036e26
1.3827697971142633e26
1.411150349499263e26
1.4399537967752478e26
1.4691764138807853e26
1.4988142314138079e26
1.5288630355132705e26
1.5593183678757276e26
1.590175525907536e26
1.6214295630130076e26
1.6530752890191247e26
1.6851072707370795e26
1.7175198326611084e26
1.7503070578046084e26
1.7834627886738816e26
1.8169806283794084e26
1.8508539418848565e26
1.8850758573934782e26
1.9196392678718436e26
1.9545368327108145e26
1.9897609795230833e26
2.0253039060772127e26
2.0611575823674346e26
2.0973137528188947e26
2.1337639386274413e26
2.1704994402333467e26
2.2075113399283e26
2.244790504594523e26
2.2823275885752682e26
2.3201130366755018e26
2.3581370872919026e26
2.3963897756706878e26
2.4348609372921415e26
2.473540211380652e26
2.5124170445385754e26
2.5514806945025714e26
2.5907202340208252e26
2.6301245548496456e26
2.6696823718674547e26
2.7093822273046428e26
2.7492124950872454e26
2.789161385292753e26
2.829216948715798e26
2.8693670815417584e26
2.9095995301263274e26
2.9499018958785315e26
2.9902616402452047e26
3.0306660897943924e26
3.0711024413955812e26
3.1115577674939503e26
3.1520190214763665e26
3.192473043126581e26
3.232906564166812e26
3.273306213883235e26
3.313658524832431e26
3.353949938626315e26
3.3941668117923435e26
3.43429542170628e26
3.474321972594722e26
3.5142326016040696e26
3.5540133849331825e26
3.593650344026424e26
3.6331294518242675e26
3.672436639067914e26
3.711557800655032e26
3.7504788020431396e26
3.789185485697662e26
3.827663677580948e26
3.865899193679148e26
3.903877846563673e26
3.941585451983506e26
3.979007835485211e26
4.016130839056999e26
4.052940327793602e26
4.0894221965781505e26
