8.880416015625004e-14
8.889845493410919e10
1.42688047662569e12
7.261596598317352e12
2.3118329258592383e13
5.696840986698905e13
1.1946423870943528e14
2.2424014541307712e14
3.882781122913983e14
6.323371692840245e14
9.814450577844625e14
1.465450551803384e15
2.1196346190315245e15
2.9853784018272015e15
4.110885799336764e15
5.55195823723449e15
7.372819021308498e15
9.646984485681784e15
1.2458178966196606e16
1.5901290454752442e16
2.0083363621512492e16
2.512462672921074e16
3.1159548807624024e16
3.833792330693434e16
4.68259743064982e16
5.680748122075613e16
6.848491781694025e16
8.20806012401407e16
9.783784663043597e16
1.1602212281442557e17
1.3692220445986139e17
1.6085131599738554e17
1.881482625378538e17
2.1917854294755814e17
2.543354401870386e17
2.940410839722783e17
3.3874748078004064e17
3.889375061921083e17
4.451258545563112e17
5.0785994093564685e17
5.777207503205396e17
6.553236290935053e17
7.413190137601984e17
8.363930919961034e17
9.412683911040251e17
1.056704289034034e18
1.183497443184676e18
1.322482132282021e18
1.4745305067214643e18
1.6405527428561318e18
1.8214970968251228e18
2.018349853634659e18
2.232135167335347e18
2.463914788279163e18
2.714787673590207e18
2.985889477143743e18
3.278391915518264e18
3.5935020065652086e18
3.9324611774302986e18
4.2965442390590356e18
4.687058224426519e18
5.105341087948189e18
5.552760263753053e18
6.030711080734276e18
6.540615032533242e18
7.083917900862345e18
7.662087730828143e18
8.27661265718011e18
8.928998580680679e18
9.620766694068929e18
1.0353450857373342e19
1.1128594822617577e19
1.194774930825723e19
1.281246892398446e19
1.372430894684088e19
1.468482194988672e19
1.5695554284985661e19
1.6758042421579342e19
1.7873809143643097e19
1.9044359607334453e19
2.027117726216762e19
2.1555719638870802e19
2.2899414007407366e19
2.430365290896698e19
2.576978956605765e19
2.7299133175154434e19
2.889294408668399e19
3.055242887744661e19
3.2278735320897544e19
3.4072947261027594e19
3.593607939589761e19
3.786907197719373e19
3.987278543247713e19
4.194799491710599e19
4.409538480310524e19
4.631554311255289e19
4.860895590333819e19
5.097600161542784e19
5.341694538604983e19
5.593193334247026e19
5.852098688129718e19
6.118399694349498e19
6.392071829453329e19
6.673076381932682e19
6.961359884184275e19
7.256853547946544e19
7.559472704240665e19
7.869116248864065e19
8.185666094502047e19
8.5089866305397e19
8.838924191671681e19
9.175306536421345e19
9.517942336693558e19
9.866620679496778e19
1.0221110581979895e20
1.0581160520937985e20
1.0946497977947976e20
1.1316829001300861e20
1.1691837785901108e20
1.2071186272306305e20
1.245451376608093e20
1.2841436578637372e20
1.3231547690734998e20
1.3624416439803791e20
1.4019588232253589e20
1.4416584281922275e20
1.4814901375807216e20
1.5214011668213285e20
1.5613362504438176e20
1.601237627510126e20
1.6410450302206083e20
1.6806956758008627e20
1.7201242617743684e20
1.7592629647240325e20
1.798041442643381e20
1.8363868409756582e20
1.874223802436388e20
1.9114744807120968e20
1.9480585581248384e20
1.9838932673489886e20
2.0188934172633288e20
2.052971423017935e20
2.086037340391603e20
2.1179989045116784e20
2.1487615730040717e20
2.178228573636995e20
2.2063009565175962e20
2.2328776508960804e20
2.2578555266271995e20
2.2811294603341604e20
2.3025924063149415e20
2.3221354722259026e20
2.3396479995722206e20
2.3550176490293094e20
2.3681304906137436e20
2.37887109871658e20
2.3871226520060894e20
2.3927670382010198e20
2.3956849637094316e20
2.3957560681219975e20
2.3928590435423968e20
2.3868717587310805e20
2.377671388032219e20
2.3651345450471453e20
2.3491374210109473e20
2.3295559278222472e20
2.3062658456693834e20
2.2791429751894816e20
2.2480632940899887e20
2.212903118155389e20
2.1735392665548528e20
2.129849231359639e20
2.0817113511720462e20
2.0290049887607774e20
1.9716107125904907e20
1.909410482126388e20
1.8422878367876612e20
1.770128088416646e20
1.6928185171236032e20
1.6102485703601268e20
1.5223100650673003e20
1.4288973927379249e20
1.329907727225396e20
1.2252412351250583e20
1.1148012885473506e20
9.984946800954447e19
8.762318398537035e19
7.479270541869244e19
6.134986861441454e19
4.728693972546893e19
3.2596637049811816e19
1.7272153422401102e19
1.3071786791724564e18
-1.5304077830519284e19
-3.256686470706289e19
-5.048586596394943e19
-6.906517851641882e19
-8.83082897209654e19
-1.0821805499174676e20
-1.2879667552036705e20
-1.5004567612594802e20
-1.7196588326278136e20
-1.9455740321324253e20
-2.178196004940077e20
-2.4175107650392028e20
-2.6634964844218968e20
-2.9161232852585205e20
-3.175353035357102e20
-3.4411391472014996e20
-3.713426380864847e20
-3.9921506510959274e20
-4.277238838877901e20
-4.568608607759924e20
-4.866168225262618e20
-5.1698163896595166e20
-5.479442062436041e20
-5.7949243067282457e20
-6.116132132042272e20
-6.442924345555658e20
-6.775149410299487e20
-7.112645310520039e20
-7.455239424515787e20
-7.802748405244477e20
-8.154978068991663e20
-8.511723292390131e20
-8.872767918075748e20
-9.237884669262531e20
-9.606835073515143e20
-9.979369395993582e20
-1.0355226582439678e21
-1.0734134212170537e21
-1.111580846133862e21
-1.1499954076712668e21
-1.1886264360227543e21
-1.227442116454521e21
-1.266409489986164e21
-1.3054944552188492e21
-1.344661771332996e21
-1.3838750622768324e21
-1.423096822166343e21
-1.4622884219162701e21
-1.5014101171210053e21
-1.5404210572032617e21
-1.5792792958475234e21
-1.6179418027342354e21
-1.6563644765897905e21
-1.6945021595662308e21
-1.7323086529636178e21
-1.769736734306846e21
-1.8067381757876374e21
-1.8432637640812137e21
-1.879263321546045e21
-1.9146857288138086e21
-1.9494789487755143e21
-1.983590051968407e21
-2.0169652433670974e21
-2.0495498905809262e21
-2.081288553458379e21
-2.112125015097872e21
-2.1420023142629882e21
-2.1708627791987474e21
-2.1986480628441612e21
-2.2252991794348247e21
-2.2507565424878837e21
-2.2749600041603026e21
-2.2978488959697475e21
-2.3193620708660777e21
-2.339437946639789e21
-2.3580145506523504e21
-2.375029565871767e21
-2.390420378195268e21
-2.404124125039358e21
-2.4160777451760627e21
-2.4262180297925654e21
-2.4344816747499015e21
-2.440805334014851e21
-2.4451256742376107e21
-2.447379430446264e21
-2.4475034628275464e21
-2.4454348145618673e21
-2.4411107706789896e21
-2.4344689178992894e21
-2.4254472054239616e21
-2.4139840066360537e21
-2.4000181816727327e21
-2.38348914082769e21
-2.364336908741139e21
-2.3425021893334307e21
-2.317926431436867e21
-2.2905518950788885e21
-2.2603217183684755e21
-2.227179984936174e21
-2.191071791876892e21
-2.1519433181432544e21
-2.1097418933360774e21
-2.0644160668372293e21
-2.0159156772289642e21
-1.9641919219426242e21
-1.9091974270784394e21
-1.850886317337097e21
-1.789214286002589e21
-1.724138664914929e21
-1.6556184943702206e21
-1.5836145928846914e21
-1.5080896267583923e21
-1.4290081793733055e21
-1.3463368201599527e21
-1.2600441731656883e21
-1.1701009851571794e21
-1.0764801931889561e21
-9.791569915692608e20
-8.78108898153809e20
-7.733158198977317e20
-6.647601175952459e20
-5.524266697365258e20
-4.3630293541063544e20
-3.163790161832402e20
-1.9264771687757093e20
-6.510460518695253e19
6.625192995291791e19
2.014206213037485e20
3.40397267648296e20
4.831746795695799e20
6.297426267572132e20
7.80087786912183e20
9.341936963211187e20
1.0920407021707314e21
1.2536059166726672e21
1.418863173068553e21
1.5877829835844412e21
1.7603324994032034e21
1.9364754727228093e21
2.1161722209674957e21
2.2993795932181892e21
2.486050938927489e21
2.676136078983602e21
2.869581279186584e21
3.066329226199005e21
3.266319006032235e21
3.4694860851278916e21
3.675762294093111e21
3.885075814146443e21
4.097351166330173e21
4.3125092035428803e21
4.5304671054448527e21
4.75113837628691e21
4.974432845711885e21
5.200256672575697e21
5.428512351833618e21
5.659098724534883e21
5.891910990967288e21
6.126840726990799e21
6.363775903597752e21
6.602600909734221e21
6.843196578415818e21
7.085440216167808e21
7.329205635818241e21
7.574363192669206e21
7.820779824069885e21
8.068319092411649e21
8.316841231563656e21
8.566203196764062e21
8.816258717979941e21
9.066858356745594e21
9.317849566486878e21
9.56907675633569e21
9.820381358436437e21
1.0071601898742952e22
1.0322574071301853e22
1.0573130816014854e22
1.0823102399870092e22
1.1072316501628864e22
1.132059829995178e22
1.156777056494466e22
1.1813653753101652e22
1.2058066105620048e22
1.2300823750057673e22
1.2541740805301083e22
1.2780629489809061e22
1.3017300233093284e22
1.3251561790394109e22
1.3483221360507053e22
1.3712084706711327e22
1.3937956280749624e22
1.4160639349804031e22
1.4379936126410747e22
1.4595647901252083e22
1.4807575178762007e22
1.5015517815477197e22
1.5219275161063542e22
1.5418646201943728e22
1.5613429707449379e22
1.580342437841727e22
1.5988428998146727e22
1.6168242585631657e22
1.6342664550978094e22
1.6511494852914727e22
1.667453415830127e22
1.6831584003536282e22
1.6982446957763465e22
1.712692678777223e22
1.7264828624486063e22
1.739595913092887e22
1.7520126671557428e22
1.7637141482844698e22
1.7746815844997134e22
1.7848964254685549e22
1.7943403598667751e22
1.8029953328177557e22
1.8108435633954047e22
1.817867562178094e22
1.824050148840553e22
1.8293744697703032e22
1.8338240156951533e22
1.8373826393079774e22
1.8400345728748983e22
1.8417644458127686e22
1.842557302221706e22
1.842398618358305e22
1.8412743200349463e22
1.8391707999305736e22
1.8360749347980781e22
1.8319741025534477e22
1.826856199231608e22
1.8207096557939039e22
1.8135234547719724e22
1.8052871467328281e22
1.7959908665497892e22
1.7856253494639379e22
1.7741819469206657e22
1.7616526421659627e22
1.7480300655869728e22
1.733307509781443e22
1.7174789443406042e22
1.7005390303301774e22
1.6824831344541163e22
1.663307342885846e22
1.6430084747517269e22
1.6215840952516763e22
1.5990325284018412e22
1.57535286938444e22
1.5505449964898754e22
1.5246095826365215e22
1.4975481064535708e22
1.4693628629125813e22
1.4400569734935322e22
1.4096343958712958e22
1.378099933108777e22
1.3454592423430411e22
1.3117188429510859e22
1.2768861241820406e22
1.2409693522429733e22
1.203977676825603e22
1.1659211370616186e22
1.1268106668944608e22
1.0866580998559092e22
1.045476173235947e22
1.0032785316348598e22
9.600797298867252e21
9.158952353439708e21
8.707414295128921e21
8.246356090305158e21
7.775959859734818e21
7.296416874901547e21
6.807927547474683e21
6.310701411845162e21
5.804957100652695e21
5.290922313233508e21
4.768833776921728e21
4.238937201142375e21
3.7014872242394245e21
3.156747352985848e21
2.6049898947297243e21
2.0464958821334065e21
1.4815549904699093e21
9.104654474439882e20
3.335339355130791e20
-2.489245133133379e20
-8.365866302103188e20
-1.4291210298200687e21
-2.0261883380832613e21
-2.627441327617725e21
-3.2325250606358017e21
-3.841077039387256e21
-4.452727364106949e21
-5.067098898442006e21
-5.683807442325958e21
-6.302461912262503e21
-6.922664528973589e21
-7.54401101236222e21
-8.166090783732508e21
-8.7884871752049e21
-9.410777646256324e21
-1.0032534007310342e22
-1.0653322650295166e22
-1.1272704786081383e22
-1.1890236688704893e22
-1.2505469946273984e22
-1.3117951718453548e22
-1.3727225000412653e22
-1.4332828893116056e22
-1.4934298879833047e22
-1.55311671087316e22
-1.6122962681418882e22
-1.6709211947283958e22
-1.7289438803490924e22
-1.7863165000466032e22
-1.8429910452715297e22
-1.898919355480395e22
-1.9540531502322157e22
-2.00834406176564e22
-2.0617436680379584e22
-2.114203526206796e22
-2.1656752065345915e22
-2.21611032669558e22
-2.2654605864643227e22
-2.313677802764357e22
-2.3607139450549954e22
-2.4065211710337704e22
-2.4510518626315605e22
-2.494258662276892e22
-2.5360945094054767e22
-2.576512677190532e22
-2.615466809469032e22
-2.6529109578385325e22
-2.688799618898865e22
-2.7230877716125097e22
-2.7557309147571057e22
-2.786685104443181e22
-2.815906991669787e22
-2.8433538598904185e22
-2.868983662561219e22
-2.892755060643226e22
-2.9146274600300585e22
-2.9345610488721814e22
-2.952516834768682e22
-2.968456681797154e22
-2.9823433473521917e22
-2.994140518762647e22
-3.003812849657805e22
-3.011325996052279e22
-3.016646652119492e22
-3.0197425856232856e22
-3.020582672977318e22
-3.01913693390164e22
-3.01537656564596e22
-3.0092739767489454e22
-3.0008028203030065e22
-2.989938026693944e22
-2.9766558357849696e22
-2.9609338285145645e22
-2.9427509578778425e22
-2.9220875792611266e22
-2.8989254800995978e22
-2.873247908828047e22
-2.845039603094908e22
-2.8142868172100522e22
-2.78097734879692e22
-2.745100564619943e22
-2.706647425558428e22
-2.665610510698383e22
-2.6219840405141595e22
-2.5757638991120242e22
-2.5269476555082613e22
-2.475534583914784e22
-2.4215256830056277e22
-2.364923694138138e22
-2.3057331185032786e22
-2.24396023317979e22
-2.1796131060675982e22
-2.1127016096764084e22
-2.0432374337458642e22
-1.971234096674486e22
-1.8967069557349706e22
-1.8196732160542968e22
-1.7401519383375023e22
-1.6581640453150403e22
-1.573732326893915e22
-1.486881443993936e22
-1.3976379310508125e22
-1.3060301971689342e22
-1.2120885259072145e22
-1.1158450736823668e22
-1.0173338667746603e22
-9.165907969222891e21
-8.136536154911036e21
-7.085619262076135e21
-6.01357176443813e21
-4.920826470435941e21
-3.8078344068125027e21
-2.675064687436841e21
-1.5230043672877308e21
-3.521582815352277e20
8.369511303346169e20
2.0437840153962632e21
3.2677833131951716e21
4.5083749767169033e21
5.7649682084249e21
7.036955711370535e21
8.323713955364015e21
9.624603458187559e21
1.093896908181697e22
1.2266140343610311e22
1.3605431742407618e22
1.4956143099478136e22
1.63175599142349e22
1.7688953734630201e22
1.9069582542129443e22
2.0458691151153284e22
2.1855511622861806e22
2.325926369314692e22
2.466915521468399e22
2.608438261288542e22
2.7504131355582724e22
2.892757643625629e22
3.035388287061665e22
3.1782206206332744e22
3.3211693045686626e22
3.464148158092709e22
3.6070702142078702e22
3.74984777569554e22
3.892392472311156e22
4.034615319145636e22
4.1764267761243005e22
4.317736808613391e22
4.4584549491033e22
4.598490359936248e22
4.737751897045306e22
4.87614817467042e22
5.013587631016175e22
5.149978594814713e22
5.285229352756515e22
5.419248217750419e22
5.551943597973544e22
5.683224066670469e22
5.812998432660323e22
5.941175811509329e22
6.067665697325557e22
6.192378035131494e22
6.315223293769448e22
6.436112539293669e22
6.55495750880252e22
6.671670684662843e22
6.786165369078273e22
6.898355758952183e22
7.008157020995431e22
7.115485367028172e22
7.220258129424515e22
7.322393836648005e22
7.421812288825381e22
7.5184346333054815e22
7.612183440149516e22
7.702982777498533e22
7.790758286763284e22
7.87543725758148e22
7.956948702486593e22
8.035223431232477e22
8.11019412471729e22
8.18179540845026e22
8.249963925504201e22
8.314638408896814e22
8.375759753343277e22
8.433271086322766e22
8.487117838401155e22
8.537247812752301e22
8.583611253820067e22
8.62616091506348e22
8.664852125727163e22
8.699642856579553e22
8.730493784561318e22
8.75736835628669e22
8.78023285034061e22
8.799056438314745e22
8.81381124452579e22
8.824472404359963e22
8.831018121187583e22
8.833429721792485e22
8.83169171026114e22
8.82579182027715e22
8.815721065767039e22
8.801473789844119e22
8.783047711997631e22
8.760443973475306e22
8.733667180807852e22
8.702725447425007e22
8.667630433313284e22
8.628397382666758e22
8.585045159482705e22
8.537596281055162e22
8.486076949320313e22
8.430517080008821e22
8.370950329560826e22
8.30741411976106e22
8.239949660052092e22
8.168601967485415e22
8.093419884270776e22
8.014456092885967e22
7.931767128710039e22
7.845413390144833e22
7.755459146190552e22
7.661972541442806e22
7.565025598479989e22
7.464694217611379e22
7.361058173957598e22
7.254201111836981e22
7.144210536432706e22
7.031177802717522e22
6.915198101613987e22
6.796370443370412e22
6.674797638134003e22
6.550586273704787e22
6.423846690455237e22
6.294692953402715e22
6.163242821423433e22
6.029617713598758e22
5.893942672686065e22
5.756346325708673e22
5.6169608416614135e22
5.475921886329664e22
5.3333685742224005e22
5.189443417621241e22
5.044292272749948e22
4.898064283070235e22
4.750911819712352e22
4.602990419050583e22
4.454458717436109e22
4.3054783831013725e22
4.15621404525263e22
4.006833220368943e22
3.8575062357285655e22
3.708406150185028e22
3.5597086722179654e22
3.411592075285428e22
3.2642371105068377e22
3.1178269167073863e22
2.97254692785732e22
2.8285847779411187e22
2.6861302032942294e22
2.5453749424464662e22
2.40651263351377e22
2.269738709181809e22
2.1352502893271797e22
2.0032460713236804e22
1.873926218083463e22
1.7474922438846983e22
1.6241468980396355e22
1.5040940464584123e22
1.3875385511665625e22
1.2746861478355208e22
1.1657433213879133e22
1.0609171797406585e22
9.604153257513892e21
8.644457274350525e21
7.732165865198173e21
6.869362054126501e21
6.05812852647159e21
5.300546268876845e21
4.5986931956559695e21
3.954642762250154e21
3.37046256657034e21
2.848212939032085e21
2.3899455221014347e21
1.9977018401900483e21
1.6735118607477857e21
1.419392547419922e21
1.2373464061426228e21
1.1293600250716341e21
1.0974026092435735e21
1.1434245108884444e21
1.2693557563168978e21
1.4771045703228462e21
1.7685558990468358e21
2.1455699322609483e21
2.6099806260396714e21
3.163594226795876e21
3.8081877976632053e21
4.545507748219701e21
5.377268368549257e21
6.305150368647066e21
7.330799424180719e21
8.455824729622335e21
9.681797559772414e21
1.1010249840699925e22
1.2442672731127653e22
1.398051521529102e22
1.5625182708303837e22
1.7378035675063585e22
1.9240388263731234e22
2.1213506954817654e22
2.329860922691042e22
2.549686224007091e22
2.7809381537933227e22
3.0237229769527505e22
3.2781415431851926e22
3.544289163420961e22
3.822255488532589e22
4.112124390424847e22
4.413973845603389e22
4.727875821321086e22
5.0538961644008224e22
5.3920944928319525e22
5.742524090237263e22
6.105231803306281e22
6.480257942288952e22
6.86763618464348e22
7.267393481930262e22
7.679549970042711e22
8.104118882864432e22
8.541106469440782e22
8.99051191475079e22
9.452327264165357e22
9.926537351673448e22
1.0413119731958869e23
1.091204461640666e23
1.1423274813117147e23
1.1946765671003172e23
1.2482465028044636e23
1.303031316377148e23
1.3590242756045842e23
1.41621788422092e23
1.4746038784660881e23
1.5341732240930046e23
1.5949161138301874e23
1.65682196530555e23
1.7198794194369536e23
1.7840763392947743e23
1.8493998094414852e23
1.9158361357531105e23
1.983370845726876e23
2.0519886892793794e23
2.1216736400391565e23
2.1924088971372535e23
2.2641768874991752e23
2.3369592686412255e23
2.410736931973945e23
2.4854900066151696e23
2.5611978637146942e23
2.6378391212924304e23
2.7153916495915216e23
2.793832576947549e23
2.8731382961746796e23
2.9532844714692783e23
3.034246045831068e23
3.115997249001831e23
3.198511605920965e23
3.28176194569718e23
3.3657204110950983e23
3.450358468535226e23
3.535646918605443e23
3.6215559070817586e23
3.7080549364557903e23
3.7951128779659466e23
3.8826979841292444e23
3.9707779017698635e23
4.0593196855406624e23
4.148289811933229e23
4.2376541937717965e23
4.32737819518599e23
4.417426647057013e23
4.5077638629314756e23
4.598353655396905e23
4.689159352912337e23
4.780143817087269e23
4.871269460401872e23
4.9624982643608885e23
5.053791798073486e23
5.145111237250837e23
5.2364173836128986e23
5.327670684695707e23
5.418831254049793e23
5.509858891820414e23
5.6007131056996506e23
5.691353132240344e23
5.7817379585213063e23
5.871826344153115e23
5.961576843613335e23
6.050947828899924e23
6.13989751249098e23
6.228383970598957e23
6.3163651667071e23
6.403798975375497e23
6.490643206304037e23
6.57685562863905e23
6.662393995510441e23
6.747216068785581e23
6.83127964402624e23
6.91454257563434e23
6.996962802172302e23
7.078498371843379e23
7.15910746811725e23
7.238748435485832e23
7.317379805334208e23
7.394960321911175e23
7.471448968384012e23
7.546804992961528e23
7.620987935069647e23
7.693957651563327e23
7.765674342958711e23
7.836098579669036e23
7.905191328227884e23
7.972913977483076e23
8.039228364744608e23
8.104096801869668e23
8.167482101267857e23
8.229347601809629e23
8.289657194620898e23
8.348375348746571e23
8.405467136665943e23
8.460898259642662e23
8.514635072892011e23
8.566644610548296e23
8.616894610414983e23
8.665353538480371e23
8.71199061318153e23
8.756775829399262e23
8.799679982166983e23
8.840674690076201e23
8.879732418361757e23
8.916826501649662e23
8.95193116635065e23
8.985021552682661e23
9.01607373630554e23
9.045064749551324e23
9.07197260223371e23
9.096776302020348e23
9.119455874351834e23
9.139992381891411e23
9.158367943489507e23
9.174565752647571e23
9.188570095465759e23
9.200366368059199e23
9.209941093427922e23
9.217281937765735e23
9.222377726193422e23
9.225218457902138e23
9.225795320692966e23
9.224100704898995e23
9.22012821667644e23
9.213872690651778e23
9.205330201912059e23
9.194498077326023e23
9.181374906183728e23
9.165960550143118e23
9.148256152471854e23
9.12826414657363e23
9.105988263788016e23
9.081433540453686e23
9.054606324225038e23
9.025514279632773e23
8.994166392879222e23
8.960572975859892e23
8.924745669402755e23
8.886697445717777e23
8.846442610049046e23
8.803996801522708e23
8.759376993184252e23
8.712601491219202e23
8.663689933351611e23
8.612663286415432e23
8.559543843094149e23
8.504355217824752e23
8.447122341862421e23
8.387871457502917e23
8.326630111460177e23
8.26342714739722e23
8.198292697608711e23
8.131258173854413e23
8.062356257343027e23
7.991620887866672e23
7.919087252086512e23
7.844791770970918e23
7.768772086387863e23
7.691067046853877e23
7.61171669244243e23
7.53076223885519e23
7.448246060660218e23
7.364211673701444e23
7.278703716684798e23
7.191767931946405e23
7.103451145409322e23
7.013801245735398e23
6.922867162679724e23
6.8306988446555e23
6.737347235517922e23
6.642864250575996e23
6.54730275184181e23
6.450716522527552e23
6.353160240800904e23
6.254689452809938e23
6.155360544989404e23
6.055230715660644e23
5.9543579459380915e23
5.8528009699556054e23
5.750619244426578e23
5.6478729175522714e23
5.544622797293412e23
5.44093031902026e23
5.336857512557338e23
5.2324669686391035e23
5.127821804793689e23
5.022985630671927e23
4.918022512839671e23
4.8129969390517285e23
4.7079737820263506e23
4.6030182627393025e23
4.498195913257458e23
4.393572539131859e23
4.289214181371006e23
4.1851870780151e23
4.0815576253328214e23
3.978392338662153e23
3.8757578129176795e23
3.773720682786555e23
3.672347582636104e23
3.5717051061563375e23
3.471859765760688e23
3.372877951768932e23
3.274825891396367e23
3.1777696075737145e23
3.0817748776223465e23
2.9869071918098742e23
2.8932317118111813e23
2.8008132291005295e23
2.7097161233001274e23
2.620004320511193e23
2.531741251653491e23
2.444989810839506e23
2.3598123138096937e23
2.2762704564552273e23
2.1944252734549542e23
2.114337097053204e23
2.0360655160053443e23
1.9596693347179094e23
1.8852065326103947e23
1.8127342237255425e23
1.7423086166152616e23
1.6739849745291448e23
1.60781757593272e23
1.5438596753822283e23
1.4821634647830707e23
1.4227800350586667e23
1.3657593382566651e23
1.3111501501190601e23
1.2590000331429222e23
1.2093553001581138e23
1.1622609784484122e23
1.1177607744420192e23
1.0758970389975362e23
1.0367107333110527e23
1.0002413954699806e23
9.665271076787804e22
9.356044641817e22
9.075085399072011e22
8.822728598586121e22
8.599293692750378e22
8.405084045864163e22
8.240386651861203e22
8.105471860442999e22
8.000593111845609e22
7.925986680463642e22
7.881871427550851e22
7.86844856321116e22
7.885901417890793e22
7.93439522357741e22
8.014076904906426e22
8.125074880370624e22
8.26749887382362e22
8.441439736462504e22
8.646969279469922e22
8.884140117489344e22
9.152985523102439e22
9.4535192924716e22
9.785735622303556e22
1.0149608998285126e23
1.0545094095135116e23
1.0972125688410044e23
1.1430618578195263e23
1.1920467524805393e23
1.2441547196611857e23
1.2993712130109121e23
1.3576796702321764e23
1.4190615115650146e23
1.4834961395243218e23
1.550960939898065e23
1.6214312840138363e23
1.6948805322804335e23
1.7712800390103933e23
1.850599158528534e23
1.9328052525710125e23
2.0178636989782582e23
2.1057379016846683e23
2.19638930200698e23
2.2897773912324325e23
2.3858597245070612e23
2.484591936023608e23
2.5859277555076507e23
2.6898190259999292e23
2.796215722931649e23
2.9050659744890626e23
3.0163160832625677e23
3.129910549174755e23
3.245792093681065e23
3.363901685235765e23
3.484178566015065e23
3.606560279888661e23
3.730982701629583e23
3.8573800673519355e23
3.985685006164874e23
4.115828573030552e23
4.2477402828127816e23
4.3813481455023894e23
4.516578702604358e23
4.653357064670996e23
4.791606949964756e23
4.931250724233086e23
5.072209441577242e23
5.2144028863960655e23
5.357749616384854e23
5.502167006568753e23
5.647571294349209e23
5.79387762554127e23
5.941000101378959e23
6.088851826464723e23
6.237344957638599e23
6.386390753741939e23
6.535899626249604e23
6.685781190744064e23
6.835944319203921e23
6.986297193078774e23
7.136747357121871e23
7.287201773950792e23
7.437566879306309e23
7.587748637978651e23
7.737652600369797e23
7.887183959659946e23
8.036247609545432e23
8.184748202515226e23
8.332590208632122e23
8.479677974784664e23
8.625915784374765e23
8.771207917406088e23
8.915458710937361e23
9.058572619864443e23
9.200454277994559e23
9.341008559375727e23
9.480140639843836e23
9.617756058749724e23
9.753760780827931e23
9.888061258168735e23
1.0020564492254664e24
1.0151178096022272e24
1.0279810355909983e24
1.0406370293852225e24
1.0530767729180158e24
1.0652913340388882e24
1.0772718726730948e24
1.0890096469595851e24
1.1004960193635054e24
1.1117224627591865e24
1.1226805664795686e24
1.1333620423279843e24
1.1437587305482346e24
1.1538626057488793e24
1.163665782777691e24
1.1731605225421935e24
1.1823392377722416e24
1.1911944987205981e24
1.1997190387974788e24
1.2079057601350521e24
1.2157477390779042e24
1.223238231595486e24
1.23037067861261e24
1.2371387112540643e24
1.243536155999452e24
1.2495570397444044e24
1.2551955947643347e24
1.260446263576951e24
1.2653037036997752e24
1.2697627922989712e24
1.2738186307258128e24
1.277466548937191e24
1.2807021097965925e24
1.2835211132520418e24
1.285919600387562e24
1.2878938573447512e24
1.2894404191111496e24
1.290556073172121e24
1.2912378630230516e24
1.2914830915387246e24
1.2912893241968071e24
1.2906543921524597e24
1.2895763951611493e24
1.2880537043468275e24
1.286084964812715e24
1.28366909809201e24
1.280805304435948e24
1.277493064936672e24
1.2737321434825328e24
1.2695225885434702e24
1.2648647347842501e24
1.2597592045034198e24
1.2542069088959311e24
1.2482090491375058e24
1.241767117288887e24
1.2348828970182318e24
1.2275584641400334e24
1.2197961869690183e24
1.2115987264876128e24
1.2029690363256506e24
1.1939103625511391e24
1.1844262432709723e24
1.1745205080406351e24
1.1641972770820082e24
1.1534609603085626e24
1.1423162561572854e24
1.1307681502268433e24
1.1188219137215812e24
1.1064831017010998e24
1.0937575511352448e24
1.0806513787644947e24
1.067170978765847e24
1.0533230202243923e24
1.0391144444109637e24
1.024552461866303e24
1.0096445492923361e24
9.943984462512989e23
9.788221516735395e23
9.629239201749761e23
9.467122581853263e23
9.301959198882954e23
9.13383902975121e23
8.96285444212927e23
8.789100148294991e23
8.612673157162143e23
8.433672724509887e23
8.252200301432121e23
8.068359481028126e23
7.88225594335628e23
7.693997398675078e23
7.503693528995782e23
7.311455927973022e23
7.117398039160403e23
6.921635092659752e23
6.72428404019351e23
6.525463488631279e23
6.325293632002468e23
6.123896182027994e23
5.921394297205819e23
5.717912510485415e23
5.513576655567856e23
5.308513791869198e23
5.1028521281859276e23
4.896720945102248e23
4.6902505161802916e23
4.483572027974646e23
4.276817498914781e23
4.070119697098831e23
3.863612057043689e23
3.6574285954373105e23
3.451703825939874e23
3.246572673081488e23
3.042170385305074e23
2.8386324472033282e23
2.636094491000599e23
2.4346922073301853e23
2.234561255358977e23
2.0358371723118937e23
1.8386552824493704e23
1.643150605551758e23
1.4494577649651433e23
1.2577108952639963e23
1.0680435495858834e23
8.805886066952942e22
6.954781778328867e22
5.128435134077777e22
3.3281490959065302e22
1.5552161486596242e22
-1.8908263398144444e21
-1.9034785230294404e22
-3.586716066363896e22
-5.237554018942486e22
-6.85476627045626e22
-8.437142769825794e22
-9.983490445934614e22
-1.1492634123995873e23
-1.2963417436945629e23
-1.4394703731254687e23
-1.5785376966555946e23
-1.7134342608474333e23
-1.8440528514056406e23
-1.9702885809192093e23
-2.0920389757423588e23
-2.209204061953781e23
-2.3216864503340597e23
-2.4293914203013686e23
-2.5322270027456317e23
-2.6301040617020672e23
-2.722936374804706e23
-2.8106407124614747e23
-2.893136915692601e23
-2.9703479725744868e23
-3.042200093231858e23
-3.10862278332136e23
-3.169548915950564e23
-3.224914801976806e23
-3.274660258630887e23
-3.3187286764114504e23
-3.3570670841967625e23
-3.3896262125209045e23
-3.4163605549626297e23
-3.437228427595857e23
-3.452192026451499e23
-3.461217482941516e23
-3.464274917196694e23
-3.4613384892709344e23
-3.4523864481657864e23
-3.437401178629829e23
-3.416369245688817e23
-3.389281436863647e23
-3.35613280203408e23
-3.3169226909076535e23
-3.2716547880543125e23
-3.2203371454685834e23
-3.1629822126222266e23
-3.099606863971999e23
-3.0302324238879794e23
-2.95488468896997e23
-2.8735939477201265e23
-2.7863949975419895e23
-2.6933271590372866e23
-2.5944342875735316e23
-2.4897647820966093e23
-2.3793715911645974e23
-2.2633122161800857e23
-2.141648711800407e23
-2.014447683506177e23
-1.8817802823108483e23
-1.743722196594939e23
-1.6003536410508757e23
-1.4517593427257335e23
-1.2980285241508888e23
-1.139254883549494e23
-9.755365721142703e22
-8.0697616834972e22
-6.336806494754148e22
-4.5576135988743485e22
-2.7333397667811986e22
-8.65184722154614e21
1.0456092621464391e22
2.9977577969811464e22
4.989934839075259e22
7.020773182334173e22
9.088864978209518e22
1.1192762285001931e23
1.3330977645952213e23
1.5501984695959717e23
1.7704218796749098e23
1.993607770028503e23
2.2195922240220987e23
2.4482077051139112e23
2.6792831315336097e23
2.912643953687489e23
3.148112234261523e23
3.385506730991122e23
3.624642982064959e23
3.865333394128178e23
4.107387332848891e23
4.350611216009078e23
4.594808609080858e23
4.839780323245739e23
5.0853245158135545e23
5.331236792996021e23
5.577310314987791e23
5.823335903306425e23
6.069102150341298e23
6.314395531058702e23
6.559000516810578e23
6.802699691190896e23
7.045273867883172e23
7.286502210440898e23
7.52616235394071e23
7.7640305284471e23
7.999881684225954e23
8.233489618641979e23
8.464627104675125e23
8.69306602098826e23
8.918577483477824e23
9.140931978237747e23
9.359899495865369e23
9.575249667037185e23
9.78675189928096e23
9.994175514868997e23
1.0197289889757498e24
1.039586459349442e24
1.058966953001818e24
1.077847507926798e24
1.0962052239526024e24
1.1140172770410448e24
1.1312609336437505e24
1.147913565106984e24
1.1639526621168115e24
1.1793558491761302e24
1.194100899105096e24
1.2081657475563994e24
1.2215285075367678e24
1.2341674839260478e24
1.2460611879851047e24
1.2571883518438337e24
1.267527942960429e24
1.2770591785431027e24
1.2857615399253604e24
1.2936147868859572e24
1.300598971904606e24
1.306694454344525e24
1.3118819145528576e24
1.31614236787006e24
1.3194571785392887e24
1.3218080735068664e24
1.3231771561049036e24
1.3235469196071766e24
1.3229002606493814e24
1.321220492504915e24
1.318491358207362e24
1.3146970435109342e24
1.3098221896801082e24
1.3038519060998023e24
1.2967717826974626e24
1.288567902168505e24
1.2792268519966323e24
1.2687357362605786e24
1.257082187218987e24
1.244254376665136e24
1.230241027043363e24
1.2150314223191177e24
1.1986154185946774e24
1.1809834544626579e24
1.1621265610895974e24
1.1420363720219208e24
1.1207051327068583e24
1.0981257097208633e24
1.0742915996983194e24
1.0491969379534051e24
1.0228365067881621e24
9.952057434799264e23
9.663007479414629e23
9.361182900473156e23
9.046558166199496e23
8.71911458069595e23
8.378840346817177e23
8.025730625463045e23
7.659787591233062e23
7.281020484387692e23
6.889445659063582e23
6.48508662769252e23
6.067974101573965e23
5.638146027555629e23
5.1956476207764996e23
4.740531393429801e23
4.2728571795053466e23
3.792692155472855e23
3.3001108568697114e23
2.79519519076028e23
2.2780344440331168e23
1.7487252875087962e23
1.207371775829864e23
6.54085343108749e22
8.89847943112222e21
-4.878037076444456e22
-1.0761466590905173e23
-1.6759032371290912e23
-2.2869253254810485e23
-2.9090575446748366e23
-3.542137286581446e23
-4.185994753301657e23
-4.8404530004073784e23
-5.505327984537046e23
-6.180428615342629e23
-6.865556811781975e23
-7.56050756274933e23
-8.265068992033743e23
-8.979022427590812e23
-9.702142475113124e23
-1.0434197095880272e24
-1.1174947688867661e24
-1.1924149177090277e24
-1.2681550098154405e24
-1.3446892698988945e24
-1.4219913034724963e24
-1.5000341071687813e24
-1.5787900794466017e24
-1.658231031701691e24
-1.7383281997767315e24
-1.8190522558663473e24
-1.9003733208124058e24
-1.9822609767845952e24
-2.064684280340948e24
-2.1476117758630127e24
-2.231011509359681e24
-2.3148510426338516e24
-2.3990974678056365e24
-2.483717422185543e24
-2.568677103491045e24
-2.6539422853994604e24
-2.7394783334299303e24
-2.8252502211471937e24
-2.9112225466793046e24
-2.997359549541517e24
-3.0836251277582385e24
-3.1699828552745847e24
-3.256395999649162e24
-3.342827540019203e24
-3.4292401853290725e24
-3.515596392813125e24
-3.6018583867233444e24
-3.687988177292339e24
-3.7739475799219577e24
-3.859698234587461e24
-3.945201625447292e24
-4.030419100648083e24
-4.115311892314443e24
-4.199841136712925e24
-4.283967894579443e24
-4.367653171599126e24
-4.450857939027641e24
-4.5335431544426583e24
-4.615669782614246e24
-4.69719881648263e24
-4.7780912982317714e24
-4.858308340446994e24
-4.937811147344958e24
-5.016561036063965e24
-5.094519458002557e24
-5.171648020194439e24
-5.247908506707401e24
-5.323262900054049e24
-5.397673402602022e24
-5.471102457971203e24
-5.543512772405687e24
-5.614867336107786e24
-5.685129444521635e24
-5.754262719553906e24
-5.822231130718906e24
-5.888999016195548e24
-5.954531103783554e24
-6.018792531746199e24
-6.081748869527129e24
-6.143366138328508e24
-6.203610831537943e24
-6.262449934991705e24
-6.319850947061616e24
-6.375781898553212e24
-6.430211372402688e24
-6.483108523160309e24
-6.534443096247901e24
-6.584185446978333e24
-6.632306559324652e24
-6.678778064426955e24
-6.723572258824988e24
-6.766662122404575e24
-6.808021336046184e24
-6.847624298963932e24
-6.885446145723594e24
-6.921462762928199e24
-6.955650805559984e24
-6.987987712967627e24
-7.018451724487897e24
-7.047021894690804e24
-7.073678108237863e24
-7.098401094342866e24
-7.121172440825072e24
-7.141974607744695e24
-7.160790940610892e24
-7.177605683152606e24
-7.192403989642833e24
-7.205171936767125e24
-7.215896535027355e24
-7.224565739671961e24
-7.231168461144234e24
-7.235694575040303e24
-7.238134931568856e24
-7.238481364504837e24
-7.2367266996296e24
-7.232864762650313e24
-7.226890386591657e24
-7.218799418653125e24
-7.208588726525555e24
-7.19625620416079e24
-7.181800776988631e24
-7.16522240657561e24
-7.146522094720361e24
-7.125701886980671e24
-7.10276487562768e24
-7.077715202022898e24
-7.050558058414118e24
-7.021299689146662e24
-6.989947391286521e24
-6.956509514652563e24
-6.920995461255134e24
-6.883415684138739e24
-6.843781685626855e24
-6.802106014967327e24
-6.75840226537698e24
-6.712685070484706e24
-6.664970100172189e24
-6.615274055812446e24
-6.563614664905878e24
-6.510010675114775e24
-6.45448184769681e24
-6.397048950338803e24
-6.337733749392557e24
-6.276559001514323e24
-6.213548444710602e24
-6.148726788792462e24
-6.082119705241969e24
-6.013753816493473e24
-5.943656684634108e24
-5.871856799527059e24
-5.798383566362383e24
-5.723267292640222e24
-5.646539174591175e24
-5.568231283039997e24
-5.488376548717762e24
-5.407008747029465e24
-5.324162482282917e24
-5.239873171386484e24
-5.154177027022555e24
-5.067111040304322e24
-4.978712962924233e24
-4.889021288801758e24
-4.798075235239802e24
-4.7059147235979513e24
-4.6125803594925606e24
-4.518113412532607e24
-4.4225557956016246e24
-4.3259500436959007e24
-4.2283392923290964e24
-4.129767255514683e24
-4.0302782033366254e24
-3.9299169391204755e24
-3.828728776215757e24
-3.726759514402337e24
-3.624055415932579e24
-3.5206631812217696e24
-3.416629924200061e24
-3.312003147338194e24
-3.2068307163611516e24
-3.101160834662337e24
-2.995042017432942e24
-2.8885230655195555e24
-2.781653039025142e24
-2.6744812306669894e24
-2.567057138906595e24
-2.459430440866534e24
-2.3516509650486472e24
-2.2437686638695266e24
-2.1358335860278187e24
-2.0278958487196222e24
-1.9200056097171087e24
-1.8122130393262658e24
-1.7045682922401225e24
-1.5971214793027733e24
-1.4899226392012945e24
-1.383021710100958e24
-1.2764685012409573e24
-1.1703126645064736e24
-1.0646036659942437e24
-9.593907575877717e23
-8.54722948559151e23
-7.506489772144693e23
-6.472172825990178e23
-5.4447597627991404e23
-4.424728142221537e23
-3.4125516877593346e23
-2.4087000079111197e23
-1.4136383187661878e23
-4.278271682099822e22
5.482778380883225e22
1.5142263087355018e23
2.469573336559947e23
3.4138797662692436e23
4.346712459659814e23
5.267644558207617e23
6.176255742879808e23
7.072132491001992e23
7.954868330016152e23
8.824064087973724e23
9.679328140596585e23
1.0520276654754964e24
1.1346533828197059e24
1.2157732125383108e24
1.2953512509262386e24
1.3733524668846834e24
1.4497427242428868e24
1.524488803629328e24
1.5975584238782046e24
1.6689202629562385e24
1.738543978396175e24
1.8064002272225584e24
1.8724606853566176e24
1.9366980664863e24
1.9990861403887542e24
2.0595997506921703e24
2.1182148320642578e24
2.174908426815397e24
2.2296587009040296e24
2.2824449593330368e24
2.3332476609252646e24
2.3820484324675248e24
2.4288300822121684e24
2.4735766127257415e24
2.5162732330750096e24
2.5569063703402545e24
2.595463680446965e24
2.6319340583065483e24
2.666307647257889e24
2.698575847801223e24
2.7287313256167927e24
2.756768018860787e24
2.7826811447314693e24
2.8064672052991563e24
2.8281239925935774e24
2.847650592943154e24
2.8650473905606076e24
2.880316070370208e24
2.8934596200721075e24
2.9044823314396785e24
2.9133898008464344e24
2.920188929019238e24
2.9248879200152367e24
2.9274962794201984e24
2.928024811766581e24
2.9264856171699254e24
2.922892087182807e24
2.917258899865932e24
2.9096020140764235e24
2.8999386629739784e24
2.88828734674577e24
2.874667824551715e24
2.8591011056920195e24
2.841609439999478e24
2.822216307459452e24
2.8009464070608705e24
2.777825644882257e24
2.752881121416971e24
2.726141118142597e24
2.6976350833397404e24
2.6673936171659885e24
2.635448455991293e24
2.601832456001476e24
2.5665795760769575e24
2.5297248599545357e24
2.4913044176800343e24
2.4513554063606316e24
2.4099160102256825e24
2.3670254200056518e24
2.3227238116389085e24
2.277052324316897e24
2.2300530378782752e24
2.1817689495634593e24
2.1322439501410662e24
2.0815227994183355e24
2.029651101148159e24
1.976675277345417e24
1.9226425420261448e24
1.8676008743830452e24
1.8115989914115697e24
1.7546863200010843e24
1.696912968505803e24
1.6383296978109808e24
1.5789878919097315e24
1.518939528006645e24
1.4582371461642869e24
1.396933818509475e24
1.3350831180160294e24
1.2727390868815724e24
1.2099562045158093e24
1.1467893551581976e24
1.0832937951433821e24
1.019525119832647e24
9.555392302303973e23
8.913922993044679e23
8.271407380297086e23
7.628411611743494e23
6.985503528487503e23
6.343252318367663e23
5.702228167296446e23
5.0630019088309284e23
4.4261446721786584e23
3.792227528847646e23
3.1618211381494115e23
2.5354953917650686e23
1.91381905758687e23
1.2973594230482253e23
6.866819381575755e22
8.23498584498881e21
-5.150761119259327e22
-1.1050381767690812e23
-1.6869818038170107e23
-2.2603560799494423e23
-2.8246140653849632e23
-3.379213146651672e23
-3.92361538811401e23
-4.457287881835177e23
-4.979703095557721e23
-5.4903392185829125e23
-5.98868050533041e23
-6.474217616361719e23
-6.946447956649428e23
-7.404876010876864e23
-7.849013675552007e23
-8.278380587722753e23
-8.692504450079453e23
-9.090921352234479e23
-9.473176087966723e23
-9.838822468225108e23
-1.0187423629682289e24
-1.0518552338634827e24
-1.0831791290046482e24
-1.1126733401534243e24
-1.1402982102098367e24
-1.1660151615401091e24
-1.1897867237398873e24
-1.211576560813961e24
-1.2313494977535027e24
-1.2490715464923304e24
-1.2647099312240935e24
-1.2782331130622943e24
-1.289610814025816e24
-1.2988140403324062e24
-1.3058151049836126e24
-1.3105876496242783e24
-1.3131066656607806e24
-1.3133485146219904e24
-1.31129094774772e24
-1.3069131247897536e24
-1.3001956320107393e24
-1.2911204993670526e24
-1.279671216861722e24
-1.2658327500544963e24
-1.2495915547159128e24
-1.2309355906134603e24
-1.2098543344177182e24
-1.1863387917172291e24
-1.160381508131463e24
-1.131976579511101e24
-1.101119661216374e24
-1.0678079764635932e24
-1.0320403237316185e24
-9.938170832196268e23
-9.531402223486197e23
-9.100133002997406e23
-8.64441471582343e23
-8.164314886263474e23
-7.659917033928339e23
-7.13132067998616e23
-6.57864134349817e23
-6.002010527813965e23
-5.401575696989536e23
-4.777500242204711e23
-4.129963438162993e23
-3.459160389454382e23
-2.7653019668814044e23
-2.0486147337389184e23
-1.3093408620605671e23
-5.4773803883474884e22
2.359206377853321e22
1.0413467722603137e23
1.868236795400773e23
2.7162720980219528e23
3.585119174482872e23
4.474429776053087e23
5.38384107406231e23
6.312975832763824e23
7.261442591852813e23
8.22883585856425e23
9.214736309268628e23
1.0218711000488976e24
1.1240313589238552e24
1.2279084562592807e24
1.3334551476382736e24
1.4406229202911112e24
1.5493620187567235e24
1.6596214714227953e24
1.7713491179314984e24
1.8844916374373842e24
1.9989945777044553e24
2.1148023850270447e24
2.2318584349606977e24
2.3501050638465041e24
2.4694836011139824e24
2.589934402344949e24
2.711396883082082e24
2.8338095533643825e24
2.95711005297096e24
3.0812351873554913e24
3.2061209642511344e24
3.331702630927439e24
3.4579147120781164e24
3.5846910483200224e24
3.711964835281975e24
3.839668663261699e24
3.967734557429882e24
4.096094018557941e24
4.2246780642479964e24
4.3534172706407836e24
4.48224181457917e24
4.611081516202378e24
4.739865881947476e24
4.868524147933365e24
4.996985323701923e24
5.125178236292006e24
5.253031574619701e24
5.380473934140147e24
5.507433861763713e24
5.633839901001284e24
5.759620637311008e24
5.884704743620531e24
6.009021025997306e24
6.132498469439403e24
6.255066283760236e24
6.376653949538502e24
6.497191264106744e24
6.616608387549461e24
6.734835888683696e24
6.851804790993568e24
6.967446618490197e24
7.081693441469589e24
7.19447792213907e24
7.305733360084947e24
7.41539373755194e24
7.52339376450696e24
7.629668923457921e24
7.734155513999906e24
7.836790697060064e24
7.937512538812729e24
8.036260054237214e24
8.132973250289378e24
8.227593168659827e24
8.32006192809008e24
8.410322766219813e24
8.498320080936892e24
8.583999471203477e24
8.667307777330746e24
8.748193120675209e24
8.826604942730359e24
8.90249404358666e24
8.975812619734313e24
9.046514301182319e24
9.114554187868778e24
9.179888885336946e24
9.242476539651966e24
9.302276871534178e24
9.359251209684253e24
9.413362523276876e24
9.464575453599112e24
9.512856344810871e24
9.558173273804546e24
9.600496079142007e24
9.639796389047228e24
9.676047648433182e24
9.709225144942704e24
9.739306033982776e24
9.76626936273291e24
9.790096093108221e24
9.810769123658942e24
9.828273310388081e24
9.842595486470019e24
9.85372448085316e24
9.861651135730254e24
9.86636832286106e24
9.867870958732057e24
9.866156018539036e24
9.86122254897881e24
9.85307167983696e24
9.84170663435927e24
9.82713273839516e24
9.809357428302004e24
9.78839025760024e24
9.764242902369344e24
9.736929165376109e24
9.706464978926794e24
9.672868406435886e24
9.636159642704705e24
9.596361012903885e24
9.55349697025461e24
9.507594092404102e24
9.458681076491785e24
9.406788732903021e24
9.351949977708643e24
9.294199823788529e24
9.233575370639067e24
9.17011579286442e24
9.103862327352688e24
9.034858259139097e24
8.9631489059582e24
8.888781601489191e24
8.811805677297909e24
8.73227244348111e24
8.650235168018353e24
8.565749054838217e24
8.478871220606654e24
8.389660670244908e24
8.298178271186804e24
8.204486726384496e24
8.108650546073893e24
8.010736018310474e24
7.910811178288336e24
7.808945776454726e24
7.705211245434246e24
7.599680665777147e24
7.492428730546531e24
7.383531708761195e24
7.273067407710037e24
7.161115134156344e24
7.047755654449397e24
6.933071153563085e24
6.817145193080744e24
6.700062668146603e24
6.581909763405482e24
6.462773907951664e24
6.342743729310397e24
6.22190900647421e24
6.100360622018786e24
5.978190513322036e24
5.855491622911972e24
5.732357847969148e24
5.608883989009444e24
5.485165697774993e24
5.361299424359804e24
5.237382363599208e24
5.11351240075071e24
4.989788056496438e24
4.866308431296234e24
4.743173149121739e24
4.620482300602675e24
4.498336385615671e24
4.3768362553483175e24
4.2560830538695225e24
4.136178159239773e24
4.01722312419313e24
3.8993196164255147e24
3.782569358521929e24
3.667074067557204e24
3.5529353944049547e24
3.440254862788642e24
3.32913380811081e24
3.219673316094696e24
3.111974161274935e24
3.006136745372185e24
2.9022610355879543e24
2.800446502856608e24
2.7007920600896785e24
2.6033960004498315e24
2.508355935691286e24
2.415768734602731e24
2.325730461590588e24
2.2383363154385854e24
2.1536805682816485e24
2.0718565048301313e24
1.99295636188238e24
1.917071268161886e24
1.8442911845163364e24
1.774704844515704e24
1.7083996954855482e24
1.6454618400130888e24
1.5859759779618003e24
1.5300253490317502e24
1.47769167590135e24
1.4290551079868327e24
1.3841941658555355e24
1.343185686328051e24
1.3061047683052645e24
1.2730247193547121e24
1.2440170030915959e24
1.21915118738836e24
1.1984948934474422e24
1.182113745770453e24
1.1700713230573368e24
1.162429110068504e24
1.1592464504821375e24
1.160580500778959e24
1.1664861851857651e24
1.177016151709032e24
1.19222072928879e24
1.212147886103095e24
1.2368431890522315e24
1.2663497644516267e24
1.3007082599618626e24
1.339956807783003e24
1.38413098914077e24
1.4332638000904724e24
1.4873856186646248e24
1.5465241733891099e24
1.610704513192192e24
1.6799489787299457e24
1.7542771751509782e24
1.8337059463222413e24
1.9182493505375652e24
2.0079186377291462e24
2.1027222282017779e24
2.2026656929086512e24
2.307751735286769e24
2.417980174669178e24
2.5333479312903687e24
2.6538490129000905e24
2.7794745030004514e24
2.910212550719788e24
3.046048362336003e24
3.186964194461403e24
3.3329393488996885e24
3.483950169185238e24
3.6399700388138156e24
3.800969381172113e24
3.966915661174189e24
4.1377733886099773e24
4.3135041232116713e24
4.494066481441562e24
4.679416145004897e24
4.869505871089673e24
5.064285504334494e24
5.263701990524554e24
5.467699392014948e24
5.676218904879463e24
5.889198877781477e24
6.106574832563629e24
6.328279486550496e24
6.55424277655912e24
6.784391884609466e24
7.018651265327226e24
7.256942675030001e24
7.499185202486065e24
7.745295301335375e24
7.995186824159859e24
8.248771058190524e24
8.505956762636638e24
8.76665020762179e24
9.030755214711259e24
9.298173199012378e24
9.56880321283095e24
9.842541990863244e24
1.011928399690464e25
1.0398921472052646e25
1.0681344484383279e25
1.0966440980076814e25
1.1254096835969458e25
1.1544195913506196e25
1.1836620114068231e25
1.2131249435649333e25
1.2427962030852355e25
1.2726634266178466e25
1.3027140782578996e25
1.3329354557239753e25
1.3633146966567417e25
1.3938387850345e25
1.4244945577024955e25
1.4552687110125175e25
1.4861478075694864e25
1.5171182830814075e25
1.5481664533092544e25
1.5792785211129584e25
1.6104405835899674e25
1.6416386393024906e25
1.6728585955895549e25
1.7040862759600633e25
1.7353074275627402e25
1.7665077287290921e25
1.7976727965850842e25
1.8287881947275827e25
1.8598394409612442e25
1.8908120150915958e25
1.9216913667700794e25
1.9524629233866e25
1.9831120980053048e25
2.0136242973390553e25
2.043984929758171e25
2.0741794133289164e25
2.1041931838772025e25
2.1340117030729162e25
2.163620466530239e25
2.1930050119194015e25
2.2221509270851127e25
2.251043858167127e25
2.279669517718063e25
2.308013692813979e25
2.3360622531527993e25
2.3638011591359743e25
2.3912164699285887e25
2.4182943514931433e25
2.445021084592348e25
2.4713830727560876e25
2.49736685020787e25
2.5229590897460012e25
2.548146610574785e25
2.572916386081008e25
2.597255551550996e25
2.621151411823616e25
2.644591448874496e25
2.6675633293269003e25
2.690054911884544e25
2.712054254681887e25
2.73354962254727e25
2.7545294941744022e25
2.7749825691977395e25
2.794897775167286e25
2.814264274418468e25
2.8330714708326636e25
2.8513090164841646e25
2.8689668181692713e25
2.886035043813338e25
2.9025041287516463e25
2.9183647818799964e25
2.9336079916710303e25
2.9482250320523257e25
2.962207468142347e25
2.9755471618404893e25
2.98823627726742e25
3.00026728605209e25
3.0116329724617935e25
3.0223264383717638e25
3.032341108070905e25
3.0416707329002746e25
3.0503093957210664e25
3.0582515152089264e25
3.0654918499715417e25
3.072025502486436e25
3.0778479228561995e25
3.082954912378219e25
3.087342626926307e25
3.091007580141622e25
3.093946646430299e25
3.096157063765543e25
3.097636436291747e25
3.098382736728598e25
3.0983943085729792e25
3.0976698680968224e25
3.096208506138986e25
3.094009689689469e25
3.0910732632643624e25
3.087399450069972e25
3.0829888529548622e25
3.077842455148395e25
3.0719616207848045e25
3.0653480952116534e25
3.0580040050818206e25
3.0499318582283436e25
3.041134543321276e25
3.0316153293062744e25
3.0213778646242972e25
3.010426176212363e25
2.9987646682850322e25
2.9863981208967763e25
2.973331688285233e25
2.959570896995618e25
2.9451216437867652e25
2.9299901933191272e25
2.9141831756255706e25
2.8977075833655346e25
2.88057076886364e25
2.86278044093358e25
2.844344661488642e25
2.8252718419399815e25
2.8055707393841085e25
2.7852504525812357e25
2.764320417725933e25
2.7427904040121422e25
2.720670508994215e25
2.697971153746276e25
2.674703077821874e25
2.6508773340163005e25
2.6265052829340886e25
2.601598587364017e25
2.57616920646455e25
2.5502293897622224e25
2.523791670966157e25
2.4968688616014417e25
2.46947404446479e25
2.4416205669055223e25
2.413322033935289e25
2.3845923011701523e25
2.355445467608343e25
2.3258958682476934e25
2.29595806654626e25
2.265646846730319e25
2.2349772059534465e25
2.2039643463111226e25
2.172623666714774e25
2.1409707546296896e25
2.109021377681307e25
2.076791475134092e25
2.0442971492479303e25
2.0115546565163367e25
1.9785803987915945e25
1.945390914301368e25
1.9120028685618084e25
1.878433045192278e25
1.8446983366364396e25
1.8108157347952425e25
1.7768023215766046e25
1.7426752593674443e25
1.708451781433043e25
1.6741491822494587e25
1.6397848077741664e25
1.6053760456605584e25
1.5709403154219496e25
1.5364950585504203e25
1.5020577285965004e25
1.4676457812149954e25
1.4332766641830887e25
1.398967807396076e25
1.3647366128468948e25
1.3306004445949987e25
1.2965766187305216e25
1.262682393339712e25
1.2289349584772684e25
1.1953514261517761e25
1.1619488203298747e25
1.1287440669653424e25
1.095753984058806e25
1.0629952717540873e25
1.0304845024772213e25
9.982381111238043e24
9.662723853008995e24
9.346034556290656e24
9.032472861107253e24
8.722196645703938e24
8.415361931729229e24
8.112122790253172e24
7.812631248680054e24
7.517037198613967e24
7.22548830473199e24
6.938129914724439e24
6.655104970355601e24
6.376553919703406e24
6.102614630630421e24
5.833422305543654e24
5.569109397494924e24
5.30980552767619e24
5.055637404363444e24
4.806728743359226e24
4.563200189987689e24
4.325169242690219e24
4.0927501782740447e24
3.866053978860807e24
3.6451882605841297e24
3.430257204084265e24
3.2213614868442835e24
3.0185982174156746e24
2.82206087157541e24
2.631839230460367e24
2.448019320719233e24
2.2706833567255503e24
2.099909684890418e24
1.9357727301148495e24
1.7783429444204494e24
1.6276867577937124e24
1.483866531281658e24
1.3469405123713103e24
1.2169627926882158e24
1.0939832680441267e24
9.780476008663492e23
8.69197185036707e23
7.674691131688775e23
6.72896146351141e23
5.855066863788276e23
5.0532475050178315e23
4.32369948707996e23
3.6665746356584014e23
3.081980326435387e23
2.5699793352449148e23
2.130589714356465e23
1.763784695029835e23
1.4694926164930894e23
1.2475968814516177e23
1.0979359382478675e23
1.0203032897513797e23
1.0144475290656295e23
1.080072402104621e23
1.2168368970845466e23
1.4243553609651497e23
1.7021976428448855e23
2.049889264314949e23
2.4669116167464297e23
2.9527021854812764e23
3.506654800870855e23
4.1281199161005984e23
4.816404911710705e23
5.570774426719805e23
6.390450716233434e23
7.274614035405145e23
8.222403049604924e23
9.232915270629378e23
1.0305207518775639e24
1.1438296410584368e24
1.2631158872036745e24
1.3882732676984297e24
1.519191701056472e24
1.655757305734696e24
1.79785246139321e24
1.9453558725720239e24
2.09814263475397e24
2.25608430278205e24
2.419048961597251e24
2.586901299262688e24
2.759502682237002e24
2.936711232859605e24
3.1183819090081805e24
3.304366585888079e24
3.4945141399111433e24
3.688670534621052e24
3.8866789086195994e24
4.088379665448526e24
4.293610565379081e24
4.5022068190604885e24
4.714001182977692e24
4.928824056666648e24
5.146503581635269e24
5.366865741936062e24
5.589734466335541e24
5.814931732025177e24
6.042277669816016e24
6.271590670759782e24
6.502687494136574e24
6.735383376749769e24
6.969492143466626e24
7.20482631894261e24
7.441197240466843e24
7.678415171864643e24
7.916289418392704e24
8.154628442561248e24
8.393239980817485e24
8.631931161022824e24
8.87050862065718e24
9.108778625680835e24
9.346547189986454e24
9.583620195370926e24
9.819803511957192e24
1.0054903118996039e25
1.028872522597636e25
1.0521076393973173e25
1.0751763657161374e25
1.0980594644423067e25
1.1207377700976592e25
1.1431922009954413e25
1.1654037713857246e25
1.1873536035811181e25
1.2090229400555374e25
1.2303931555086359e25
1.251445768888689e25
1.2721624553664775e25
1.2925250582530072e25
1.3125156008536514e25
1.3321162982514948e25
1.3513095690125772e25
1.370078046805804e25
1.3884045919303002e25
1.4062723027430425e25
1.4236645269795544e25
1.4405648729606327e25
1.4569572206779853e25
1.4728257327517752e25
1.4881548652531e25
1.5029293783845042e25
1.5171343470116868e25
1.5307551710395757e25
1.5437775856261258e25
1.556187671227148e25
1.5679718634656316e25
1.579116962819092e25
1.5896101441185197e25
1.5994389658526742e25
1.608591379271494e25
1.617055737282504e25
1.6248208031342443e25
1.6318757588808145e25
1.6382102136217289e25
1.6438142115114384e25
1.6486782395329397e25
1.6527932350300407e25
1.6561505929930174e25
1.6587421730923817e25
1.660560306455852e25
1.661597802183472e25
1.6618479535962274e25
1.6613045442134404e25
1.6599618534544912e25
1.6578146620605613e25
1.6548582572321365e25
1.6510884374783274e25
1.6465015171740412e25
1.6410943308214027e25
1.6348642370117428e25
1.6278091220849038e25
1.619927403482541e25
1.6112180327924068e25
1.6016804984808122e25
1.591314828310415e25
1.5801215914410105e25
1.5681019002107804e25
1.5552574115960356e25
1.5415903283472906e25
1.5271033998000537e25
1.5117999223585935e25
1.4956837396513039e25
1.4787592423565301e25
1.461031367697637e25
1.4425055986067006e25
1.423187962555937e25
1.4030850300566477e25
1.3822039128252313e25
1.3605522616162736e25
1.3381382637229283e25
1.3149706401447216e25
1.291058642423557e25
1.2664120491483895e25
1.2410411621297523e25
1.2149568022449979e25
1.1881703049558377e25
1.1606935154994799e25
1.1325387837551829e25
1.1037189587882152e25
1.0742473830731226e25
1.0441378863988874e25
1.013404779458197e25
9.820628471238158e24
9.501273414146604e24
9.176139741549491e24
8.84538909329495e24
8.509187551386678e24
8.16770555756822e24
7.821117827977663e24
7.469603264916346e24
7.113344865770396e24
6.752529629132366e24
6.387348458166066e24
6.017996061263494e24
5.644670850043871e24
5.267574834743532e24
4.886913517052634e24
4.502895780449781e24
4.115733778094109e24
3.725642818329222e24
3.3328412478615023e24
2.9375503326715e24
2.539994136721373e24
2.140399398523948e24
1.7389954056359088e24
1.3360138671455495e24
9.316887842199104e23
5.262563187842997e23
1.1995466040226518e23
-2.869761085688828e23
-6.942941494756669e23
-1.1017560054434092e24
-1.5091167409513828e24
-1.916130082833856e24
-2.3225485626251547e24
-2.7281236601732855e24
-3.132605948437841e24
-3.535745239394301e24
-3.937290730960849e24
-4.3369911548638347e24
-4.734594925360456e24
-5.129850288730828e24
-5.522505473457044e24
-5.912308841000186e24
-6.299009037091152e24
-6.682355143445377e24
-7.062096829815667e24
-7.437984506293727e24
-7.809769475770665e24
-8.177204086469427e24
-8.540041884456783e24
-8.898037766047843e24
-9.250948130009883e24
-9.598531029478289e24
-9.940546323491293e24
-1.0276755828054976e25
-1.0606923466647296e25
-1.0930815420069594e25
-1.1248200275557326e25
-1.1558849175056951e25
-1.1862535962581386e25
-1.2159037330551897e25
-1.2448132965038416e25
-1.2729605689808317e25
-1.3003241609094243e25
-1.3268830248993847e25
-1.3526164697411827e25
-1.3775041742458906e25
-1.4015262009218494e25
-1.4246630094797673e25
-1.4468954701574506e25
-1.46820487685591e25
-1.48857296007835e25
-1.5079818996637493e25
-1.5264143373069262e25
-1.5438533888568381e25
-1.5602826563852704e25
-1.5756862400178989e25
-1.5900487495200312e25
-1.6033553156292965e25
-1.6155916011278065e25
-1.6267438116463387e25
-1.6367987061932575e25
-1.6457436074010582e25
-1.653566411483496e25
-1.6602555978964942e25
-1.6658002386960526e25
-1.6701900075866847e25
-1.6734151886539277e25
-1.675466684774735e25
-1.6763360256996738e25
-1.6760153758010426e25
-1.6744975414811886e25
-1.6717759782355137e25
-1.6678447973647689e25
-1.6626987723315435e25
-1.656333344755912e25
-1.6487446300454754e25
-1.6399294226552712e25
-1.6298852009730574e25
-1.6186101318259452e25
-1.6061030746042336e25
-1.5923635849988848e25
-1.5773919183488869e25
-1.5611890325953767e25
-1.5437565908392516e25
-1.525096963499435e25
-1.5052132300692136e25
-1.4841091804680129e25
-1.4617893159866258e25
-1.4382588498236919e25
-1.4135237072118698e25
-1.3875905251320424e25
-1.3604666516142928e25
-1.3321601446247496e25
-1.3026797705372104e25
-1.2720350021893194e25
-1.2402360165226101e25
-1.2072936918066748e25
-1.1732196044472794e25
-1.1380260253791396e25
-1.1017259160437255e25
-1.0643329239531114e25
-1.0258613778410744e25
-9.863262824025536e24
-9.457433126234377e24
-9.041288077021483e24
-8.614997645655352e24
-8.178738309809935e24
-7.73269298267819e24
-7.277050936102933e24
-6.812007719756821e24
-6.337765076406205e24
-5.854530853290695e24
-5.362518909660649e24
-4.861949020508309e24
-4.353046776539551e24
-3.836043480427345e24
-3.3111760393958606e24
-2.778686854185901e24
-2.238823704449593e24
-1.6918396306333353e24
-1.1379928123998075e24
-5.7754644365274515e23
-1.0768604219717062e22
5.6206787173943375e23
1.1406855305375842e24
1.724802436910723e24
2.314132315042715e24
2.9083846925982906e24
3.5072650476855645e24
4.1104749586794457e24
4.717712256823143e24
5.328671181535348e24
5.943042538336809e24
6.560513859319001e24
7.180769566069254e24
7.803491134964398e24
8.428357264751267e24
9.055044046318717e24
9.68322513457731e24
1.0312571922348655e25
1.0942753716176084e25
1.1573437913959991e25
1.2204290184319713e25
1.2834974647589692e25
1.346515405834498e25
1.4094489989362811e25
1.472264301691279e25
1.5349272907280109e25
1.5974038804412498e25
1.6596599418591883e25
1.7216613216023857e25
1.7833738609236912e25
1.8447634148190145e25
1.905795871197562e25
1.966437170101391e25
2.026653322962758e25
2.086410431889006e25
2.145674708963372e25
2.2044124955512227e25
2.262590281600453e25
2.320174724924772e25
2.3771326704592666e25
2.4334311694764974e25
2.489037498752645e25
2.543919179671917e25
2.5980439972586067e25
2.651380019125436e25
2.703895614326922e25
2.755559472107094e25
2.806340620529938e25
2.8562084449821283e25
2.9051327065364483e25
2.953083560165536e25
3.0000315727945203e25
3.045947741182124e25
3.0908035096193213e25
3.1345707874346546e25
3.1772219662960337e25
3.2187299372979576e25
3.2590681078242607e25
3.2982104181755e25
3.3361313579512523e25
3.372805982176779e25
3.4082099271643224e25
3.4423194260990864e25
3.4751113243399317e25
3.506563094425611e25
3.536652850776498e25
3.5653593640830696e25
3.5926620753713994e25
3.6185411097370756e25
3.6429772897385143e25
3.665952148440834e25
3.687447942102155e25
3.707447662493523e25
3.725935048844814e25
3.742894599408174e25
3.7583115826316496e25
3.7721720479352156e25
3.784462836081914e25
3.795171589137051e25
3.804286760008315e25
3.8117976215604718e25
3.81769427529774e25
3.821967659608032e25
3.824609557562665e25
3.8256126042661245e25
3.824970293750038e25
3.8226769854063265e25
3.818727909954404e25
3.8131191749375755e25
3.8058477697443057e25
3.796911570149892e25
3.786309342374661e25
3.774040746655053e25
3.760106340323882e25
3.7445075803968553e25
3.727246825662227e25
3.7083273382711664e25
3.6877532848262543e25
3.6655297369662937e25
3.6416626714453835e25
3.6161589697050224e25
3.5890264169377887e25
3.5602737006418565e25
3.5299104086656402e25
3.497947026742187e25
3.464394935513412e25
3.4292664070441237e25
3.3925746008269195e25
3.354333559278125e25
3.314558202726407e25
3.2732643238952584e25
3.230468581881145e25
3.1861884956293103e25
3.14044243690954e25
3.09324962279451e25
3.044630107643612e25
2.994604774595422e25
2.943195326572337e25
2.890424276801103e25
2.8363149388533296e25
2.78089141621033e25
2.7241785913569468e25
2.6662021144090738e25
2.6069883912806038e25
2.546564571394572e25
2.484958534944781e25
2.4221988797137167e25
2.3583149074531118e25
2.2933366098336766e25
2.227294653970919e25
2.1602203675340385e25
2.0921457234453596e25
2.0231033241778243e25
1.9531263856584813e25
1.8822487207860143e25
1.8105047225707217e25
1.7379293469055496e25
1.6645580949767553e25
1.590426995323913e25
1.5155725855576627e25
1.4400318937454216e25
1.3638424194744012e25
1.2870421146020533e25
1.2096693637039586e25
1.1317629642295629e25
1.053362106376306e25
9.745063526928124e24
8.952356174221251e24
8.155901455959858e24
7.356104918915306e24
6.553374992616845e24
5.748122773509947e24
4.940761807085641e24
4.131707868097582e24
3.3213787389938234e24
2.510193986675674e24
1.6985747377138147e24
8.869434521420001e23
7.572369595550327e22
-7.346600875610339e23
-1.543782807547567e24
-2.3512189561974209e24
-3.156542840171212e24
-3.9593288126657576e24
-4.759151506008608e24
-5.555586064645515e24
-6.34820837839047e24
-7.136595315804971e24
-7.920324957574351e24
-8.698976829750278e24
-9.472132136719796e24
-1.0239373993776489e25
-1.1000287659153215e25
-1.1754460765386118e25
-1.2501483549875538e25
-1.324094908451082e25
-1.3972453504225528e25
-1.4695596234350796e25
-1.540998021663362e25
-1.6115212133788714e25
-1.6810902632452084e25
-1.7496666544405343e25
-1.817212310594083e25
-1.8836896175237362e25
-1.9490614447620506e25
-2.0132911668573666e25
-2.0763426844381033e25
-2.1381804450270863e25
-2.1987694635936865e25
-2.258075342831391e25
-2.3160642931486115e25
-2.3727031523606236e25
-2.427959405070759e25
-2.4818012017290416e25
-2.5341973773566287e25
-2.585117469924672e25
-2.63453173837622e25
-2.68241118028016e25
-2.728727549106167e25
-2.7734533711100483e25
-2.8165619618189663e25
-2.858027442105946e25
-2.8978247538440127e25
-2.9359296751297004e25
-2.9723188350664744e25
-3.0069697280984665e25
-3.0398607278855584e25
-3.0709711007105893e25
-3.1002810184102605e25
-3.1277715708210425e25
-3.1534247777321137e25
-3.177223600337252e25
-3.1991519521780812e25
-3.2191947095713894e25
-3.2373377215132416e25
-3.253567819053276e25
-3.2678728241325817e25
-3.2802415578788324e25
-3.290663848353015e25
-3.299130537741842e25
-3.3056334889908617e25
-3.3101655918728754e25
-3.3127207684874263e25
-3.313293978186561e25
-3.311881221923233e25
-3.308479546018231e25
-3.3030870453426575e25
-3.295702865912545e25
-3.286327206893045e25
-3.2749613220099425e25
-3.2616075203660624e25
-3.246269166661421e25
-3.2289506808150335e25
-3.2096575369881774e25
-3.188396262007659e25
-3.165174433189405e25
-3.140000675561906e25
-3.1128846584900874e25
-3.0838370917004876e25
-3.052869720708326e25
-3.019995321648523e25
-2.985227695511721e25
-2.9485816617881307e25
-2.9100730515210587e25
-2.8697186997732206e25
-2.827536437509147e25
-2.7835450828966585e25
-2.7377644320319967e25
-2.6902152490919327e25
-2.6409192559183153e25
-2.5898991210390555e25
-2.5371784481315166e25
-2.482781763933291e25
-2.426734505606451e25
-2.3690630075617695e25
-2.3097944877487803e25
-2.2489570334193803e25
-2.1865795863713064e25
-2.1226919276798313e25
-2.057324661924675e25
-1.9905092009210454e25
-1.9222777469626565e25
-1.852663275585621e25
-1.781699517862667e25
-1.709420942236183e25
-1.6358627359007003e25
-1.5610607857437402e25
-1.485051658856131e25
-1.4078725826215155e25
-1.329561424396099e25
-1.25015667078987e25
-1.1696974065598564e25
-1.0882232931278032e25
-1.0057745467330815e25
-9.223919162337337e24
-8.381166605669546e24
-7.529905258823357e24
-6.670557223598194e24
-5.803549007254725e24
-4.929311284785309e24
-4.04827865842167e24
-3.160889414524108e24
-2.267585277978872e24
-1.3688111642516199e24
-4.6501492922716544e23
4.4335288301376e23
1.3558392943451737e24
2.2719891485266562e24
3.1913453687653806e24
4.11344921676997e24
5.03784055313855e24
5.964058098941342e24
6.891639698338025e24
7.820122582086204e24
8.749043631785919e24
9.677939644703754e24
1.0606347599031337e25
1.1533804919414058e25
1.245984974260524e25
1.3384021183081108e25
1.4305859598470657e25
1.522490685463564e25
1.6140706590252367e25
1.705280448073651e25
1.7960748501352275e25
1.886408918935768e25
1.9762379905021535e25
2.065517709136624e25
2.154204053247277e25
2.2422533610202796e25
2.329622355917529e25
2.416268171985245e25
2.5021483789579573e25
2.5872210071425073e25
2.6714445720677434e25
2.7547780988841192e25
2.8371811464992966e25
2.9186138314341977e25
2.999036851385666e25
3.078411508481034e25
3.156699732210107e25
3.233864102021084e25
3.309867869565736e25
3.3846749805808346e25
3.458250096391526e25
3.5305586150240243e25
3.6015666919136985e25
3.6712412601962017e25
3.7395500505686393e25
3.8064616107080435e25
3.871945324235396e25
3.93597142921252e25
3.998511036160661e25
4.059536145588601e25
4.119019665019659e25
4.176935425505933e25
4.233258197619582e25
4.2879637069104695e25
4.341028648819841e25
4.392430703040677e25
4.442148547314539e25
4.490161870656305e25
4.536451385997315e25
4.58099884223873e25
4.623787035706703e25
4.664799821001251e25
4.704022121231642e25
4.7414399376305585e25
4.777040358540647e25
4.810811567766414e25
4.842742852285782e25
4.872824609315033e25
4.901048352722056e25
4.927406718782667e25
4.951893471275222e25
4.97450350590949e25
4.99523285408546e25
5.014078685979015e25
5.031039312950849e25
5.046114189276256e25
5.0593039131931574e25
5.070610227266577e25
5.0800360180679625e25
5.087585315168087e25
5.093263289442967e25
5.097076250692253e25
5.099031644570312e25
5.09913804883033e25
5.097405168882399e25
5.09384383266686e25
5.088465984844501e25
5.081284680305878e25
5.072314077002009e25
5.061569428099713e25
5.0490670734645275e25
5.03482443047523e25
5.018859984173919e25
5.0011932767563e25
4.981844896407041e25
4.9608364654855774e25
4.938190628068071e25
4.913931036851698e25
4.888082339427725e25
4.8606701639303595e25
4.831721104068606e25
4.80126270354886e25
4.769323439896276e25
4.73593270768335e25
4.701120801174493e25
4.664918896395902e25
4.627359032640083e25
4.588474093415011e25
4.5482977868482355e25
4.506864625556411e25
4.464209905991259e25
4.420369687273256e25
4.37538076952457e25
4.3292806717132944e25
4.282107609021077e25
4.233900469746894e25
4.184698791759618e25
4.134542738512768e25
4.08347307463473e25
4.031531141108144e25
3.978758830052848e25
3.92519855912608e25
3.870893245555012e25
3.815886279816045e25
3.7602214989761926e25
3.7039431597116066e25
3.6470959110188557e25
3.589724766634758e25
3.5318750771805018e25
3.4735925020464517e25
3.4149229810337065e25
3.3559127057692045e25
3.296608090910772e25
3.2370557451592712e25
3.177302442094638e25
3.117395090852922e25
3.057380706662067e25
2.9973063812531394e25
2.9372192531652156e25
2.877166477961062e25
2.8171951983717436e25
2.757352514387609e25
2.6976854533139004e25
2.638240939808664e25
2.579065765921096e25
2.520206561148471e25
2.4617097625294994e25
2.4036215847925316e25
2.3459879905764006e25
2.2888546607423704e25
2.23226696479503e25
2.1762699314302516e25
2.120908219228627e25
2.066226087511795e25
2.012267367380214e25
1.959075432949843e25
1.9066931728059066e25
1.855162961691152e25
1.804526632446576e25
1.7548254482218923e25
1.7061000749732675e25
1.6583905542657237e25
1.6117362763971077e25
1.566175953860937e25
1.5217475951646707e25
1.47848847902038e25
1.436435128923954e25
1.3956232881396121e25
1.3560878951053533e25
1.3178630592755094e25
1.2809820374160885e25
1.2454772103681562e25
1.2113800602946923e25
1.1787211484256541e25
1.1475300933161333e25
1.1178355496318828e25
1.0896651874764085e25
1.0630456722735547e25
1.0380026452189942e25
1.0145607043140426e25
9.927433859945972e24
9.725731473679564e24
9.540713490696463e24
9.372582387524242e24
9.221529352188351e24
9.08773413208723e24
8.971364888525563e24
8.872578058010435e24
8.791518220412454e24
8.728317974088843e24
8.683097818062802e24
8.6559660413483e24
8.647018619506523e24
8.656339118515247e24
8.683998606028719e24
8.730055570101366e24
8.794555845444241e24
8.877532547278965e24
8.979006012849412e24
9.098983750647078e24
9.237460397401688e24
9.39441768288397e24
9.569824402562694e24
9.763636398154626e24
9.975796546099512e24
1.0206234753990058e25
1.0454867964979304e25
1.0721600170186363e25
1.1006322429113272e25
1.1308912898084209e25
1.1629236866711506e25
1.1967146802388224e25
1.2322482402804057e25
1.2695070656473875e25
1.308472591126564e25
1.349124995090827e25
1.3914432079456627e25
1.4354049213683502e25
1.4809865983366826e25
1.528163483943349e25
1.5769096169915718e25
1.6271978423674675e25
1.6789998241835988e25
1.7322860596882959e25
1.787025893934269e25
1.843187535200083e25
1.9007380711572802e25
1.959643485775462e25
2.0198686769575103e25
2.0813774748962162e25
2.1441326611434736e25
2.2080959883825764e25
2.2732282008938983e25
2.3394890557034134e25
2.4068373444035747e25
2.475230915635316e25
2.5446266982194418e25
2.614980724925728e25
2.6862481568669405e25
2.758383308505336e25
2.8313396732580405e25
2.9050699496880992e25
2.9795260682668002e25
3.054659218693185e25
3.1304198777560208e25
3.2067578377226697e25
3.283622235240113e25
3.360961580731635e25
3.4387237882735197e25
3.5168562059348934e25
3.5953056465641837e25
3.6740184190049994e25
3.752940359723848e25
3.832016864832303e25
3.911192922485313e25
3.990413145637447e25
4.06962180513886e25
4.148762863151634e25
4.227780006867948e25
4.30661668251042e25
4.385216129595718e25
4.463521415440879e25
4.5414754698931675e25
4.6190211202632206e25
4.69610112644092e25
4.772658216173886e25
4.848635120487783e25
4.923974609228005e25
4.998619526701506e25
5.072512827397979e25
5.145597611769486e25
5.217817162046959e25
5.28911497807265e25
5.359434813126965e25
5.4287207097285575e25
5.496917035385918e25
5.563968518279267e25
5.629820282851079e25
5.694417885283876e25
5.757707348843726e25
5.819635199067918e25
5.8801484987755735e25
5.939194882879541e25
5.996722592978404e25
6.052680511707223e25
6.107018196825963e25
6.159685915024311e25
6.210634675422019e25
6.259816262743904e25
6.307183270148694e25
6.352689131691132e25
6.396288154397037e25
6.4379355499307515e25
6.4775874658352435e25
6.515201016324704e25
6.550734312610088e25
6.5841464927380644e25
6.615397750924161e25
6.64444936636113e25
6.671263731483746e25
6.695804379671573e25
6.718036012371601e25
6.73792452562262e25
6.755437035963987e25
6.770541905711295e25
6.783208767582126e25
6.793408548655009e25
6.801113493645654e25
6.8062971874841036e25
6.808934577177656e25
6.809001992943905e25
6.806477168599504e25
6.801339261190046e25
6.79356886984687e25
6.783148053857575e25
6.770060349936765e25
6.754290788684475e25
6.735825910219667e25
6.714653778977346e25
6.6907639976577595e25
6.664147720316368e25
6.634797664584781e25
6.6027081230121865e25
6.5678749735180615e25
6.5302956889467834e25
6.489969345716185e25
6.446896631551785e25
6.401079852298908e25
6.352522937806395e25
6.301231446874912e25
6.2472125712644415e25
6.190475138754813e25
6.131029615255468e25
6.068888105959323e25
6.004064355537665e25
5.936573747372017e25
5.866433301821344e25
5.7936616735221145e25
5.718279147719104e25
5.640307635627136e25
5.559770668822444e25
5.476693392664521e25
5.391102558748274e25
5.303026516388943e25
5.212495203141124e25
5.119540134353826e25
5.024194391765721e25
4.926492611143253e25
4.826470968966537e25
4.724167168166661e25
4.6196204229210685e25
4.512871442512268e25
4.403962414255619e25
4.292936985504629e25
4.179840244740087e25
4.0647187017521585e25
3.947620266922756e25
3.828594229619051e25
3.7076912357066188e25
3.584963264193486e25
3.460463603014616e25
3.3342468239697803e25
3.206368756826006e25
3.0768864625962206e25
2.945858206008692e25
2.8133434271793304e25
2.67940271250187e25
2.5440977647689473e25
2.407491372540738e25
2.269647378775741e25
2.1306306487388553e25
1.9905070372047673e25
1.849343354972055e25
1.7072073347063983e25
1.5641675961290895e25
1.4202936105707838e25
1.2756556649082256e25
1.1303248249020415e25
9.843728979568368e24
8.378723953217927e24
6.908964937531151e24
5.435189966572924e24
3.958142947379937e24
2.478573261662837e24
9.972353629691854e23
-4.8511163048989696e23
-1.9677043471079933e24
-3.449775577030757e24
-4.930554690963264e24
-6.40926806238731e24
-7.885139492971491e24
-9.357390640925904e24
-1.0825241452079361e25
-1.2287910593419198e25
-1.3744615888860321e25
-1.5194574757007517e25
-1.6637004650645647e25
-1.8071123497725448e25
-1.9496150143583246e25
-2.091130479415906e25
-2.2315809459941937e25
-2.3708888400397696e25
-2.5089768568633444e25
-2.645768005602444e25
-2.7811856536562976e25
-2.915153571066083e25
-3.04759597481638e25
-3.178437573030109e25
-3.30760360903279e25
-3.4350199052592287e25
-3.560612906978369e25
-3.684309725808907e25
-3.806038183000742e25
-3.925726852457673e25
-4.043305103473944e25
-4.158703143160798e25
-4.271852058536514e25
-4.382683858256445e25
-4.491131513955991e25
-4.597129001182683e25
-4.700611339893344e25
-4.8015146344901474e25
-4.899776113372611e25
-4.995334167980456e25
-5.0881283913046685e25
-5.178099615841641e25
-5.265189950967654e25
-5.349342819711352e25
-5.4305029948998535e25
-5.508616634657183e25
-5.583631317231881e25
-5.655496075133162e25
-5.724161428552351e25
-5.789579418049974e25
-5.851703636486302e25
-5.910489260176381e25
-5.9658930792479756e25
-6.017873527183423e25
-6.066390709526797e25
-6.11140643173616e25
-6.152884226163759e25
-6.190789378145299e25
-6.225088951181952e25
-6.255751811196842e25
-6.282748649850171e25
-6.306052006897397e25
-6.325636291573961e25
-6.3414778029924775e25
-6.353554749537036e25
-6.36184726724226e25
-6.366337437141835e25
-6.367009301574823e25
-6.363848879437791e25
-6.3568441803700935e25
-6.345985217862081e25
-6.3312640212751435e25
-6.312674646764447e25
-6.29021318709415e25
-6.26387778033716e25
-6.233668617450889e25
-6.19958794872212e25
-6.1616400890735825e25
-6.119831422226361e25
-6.074170403712661e25
-6.024667562734201e25
-5.971335502861468e25
-5.9141889015706575e25
-5.853244508615602e25
-5.788521143231892e25
-5.7200396901719e25
-5.647823094569982e25
-5.571896355637163e25
-5.4922865191860895e25
-5.409022668987121e25
-5.322135916957614e25
-5.2316593921864736e25
-5.137628228797331e25
-5.040079552654174e25
-4.93905246691379e25
-4.834588036429886e25
-4.726729271015656e25
-4.615521107570037e25
-4.501010391075622e25
-4.383245854475828e25
-4.262278097439784e25
-4.138159564024084e25
-4.010944519241216e25
-3.880689024545109e25
-3.7474509122449095e25
-3.611289758858687e25
-3.472266857419476e25
-3.3304451887467056e25
-3.1858893916965023e25
-3.0386657324054036e25
-2.8888420725416933e25
-2.7364878365811364e25
-2.5816739781215215e25
-2.4244729452539225e25
-2.2649586450074157e25
-2.1032064068851187e25
-1.9392929455099716e25
-1.7732963223992936e25
-1.605295906887272e25
-1.4353723362158405e25
-1.263607474814155e25
-1.090084372787932e25
-9.148872236399845e24
-7.381013212442909e24
-5.598130160960021e24
-3.8010967086033766e24
-1.9907961524358667e24
-1.6812100211261403e23
1.666027484239234e24
3.510739770183291e24
5.365098516930373e24
7.228179064834169e24
9.099049920165013e24
1.0976773246901652e25
1.2860405363270566e25
1.4748997242765286e25
1.664159501937362e25
1.8537240496733518e25
2.0434971660941183e25
2.233382319672761e25
2.423282700672212e25
2.6131012733511205e25
2.802740828421142e25
2.992104035725193e25
3.181093497108962e25
3.369611799454971e25
3.5575615678499605e25
3.744845518855904e25
3.931366513854426e25
4.117027612434725e25
4.301732125794989e25
4.485383670126796e25
4.667886219952444e25
4.849144161384737e25
5.0290623452790725e25
5.207546140247224e25
5.384501485502558e25
5.559834943506817e25
5.733453752386909e25
5.905265878093225e25
6.075180066267975e25
6.243105893794178e25
6.408953819995119e25
6.572635237454583e25
6.734062522428202e25
6.893149084816431e25
7.049809417669868e25
7.203959146197796e25
7.355515076251134e25
7.504395242251082e25
7.6505189545351795e25
7.793806846092574e25
7.934180918660589e25
8.071564588155664e25
8.205882729410146e25
8.337061720189663e25
8.465029484463494e25
8.589715534902128e25
8.711051014576285e25
8.828968737831875e25
8.943403230316206e25
9.054290768130682e25
9.161569416086126e25
9.265179065036882e25
9.365061468270837e25
9.46116027693266e25
9.55342107445782e25
9.64179140999628e25
9.72622083080426e25
9.806660913584389e25
9.883065294752584e25
9.955389699614356e25
1.0023591970430351e26
1.0087632093352977e26
1.0147472224217157e26
1.0203076713167545e26
1.0254412128106355e26
1.0301447276945427e26
1.034415322864816e26
1.0382503333046654e26
1.0416473239419752e26
1.0446040913819927e26
1.0471186655135772e26
1.0491893109879037e26
1.0508145285684727e26
1.0519930563514156e26
1.0527238708551826e26
1.0530061879786983e26
1.0528394638271357e26
1.0522233954046674e26
1.0511579211734967e26
1.0496432214785186e26
1.0476797188372282e26
1.0452680780943463e26
1.0424092064408842e26
1.0391042532972614e26
1.0353546100604092e26
1.0311619097146845e26
1.0265280263064661e26
1.0214550742826209e26
1.0159454076928477e26
1.0100016192561323e26
1.0036265392915178e26
9.968232345136502e25
9.895950066934691e25
9.819453911844644e25
9.738781553152483e25
9.65397296648964e25
9.565070411103807e25
9.472118409813312e25
9.375163727655891e25
9.274255349239894e25
9.169444454809703e25
9.060784395034837e25
8.94833066453676e25
8.832140874165207e25
8.712274722036524e25
8.588793963350154e25
8.461762378996736e25
8.331245742974625e25
8.197311788629446e25
8.060030173735981e25
7.919472444439155e25
7.77571199807152e25
7.628824044868694e25
7.4788855686006325e25
7.3259752861407785e25
7.170173605992218e25
7.011562585795001e25
6.8502258888359765e25
6.686248739583022e25
6.519717878269745e25
6.350721514552854e25
6.179349280268581e25
6.005692181311525e25
5.8298425486643595e25
5.651893988602944e25
5.4719413321053215e25
5.290080583490121e25
5.10640886831483e25
4.921024380561269e25
4.734026329136129e25
4.545514883718407e25
4.355591119981547e25
4.164356964222159e25
3.971915137423862e25
3.7783690987898285e25
3.583822988774244e25
3.3883815716434164e25
3.1921501776009387e25
2.9952346445074106e25
2.7977412592289227e25
2.5997766986452615e25
2.401447970353548e25
2.2028623530996563e25
2.004127336969957e25
1.8053505633798054e25
1.6066397648907567e25
1.4081027048923964e25
1.2098471171810985e25
1.0119806454728594e25
8.146107828827714e24
6.178448114073724e24
4.217897414428057e24
2.2655225137579147e24
3.2238627281300085e23
-1.610452972393306e24
-3.5319420104266876e24
-5.441033352169699e24
-7.336685826092496e24
-9.217865170728764e24
-1.1083544623988165e25
-1.2932705508971479e25
-1.4764337815955183e25
-1.6577440780181816e25
-1.8371023455134386e25
-2.01441052809433e25
-2.189571664760724e25
-2.362489945267456e25
-2.533070765306218e25
-2.7012207810695724e25
-2.8668479631623656e25
-3.029861649830103e25
-3.19017259947115e25
-3.347693042402853e25
-3.5023367318484285e25
-3.65401899411549e25
-3.8026567779346455e25
-3.948168702929822e25
-4.0904751071890024e25
-4.229498093907341e25
-4.365161577074763e25
-4.497391326178493e25
-4.6261150098943295e25
-4.751262238738785e25
-4.872764606656771e25
-4.990555731517718e25
-5.104571294495446e25
-5.214749078307788e25
-5.321029004290557e25
-5.423353168283572e25
-5.521665875305221e25
-5.615913672994364e25
-5.706045383797025e25
-5.79201213587773e25
-5.873767392735833e25
-5.95126698150654e25
-6.024469119928843e25
-6.0933344419619065e25
-6.157826022033604e25
-6.2179093979037815e25
-6.273552592127572e25
-6.3247261321033816e25
-6.371403068692128e25
-6.413558993393901e25
-6.451172054069997e25
-6.484222969198996e25
-6.5126950406556216e25
-6.536574165002903e25
-6.555848843288436e25
-6.57051018933667e25
-6.580551936529719e25
-6.585970443070346e25
-6.586764695721564e25
-6.582936312018032e25
-6.574489540945459e25
-6.561431262085105e25
-6.543770983221249e25
-6.521520836410467e25
-6.494695572512487e25
-6.463312554183146e25
-6.427391747331061e25
-6.386955711040344e25
-6.342029585962779e25
-6.292641081183413e25
-6.238820459565033e25
-6.18060052157719e25
-6.118016587616966e25
-6.05110647882884e25
-5.979910496432825e25
-5.904471399570239e25
-5.82483438167715e25
-5.7410470453976425e25
-5.653159376048284e25
-5.561223713647537e25
-5.465294723523215e25
-5.365429365513662e25
-5.261686861777902e25
-5.154128663230678e25
-5.042818414620762e25
-4.927821918269704e25
-4.809207096490743e25
-4.6870439527066045e25
-4.561404531287855e25
-4.432362876132711e25
-4.299994988009728e25
-4.164378780687343e25
-4.025594035873294e25
-3.883722356988467e25
-3.738847121799633e25
-3.5910534339380376e25
-3.4404280733292755e25
-3.287059445562538e25
-3.131037530225835e25
-2.9724538282371613e25
-2.811401308200155e25
-2.647974351813163e25
-2.482268698363793e25
-2.314381388338513e25
-2.1444107061799192e25
-1.972456122222417e25
-1.7986182338406374e25
-1.622998705842836e25
-1.4457002101425603e25
-1.2668263647439496e25
-1.086481672074219e25
-9.047714566994217e24
-7.218018024575031e24
-5.376794890463714e24
-3.5251192810247643e24
-1.664070988056905e24
2.0526516950637954e23
2.081799997886323e24
3.964440584349929e24
5.852090956339147e24
7.743652743436149e24
9.638025841795397e24
1.1534109080645937e25
1.3430800890486972e25
1.5326999972572511e25
1.7221605969298207e25
1.911352013510788e25
2.100164600750581e25
2.288489007779596e25
2.4762162461139984e25
2.663237756555433e25
2.849445475943067e25
3.034731903719261e25
3.2189901682701967e25
3.4021140929999825e25
3.583998262100405e25
3.7645380859757673e25
3.943629866285153e25
4.121170860561236e25
4.297059346367336e25
4.471194684955299e25
4.643477384383474e25
4.813809162058239e25
4.982093006659892e25
5.148233239416703e25
5.312135574687809e25
5.47370717981937e25
5.6328567342361695e25
5.789494487733745e25
5.943532317933345e25
6.094883786865001e25
6.243464196644432e25
6.38919064420741e25
6.531982075068846e25
6.6717593360719706e25
6.808445227095678e25
6.941964551686024e25
7.0722441665804974e25
7.199213030094388e25
7.3228022493368625e25
7.442945126227854e25
7.559577202285195e25
7.672636302154387e25
7.782062575851235e25
7.887798539690603e25
7.989789115875039e25
8.08798167071583e25
8.18232605146231e25
8.272774621714005e25
8.359282295392836e25
8.441806569251183e25
8.520307553894512e25
8.594748003296558e25
8.665093342787481e25
8.731311695494132e25
8.793373907214278e25
8.851253569707235e25
8.904927042382932e25
8.954373472374036e25
8.999574812975425e25
9.04051584043742e25
9.077184169098512e25
9.109570264845652e25
9.137667456891031e25
9.161471947854014e25
9.180982822139312e25
9.196202052602674e25
9.20713450549671e25
9.213787943689917e25
9.216173028153547e25
9.214303317712106e25
9.208195267053213e25
9.197868222994921e25
9.183344419008543e25
9.164648967996913e25
9.141809853328127e25
9.114857918126655e25
9.083826852824162e25
9.048753180973949e25
9.009676243333176e25
8.966638180218924e25
8.91968391214442e25
8.868861118743578e25
8.814220215991966e25
8.755814331734344e25
8.693699279529432e25
8.627933530823523e25
8.55857818546584e25
8.485696940579287e25
8.40935605780137e25
8.329624328910995e25
8.246573039857902e25
8.1602759332123e25
8.070809169053454e25
7.9782512843168e25
7.882683150620041e25
7.784187930589591e25
7.682851032710385e25
7.578760064721434e25
7.472004785581955e25
7.362677056033051e25
7.250870787780827e25
7.136681891327933e25
7.020208222480917e25
6.901549527562274e25
6.780807387356364e25
6.658085159819184e25
6.533487921583253e25
6.40712240828902e25
6.279096953775536e25
6.1495214281631525e25
6.018507174862738e25
5.886166946545412e25
5.752614840108785e25
5.617966230674942e25
5.48233770465728e25
5.345846991933364e25
5.208612897161296e25
5.070755230278483e25
4.932394736221605e25
4.793653023906979e25
4.654652494511928e25
4.5155162690972625e25
4.376368115612132e25
4.237332375322354e25
4.098533888704603e25
3.9600979208483045e25
3.822150086408318e25
3.6848162741506093e25
3.548222571135702e25
3.412495186582094e25
3.277760375454282e25
3.1441443618196974e25
3.0117732620186606e25
2.8807730076922616e25
2.751269268712613e25
2.6233873760609177e25
2.4972522446981745e25
2.372988296473633e25
2.2507193831165756e25
2.1305687093565215e25
2.0126587562173763e25
1.8971112045306682e25
1.7840468587132298e25
1.673585570855202e25
1.5658461651623599e25
1.4609463627989566e25
1.3590027071754288e25
1.2601304897259939e25
1.164443676220565e25
1.0720548336555283e25
9.830750577674584e24
8.976139012136329e24
8.157793024629395e24
7.376775154404924e24
6.634130399688252e24
5.930885530482369e24
5.268048410184602e24
4.6466073264340493e24
4.067530331600104e24
3.531764593327539e24
3.040235755531705e24
2.593847310248003e24
2.193479980728396e24
1.8399911161683932e24
1.534214098448751e24
1.2769577612638733e24
1.0690058220094254e24
9.111163267863831e23
8.040211088782782e23
7.484252610527041e23
7.450066220219789e23
7.944152774009905e23
8.972730754837472e23
1.0541731581607954e24
1.2656795072835199e24
1.5323265067766155e24
1.8546185207909436e24
2.233029488186537e24
2.6680025336118243e24
3.159949595449199e24
3.709251070889176e24
4.316255478370092e24
4.981279137629725e24
5.704605867590488e24
6.486486702306196e24
7.327139625166851e24
8.22674932156461e24
9.185466950216228e24
1.0203409933305309e25
1.128066176562237e25
1.2417271842851308e25
1.3613255309158908e25
1.4868592924207434e25
1.6183230949720586e25
1.7557081055724125e25
1.899002024654487e25
2.048189080667302e25
2.203250026655475e25
2.3641621388399176e25
2.5308992172034485e25
2.7034315880874524e25
2.8817261088015628e25
3.0657461742502832e25
3.255451725575389e25
3.4507992608148145e25
3.6517418475778676e25
3.8582291377318004e25
4.070207384098082e25
4.2876194591518585e25
4.5104048757207024e25
4.738499809672875e25
4.97183712458784e25
5.210346398400767e25
5.453953952007633e25
5.702582879821225e25
5.956153082263332e25
6.214581300181211e25
6.477781151170231e25
6.7456631677874545e25
7.018134837640006e25
7.295100645326622e25
7.576462116214723e25
7.862117862030538e25
8.151963628242575e25
8.445892343212098e25
8.743794169089032e25
9.045556554426028e25
9.351064288487071e25
9.660199557220054e25
9.972842000866449e25
1.0288868773180298e26
1.06081546022228e26
1.0930571852703951e26
1.1255990589836804e26
1.158427864467399e26
1.1915301680888778e26
1.2248923262967486e26
1.258500492577835e26
1.2923406245477247e26
1.3263984911714924e26
1.3606596801105193e26
1.3951096051917824e26
1.4297335139952205e26
1.4645164955552754e26
1.4994434881726037e26
1.5344992873313647e26
1.569668553718081e26
1.60493582133746e26
1.6402855057210603e26
1.675701912223896e26
1.7111692444047328e26
1.7466716124852212e26
1.7821930418835164e26
1.8177174818172372e26
1.853228813971224e26
1.888710861225404e26
1.9241473964375305e26
1.9595221512761967e26
1.994818825098936e26
2.0300210938707413e26
2.065112619117596e26
