5.920277343750209e-15
6.233278985862945e9
1.1475210200378407e11
7.076103582338917e11
2.796567311350514e12
8.584470381537383e12
2.22489502460653e13
5.09461922715057e13
1.060319161683943e14
2.044960686724477e14
3.7060711311023994e14
6.377611859980488e14
1.050530785437113e15
1.6669070600818998e15
2.5607291819324685e15
3.824293712185859e15
5.571136307906332e15
7.938977569355464e15
1.1092824294457108e16
1.5228216889034124e16
2.0574613180100376e16
2.73988983955526e16
3.6009010607992172e16
4.67576704939985e16
6.004620383382995e16
7.632844477107266e16
9.611470746799232e16
1.199758134310398e17
1.4854716144284842e17
1.8253282672285968e17
2.227096756490764e17
2.699314821090261e17
3.251330313094094e17
3.893341966616858e17
4.636439751755273e17
5.4926446663415885e17
6.474947816955361e17
7.597348639615153e17
8.874892109839908e17
1.0323704791328005e18
1.1961029572352333e18
1.3805258939115587e18
1.5875966635752522e18
1.819393756140757e18
2.078119575585728e18
2.366103032648945e18
2.6858019171093284e18
3.039805035285934e18
3.430834098623131e18
3.861745349479582e18
4.3355309105236726e18
4.85531984445177e18
5.424378911088712e18
6.046113009302036e18
6.724065291562301e18
7.461916939411071e18
8.263486588555295e18
9.132729392791548e18
1.007373571647519e19
1.1090729445787757e19
1.2188065909619765e19
1.3370229401475568e19
1.4641830294420474e19
1.6007601741728438e19
1.747239595654894e19
1.904118006459537e19
2.0719031524561535e19
2.25111331116983e19
2.4422767460727652e19
2.6459311165034865e19
2.8626228429861618e19
3.092906427802126e19
3.3373437307471454e19
3.596503200090906e19
3.870959058839413e19
4.161290446486566e19
4.468080516527757e19
4.791915490096091e19
5.133383666170277e19
5.4930743888927056e19
5.871576972626081e19
6.269479585467558e19
6.687368092030184e19
7.1258248563926295e19
7.585427506209394e19
8.066747659065057e19
8.570349612247104e19
9.096788997202856e19
9.646611400036362e19
1.0220350949490988e20
1.0818528873952582e20
1.1441652029096555e20
1.2090211397889327e20
1.2764680564741128e20
1.3465514165691782e20
1.4193146316595057e20
1.4947989021348902e20
1.5730430562299347e20
1.6540833875024603e20
1.7379534909782137e20
1.8246840981976364e20
1.9143029114076614e20
2.0068344371485245e20
2.102299819492296e20
2.200716673196334e20
2.3020989170410835e20
2.4064566076275294e20
2.513795773915279e20
2.624118252787518e20
2.7374215259341124e20
2.853698558348727e20
2.9729376387402046e20
3.0951222221623185e20
3.2202307751696846e20
3.348236623810712e20
3.479107804771396e20
3.612806919986083e20
3.749290995033415e20
3.8885113416371896e20
4.030413424593123e20
4.174936733443157e20
4.322014659219333e20
4.4715743765790333e20
4.6235367316528595e20
4.777816135925329e20
4.934320466467055e20
5.092950972835101e20
5.2536021909557084e20
5.4161618643007255e20
5.580510872665576e20
5.74652316885275e20
5.914065723560401e20
6.082998478770785e20
6.25317430992789e20
6.424438997187763e20
6.59663120601873e20
6.769582477421891e20
6.94311722803489e20
7.117052760374293e20
7.291199283463516e20
7.465359944084575e20
7.639330868882693e20
7.812901217543054e20
7.98585324724891e20
8.157962388619618e20
8.328997333315986e20
8.498720133489046e20
8.666886313236184e20
8.833244992216233e20
8.99753902156245e20
9.159505132218893e20
9.318874095812258e20
9.475370898157108e20
9.628714925478102e20
9.778620163418067e20
9.924795408885606e20
1.0066944494780487e21
1.02047665276193e21
1.033795613806775e21
1.0466203744369519e21
1.0589195828644976e21
1.0706615226016024e21
1.081814142649621e21
1.0923450889567698e21
1.1022217371349046e21
1.1114112264239991e21
1.1198804948911126e21
1.1275963158488343e21
1.1345253354763507e21
1.1406341116244217e21
1.1458891537837047e21
1.150256964193987e21
1.1537040800700086e21
1.1561971169176938e21
1.1577028129127031e21
1.1581880743113484e21
1.157620021862033e21
1.1559660381834892e21
1.1531938160742304e21
1.1492714077157573e21
1.1441672747302136e21
1.1378503390513478e21
1.1302900345658128e21
1.1214563594800242e21
1.111319929366022e21
1.0998520308380105e21
1.087024675809515e21
1.0728106562793768e21
1.0571835995931353e21
1.0401180241246926e21
1.0215893953215297e21
1.001574182055176e21
9.800499132170916e20
9.56995234498609e20
9.323899652921455e20
9.062151556494617e20
8.784531432313983e20
8.490876101822043e20
8.181036398602965e20
7.854877733561144e20
7.51228065726546e20
7.153141418743358e20
6.777372519998666e20
6.384903265516792e20
5.975680306013045e20
5.549668175669989e20
5.106849822103667e20
4.647227128290098e20
4.17082142567855e20
3.6776739977113856e20
3.167846572966625e20
2.6414218071347898e20
2.098503753038262e20
1.5392183179000893e20
9.637137070660701e19
3.721608533850069e19
-2.3524616854961193e19
-8.582897440903119e19
-1.4967283369526506e20
-2.1502961251476675e20
-2.8187026552170932e20
-3.501632515552297e20
-4.198745029574234e20
-4.90967396954323e20
-5.634027291762296e20
-6.371386893927156e20
-7.121308395368936e20
-7.883320940923592e20
-8.656927029152439e20
-9.441602365624878e20
-1.0236795741962455e21
-1.1041928941328269e21
-1.1856396671032246e21
-1.2679566522904944e21
-1.3510778962078235e21
-1.4349347344790585e21
-1.5194557965818675e21
-1.604567013611519e21
-1.690191629121332e21
-1.7762502130936953e21
-1.8626606790931985e21
-1.9493383046512498e21
-2.036195754928978e21
-2.1231431097028198e21
-2.2100878937144883e21
-2.2969351104244744e21
-2.3835872792052755e21
-2.4699444760078954e21
-2.5559043775320535e21
-2.641362308927649e21
-2.7262112950518646e21
-2.810342115303161e21
-2.8936433620501586e21
-2.976001502670131e21
-3.0573009452083456e21
-3.137424107666225e21
-3.2162514909225686e21
-3.293661755288732e21
-3.3695318006947864e21
-3.4437368505002544e21
-3.5161505389190154e21
-3.5866450020444133e21
-3.6550909724565674e21
-3.7213578773901376e21
-3.785313940436829e21
-3.846826286752876e21
-3.905761051737915e21
-3.961983493147451e21
-4.015358106597169e21
-4.0657487444132265e21
-4.1130187377785816e21
-4.1570310221212156e21
-4.1976482656860986e21
-4.2347330012284883e21
-4.268147760762064e21
-4.29775521329122e21
-4.323418305452734e21
-4.3450004049878026e21
-4.362365446961403e21
-4.375378082641726e21
-4.383903830948426e21
-4.387809232374255e21
-4.38696200528065e21
-4.381231204463842e21
-4.370487381884025e21
-4.354602749446216e21
-4.3334513437174986e21
-4.3069091924615333e21
-4.274854482867416e21
-4.237167731346141e21
-4.193731954764398e21
-4.144432842981655e21
-4.0891589325530344e21
-4.0278017814570184e21
-3.960256144703548e21
-3.886420150674841e21
-3.8061954780480537e21
-3.7194875331456396e21
-3.6262056275564445e21
-3.526263155867411e21
-3.419577773343076e21
-3.306071573387314e21
-3.1856712646190694e21
-3.058308347391446e21
-2.923919289581029e21
-2.7824457014721784e21
-2.633834509558799e21
-2.4780381290841485e21
-2.315014635137404e21
-2.1447279321238916e21
-1.9671479214245077e21
-1.78225066705809e21
-1.5900185591595842e21
-1.3904404750854164e21
-1.1835119379567094e21
-9.69235272449984e20
-7.476197576444813e20
-5.186817767346526e20
-2.824449634160062e20
-3.894034475244323e19
2.117935196668743e20
4.697104024728712e20
7.3475627735551e20
1.0068691921871422e21
1.285979146620524e21
1.5720079743505777e21
1.864869230228228e21
2.1644680824130655e21
2.470701209750418e21
2.7834567045565613e21
3.1026139809941186e21
3.428043689217553e21
3.7596076354666674e21
4.0971587082832985e21
4.440540811024198e21
4.789588800839977e21
5.144128434287334e21
5.503976319738134e21
5.868939876746418e21
6.23881730252974e21
6.613397545718691e21
6.992460287523428e21
7.375775930462985e21
7.763105594797871e21
8.154201122802789e21
8.548805091010996e21
8.946650830557642e21
9.347462455743522e21
9.750954900936595e21
1.0156833965922067e22
1.0564796369807295e22
1.097452981358114e22
1.1385713051422471e22
1.17980159708454e22
1.2211099681763654e22
1.2624616614549067e22
1.3038210627153737e22
1.3451517121357507e22
1.3864163168196873e22
1.427576764262308e22
1.4685941367431334e22
1.509428726649475e22
1.5500400527330079e22
1.5903868773013903e22
1.6304272243461412e22
1.67011839860708e22
1.709417005572987e22
1.7482789724172138e22
1.78665956986627e22
1.8245134349985173e22
1.861794594969342e22
1.8984564916582714e22
1.9344520072327296e22
1.9697334906222264e22
2.0042527848959194e22
2.037961255535693e22
2.0708098195958994e22
2.102748975740206e22
2.1337288351449384e22
2.163699153257599e22
2.192609362398201e22
2.220408605190327e22
2.2470457688077795e22
2.2724695200219888e22
2.2966283410342416e22
2.319470566076148e22
2.340944418760655e22
2.3609980501652434e22
2.3795795776278788e22
2.396637124235603e22
2.4121188589846066e22
2.425973037589921e22
2.438148043921906e22
2.448592432045914e22
2.4572549688406676e22
2.4640846771700472e22
2.4690308795821862e22
2.472043242508935e22
2.4730718209379985e22
2.4720671035292173e22
2.468980058145749e22
2.4637621777700905e22
2.456365526774188e22
2.446742787512144e22
2.4348473072032483e22
2.420633145072526e22
2.4040551197151332e22
2.385068856650421e22
2.3636308360307317e22
2.339698440469506e22
2.3132300029525316e22
2.284184854795751e22
2.2525233736122867e22
2.2182070312510727e22
2.1811984416687226e22
2.1414614086959504e22
2.0989609736593455e22
2.0536634628188242e22
2.0055365345808e22
1.954549226446603e22
1.90067200165545e22
1.8438767954807772e22
1.7841370611387082e22
1.7214278152669075e22
1.6557256829320292e22
1.5870089421236132e22
1.5152575676922817e22
1.4404532746897995e22
1.3625795610685624e22
1.2816217496978702e22
1.1975670296545132e22
1.1104044967449804e22
1.0201251932167698e22
9.26722146616208e21
8.30190407750488e21
7.305270877115302e21
6.27731393919643e21
5.218046651449601e21
4.1275040546510445e21
3.0057431711760253e21
1.8528433220601093e21
6.689064321893311e20
-5.4594267678303165e20
-1.7915560061932384e21
-3.067762113192095e21
-4.3743658570270376e21
-5.711148159167669e21
-7.07786577765089e21
-8.474251096020637e21
-9.90001192722631e21
-1.1354831332841875e22
-1.2838367457954908e22
-1.4350253382072692e22
-1.5890096986380185e22
-1.7457480837680719e22
-1.9051962089336423e22
-2.0673072399521713e22
-2.232031786708932e22
-2.3993178985343062e22
-2.569111061399653e22
-2.7413541969590848e22
-2.9159876634631322e22
-3.092949258569338e22
-3.272174224073498e22
-3.4535952525842444e22
-3.637142496162419e22
-3.822743576945466e22
-4.0103235997757285e22
-4.19980516685032e22
-4.3911083944089125e22
-4.584150931474328e22
-4.7788479806596945e22
-4.975112321054071e22
-5.172854333197541e22
-5.371982026154798e22
-5.572401066695325e22
-5.774014810586084e22
-5.97672433600174e22
-6.180428479055434e22
-6.385023871451881e22
-6.590404980262586e22
-6.796464149821818e22
-7.003091645739856e22
-7.210175701028911e22
-7.417602564334865e22
-7.625256550266826e22
-7.833020091814414e22
-8.040773794841291e22
-8.248396494641409e22
-8.455765314543029e22
-8.66275572654357e22
-8.869241613956889e22
-9.075095336052445e22
-9.280187794664466e22
-9.484388502747186e22
-9.687565654850518e22
-9.889586199488972e22
-1.0090315913374423e23
-1.0289619477482094e23
-1.0487360554916918e23
-1.0683401870546012e23
-1.0877605292361022e23
-1.1069831914532442e23
-1.1259942142116323e23
-1.1447795777372087e23
-1.1633252107648137e23
-1.1816169994790831e23
-1.1996407966030074e23
-1.217382430629363e23
-1.2348277151900296e23
-1.25196245855805e23
-1.2687724732771376e23
-1.285243585913174e23
-1.301361646922066e23
-1.3171125406282092e23
-1.3324821953076168e23
-1.347456593369653e23
-1.3620217816311509e23
-1.3761638816765489e23
-1.3898691002975461e23
-1.4031237400056374e23
-1.4159142096107665e23
-1.4282270348591759e23
-1.4400488691234448e23
-1.4513665041375581e23
-1.4621668807697371e23
-1.4724370998256592e23
-1.4821644328745642e23
-1.4913363330906543e23
-1.4999404461021036e23
-1.5079646208398587e23
-1.515396920378368e23
-1.522225632760255e23
-1.5284392817968877e23
-1.5340266378367083e23
-1.5389767284931364e23
-1.543278849323755e23
-1.5469225744524755e23
-1.549897767126282e23
-1.5521945901981286e23
-1.5538035165275176e23
-1.554715339290235e23
-1.5549211821887082e23
-1.554412509554401e23
-1.5531811363336707e23
-1.5512192379484636e23
-1.548519360023253e23
-1.5450744279695826e23
-1.5408777564196366e23
-1.5359230585002155e23
-1.5302044549385352e23
-1.5237164829913153e23
-1.5164541051886136e23
-1.5084127178839367e23
-1.4995881596021599e23
-1.4899767191768927e23
-1.4795751436689464e23
-1.468380646057632e23
-1.4563909126966919e23
-1.4436041105267606e23
-1.4300188940363017e23
-1.4156344119631009e23
-1.400450313728447e23
-1.3844667555962914e23
-1.3676844065497483e23
-1.3501044538774278e23
-1.331728608462227e23
-1.3125591097653356e23
-1.2925987304983471e23
-1.2718507809765101e23
-1.2503191131463337e23
-1.2280081242808474e23
-1.2049227603361107e23
-1.1810685189625863e23
-1.1564514521653114e23
-1.131078168606856e23
-1.1049558355473871e23
-1.0780921804162191e23
-1.0504954920095562e23
-1.0221746213092178e23
-9.931389819175038e22
-9.633985501034207e22
-9.329638644558574e22
-9.018460251394047e22
-8.700566927488827e22
-8.376080867587606e22
-8.045129835640091e22
-7.707847141090805e22
-7.3643716110207e22
-7.014847558112996e22
-6.659424744418836e22
-6.298258340900656e22
-5.931508882734501e22
-5.559342220354844e22
-5.1819294662285765e22
-4.799446937347894e22
-4.412076093434081e22
-4.020003470848327e22
-3.6234206122074788e22
-3.2225239917067764e22
-2.817514936153536e22
-2.4085995417202776e22
-1.9959885864275167e22
-1.5798974383707625e22
-1.1605459597082761e22
-7.381584064307857e21
-3.1296332393608915e21
1.1480656156399774e21
5.449144557749567e21
9.771196131549299e21
1.4111774578181807e22
1.8468397084661684e22
2.283854507303703e22
2.721966552892877e22
3.1609172368956697e22
3.600444784651611e22
4.0402843995348325e22
4.480168411030077e22
4.9198264264654615e22
5.358985486335343e22
5.797370223144533e22
6.234703023700529e22
6.670704194778572e22
7.105092132080295e22
7.537583492403754e22
7.967893368940022e22
8.395735469607417e22
8.82082229833239e22
9.242865339182324e22
9.66157524325325e22
1.0076662018211486e23
1.0487835220386403e23
1.0894804149307739e23
1.1297278044578968e23
1.1694966284974387e23
1.2087578589645795e23
1.247482522132142e23
1.2856417191377646e23
1.3232066466660694e23
1.3601486177933968e23
1.3964390829823389e23
1.4320496512131626e23
1.4669521112388851e23
1.5011184529506182e23
1.5345208888395456e23
1.5671318755417272e23
1.5989241354516533e23
1.6298706783903636e23
1.6599448233137147e23
1.6891202200462e23
1.717370871025608e23
1.744671153043576e23
1.770995838967015e23
1.7963201194251854e23
1.8206196244471513e23
1.843870445034099e23
1.866049154651032e23
1.8871328306221347e23
1.907099075414118e23
1.9259260377916514e23
1.94359243382905e23
1.9600775677622064e23
1.9753613526648156e23
1.9894243309327935e23
2.0022476945608693e23
2.0138133051952174e23
2.02410371394609e23
2.0331021809443e23
2.04079269462555e23
2.0471599907265074e23
2.052189570976669e23
2.0558677214700556e23
2.0581815307008346e23
2.059118907247063e23
2.0586685970868745e23
2.0568202005314136e23
2.0535641887590625e23
2.0488919199355294e23
2.0427956549045853e23
2.0352685724342994e23
2.0263047840038475e23
2.0158993481160834e23
2.0040482841213377e23
1.9907485855379603e23
1.975998232855465e23
1.9597962058062673e23
1.9421424950922968e23
1.9230381135529395e23
1.9024851067610786e23
1.8804865630342117e23
1.857046622848008e23
1.83217048763977e23
1.805864427989764e23
1.7781357911685304e23
1.748993008038775e23
1.7184455993005477e23
1.68650418106902e23
1.6531804697742757e23
1.6184872863731435e23
1.5824385598632176e23
1.5450493300898157e23
1.506335749836863e23
1.4663150861932582e23
1.4250057211864757e23
1.3824271516757903e23
1.338599988497802e23
1.2935459548575182e23
1.2472878839585098e23
1.199849715866316e23
1.1512564935995764e23
1.1015343584440473e23
1.0507105444848551e23
9.98813372353125e22
9.458722421833997e22
8.919176257789718e22
8.369810579825303e22
7.81095127250219e22
7.242934654277438e22
6.666107367275039e22
6.080826259064893e22
5.48745825645034e22
4.8863802312727625e22
4.277978858244601e22
3.6626504648300654e22
3.040800873196899e22
2.4128452342695114e22
1.7792078539175557e22
1.1403220113216716e22
4.966297695625182e21
-1.5141822151407415e21
-8.033629300985996e21
-1.4587371548215486e22
-2.1170657446902236e22
-2.7778658264826526e22
-3.4406470395185003e22
-4.1049117777193786e22
-4.770155438866549e22
-5.435866680956862e22
-6.101527685553856e22
-6.766614428023657e22
-7.430596954540656e22
-8.092939665740972e22
-8.753101606898376e22
-9.410536764489151e22
-1.0064694369009129e23
-1.0715019203898098e23
-1.1360951920424606e23
-1.2001929358375475e23
-1.263738487239176e23
-1.3266748663784764e23
-1.3889448117664024e23
-1.4504908145200564e23
-1.511255153084634e23
-1.571179928432337e23
-1.6302070997194047e23
-1.688278520381631e23
-1.7453359746485164e23
-1.8013212144554937e23
-1.8561759967334863e23
-1.909842121054397e23
-1.962261467610738e23
-2.013376035507306e23
-2.0631279813422448e23
-2.1114596580545596e23
-2.1583136540146094e23
-2.2036328323339618e23
-2.2473603703703835e23
-2.2894397994036002e23
-2.3298150444569057e23
-2.368430464239672e23
-2.405230891185188e23
-2.4401616715582322e23
-2.473168705606273e23
-2.5041984877281745e23
-2.5331981466337986e23
-2.5601154854678863e23
-2.5848990218711346e23
-2.60749802795149e23
-2.627862570138234e23
-2.6459435488914162e23
-2.6616927382389826e23
-2.675062825113877e23
-2.6860074484632272e23
-2.694481238101638e23
-2.7004398532805544e23
-2.7038400209456303e23
-2.7046395736539356e23
-2.7027974871228525e23
-2.698273917382489e23
-2.6910302375035013e23
-2.681029073872225e23
-2.6682343419850115e23
-2.6526112817338485e23
-2.6341264921553826e23
-2.6127479656155967e23
-2.5884451214024357e23
-2.5611888386990102e23
-2.530951488910022e23
-2.497706967314322e23
-2.46143072401668e23
-2.422099794172148e23
-2.3796928274565977e23
-2.3341901167572753e23
-2.2855736260575743e23
-2.2338270174904686e23
-2.1789356775354334e23
-2.1208867423340172e23
-2.0596691220995484e23
-1.9952735245969635e23
-1.927692477669126e23
-1.856920350786179e23
-1.782953375595488e23
-1.7057896654495748e23
-1.6254292338903635e23
-1.5418740120683584e23
-1.4551278650759792e23
-1.3651966071747767e23
-1.2720880158969482e23
-1.175811845001771e23
-1.0763798362687915e23
-9.73805730109612e22
-8.681052749811082e22
-7.592962355834245e22
-6.4739839982682725e22
-5.324335845520856e22
-4.144256399898494e22
-2.934004529452153e22
-1.6938594869407086e22
-4.24120915792326e21
8.748911570559502e21
2.2028363415475915e22
3.5593539182262416e22
4.944062885378324e22
6.356562019683735e22
7.7964299504499e22
9.263225247500386e22
1.0756486522773876e23
1.2275732545687681e23
1.3820462372307078e23
1.5390155488354406e23
1.6984271966082857e23
1.8602252635031165e23
2.024351926666456e23
2.1907474772903313e23
2.359350341852291e23
2.5300971047408595e23
2.702922532263279e23
2.8777595980316582e23
3.054539509722629e23
3.2331917372046836e23
3.413644042026473e23
3.5958225082581394e23
3.7796515746774356e23
3.965054068290455e23
4.1519512391767255e23
4.34026279664703e23
4.529906946701357e23
4.720800430773625e23
4.91285856574863e23
5.105995285235805e23
5.300123182083699e23
5.495153552117501e23
5.690996439081612e23
5.887560680768014e23
6.084753956310332e23
6.282482834622476e23
6.480652823959972e23
6.679168422580899e23
6.877933170483008e23
7.076849702191835e23
7.275819800574534e23
7.474744451652855e23
7.673523900387897e23
7.872057707408467e23
8.070244806653935e23
8.267983563901617e23
8.465171836148288e23
8.661707031813837e23
8.857486171735051e23
9.052405950916335e23
9.246362801003513e23
9.439252953446084e23
9.630972503312552e23
9.821417473722892e23
1.0010483880861149e24
1.01980677995312e24
1.038406542921698e24
1.0568373160609003e24
1.075088764255749e24
1.0931505849412368e24
1.1110125148709489e24
1.1286643369162196e24
1.1460958868916332e24
1.1632970604027118e24
1.1802578197114743e24
1.1969682006156062e24
1.213418319336876e24
1.2295983794144182e24
1.245498678598454e24
1.2611096157399935e24
1.2764216976720132e24
1.2914255460776212e24
1.3061119043406097e24
1.3204716443738602e24
1.3344957734209844e24
1.348175440826591e24
1.3615019447705488e24
1.3744667389615934e24
1.387061439285633e24
1.399277830404076e24
1.4111078722975394e24
1.4225437067502365e24
1.4335776637704078e24
1.4442022679421175e24
1.454410244703768e24
1.464194526548696e24
1.473548259143209e24
1.482464807357468e24
1.490937761204622e24
1.4989609416836242e24
1.5065284065211904e24
1.5136344558084123e24
1.520273637527518e24
1.5264407529643663e24
1.5321308620022678e24
1.5373392882927768e24
1.5420616242991458e24
1.5462937362081792e24
1.5500317687062845e24
1.5532721496155588e24
1.5560115943858307e24
1.5582471104386034e24
1.5599760013589666e24
1.5611958709315372e24
1.5619046270166337e24
1.5621004852629098e24
1.5617819726527873e24
1.560947930877074e24
1.5595975195352676e24
1.5577302191581056e24
1.5553458340490376e24
1.552444494941355e24
1.549026661467843e24
1.5450931244398768e24
1.5406450079330447e24
1.5356837711763968e24
1.5302112102426115e24
1.52422945953642e24
1.5177409930787708e24
1.5107486255843074e24
1.5032555133298678e24
1.4952651548118084e24
1.4867813911901206e24
1.4778084065173553e24
1.4683507277505765e24
1.4584132245446265e24
1.448001108825169e24
1.4371199341400492e24
1.4257755947876946e24
1.4139743247213786e24
1.4017226962283318e24
1.3890276183827955e24
1.375896335272275e24
1.3623364239963783e24
1.3483557924377808e24
1.3339626768049726e24
1.3191656389466298e24
1.3039735634375531e24
1.2883956544363147e24
1.2724414323148454e24
1.256120730060389e24
1.2394436894503897e24
1.2224207570010045e24
1.2050626796901168e24
1.1873805004558534e24
1.1693855534718037e24
1.1510894592001992e24
1.1325041192245884e24
1.1136417108635878e24
1.0945146815675194e24
1.0751357430998314e24
1.0555178655054216e24
1.0356742708680618e24
1.0156184268593571e24
9.95364040081747e23
9.749250492082381e23
9.543156179217403e23
9.335501276569856e23
9.126431701481568e23
8.916095397855417e23
8.70464225784623e23
8.492224041712267e23
8.27899429586419e23
8.065108269150338e23
7.850722827418568e23
7.635996366396216e23
7.421088722930862e23
7.20616108463644e23
6.991375897990191e23
6.776896774927598e23
6.562888397983461e23
6.349516424028599e23
6.136947386653242e23
5.925348597249146e23
5.714888044843548e23
5.5057342947396455e23
5.298056386019111e23
5.0920237279636456e23
4.887805995453149e23
4.685573023399873e23
4.4854947002780626e23
4.2877408608108015e23
4.092481177875474e23
3.8998850536911186e23
3.7101215103516565e23
3.5233590797694824e23
3.33976569309532e23
3.1595085696806543e23
2.9827541056499653e23
2.809667762150776e23
2.6404139533501117e23
2.4751559342466552e23
2.3140556883686988e23
2.1572738154281547e23
2.0049694190018554e23
1.8572999943116888e23
1.714421316175367e23
1.5764873272005286e23
1.4436500262947394e23
1.3160593575645249e23
1.1938630996768813e23
1.0772067557567937e23
9.662334438945592e22
8.610837883369474e22
7.618958114360608e22
6.688048264301079e22
5.81943331130053e22
5.014409025863465e22
4.2742409280937204e22
3.600163256177037e22
2.9933779468755464e22
2.4550536287689804e22
1.986324628972242e22
1.5882899940573142e22
1.2620125259023637e22
1.0085178331877295e22
8.287933992519411e21
7.237876670175663e21
6.944091416890887e21
7.415255119200178e21
8.659627901385033e21
1.0685044727143884e22
1.3498907206421701e22
1.7108175614060314e22
2.151936112685373e22
2.673851828548153e22
3.2771237687715537e22
3.962263891917865e22
4.729736372783624e22
5.579956944828685e22
6.513292268179675e22
7.530059323791612e22
8.63052483433671e22
9.814904712380252e22
1.1083363536383907e23
1.2436014055069882e23
1.387291672065985e23
1.539407925149066e23
1.6999456224491377e23
1.868894869799406e23
2.0462403865329958e23
2.2319614739653058e23
2.426031987040684e23
2.628420309184323e23
2.8390893303977447e23
3.057996428634888e23
3.285093454493653e23
3.5203267192563315e23
3.7636369863099064e23
4.014959465976045e23
4.274223813777519e23
4.5413541321670906e23
4.816268975741897e23
5.098881359964848e23
5.389098773412102e23
5.686823193564055e23
5.991951106154683e23
6.30437352809218e23
6.623976033961667e23
6.9506387861184e23
7.284236568377803e23
7.624638823306554e23
7.971709693116146e23
8.325308064159e23
8.685287615023972e23
9.051496868226404e23
9.42377924548539e23
9.801973126578512e23
1.0185911911762081e24
1.057542408774273e24
1.0970333297183208e24
1.137045841172397e24
1.177561360849887e24
1.2185608450120846e24
1.2600247968112518e24
1.3019332749752102e24
1.3442659028304743e24
1.3870018776605437e24
1.4301199803958624e24
1.4735985856316216e24
1.517415671969421e24
1.5615488326785006e24
1.6059752866721018e24
1.650671889794251e24
1.6956151464120017e24
1.7407812213079776e24
1.786145951867861e24
1.8316848605571785e24
1.8773731676815969e24
1.923185804424622e24
1.96909742615648e24
2.0150824260077197e24
2.0611149487007973e24
2.1071689046327586e24
2.1532179842019593e24
2.1992356723714706e24
2.2451952634617096e24
2.2910698761645495e24
2.3368324687710606e24
2.3824558546048207e24
2.42791271765248e24
2.4731756283831766e24
2.5182170597481985e24
2.563009403352075e24
2.607524985786184e24
2.651736085115701e24
2.695614947510682e24
2.73913380401181e24
2.782264887421272e24
2.824980449308976e24
2.867252777124354e24
2.909054211403681e24
2.9503571630628536e24
2.9911341307653445e24
3.031357718355033e24
3.0710006523434254e24
3.1100357994406885e24
3.1484361841198785e24
3.1861750062035646e24
3.2232256584620554e24
3.259561744212252e24
3.2951570949062125e24
3.329985787698298e24
3.3640221629798454e24
3.3972408418701346e24
3.429616743652503e24
3.461125103144282e24
3.491741487989344e24
3.5214418158618425e24
3.550202371569923e24
3.5779998240479705e24
3.6048112432261157e24
3.630614116765555e24
3.655386366648459e24
3.6791063656110703e24
3.7017529534086973e24
3.723305452901375e24
3.743743685948923e24
3.763047989104238e24
3.78119922909369e24
3.798178818073544e24
3.8139687286513966e24
3.8285515086617307e24
3.841910295684718e24
3.854028831297503e24
3.8648914750473544e24
3.8744832181360916e24
3.88278969680535e24
3.889797205412393e24
3.8954927091862195e24
3.899863856653965e24
3.902898991727646e24
3.9045871654414515e24
3.904918147330009e24
3.903882436438139e24
3.9014712719528215e24
3.897676643448249e24
3.8924913007350633e24
3.8859087633050094e24
3.8779233293624696e24
3.8685300844345676e24
3.8577249095516654e24
3.8455044889903684e24
3.8318663175713484e24
3.8168087075044857e24
3.800330794774169e24
3.7824325450576644e24
3.763114759169913e24
3.742379078028203e24
3.720227987130506e24
3.6966648205415025e24
3.6716937643806016e24
3.6453198598065174e24
3.6175490054933043e24
3.588387959592879e24
3.557844341179587e24
3.5259266311724593e24
3.4926441727311804e24
3.458007171122112e24
3.4220266930509945e24
3.384714665459252e24
3.346083873781198e24
3.306147959659619e24
3.264921418117763e24
3.222419594185855e24
3.1786586789807163e24
3.133655705237378e24
3.0874285422918994e24
3.039995890514938e24
2.9913772751959425e24
2.941593039878284e24
2.8906643391457477e24
2.8386131308614727e24
2.7854621678605085e24
2.7312349890976137e24
2.6759559102522974e24
2.619650013793386e24
2.562343138505783e24
2.5040618684824977e24
2.444833521585175e24
2.3846861373770206e24
2.3236484645320667e24
2.2617499477252634e24
2.199020714008142e24
2.1354915586751963e24
2.071193930626423e24
2.0061599172319374e24
1.940422228704643e24
1.8740141819876894e24
1.806969684163422e24
1.7393232153910823e24
1.671109811380759e24
1.6023650454114916e24
1.5331250099016957e24
1.463426297540463e24
1.3933059819886234e24
1.3228015981586105e24
1.2519511220828279e24
1.1807929503801924e24
1.1093658793310131e24
1.0377090835706402e24
9.658620944126172e23
8.938647778123568e23
8.217573119827156e23
7.495801646729166e23
6.773740701229283e23
6.051800057053069e23
5.330391682669823e23
4.6099295018369294e23
3.890829151400075e23
3.17350773648145e23
2.4583835831909235e23
1.7458759889954495e23
1.0364049708880963e23
3.3039101149644493e22
-3.717451967255132e22
-1.0695830090764344e23
-1.762702087809996e23
-2.450682662811047e23
-3.1331057935943404e23
-3.809553632471941e23
-4.4796096887363274e23
-5.142859093700323e23
-5.7988888664379685e23
-6.447288180066082e23
-7.087648628406152e23
-7.719564492864729e23
-8.342633009369388e23
-8.95645463519563e23
-9.56063331552138e23
-1.0154776749541183e24
-1.0738496655975023e24
-1.1311409037804066e24
-1.1873134446065586e24
-1.242329824253889e24
-1.296153086115386e24
-1.3487468067952545e24
-1.4000751219436584e24
-1.4501027519129316e24
-1.4987950272185165e24
-1.5461179137877068e24
-1.592038037979349e24
-1.6365227113576986e24
-1.6795399552036623e24
-1.7210585247467398e24
-1.761047933100998e24
-1.799478474888628e24
-1.83632124953448e24
-1.8715481842153273e24
-1.9051320564476027e24
-1.9370465162974504e24
-1.9672661081971465e24
-1.9957662923520258e24
-2.022523465722238e24
-2.0475149825638542e24
-2.070719174513908e24
-2.0921153702042727e24
-2.1116839143894306e24
-2.129406186573351e24
-2.1452646191209687e24
-2.1592427148399667e24
-2.1713250640187962e24
-2.1814973609071654e24
-2.1897464196253683e24
-2.1960601894892308e24
-2.2004277697376924e24
-2.2028394236502485e24
-2.2032865920418549e24
-2.2017619061232613e24
-2.1982591997148745e24
-2.1927735208027477e24
-2.185301142425564e24
-2.175839572881848e24
-2.1643875652468953e24
-2.1509451261894592e24
-2.1355135240783665e24
-2.1180952963699013e24
-2.0986942562668284e24
-2.0773154986406688e24
-2.053965405208972e24
-2.028651648959954e24
-2.001383197817054e24
-1.972170317536629e24
-1.9410245738322075e24
-1.907958833719399e24
-1.8729872660756987e24
-1.836125341410207e24
-1.7973898308384544e24
-1.7567988042581397e24
-1.7143716277220218e24
-1.6701289600046428e24
-1.6240927483600795e24
-1.5762862234683548e24
-1.5267338935685909e24
-1.475461537777723e24
-1.4224961985935996e24
-1.3678661735822923e24
-1.3116010062496169e24
-1.2537314760975054e24
-1.1942895878663161e24
-1.1333085599646827e24
-1.0708228120889745e24
-1.006867952035154e24
-9.414807617059308e23
-8.746991823169865e23
-8.065622988064157e23
-7.371103234520059e23
-6.66384578701568e23
-5.944274792218852e23
-5.2128251317273134e23
-4.4699422271233185e23
-3.7160818374171976e23
-2.951709848955893e23
-2.1773020578792283e23
-1.3933439452107995e23
-6.003304446761209e22
2.0123429665604735e22
1.0108371648041025e23
1.8279563322723826e23
2.6520615183038107e23
3.4826142558703465e23
4.319068165280195e23
5.1608692342746444e23
6.007456104484135e23
6.858260364108557e23
7.712706846679134e23
8.57021393576078e23
9.43019387544303e23
1.029205308646698e24
1.115519248783074e24
1.2019007823710482e24
1.2882889995531436e24
1.3746225399019042e24
1.4608396266053437e24
1.54687810111526e24
1.6326754582399243e24
1.718168881662664e24
1.803295279867397e24
1.887991322451762e24
1.972193476808212e24
2.0558380451531757e24
2.1388612018836906e24
2.221199031241261e24
2.3027875652616915e24
2.383562821989844e24
2.4634608439377e24
2.5424177367640404e24
2.620369708153613e24
2.6972531068736375e24
2.773004461984872e24
2.8475605221848313e24
2.920858295259951e24
2.9928350876236517e24
3.063428543916972e24
3.132576686648222e24
3.200217955848123e24
3.2662912487163786e24
3.3307359592360805e24
3.393492017731645e24
3.4544999303462524e24
3.513700818414515e24
3.5710364577060915e24
3.626449317515852e24
3.6798825995762724e24
3.731280276767413e24
3.780587131600307e24
3.8277487944490937e24
3.872711781507551e24
3.9154235324455906e24
3.955832447741364e24
3.993887925664673e24
4.029540398887517e24
4.062741370697441e24
4.093443450789963e24
4.1216003906159044e24
4.147167118259983e24
4.170099772827011e24
4.1903557383122344e24
4.2078936769325784e24
4.222673561895687e24
4.2346567095838437e24
4.2438058111302784e24
4.250084963365324e24
4.253459699110352e24
4.2538970167975997e24
4.251365409394309e24
4.2458348926099324e24
4.237277032365375e24
4.2256649715036704e24
4.210973455721856e24
4.1931788587040273e24
4.172259206436077e24
4.148194200682919e24
4.120965241609422e24
4.0905554495267576e24
4.056949685746143e24
4.0201345725225195e24
3.9800985120712e24
3.936831704640828e24
3.8903261656266e24
3.8405757417081476e24
3.787576125996972e24
3.7313248721788705e24
3.6718214076373164e24
3.6090670455441626e24
3.543064995904887e24
3.4738203755458296e24
3.40134021703163e24
3.3256334765016133e24
3.2467110404144613e24
3.164585731191052e24
3.079272311746166e24
2.990787488899922e24
2.8991499156610903e24
2.804380192374443e24
2.706500866725315e24
2.605536432595075e24
2.5015133277618843e24
2.3944599304417492e24
2.2844065546656408e24
2.1713854444890736e24
2.0554307670310207e24
1.9365786043402602e24
1.8148669440873178e24
1.690335669081297e24
1.563026545611419e24
1.4329832106137858e24
1.3002511576647184e24
1.1648777218026625e24
1.0269120631811054e24
8.864051495563128e23
7.434097376137173e23
5.9798035313791496e23
4.501732700318306e23
3.00046488191304e23
1.476597102421984e23
-6.925682852286249e21
-1.636466573057978e23
-3.2243855313503224e23
-4.8323511188831677e23
-6.459685054658825e23
-8.10569366020584e23
-9.769668169269034e23
-1.1450885048056949e24
-1.3148606325911837e24
-1.4862079936259404e24
-1.659054006769446e24
-1.8333207525042236e24
-2.0089290100237395e24
-2.1857982952851636e24
-2.3638469000093098e24
-2.542991931609813e24
-2.723149354032601e24
-2.904234029486108e24
-3.086159761042456e24
-3.2688393360884573e24
-3.452184570605364e24
-3.6361063542554276e24
-3.8205146962525e24
-4.0053187719938144e24
-4.1904269704291053e24
-4.375746942142651e24
-4.561185648123867e24
-4.7466494092005105e24
-4.932043956109013e24
-5.117274480175461e24
-5.302245684580129e24
-5.486861836178446e24
-5.671026817850345e24
-5.854644181349755e24
-6.037617200625336e24
-6.21984892558357e24
-6.401242236264179e24
-6.58169989739823e24
-6.761124613318265e24
-6.939419083189911e24
-7.116486056533762e24
-7.292228389006098e24
-7.466549098406657e24
-7.639351420881674e24
-7.810538867289453e24
-7.980015279696163e24
-8.147684887969038e24
-8.3134523664338e24
-8.477222890563176e24
-8.638902193662976e24
-8.798396623522146e24
-8.955613198993177e24
-9.110459666468819e24
-9.262844556221122e24
-9.412677238568854e24
-9.559867979839149e24
-9.704327998089e24
-9.84596951855265e24
-9.984705828780403e24
-1.0120451333434928e25
-1.025312160871066e25
-1.0382633456342157e25
-1.0508904957167673e25
-1.0631855524213613e25
-1.0751405955266383e25
-1.0867478484897696e25
-1.0979996835910003e25
-1.108888627016852e25
-1.1194073638786939e25
-1.1295487431633676e25
-1.13930578261261e25
-1.148671673528037e25
-1.1576397854984636e25
-1.1662036710463899e25
-1.174357070190499e25
-1.1820939149210482e25
-1.1894083335850937e25
-1.1962946551784836e25
-1.202747413541639e25
-1.2087613514561748e25
-1.2143314246394273e25
-1.2194528056340468e25
-1.2241208875898257e25
-1.2283312879350145e25
-1.2320798519343942e25
-1.2353626561314662e25
-1.238176011672153e25
-1.2405164675074606e25
-1.2423808134726343e25
-1.2437660832403748e25
-1.244669557145766e25
-1.2450887648806163e25
-1.2450214880549991e25
-1.24446576262382e25
-1.2434198811763441e25
-1.2418823950866498e25
-1.2398521165230876e25
-1.237328120314864e25
-1.2343097456739624e25
-1.2307965977706976e25
-1.2267885491612718e25
-1.2222857410657564e25
-1.2172885844950687e25
-1.2117977612255222e25
-1.2058142246196696e25
-1.1993392002922071e25
-1.192374186619825e25
-1.1849209550939385e25
-1.176981550515383e25
-1.168558291030161e25
-1.1596537680055132e25
-1.1502708457456052e25
-1.1404126610462464e25
-1.1300826225881532e25
-1.1192844101683466e25
-1.1080219737693744e25
-1.0962995324661717e25
-1.0841215731703884e25
-1.0714928492122494e25
-1.0584183787599209e25
-1.04490344307667e25
-1.0309535846159943e25
-1.0165746049551304e25
-1.0017725625674497e25
-9.865537704342175e24
-9.709247934964938e24
-9.548924459478068e24
-9.384637883686192e24
-9.216461247033765e24
-9.044469990813673e24
-8.868741924824142e24
-8.689357192487148e24
-8.506398234442238e24
-8.319949750629056e24
-8.130098660875702e24
-7.936934064007534e24
-7.740547195495728e24
-7.54103138366201e24
-7.338482004460606e24
-7.132996434856473e24
-6.924674004821167e24
-6.713615947969291e24
-6.499925350856938e24
-6.283707100967948e24
-6.065067833410794e24
-5.844115876353689e24
-5.620961195222856e24
-5.395715335692199e24
-5.16849136549299e24
-4.939403815071281e24
-4.7085686171248327e24
-4.4761030450482775e24
-4.2421256503200494e24
-4.0067561988613283e24
-3.770115606401984e24
-3.5323258728858733e24
-3.2935100159503606e24
-3.053792003516227e24
-2.8132966855220395e24
-2.572149724841763e24
-2.3304775274206348e24
-2.0884071716693697e24
-1.8460663371529576e24
-1.6035832326154504e24
-1.361086523378404e24
-1.1187052581541033e24
-8.765687953148838e23
-6.348067286581675e23
-3.935488127110056e23
-1.5292488761420757e23
8.69351963692735e22
3.259016546801646e23
5.638448445789752e23
8.006353415077676e23
1.0361440156551049e24
1.270242108677655e24
1.5028013105357608e24
1.733693836395904e24
1.9627925035566835e24
2.1899708083509885e24
2.4151030029801978e24
2.6380641722338496e24
2.858730310048253e24
3.0769783958594274e24
3.2926864707022856e24
3.5057337130118304e24
3.716000514077994e24
3.923368553110002e24
4.127720871861948e24
4.328941948775039e24
4.526917772589729e24
4.7215359153811557e24
4.912685604973569e24
5.10025779668619e24
5.284145244366857e24
5.464242570666493e24
5.640446336510735e24
5.812655109723443e24
5.980769532757138e24
6.144692389487625e24
6.304328671027421e24
6.459585640516365e24
6.6103728968448e24
6.75660243726857e24
6.898188718872189e24
7.035048718840036e24
7.167101993494094e24
7.294270736057302e24
7.416479833104011e24
7.53365691965675e24
7.645732432892346e24
7.752639664417939e24
7.854314811081113e24
7.95069702427635e24
8.041728457713014e24
8.12735431360952e24
8.207522887278953e24
8.282185610073907e24
8.351297090656558e24
8.414815154563588e24
8.472700882033937e24
8.524918644070399e24
8.57143613670559e24
8.612224413444048e24
8.647257915853929e24
8.67651450228162e24
8.699975474664646e24
8.71762560341826e24
8.729453150373328e24
8.735449889742885e24
8.735611127096986e24
8.729935716325888e24
8.718426074572583e24
8.701088195117915e24
8.677931658200894e24
8.64896963975988e24
8.614218918079912e24
8.573699878333737e24
8.527436515004743e24
8.475456432181197e24
8.41779084171276e24
8.354474559221333e24
8.285545997959264e24
8.211047160509531e24
8.131023628323857e24
8.045524549095495e24
7.954602621965314e24
7.858314080560638e24
7.756718673867626e24
7.649879644939934e24
7.537863707446432e24
7.420741020063352e24
7.298585158716758e24
7.171473086682814e24
7.039485122554656e24
6.902704906085658e24
6.761219361921032e24
6.615118661229734e24
6.464496181251147e24
6.309448462771694e24
6.150075165547866e24
5.986479021693767e24
5.818765787052184e24
5.647044190569455e24
5.471425881696684e24
5.292025375839112e24
5.108959997878967e24
4.922349823796678e24
4.7323176204176376e24
4.5389887833121485e24
4.342491272878196e24
4.142955548636855e24
3.940514501772896e24
3.7353033859524804e24
3.527459746452316e24
3.3171233476356355e24
3.104436098810732e24
2.889541978509996e24
2.6725869572274624e24
2.4537189186546333e24
2.233087579455531e24
2.010844407621882e24
1.7871425394519452e24
1.5621366951960669e24
1.335983093414128e24
1.1088393640900153e24
8.808644605502893e23
6.522185702337045e23
4.230630243609609e23
1.9356020655302923e23
-3.6126539551558095e22
-2.6583300362939286e23
-4.953942029036499e23
-7.246444772214529e23
-9.534175849244528e23
-1.1815467994586474e24
-1.408865006668613e24
-1.6352048027218178e24
-1.8603985926065007e24
-2.084278689147401e24
-2.3066774124820533e24
-2.5274271899406954e24
-2.7463606562718333e24
-2.9633107541548095e24
-3.178110834941399e24
-3.3905947595668064e24
-3.600596999570957e24
-3.8079527381700536e24
-4.0124979713188083e24
-4.214069608702643e24
-4.4125055746000876e24
-4.6076449085536297e24
-4.7993278657895957e24
-4.987396017325256e24
-5.171692349702505e24
-5.352061364287351e24
-5.528349176073926e24
-5.700403611932411e24
-5.868074308240077e24
-6.031212807834227e24
-6.189672656227294e24
-6.343309497023125e24
-6.491981166474625e24
-6.635547787122739e24
-6.77387186045738e24
-6.906818358540927e24
-7.034254814535744e24
-7.156051412076725e24
-7.272081073431611e24
-7.382219546391123e24
-7.486345489832059e24
-7.584340557896943e24
-7.676089482734571e24
-7.761480155745949e24
-7.840403707281716e24
-7.912754584736261e24
-7.978430628986663e24
-8.037333149123284e24
-8.089366995420726e24
-8.134440630498938e24
-8.172466198623912e24
-8.203359593100184e24
-8.227040521705806e24
-8.243432570124484e24
-8.252463263327413e24
-8.254064124861173e24
-8.248170733996956e24
-8.23472278069869e24
-8.213664118368934e24
-8.18494281433117e24
-8.1485111980102e24
-8.104325906771704e24
-8.052347929385273e24
-7.992542647074018e24
-7.92487987211805e24
-7.849333883977658e24
-7.765883462905137e24
-7.674511921015798e24
-7.575207130787626e24
-7.467961550964493e24
-7.352772249834745e24
-7.229640925862798e24
-7.098573925649151e24
-6.959582259197964e24
-6.812681612473041e24
-6.657892357222043e24
-6.495239558054212e24
-6.32475297675419e24
-6.146467073820512e24
-5.960421007214319e24
-5.766658628310237e24
-5.565228475038671e24
-5.356183762213059e24
-5.139582369037529e24
-4.91548682378881e24
-4.6839642856731143e24
-4.4450865238544736e24
-4.1989298936587345e24
-3.9455753099530605e24
-3.6851082177084994e24
-3.4176185597495017e24
-3.143200741699312e24
-2.8619535941319785e24
-2.573980331939856e24
-2.2793885109328842e24
-1.978289981681195e24
-1.670800840620773e24
-1.3570413784378346e24
-1.0371360257528712e24
-7.112132961271287e23
-3.7940572641209884e23
-4.184981447040721e22
3.013140457086936e23
6.499416314674073e23
1.0038849614845641e24
1.3629923682927817e24
1.7271085732772311e24
2.096074764119856e24
2.469728674651544e24
2.847904667077024e24
3.230433816529184e24
3.617143997915466e24
4.007859975009743e24
4.402403491749293e24
4.8005933656874696e24
5.202245583557668e24
5.607173398899043e24
6.015187431692367e24
6.426095769957815e24
6.839704073257879e24
7.255815678055201e24
7.674231704865942e24
8.094751167154996e24
8.517171081913557e24
8.941286581858681e24
9.366891029197252e24
9.793776130888797e24
1.022173205534837e25
1.0650547550521393e25
1.1080010063269545e25
1.1509905859997724e25
1.1940020148457933e25
1.2370137200661074e25
1.2800040476826215e25
1.3229512750300588e25
1.3658336233375739e25
1.4086292703932285e25
1.4513163632836935e25
1.4938730312022604e25
1.5362773983174136e25
1.5785075966948256e25
1.620541779265141e25
1.6623581328298774e25
1.7039348910981237e25
1.7452503477460121e25
1.7862828694916263e25
1.827010909177245e25
1.8674130188514243e25
1.907467862843006e25
1.9471542308190773e25
1.9864510508193408e25
2.0253374022586296e25
2.063792528890078e25
2.101795851720674e25
2.1393269818716528e25
2.176365733375502e25
2.212892135901964e25
2.2488864474050387e25
2.2843291666830304e25
2.3192010458440647e25
2.353483102668923e25
2.3871566328637605e25
2.420203222194619e25
2.452604758496361e25
2.484343443548038e25
2.5154018048073524e25
2.5457627069965193e25
2.575409363531972e25
2.6043253477906847e25
2.632494604205467e25
2.659901459182236e25
2.686530631831754e25
2.712367244508941e25
2.7373968331526093e25
2.761605357418595e25
2.7849792105996318e25
2.807505229324957e25
2.82917070303325e25
2.8499633832121243e25
2.869871492397965e25
2.888883732929596e25
2.906989295449756e25
2.9241778671482486e25
2.940439639740783e25
2.9557653171778546e25
2.9701461230778384e25
2.9835738078789423e25
2.9960406557044964e25
3.007539490936521e25
3.018063684492355e25
3.027607159799561e25
3.0361643984643238e25
3.043730445628686e25
3.0503009150123812e25
3.0558719936348237e25
3.0604404462133635e25
3.0640036192337913e25
3.0665594446894746e25
3.068106443485552e25
3.0686437285048604e25
3.0681710073324548e25
3.0666885846357744e25
3.064197364197661e25
3.0606988505996935e25
3.0561951505534785e25
3.0506889738776907e25
3.044183634118957e25
3.0366830488147945e25
3.028191739397046e25
3.0187148307345243e25
3.008258050313672e25
2.996827727056347e25
2.9844307897740606e25
2.971074765258111e25
2.956767776005412e25
2.941518537579904e25
2.92533635560971e25
2.908231122420502e25
2.8902133133055166e25
2.8712939824332043e25
2.8514847583934097e25
2.830797839383453e25
2.8092459880355137e25
2.7868425258870015e25
2.763601327495964e25
2.7395368142034547e25
2.7146639475454225e25
2.6889982223165377e25
2.662555659288876e25
2.635352797588339e25
2.607406686732184e25
2.5787348783309325e25
2.5493554174584705e25
2.519286833694122e25
2.4885481318407425e25
2.4571587823232344e25
2.425138711271825e25
2.392508290294973e25
2.3592883259466294e25
2.3255000488931087e25
2.291165102784808e25
2.256305532838218e25
2.2209437741340637e25
2.1851026396372824e25
2.148805307945098e25
2.1120753107692564e25
2.0749365201590756e25
2.0374131354717146e25
1.9995296700966413e25
1.961310937941193e25
1.9227820396843109e25
1.883968348805916e25
1.844895497399194e25
1.805589361773625e25
1.7660760478563374e25
1.7263818763998793e25
1.6865333680044222e25
1.646557227962544e25
1.60648033093513e25
1.5663297054666472e25
1.526132518348659e25
1.485916058840073e25
1.445707722753234e25
1.4055349964145546e25
1.365425440509105e25
1.3254066738180263e25
1.2855063568582196e25
1.245752175433751e25
1.2061718241082357e25
1.1667929896080118e25
1.1276433341654454e25
1.088750478812404e25
1.0501419866333653e25
1.0118453459880874e25
9.738879537139488e24
9.362970983175098e24
8.990999431655386e24
8.623235096855202e24
8.259946605855267e24
7.901400831037622e24
7.547862722976197e24
7.199595143826739e24
6.856858701314011e24
6.519911583420476e24
6.189009393875707e24
5.864404988548367e24
5.546348312842439e24
5.235086240196859e24
4.930862411790826e24
4.6339170775535863e24
4.34448693857947e24
4.062804991046677e24
3.7891003717389107e24
3.523598205268715e24
3.2665194530986387e24
3.0180807644588787e24
2.7784943292555496e24
2.547967733067077e24
2.3267038143207823e24
2.1149005237451924e24
1.91275078618906e24
1.7204423648991087e24
1.5381577283471078e24
1.366073919694272e24
1.2043624289824187e24
1.0531890681367466e24
9.127138488669967e23
7.830908635495725e23
6.644681691739785e23
5.569876744336604e23
4.607850300408911e23
3.759895223434318e23
3.027239703186144e23
2.4110462601945726e23
1.9124107854494674e23
1.532361616054725e23
1.2718586475191533e23
1.1317924833535333e23
1.1129836226231881e23
1.2161816860830883e23
1.442064681505278e23
1.7912383087838664e23
2.2642353053842817e23
2.8615148326798987e23
3.583461903696546e23
4.430386852764476e23
5.4025248475532464e23
6.50003544393961e23
7.723002184139172e23
9.071432238502929e23
1.0545256091362007e24
1.214432727126973e24
1.3868422125977346e24
1.571723964244021e24
1.7690401312138535e24
1.978745104196546e24
2.2007855110899514e24
2.435100217267697e24
2.681620330462075e24
2.940269210278713e24
3.2109624823536e24
3.493608057162779e24
3.7881061534907255e24
4.0943493265608565e24
4.4122225008297655e24
4.7416030074426315e24
5.082360626346268e24
5.434357633050913e24
5.797448850032381e24
6.171481702759703e24
6.556296280334287e24
6.951725400720653e24
7.357594680547691e24
7.773722609457148e24
8.199920628970556e24
8.635993215847001e24
9.081737969896853e24
9.536945706218437e24
1.0001400551817543e25
1.0474880046569914e25
1.0957155248483594e25
1.1447990843213067e25
1.1947145257778557e25
1.2454370778436184e25
1.2969413672647248e25
1.349201431508696e25
1.4021907317635534e25
1.455882166328751e25
1.510248084391496e25
1.5652603001818613e25
1.620890107499445e25
1.6771082946046531e25
1.7338851594668214e25
1.7911905253617614e25
1.8489937568105335e25
1.9072637758513751e25
1.965969078636446e25
2.0250777523445304e25
2.084557492401133e25
2.144375619996584e25
2.204499099893179e25
2.264894558511554e25
2.325528302286953e25
2.386366336285078e25
2.4473743830678547e25
2.5085179017986268e25
2.5697621075762725e25
2.631071990987884e25
2.692412337868873e25
2.753747749259951e25
2.8150426615494143e25
2.87626136678989e25
2.937368033177916e25
2.9983267256847726e25
3.0591014268270843e25
3.119656057565119e25
3.1799544983171478e25
3.239960610077565e25
3.299638255626797e25
3.3589513208206552e25
3.417863735946867e25
3.476339497136349e25
3.5343426878166044e25
3.591837500194899e25
3.648788256758314e25
3.7051594317782637e25
3.7609156728064023e25
3.816021822149496e25
3.870442938310137e25
3.924144317380624e25
3.977091514377125e25
4.029250364501118e25
4.080587004315427e25
4.131067892821802e25
4.180659832427253e25
4.229329989786264e25
4.277045916506098e25
4.323775569702367e25
4.369487332392094e25
4.414150033711664e25
4.457732968946883e25
4.500205919362757e25
4.5415391718202344e25
4.581703538167756e25
4.6206703743950816e25
4.658411599537262e25
4.694899714316545e25
4.730107819510261e25
4.764009634032747e25
4.7965795127195e25
4.8277924638019676e25
4.857624166061449e25
4.886050985650729e25
4.913049992572278e25
4.938598976801929e25
4.962676464047224e25
4.985261731129708e25
5.006334820980611e25
5.02587655723971e25
5.043868558447153e25
5.060293251818395e25
5.07513388659249e25
5.088374546944277e25
5.1000001644512316e25
5.109996530105884e25
5.118350305865051e25
5.125049035727309e25
5.130081156330468e25
5.133436007060846e25
5.1351038396667725e25
5.135075827368579e25
5.133344073457952e25
5.1299016193797065e25
5.1247424522890845e25
5.117861512078488e25
5.109254697867158e25
5.098918873948369e25
5.086851875188234e25
5.073052511871257e25
5.057520573987469e25
5.040256834956648e25
5.021263054785442e25
5.000541982653221e25
4.978097358923312e25
4.95393391657598e25
4.92805738206055e25
4.90047447556373e25
4.871192910691928e25
4.840221393565786e25
4.807569621324905e25
4.773248280042001e25
4.737269042045001e25
4.699644562647066e25
4.66038847628374e25
4.619515392057881e25
4.577040888692396e25
4.532981508891813e25
4.487354753113966e25
4.440179072752966e25
4.391473862735812e25
4.341259453534359e25
4.289557102595778e25
4.23638898519389e25
4.181778184705226e25
4.125748682313015e25
4.068325346143268e25
4.009533919837525e25
3.949401010566479e25
3.887954076490126e25
3.8252214136692136e25
3.7612321424343493e25
3.696016193218343e25
3.629604291858421e25
3.562027944375269e25
3.4933194212354854e25
3.4235117411055204e25
3.352638654104173e25
3.280734624562438e25
3.2078348132983584e25
3.133975059416334e25
3.0591918616393447e25
2.983522359183624e25
2.9070043121857254e25
2.8296760816912525e25
2.7515766092163248e25
2.6727453958914637e25
2.5932224811995313e25
2.5130484213180112e25
2.4322642670778046e25
2.350911541549499e25
2.269032217269292e25
2.1866686931169943e25
2.103863770857831e25
2.020660631361549e25
1.937102810510801e25
1.8532341748128525e25
1.7690988967271503e25
1.6847414297226794e25
1.6002064830790972e25
1.515538996444923e25
1.4307841141678092e25
1.345987159410347e25
1.2611936080667866e25
1.176449062494545e25
1.0917992250761331e25
1.0072898716258583e25
9.229668246567435e24
8.388759265231927e24
7.550630124541604e24
6.715738834931964e24
5.884542793601476e24
5.057498512511514e24
4.235061345918544e24
3.4176852176068446e24
2.6058223479743693e24
1.7999229811357832e24
1.0004351122060719e24
2.078042149200761e23
-5.775270302418451e23
-1.3551190072679092e24
-2.1245354349983882e24
-2.8853436365219823e24
-3.6371148074200663e24
-4.379424282693532e24
-5.111851802216367e24
-5.833981774545967e24
-6.545403538936518e24
-7.245711625386469e24
-7.934506012567025e24
-8.611392383464605e24
-9.27598237858379e24
-9.927893846550287e24
-1.0566751091954152e25
-1.1192185120282984e25
-1.1803833879782665e25
-1.240134250009947e25
-1.2984363527543434e25
-1.3552557156829492e25
-1.4105591459139904e25
-1.464314260636557e25
-1.5164895091378145e25
-1.5670541944186269e25
-1.6159784943839288e25
-1.6632334825931134e25
-1.7087911485572995e25
-1.752624417569246e25
-1.7947071700530185e25
-1.835014260420066e25
-1.873521535418644e25
-1.910205851964356e25
-1.9450450944389407e25
-1.9780181914456753e25
-2.009105132009052e25
-2.0382869812077174e25
-2.065545895228878e25
-2.0908651358336582e25
-2.11422908422256e25
-2.135623254290556e25
-2.1550343052622323e25
-2.172450053696758e25
-2.1878594848538598e25
-2.201252763411348e25
-2.212621243525973e25
-2.221957478228908e25
-2.22925522814829e25
-2.234509469551033e25
-2.2377164016967904e25
-2.238873453497348e25
-2.2379792894748193e25
-2.235033815012912e25
-2.2300381808953225e25
-2.222994787126259e25
-2.213907286028191e25
-2.2027805846122693e25
-2.189620846217729e25
-2.174435491416291e25
-2.1572331981787497e25
-2.138023901300721e25
-2.1168187910854457e25
-2.0936303112815937e25
-2.068472156274687e25
-2.0413592675312e25
-2.0123078292945204e25
-1.981335263532863e25
-1.9484602241392746e25
-1.913702590384531e25
-1.8770834596240738e25
-1.8386251392606233e25
-1.7983511379644431e25
-1.7562861561539785e25
-1.712456075739529e25
-1.6668879491335618e25
-1.6196099875314074e25
-1.5706515484666615e25
-1.5200431226459677e25
-1.4678163200683981e25
-1.4140038554349166e25
-1.3586395328541912e25
-1.301758229850942e25
-1.2433958806839225e25
-1.1835894589808213e25
-1.1223769596978109e25
-1.0597973804119814e25
-9.95890701955237e24
-9.306978683986041e24
-8.642607663966415e24
-7.966222039014218e24
-7.278258882566766e24
-6.579164036825189e24
-5.869391881619654e24
-5.149405097405318e24
-4.4196744225089054e24
-3.680678404745561e24
-2.932903147534986e24
-2.1768420506431325e24
-1.4129955456836673e24
-6.418708265165903e23
1.3601842531775202e23
9.201523199840768e23
1.7100050434117585e24
2.5050451458781096e24
3.304735834960807e24
4.1085352727063403e24
4.915896876851821e24
5.726269625940625e24
6.539098368164714e24
7.353824133767711e24
8.169884450837284e24
8.986713664312991e24
9.803743258036104e24
1.06204021796619e25
1.143611716825501e25
1.2250313084384444e25
1.3062413242535433e25
1.38718397456495e25
1.4678013821607474e25
1.5480356161460495e25
1.6278287259222648e25
1.7071227753028156e25
1.7858598767458988e25
1.8639822256847795e25
1.941432134935704e25
2.0181520691637172e25
2.09408467938638e25
2.169172837495206e25
2.2433596707749145e25
2.3165885964001185e25
2.388803355889307e25
2.4599480494956962e25
2.529967170514781e25
2.5988056394880584e25
2.6664088382827893e25
2.732722644027114e25
2.797693462880548e25
2.8612682636192736e25
2.923394611016082e25
2.984020698994695e25
3.0430953835383157e25
3.1005682153323303e25
3.156389472121218e25
3.2105101907595745e25
3.262882198937749e25
3.3134581465622227e25
3.3621915367712697e25
3.409036756566528e25
3.453949107041228e25
3.496884833186141e25
3.5378011532541263e25
3.576656287664953e25
3.6134094874316345e25
3.6480210620902087e25
3.6804524071148494e25
3.710666030800555e25
3.73862558059595e25
3.764295868868842e25
3.7876428980875784e25
3.8086338854015112e25
3.827237286604211e25
3.8434228194631587e25
3.857161486400356e25
3.8684255965082027e25
3.877188786885563e25
3.883426043279431e25
3.887113720017351e25
3.8882295592170975e25
3.8867527092593755e25
3.8826637425107394e25
3.875944672283451e25
3.8665789690199603e25
3.8545515756900074e25
3.8398489223884066e25
3.8224589401226023e25
3.802371073778857e25
3.7795762942571226e25
3.7540671097641926e25
3.725837576256205e25
3.6948833070211167e25
3.6612014813927467e25
3.6247908525886386e25
3.5856517546636184e25
3.543786108572695e25
3.4991974273360473e25
3.451890820300722e25
3.4018729964928215e25
3.349152267055809e25
3.293738546769886e25
3.2356433546486374e25
3.1748798136097357e25
3.111462649216163e25
3.045408187486295e25
2.976734351770178e25
2.9054606586914598e25
2.8316082131535297e25
2.7551997024098855e25
2.6762593891992905e25
2.5948131039458858e25
2.510888236026508e25
2.424513724106248e25
2.3357200455456643e25
2.2445392048817504e25
2.151004721387177e25
2.055151615711178e25
1.9570163956071075e25
1.8566370407521689e25
1.7540529866643523e25
1.649305107723885e25
1.542435699305022e25
1.4334884590266528e25
1.3225084671286076e25
1.2095421659831653e25
1.094637338750007e25
9.77843087184396e24
8.592098086090917e24
7.38789172059667e24
6.166340936154484e24
4.927987109265499e24
3.673383569502411e24
2.4030953290834186e24
1.1176988047920252e24
-1.8221846761866684e23
-1.4960581264046933e24
-2.8232112840361906e24
-4.163058834490086e24
-5.514971767463789e24
-6.87831148936218e24
-8.252430150882852e24
-9.636670981039697e24
-1.103036862744994e25
-1.243284950270283e25
-1.3843432136639373e25
-1.5261427534345924e25
-1.6686139539685355e25
-1.8116865204161181e25
-1.955289516092932e25
-2.0993514003747534e25
-2.2438000670666974e25
-2.3885628832256086e25
-2.53356672841423e25
-2.6787380343668215e25
-2.8240028250433386e25
-2.9692867570515534e25
-3.1145151604135394e25
-3.2596130796551977e25
-3.4045053151955246e25
-3.5491164650123143e25
-3.6933709665620006e25
-3.8371931389290285e25
-3.980507225182234e25
-4.123237434913326e25
-4.26530798693441e25
-4.4066431521094115e25
-4.54716729629585e25
-4.686804923372095e25
-4.825480718325196e25
-4.963119590375344e25
-5.0996467161111e25
-5.2349875826116265e25
-5.369068030529655e25
-5.501814297111466e25
-5.633153059127597e25
-5.763011475690036e25
-5.8913172309304845e25
-6.017998576514147e25
-6.142984373964902e25
-6.266204136775666e25
-6.387588072279925e25
-6.507067123258657e25
-6.624573009258338e25
-6.740038267595071e25
-6.853396294019805e25
-6.964581383020741e25
-7.0735287677377525e25
-7.1801746594653e25
-7.2844562867188675e25
-7.386311933841934e25
-7.485680979128786e25
-7.582503932440399e25
-7.676722472289713e25
-7.76827948237308e25
-7.857119087525599e25
-7.94318668907705e25
-8.026428999586888e25
-8.106794076935665e25
-8.18423135775174e25
-8.258691690151412e25
-8.330127365771906e25
-8.398492151076266e25
-8.463741317909848e25
-8.525831673288582e25
-8.584721588399325e25
-8.640371026793327e25
-8.692741571753728e25
-8.741796452819163e25
-8.787500571445305e25
-8.829820525786952e25
-8.868724634583782e25
-8.904182960133104e25
-8.936167330333743e25
-8.964651359785316e25
-8.989610469928067e25
-9.011021908208555e25
-9.028864766257307e25
-9.043119997064918e25
-9.053770431143635e25
-9.06080079166212e25
-9.064197708541515e25
-9.063949731501544e25
-9.060047342046055e25
-9.052482964377786e25
-9.041250975233006e25
-9.026347712626989e25
-9.007771483502095e25
-8.98552257027085e25
-8.95960323624672e25
-8.930017729956551e25
-8.896772288328359e25
-8.8598751387498e25
-8.819336499992459e25
-8.775168581998096e25
-8.727385584523956e25
-8.676003694644e25
-8.621041083104745e25
-8.562517899533875e25
-8.50045626650159e25
-8.434880272434173e25
-8.365815963381108e25
-8.293291333636645e25
-8.21733631521813e25
-8.13798276620397e25
-8.05526445793419e25
-7.969217061078328e25
-7.879878130574645e25
-7.787287089446926e25
-7.6914852115041095e25
-7.5925156029302485e25
-7.490423182771765e25
-7.385254662330116e25
-7.277058523469027e25
-7.165884995845008e25
-7.051786033071998e25
-6.934815287830029e25
-6.8150280859300935e25
-6.692481399346439e25
-6.567233818229354e25
-6.439345521911834e25
-6.3088782489233005e25
-6.175895266025932e25
-6.040461336287479e25
-5.902642686207573e25
-5.762506971912489e25
-5.6201232444365646e25
-5.475561914106739e25
-5.328894714048573e25
-5.1801946628328645e25
-5.029536026280916e25
-4.876994278449518e25
-4.722646061814449e25
-4.566569146674689e25
-4.408842389797211e25
-4.249545692325454e25
-4.088759956972712e25
-3.9265670445234336e25
-3.7630497296664927e25
-3.5982916561824535e25
-3.4323772915107336e25
-3.265391880719577e25
-3.0974213999052583e25
-2.928552509044689e25
-2.758872504327674e25
-2.5884692699953947e25
-2.4174312297104034e25
-2.245847297486479e25
-2.073806828203914e25
-1.9013995677393245e25
-1.7287156027361414e25
-1.555845310045447e25
-1.3828793058642114e25
-1.2099083945999455e25
-1.0370235174913936e25
-8.643157010126979e24
-6.918760050920887e24
-5.19795471172923e24
-3.4816507014825894e24
-1.7707565019719252e24
-6.617884554396331e22
1.631177807582829e24
3.3204117920755284e24
5.000624760009847e24
6.670922202867857e24
8.330413972691841e24
9.978214802105502e24
1.1613444822883273e25
1.3235230082775554e25
1.4842703060281633e25
1.6435003177059495e25
1.8011277307684592e25
1.9570680286437338e25
2.1112375410834604e25
2.2635534941588686e25
2.4139340598709687e25
2.5622984053439052e25
2.70856674157292e25
2.8526603716970447e25
2.9945017387667738e25
3.1340144729788116e25
3.271123438347706e25
3.4057547787871848e25
3.5378359635715e25
3.6672958321501807e25
3.7940646382870435e25
3.918074093497243e25
4.039257409754763e25
4.15754934144328e25
4.2728862265250114e25
4.385206026900367e25
4.494448367934086e25
4.600554577121468e25
4.703467721870978e25
4.803132646378511e25
4.899496007569178e25
4.9925063100841385e25
5.082113940288563e25
5.1682711992794695e25
5.2509323348705575e25
5.330053572533745e25
5.405593145275806e25
5.477511322430586e25
5.545770437346955e25
5.610334913953195e25
5.6711712921801575e25
5.728248252224486e25
5.7815366376356586e25
5.831009477209462e25
5.8766420056728455e25
5.918411683144169e25
5.956298213354946e25
5.990283560618911e25
6.020351965535107e25
6.046489959413022e25
6.068686377407402e25
6.086932370352221e25
6.101221415283265e25
6.111549324639718e25
6.117914254136146e25
6.1203167092964425e25
6.118759550642913e25
6.113247997533377e25
6.103789630641088e25
6.090394393071895e25
6.073074590114943e25
6.051844887623024e25
6.026722309020236e25
5.997726230934998e25
5.964878377457196e25
5.9282028130195604e25
5.887725933903205e25
5.843476458369611e25
5.795485415420088e25
5.743786132186521e25
5.688414219956722e25
5.62940755883912e25
5.56680628107207e25
5.500652752983999e25
5.4309915556113375e25
5.3578694639820235e25
5.2813354250731385e25
5.201440534452054e25
5.118238011611247e25
5.031783174007722e25
4.942133409818803e25
4.849348149426818e25
4.753488835645686e25
4.654618892704217e25
4.552803693999954e25
4.4481105286398055e25
4.340608566783629e25
4.230368823807748e25
4.1174641233062465e25
4.00196905894865e25
3.883959955213035e25
3.7635148270147506e25
3.6407133382511735e25
3.5156367592840316e25
3.388367923381073e25
3.2589911821400134e25
3.1275923599179136e25
2.9942587072896688e25
2.8590788535612564e25
2.722142758361448e25
2.5835416623390276e25
2.443368036991261e25
2.3017155336509495e25
2.1586789316593616e25
2.014354085753231e25
1.8688378726945605e25
1.722228137172105e25
1.574623637004478e25
1.4261239876747114e25
1.2768296062271868e25
1.1268416545576003e25
9.76261982127859e24
8.251930681375648e24
6.737379631840372e24
5.220002304448023e24
3.7008388641386687e24
2.1809334122657724e24
6.613333860601252e23
-8.569110453463374e23
-2.372747587997111e24
-3.885122432938711e24
-5.392980868453804e24
-6.89526789434784e24
-8.390928837935286e24
-9.878909971373484e24
-1.1358159129984444e25
-1.2827626331209512e25
-1.4286264393835165e25
-1.5733029557130596e25
-1.7166882099539884e25
-1.8586786956554634e25
-1.9991714337421424e25
-2.1380640340308177e25
-2.275254756557352e25
-2.4106425726773363e25
-2.5441272259045162e25
-2.675609292450606e25
-2.8049902414305615e25
-2.9321724946973215e25
-3.0570594862700922e25
-3.1795557213205724e25
-3.299566834681514e25
-3.416999648842334e25
-3.531762231396495e25
-3.6437639519061944e25
-3.75291553814872e25
-3.859129131711364e25
-3.9623183428998295e25
-4.062398304926765e25
-4.159285727346889e25
-4.2528989487056055e25
-4.343157988368403e25
-4.429984597498739e25
-4.5133023091524705e25
-4.59303648745731e25
-4.669114375846437e25
-4.741465144315504e25
-4.810019935673211e25
-4.874711910755687e25
-4.9354762925758305e25
-4.9922504093792005e25
-5.044973736578096e25
-5.0935879375372646e25
-5.138036903183826e25
-5.17826679041586e25
-5.214226059283682e25
-5.245865508919581e25
-5.273138312191265e25
-5.29600004905621e25
-5.314408738593511e25
-5.328324869691789e25
-5.33771143037145e25
-5.34253393572079e25
-5.342760454426497e25
-5.338361633878873e25
-5.329310723834267e25
-5.31558359861668e25
-5.297158777842164e25
-5.274017445650292e25
-5.246143468427363e25
-5.213523411007828e25
-5.176146551339762e25
-5.134004893603025e25
-5.0870931797674496e25
-5.035408899581532e25
-4.978952298980731e25
-4.917726386907603e25
-4.851736940534892e25
-4.780992508884958e25
-4.70550441483973e25
-4.625286755535031e25
-4.540356401136373e25
-4.450732991991255e25
-4.356438934157364e25
-4.257499393303526e25
-4.153942286984399e25
-4.045798275288267e25
-3.933100749859766e25
-3.815885821300386e25
-3.694192304948895e25
-3.5680617050474796e25
-3.4375381972972216e25
-3.3026686098107263e25
-3.163502402467715e25
-3.020091644682235e25
-2.8724909915910857e25
-2.720757658672073e25
-2.5649513948048118e25
-2.4051344537840813e25
-2.241371564300473e25
-2.0737298984001844e25
-1.9022790384404698e25
-1.7270909425548745e25
-1.5482399086453324e25
-1.3658025369192328e25
-1.1798576909881078e25
-9.904864575492268e24
-7.97772104668017e24
-6.018000386844327e24
-4.0265775976293494e24
-2.0043481611079222e24
4.7772431133878105e22
2.1288491617601111e24
4.237927984038261e24
6.37403633053983e24
8.536183633900269e24
1.0723361859384887e25
1.2934546048956057e25
1.5168694876570092e25
1.742475121439786e25
1.970164270965882e25
2.1998282371773664e25
2.4313569169495312e25
2.6646388637715933e25
2.8995613493595647e25
3.1360104261697732e25
3.373870990776391e25
3.613026848079783e25
3.853360776309469e25
4.094754592784578e25
4.337089220397292e25
4.580244754779586e25
4.824100532118023e25
5.068535197576098e25
5.3134267742878535e25
5.558652732881483e25
5.8040900614952834e25
6.049615336245401e25
6.295104792104438e25
6.540434394152212e25
6.7854799091555e25
7.030116977438029e25
7.274221184996914e25
7.517668135825743e25
7.760333524401738e25
8.002093208293935e25
8.242823280852195e25
8.48240014393214e25
8.720700580615884e25
8.957601827883496e25
9.192981649194812e25
9.426718406936499e25
9.6586911346934e25
9.888779609300507e25
1.0116864422632177e26
1.0342827053087401e26
1.056654993672641e26
1.0787916538018135e26
1.1006811420153906e26
1.1223120314887202e26
1.1436730191855129e26
1.1647529327341484e26
1.1855407372438871e26
1.2060255420567747e26
1.2261966074312845e26
1.2460433511533973e26
1.265555355071274e26
1.284722371549286e26
1.3035343298375814e26
1.3219813423531747e26
1.3400537108685876e26
1.3577419326043321e26
1.3750367062212423e26
1.391928937709061e26
1.4084097461673984e26
1.4244704694755723e26
1.4401026698475534e26
1.4552981392686164e26
1.4700489048101387e26
1.4843472338190884e26
1.498185638978961e26
1.5115568832387283e26
1.5244539846067169e26
1.5368702208061368e26
1.54879913378931e26
1.5602345341074705e26
1.5711705051333146e26
1.581601407133417e26
1.5915218811877e26
1.6009268529533886e26
1.6098115362707157e26
1.6181714366079975e26
1.6260023543435556e26
1.6333003878822122e26
1.6400619366041067e26
1.646283703643645e26
1.6519626984966105e26
1.65709623945337e26
1.661681955856431e26
1.6657177901804712e26
1.66920199993329e26
1.6721331593760196e26
1.674510161061212e26
1.6763322171874086e26
1.677598860768942e26
1.678309946619851e26
1.678465652150809e26
1.6780664779782353e26
1.6771132483446466e26
1.675607111349625e26
1.673549538990745e26
1.67094232701399e26
1.6677875945732632e26
1.6640877836987147e26
1.6598456585737384e26
1.6550643046205664e26
1.649747127394548e26
1.643897851287267e26
1.637520518038797e26
1.630619485059495e26
1.6231994235618414e26
1.6152653165029613e26
1.6068224563385406e26
1.5978764425890522e26
1.5884331792191788e26
1.578498871831549e26
1.568080024675995e26
1.5571834374755835e26
1.5458162020708715e26
1.533985698883896e26
1.5216995932035125e26
1.5089658312938616e26
1.4957926363277594e26
1.4821885041470336e26
1.4681621988517955e26
1.4537227482208902e26
1.4388794389657411e26
1.423641811819992e26
1.4080196564674222e26
1.3920230063107365e26
1.3756621330838738e26
1.3589475413106243e26
1.3418899626124736e26
1.32450034986859e26
1.3067898712310468e26
1.2887699039984727e26
1.2704520283513094e26
1.2518480209521053e26
1.2329698484141834e26
1.2138296606422974e26
1.194439784048769e26
1.174812714648897e26
1.1549611110393164e26
1.1348977872631463e26
1.1146357055659785e26
1.0941879690464747e26
1.073567814205844e26
1.0527886034001828e26
1.0318638171999923e26
1.010807046661052e26
9.896319855110072e25
9.683524222561062e25
9.4698223221243e25
9.255353694662427e25
9.04025858767892e25
8.824677873639876e25
8.608752967723938e25
8.392625745048465e25
8.176438457418576e25
7.960333649646762e25
7.744454075492769e25
7.52894261326984e25
7.3139421811685696e25
7.099595652345662e25
6.886045769828507e25
6.673435061283836e25
6.46190575370159e25
6.251599688043015e25
6.042658233903554e25
5.835222204241236e25
5.629431770219943e25
5.425426376219199e25
5.223344655059745e25
5.023324343496501e25
4.825502198028516e25
4.63001391107631e25
4.4369940275780914e25
4.246575862053007e25
4.058891416183409e25
3.874071296964505e25
3.692244635472206e25
3.5135390062974737e25
3.338080347697359e25
3.165992882510719e25
2.9973990398874645e25
2.832419377879817e25
2.6711725069425326e25
2.513775014390448e25
2.36034138985925e25
2.2109839518169365e25
2.065812775170704e25
1.924935620016207e25
1.7884578615724919e25
1.6564824213477955e25
1.52910969957988e25
1.4064375089933194e25
1.2885610099168637e25
1.1755726468017943e25
1.067562086182921e25
9.646161561218501e24
8.668187871722112e24
7.742509549056455e24
6.869906240358943e24
6.05112694178545e24
5.286889472819686e24
4.5778799676520976e24
3.924752383965227e24
3.3281280294664893e24
2.788595106485035e24
2.3067082749514277e24
1.882988234063903e24
1.5179213229331396e24
1.2119591404917765e24
9.655181849391492e23
7.789795129856547e23
6.526884191460673e23
5.869541353232254e23
5.820495509100239e23
6.382109536271512e23
7.556377913023743e23
9.344924547848363e23
1.17490008217657e24
1.4769483845506348e24
1.8406874933137185e24
2.2661298293584933e24
2.753249994138723e24
3.301984682786278e24
3.9122326193797777e24
4.5838545144569383e24
5.316673044855905e24
6.110472855950872e24
6.965000586342424e24
7.879964915041074e24
8.855036631177659e24
9.889848726256122e24
1.098399650895001e25
1.213703774243756e25
1.3348492804248148e25
1.461784486858573e25
1.5944540111078963e25
1.7327987935897836e25
1.8767561225154937e25
2.026259661050776e25
2.1812394766857005e25
2.3416220728021614e25
2.507330422426874e25
2.6782840041546994e25
2.854398840227704e25
3.0355875367521495e25
3.2217593260360193e25
3.4128201110273126e25
3.6086725118320686e25
3.809215914290824e25
4.014346520589557e25
4.223957401880836e25
4.4379385528893685e25
4.656176948475258e25
4.878556602125957e25
5.104958626348301e25
5.33526129492969e25
5.569340107036144e25
5.807067853115316e25
6.048314682569056e25
6.2929481731616345e25
6.540833402125907e25
6.791833018931364e25
7.045807319674205e25
7.3026143230508824e25
7.562109847874531e25
7.824147592091147e25
8.088579213255457e25
8.355254410420466e25
8.624021007398062e25
8.894725037343755e25
9.167210828620388e25
9.441321091893168e25
9.716897008407551e25
9.993778319402182e25
1.0271803416606267e26
1.0550809433771063e26
1.0830632339185579e26
1.111110702912267e26
1.1392067422164645e26
1.1673346554353894e26
1.1954776675116766e26
1.2236189343903291e26
1.2517415527490273e26
1.279828569789188e26
1.3078629930820497e26
1.3358278004642712e26
1.3637059499772583e26
1.3914803898446228e26
1.4191340684818428e26
1.4466499445324053e26
1.4740109969246815e26
1.5012002349435054e26
1.5282007083107225e26
1.5549955172687017e26
1.581567822661022e26
1.6079008560042457e26
1.6339779295449568e26
1.6597824462960592e26
1.6852979100464085e26
1.7105079353378217e26
1.735396257403479e26
1.759946742061885e26
1.7841433955603207e26
1.807970374361984e26
1.8314119948708437e26
1.8544527430884262e26
1.8770772841965834e26
1.8992704720604585e26
1.921017358645929e26
1.942303203345644e26
1.9631134822080475e26
1.98343389706368e26
2.0032503845430973e26
2.0225491249808983e26
2.041316551200262e26
2.0595393571726024e26
2.077204506546856e26
2.0942992410431e26
2.1108110887052053e26
2.126727872007333e26
2.142037715809091e26
2.1567290551543237e26
2.1707906429085478e26
2.184211557230103e26
2.19698120887023e26
2.2090893482973248e26
2.220526072640735e26
2.2312818324495812e26
2.2413474382620694e26
2.2507140669810705e26
2.2593732680516062e26
2.2673169694361705e26
2.274537483383831e26
2.2810275119891704e26
2.2867801525372867e26
2.2917889026311495e26
2.2960476650977396e26
2.2995507526694802e26
2.3022928924376933e26
2.3042692300748403e26
2.305475333822425e26
2.3059071982416945e26
2.3055612477242656e26
2.3044343397599927e26
2.3025237679595198e26
2.2998272648291502e26
2.296343004295747e26
2.292069603979437e26
2.2870061272122958e26
2.2811520848010114e26
2.2745074365319683e26
2.267072592417007e26
2.2588484136786766e26
2.2498362134735385e26
2.2400377573525718e26
2.2294552634575133e26
2.2180914024525658e26
2.20594929719071e26
2.1930325221140343e26
2.1793451023879297e26
2.1648915127688188e26
2.149676676205498e26
2.1337059621740257e26
2.1169851847466902e26
2.099520600395366e26
2.0813189055297446e26
2.0623872337714294e26
2.0427331529646033e26
2.022364661924493e26
2.0012901869246192e26
1.979518577924478e26
1.9570591045390887e26
1.9339214517519032e26
1.910115715373268e26
1.8856523972461335e26
1.86054240020141e26
1.83479702276494e26
1.8084279536189307e26
1.781447265820152e26
1.753867410777866e26
1.725701211994092e26
1.696961858569617e26
1.6676628984787654e26
1.637818231616086e26
1.607442102618813e26
1.576549093468394e26
1.5451541158750877e26
1.5132724034491866e26
1.4809195036632983e26
1.44811126960964e26
1.4148638515564724e26
1.381193688308461e26
1.3471174983751967e26
1.3126522709527917e26
1.2778152567229902e26
1.2426239584751192e26
1.207096121555725e26
1.1712497241507982e26
1.1351029674063004e26
1.098674265391964e26
1.061982234914118e26
1.025045685182727e26
9.878836073387799e25
9.505151638474085e25
9.129596777628946e25
8.752366218710868e25
8.373656077157759e25
7.993663745148695e25
7.6125877797237525e25
7.2306277899292066e25
6.847984323047607e25
6.4648587499798805e25
6.0814531498402695e25
5.6979701938342675e25
5.314613028483375e25
4.931585158260981e25
4.549090327711175e25
4.167332403114117e25
3.78651525376891e25
3.406842632958413e25
3.0285180586695636e25
2.6517446941357417e25
2.27672522826888e25
1.9036617560549798e25
1.5327556589793667e25
1.1642074855543037e25
7.982168320153542e24
4.3498222326136313e24
7.470099410446325e23
-2.8243082909683696e24
-6.362186463551243e24
-9.864694014475587e24
-1.3329916987174803e25
-1.6755959192165828e25
-2.014094336113505e25
-2.348301229303354e25
-2.6780329991463085e25
-3.003108279270255e25
-3.3233480483648e25
-3.638575740900868e25
-3.948617356710279e25
-4.253301569354265e25
-4.552459833217905e25
-4.845926489262104e25
-5.1335388693712504e25
-5.415137399227888e25
-5.690565699652527e25
-5.959670686347162e25
-6.2223026679762915e25
-6.478315442527038e25
-6.7275663918853235e25
-6.96991657457135e25
-7.205230816571436e25
-7.433377800211674e25
-7.654230151013778e25
-7.867664522480343e25
-8.07356167875117e25
-8.271806575078466e25
-8.462288436069877e25
-8.644900831644558e25
-8.819541750654805e25
-8.986113672122182e25
-9.144523634042944e25
-9.294683299713262e25
-9.436509021530626e25
-9.569921902228833e25
-9.694847853501446e25
-9.811217651975043e25
-9.918966992490783e25
-1.0018036538659146e26
-1.0108371970647595e26
-1.0189924030168208e26
-1.0262648562632458e26
-1.0326506556438909e26
-1.0381464179365472e26
-1.0427492812035917e26
-1.0464569078435467e26
-1.0492674873447673e26
-1.0511797387390532e26
-1.0521929127528596e26
-1.052306793654198e26
-1.0515217007932054e26
-1.0498384898347571e26
-1.0472585536816473e26
-1.0437838230869339e26
-1.0394167669542796e26
-1.034160392325303e26
-1.0280182440532122e26
-1.0209944041619672e26
-1.013093490890586e26
-1.0043206574223907e26
-9.946815902989867e25
-9.841825075191814e25
-9.728301563230649e25
-9.606318106617885e25
-9.475952683536177e25
-9.337288479271398e25
-9.190413851526789e25
-9.035422292630592e25
-8.872412388651075e25
-8.701487775436055e25
-8.52275709159235e25
-8.336333928426153e25
-8.1423367768649e25
-7.940888971383843e25
-7.732118630962e25
-7.516158597094204e25
-7.293146368887606e25
-7.063224035272806e25
-6.8265382043614104e25
-6.583239929983883e25
-6.333484635442891e25
-6.07743203451921e25
-5.815246049769225e25
-5.547094728153648e25
-5.273150154041358e25
-4.9935883596297315e25
-4.70858923282853e25
-4.418336422653743e25
-4.123017242179597e25
-3.822822569099246e25
-3.5179467439455316e25
-3.2085874660244344e25
-2.8949456871164554e25
-2.577225503001244e25
-2.255634042863302e25
-1.9303813566367338e25
-1.6016803003500682e25
-1.2697464195319315e25
-9.347978307401354e24
-5.970551012778941e24
-2.567411271639411e24
8.591899057974161e23
4.3069807125364685e24
7.773669813512328e24
1.125694762905314e25
1.475448763239107e25
1.8263947660510852e25
2.178297123760137e25
2.5309188910379885e25
2.8840219594550226e25
3.2373671931632947e25
3.590714565541612e25
3.943823296725339e25
4.296451991944346e25
4.6483587805898065e25
4.999301455932662e25
5.349037615412449e25
5.697324801419e25
6.04392064248502e25
6.388582994809339e25
6.731070084030184e25
7.071140647166239e25
7.408554074644008e25
7.743070552330048e25
8.074451203484859e25
8.402458230556838e25
8.726855056733254e25
9.047406467166446e25
9.363878749791704e25
9.67603983565498e25
9.983659438668308e25
1.0286509194708935e26
1.0584362799982428e26
1.0876996148565863e26
1.116418746905059e26
1.1445717460202612e26
1.1721369425560008e26
1.1990929406886631e26
1.2254186316402295e26
1.2510932067709523e26
1.2760961705338148e26
1.3004073532829313e26
1.3240069239281005e26
1.3468754024278277e26
1.3689936721131786e26
1.3903429918348986e26
1.4109050079264104e26
1.4306617659751424e26
1.4495957223951164e26
1.4676897557934611e26
1.4849271781238112e26
1.5012917456196379e26
1.5167676695005791e26
1.531339626445094e26
1.5449927688227433e26
1.557712734679644e26
1.5694856574706282e26
1.58029817553195e26
1.5901374412883784e26
1.598991130188653e26
1.6068474493635567e26
1.6136951460008298e26
1.6195235154315115e26
1.6243224089220714e26
1.6280822411674167e26
1.630793997479526e26
1.632449240666758e26
1.6330401175992637e26
1.6325593654557893e26
1.6310003176475988e26
1.628356909415122e26
1.6246236830934935e26
1.619795793043039e26
1.61386901024092e26
1.6068397265306817e26
1.5987049585262116e26
1.589462351167156e26
1.579110180922705e26
1.5676473586412124e26
1.555073432043039e26
1.5413885878543849e26
1.5265936535797913e26
1.5106900989116916e26
1.4936800367751717e26
1.4755662240062892e26
1.4563520616629756e26
1.4360415949671835e26
1.4146395128776117e26
1.3921511472920592e26
1.3685824718793169e26
1.3439401005402045e26
1.3182312854975463e26
1.291463915015661e26
1.2636465107494646e26
1.2347882247240472e26
1.204898835945231e26
1.1739887466425743e26
1.1420689781458982e26
1.1091511663966191e26
1.0752475570960065e26
1.040371000491934e26
1.0045349458065129e26
9.677534353065718e25
9.300410980200187e25
8.914131431004496e25
8.518853528432884e25
8.114740753562091e25
7.701962168877308e25
7.2806923381734654e25
6.851111243107187e25
6.4134041964449026e25
5.967761752044248e25
5.514379611616414e25
5.0534585283107625e25
4.585204207174826e25
4.109827202537099e25
3.627542812361589e25
3.138570969633186e25
2.6431361308245056e25
2.1414671615050948e25
1.633797219147015e25
1.1203636331933063e25
6.014077824490882e24
7.717496985672127e23
-4.520857052737671e24
-9.861214775155207e24
-1.5246760479855456e25
-2.0674897193486755e25
-2.6142995330869543e25
-3.1648394089658466e25
-3.7188402866184812e25
-4.276030269176681e25
-4.836134768864964e25
-5.3988766544815225e25
-5.9639764006884256e25
-6.531152239023864e25
-7.100120310558528e25
-7.670594820108598e25
-8.242288191925447e25
-8.814911226770059e25
-9.388173260288449e25
-9.961782322601742e25
-1.0535445299017987e26
-1.110886809177948e26
-1.1681755782752288e26
-1.225381279697118e26
-1.2824743066942669e26
-1.3394250197615984e26
-1.3962037631931847e26
-1.4527808816849378e26
-1.5091267369761951e26
-1.5652117245203718e26
-1.621006290175655e26
-1.6764809469056137e26
-1.7316062914806414e26
-1.7863530211703287e26
-1.840691950417529e26
-1.8945940274841055e26
-1.9480303510589e26
-2.000972186818606e26
-2.0533909839313826e26
-2.105258391494089e26
-2.1565462748932025e26
-2.2072267320803186e26
-2.2572721097521704e26
-2.3066550194259457e26
-2.3553483534006474e26
-2.4033253005946226e26
-2.4505593622502917e26
-2.4970243674964784e26
-2.5426944887594962e26
-2.5875442570133693e26
-2.6315485768602295e26
-2.674682741432187e26
-2.7169224471051988e26
-2.758243808016498e26
-2.7986233703765306e26
-2.8380381265671046e26
-2.876465529016744e26
-2.9138835038451793e26
-2.9502704642683504e26
-2.9856053237560566e26
-3.0198675089337784e26
-3.0530369722209254e26
-3.0850942041977794e26
-3.11602024569319e26
-3.14579669958569e26
-3.17440574231052e26
-3.201830135065475e26
-3.2280532347082955e26
-3.253059004338792e26
-3.2768320235590455e26
-3.299357498404886e26
-3.320621270942445e26
-3.340609828523407e26
-3.359310312693084e26
-3.376710527745296e26
-3.392798948918435e26
-3.407564730227383e26
-3.420997711925787e26
-3.433088427593794e26
-3.44382811084631e26
-3.453208701657165e26
-3.461222852294678e26
-3.4678639328644726e26
-3.4731260364554583e26
-3.477003983885249e26
-3.479493328041391e26
-3.4805903578151094e26
-3.4802921016244054e26
-3.478596330523675e26
-3.475501560897138e26
-3.471007056733724e26
-3.46511283148113e26
-3.457819649477239e26
-3.449129026957094e26
-3.4390432326339636e26
-3.427565287853355e26
-3.4146989663189e26
-3.400448793389494e26
-3.384820044947033e26
-3.3678187458346764e26
-3.349451667865594e26
-3.32972632740232e26
-3.3086509825074316e26
-3.286234629666116e26
-3.2624870000817985e26
-3.237418555545808e26
-3.211040483882919e26
-3.1833646939742203e26
-3.154403810359526e26
-3.124171167421297e26
-3.0926808031528374e26
-3.0599474525134e26
-3.0259865403729386e26
-2.9908141740501523e26
-2.954447135446884e26
-2.916902872782877e26
-2.8781994919344446e26
-2.8383557473816596e26
-2.797391032768239e26
-2.7553253710785917e26
-2.7121794044372973e26
-2.667974383535755e26
-2.6227321566916165e26
-2.5764751585461308e26
-2.5292263984056476e26
-2.481009448233041e26
-2.431848430295008e26
-2.3817680044721076e26
-2.330793355237824e26
-2.2789501783136857e26
-2.2262646670070813e26
-2.172763498239526e26
-2.118473818272348e26
-2.0634232281377258e26
-2.0076397687823903e26
-1.951151905932536e26
-1.8939885146877927e26
-1.8361788638523183e26
-1.7777526000120737e26
-1.718739731366419e26
-1.6591706113232383e26
-1.599075921866027e26
-1.538486656702674e26
-1.4774341042048634e26
-1.4159498301473042e26
-1.3540656602567951e26
-1.2918136625803601e26
-1.229226129682607e26
-1.1663355606816567e26
-1.1031746431343175e26
-1.0397762347803222e26
-9.761733451555178e25
-9.12399117085011e25
-8.484868080661057e25
-7.844697715519513e25
-7.203814381459087e25
-6.562552967179846e25
-5.9212487545349195e25
-5.280237228450769e25
-4.639853886384955e25
-4.000434047435293e25
-3.362312661207564e25
-2.725824116547525e25
-2.0913020502540205e25
-1.4590791558774162e25
-8.294869927179647e24
-2.0285579512852506e24
4.2048571776102323e24
1.04021053179063e25
1.6559935268811903e25
2.267511665393e25
2.8744441796273614e25
3.4764727583575176e25
4.073281732285185e25
4.664558258307521e25
5.24999250248843e25
5.829277821630654e25
6.402110943333883e25
6.968192144438194e25
7.527225427742821e25
8.078918696900506e25
8.622983929376534e25
9.15913734737441e25
9.687099586621958e25
1.0206595862921663e26
1.0717356136358874e26
1.1219115273071755e26
1.1711613204487991e26
1.219459508392557e26
1.2667811440467503e26
1.3131018330012977e26
1.3583977483417126e26
1.4026456451623145e26
1.4458228747699844e26
1.487907398569966e26
1.528877801624545e26
1.5687133058766445e26
1.6073937830297265e26
1.6448997670763874e26
1.6812124664672115e26
1.716313775912469e26
1.750186287809368e26
1.782813303287083e26
1.814178842862885e26
1.8442676567021943e26
1.873065234476265e26
1.9005578148106325e26
1.9267323943184096e26
1.9515767362122377e26
1.9750793784894445e26
1.9972296416844882e26
2.0180176361836126e26
2.037434269096837e26
2.0554712506821165e26
2.0721211003174443e26
2.0873771520163794e26
2.1012335594832592e26
2.1136853007039714e26
2.1247281820689465e26
2.1343588420252637e26
2.142574754254574e26
2.1493742303743434e26
2.154756422159913e26
2.1587213232852643e26
2.1612697705804478e26
2.162403444804133e26
2.1621248709300687e26
2.1604374179461238e26
2.1573452981653433e26
2.152853566048367e26
2.146968116537166e26
2.1396956828999395e26
2.131043834087688e26
2.1210209716029717e26
2.1096363258819062e26
2.0968999521904196e26
2.0828227260363647e26
2.067416338099193e26
2.0506932886793315e26
2.032666881669413e26
2.0133512180501058e26
1.9927611889134187e26
1.9709124680165748e26
1.9478215038699642e26
1.9235055113628812e26
1.897982462931024e26
1.8712710792700397e26
1.8433908195996528e26
1.8143618714831946e26
1.7842051402075836e26
1.752942237729129e26
1.7205954711907484e26
1.6871878310163663e26
1.6527429785888932e26
1.617285233517764e26
1.5808395605029415e26
1.5434315558021518e26
1.5050874333084605e26
1.4658340102455654e26
1.4256986924883325e26
1.3847094595164635e26
1.3428948490093028e26
1.3002839410900077e26
1.2569063422276601e26
1.2127921688059244e26
1.1679720303672523e26
1.1224770125416252e26
1.0763386596693055e26
1.0295889571269083e26
9.822603133667679e25
9.34385541679164e25
8.85997841687699e25
8.371307805879995e25
7.878182741400785e25
7.380945674250392e25
6.879942153767851e25
6.375520630995537e25
5.8680322598242e25
5.357830696218207e25
4.8452718956346354e25
4.330713908749304e25
3.8145166756065463e25
3.2970418183079986e25
2.7786524323591254e25
2.2597128767893356e25
1.7405885631702404e25
1.2216457436469947e25
7.032512981065853e24
1.857725206051533e24
-3.304230948241979e24
-8.449680688590593e24
-1.357495151948409e25
-1.8676375396208485e25
-2.3750290879165274e25
-2.8793045288186857e25
-3.3800996855584523e25
-3.877051687668873e25
-4.369799185662022e25
-4.857982565204885e25
-5.3412441606688045e25
-5.8192284679246865e25
-6.291582356264113e25
-6.757955279317214e25
-7.217999484845402e25
-7.671370223284183e25
-8.11772595491358e25
-8.556728555532355e25
-8.988043520514662e25
-9.41134016712735e25
-9.826291834987596e25
-1.0232576084540689e26
-1.062987489343924e26
-1.1017874850706363e26
-1.139626734856531e26
-1.1764748771820375e26
-1.2123020684675356e26
-1.2470790014873753e26
-1.2807769235052545e26
-1.3133676541196491e26
-1.3448236028084853e26
-1.3751177861623202e26
-1.404223844795446e26
-1.4321160599245095e26
-1.4587693696043872e26
-1.4841593846112985e26
-1.5082624039632709e26
-1.531055430068238e26
-1.552516183490367e26
-1.5726231173252726e26
-1.5913554311750972e26
-1.6086930847146128e26
-1.624616810839579e26
-1.6391081283892094e26
-1.652149354434391e26
-1.6637236161237013e26
-1.673814862079677e26
-1.6824078733378257e26
-1.6894882738210752e26
-1.6950425403429364e26
-1.6990580121325386e26
-1.701522899875255e26
-1.7024262942625948e26
-1.7017581740457172e26
-1.6995094135869152e26
-1.6956717899035695e26
-1.690237989199865e26
-1.6832016128813504e26
-1.6745571830479365e26
-1.6643001474611056e26
-1.6524268839817007e26
-1.6389347044746283e26
-1.623821858177047e26
-1.607087534527488e26
-1.5887318654529487e26
-1.5687559271119178e26
-1.5471617410909381e26
-1.5239522750534972e26
-1.4991314428394845e26
-1.4727041040144701e26
-1.444676062867624e26
-1.4150540668583697e26
-1.3838458045114468e26
-1.3510599027603431e26
-1.316705923740121e26
-1.2807943610301465e26
-1.2433366353481722e26
-1.2043450896968322e26
-1.163832983964941e26
-1.1218144889854986e26
-1.0783046800525433e26
-1.0333195299002762e26
-9.86875901147035e25
-9.389915382079433e25
-8.896850586794184e25
-8.38975944200256e25
-7.86884530793349e25
-7.3343199869237165e25
-6.786403616591285e25
-6.225324557962372e25
-5.651319278612389e25
-5.064632230873506e25
-4.465515725178892e25
-3.854229798601797e25
-3.231042078662503e25
-2.59622764246673e25
-1.950068871257373e25
-1.292855300451889e25
-6.248834652405628e24
5.354325816424812e23
7.421148155504259e24
1.4405146419074096e25
2.148419832724099e25
2.865501319282312e25
3.5914240478552773e25
4.325847162717704e25
5.068424192859483e25
5.81880324230817e25
6.576627183950313e25
7.341533856752941e25
8.113156266267226e25
8.891122788307964e25
9.675057375700432e25
1.0464579767970294e26
1.1259305703867974e26
1.2058847136602567e26
1.2862812451673078e26
1.3670806687164663e26
1.4482431756394174e26
1.5297286672773382e26
1.6114967776771328e26
1.6935068964837117e26
1.7757181920158716e26
1.8580896345130744e26
1.9405800195389243e26
2.023147991528828e26
2.1057520674677597e26
2.1883506606853692e26
2.2709021047538445e26
