1.0656499218750004e-13
1.0667666139034822e11
1.7121618293327617e12
8.7128418102128955e12
2.7735999930703145e13
6.8339417463233e13
1.4329009392343912e14
2.6892136723291178e14
4.6556751074984494e14
7.580746822375535e14
1.1763868998081732e15
1.7562055220856022e15
2.5397205146142215e15
3.576411592231001e15
4.923917138047201e15
6.648968614176587e15
8.828387997719585e15
1.1550145598081518e16
1.4914475438777112e16
1.903504521875455e16
2.4040177705258424e16
3.007412025262843e16
3.7298358989484776e16
4.589297407075278e16
5.6058032251196744e16
6.80150129038222e16
8.20082634799173e16
9.830648028787386e16
1.1720421035549098e17
1.3902337003543696e17
1.6411477591613453e17
1.9285968351074848e17
2.2567132911537395e17
2.6299647015412675e17
3.053169192637932e17
3.531510673141619e17
4.070553905122643e17
4.676259366996455e17
5.354997859215664e17
6.113564803258318e17
6.959194184368195e17
7.899572088473452e17
8.942849783773009e17
1.009765629763604e18
1.1373110439709289e18
1.2778832222469972e18
1.4324953630898744e18
1.602212869347804e18
1.788154280734488e18
1.9914921271145572e18
2.2134536979949558e18
2.4553217237483474e18
2.718434964194073e18
3.0041887002708193e18
3.314035124652693e18
3.6494836272868905e18
4.0121009719663836e18
4.403511360194936e18
4.82539637875406e18
5.279494827542303e18
5.767602424425982e18
6.291571384017361e18
6.853309867480746e18
7.454781300659161e18
8.09800355801356e18
8.785048010073197e18
9.518038432309025e18
1.0299149773561893e19
1.1130606782383694e19
1.2014682489881657e19
1.2953696547894176e19
1.395001342156977e19
1.5006040435669553e19
1.6124225674166608e19
1.7307055732973666e19
1.8557053325892297e19
1.987677474414243e19
2.1268807170100224e19
2.273576584614417e19
2.428029109978436e19
2.5905045226526736e19
2.761270923220313e19
2.9405979436778344e19
3.1287563941927272e19
3.3260178964957065e19
3.5326545041932108e19
3.7489383103142035e19
3.975141042433487e19
4.211533645741832e19
4.45838585446122e19
4.715965752031198e19
4.984539320520022e19
5.264369979741425e19
5.5557181165849575e19
5.858840605094374e19
6.1739903178548625e19
6.5014156292756865e19
6.841359911380107e19
7.194061022739324e19
7.559750791211375e19
7.938654491169566e19
8.330990315928019e19
8.736968846094254e19
9.156792514600226e19
9.590655069184131e19
1.0038741033115284e20
1.0501225164973466e20
1.0978271918312554e20
1.147003490205544e20
1.1976656342483809e20
1.2498266547701663e20
1.3034983375465844e20
1.3586911705290242e20
1.4154142915742545e20
1.4736754367863375e20
1.533480889564794e20
1.5948354304538667e20
1.6577422878885197e20
1.722203089933428e20
1.788217817111715e20
1.8557847564205765e20
1.9249004566311764e20
1.9955596849703082e20
2.0677553852812834e20
2.1414786377613712e20
2.2167186203727843e20
2.2934625720237877e20
2.37169575761591e20
2.4514014350525222e20
2.5325608243031668e20
2.6151530786170087e20
2.6991552579776355e20
2.7845423048900857e20
2.8712870225895784e20
2.959360055759775e20
3.048729873846667e20
3.139362757052316e20
3.231222785090569e20
3.3242718287847476e20
3.418469544584933e20
3.513773372079979e20
3.610138534576845e20
3.707518042816943e20
3.805862701896416e20
3.9051211214541344e20
4.0052397291880376e20
4.1061627877571704e20
4.207832415123242e20
4.3101886083820015e20
4.413169271131004e20
4.516710244416511e20
4.6207453412982686e20
4.725206385066917e20
4.8300232511444825e20
4.935123912694187e20
5.040434489961351e20
5.145879303362637e20
5.251380930336304e20
5.356860265961365e20
5.462236587348783e20
5.5674276218029146e20
5.6723496187463965e20
5.776917425396699e20
5.8810445661773365e20
5.984643325841567e20
6.087624836281158e20
6.18989916698745e20
6.291375419126549e20
6.391961823185131e20
6.491565840137773e20
6.590094266081314e20
6.687453340276198e20
6.783548856529107e20
6.878286277845824e20
6.971570854277452e20
7.063307743877716e20
7.153402136683404e20
7.241759381624436e20
7.328285116264538e20
7.412885399267945e20
7.495466845482016e20
7.575936763520228e20
7.65420329572461e20
7.730175560381233e20
7.803763796057074e20
7.874879507921439e20
7.94343561590975e20
8.009346604582567e20
8.072528674527587e20
8.132899895147577e20
8.190380358672172e20
8.244892335226939e20
8.296360428788403e20
8.34471173384927e20
8.389875992613758e20
8.431785752538592e20
8.470376524031396e20
8.505586938113964e20
8.537358903854351e20
8.565637765368017e20
8.590372458184784e20
8.611515664775111e20
8.629023969026146e20
8.642858009454922e20
8.652982630943671e20
8.659367034779275e20
8.661984926776982e20
8.660814663266073e20
8.655839394713468e20
8.647047206759528e20
8.6344312584388e20
8.617989917357393e20
8.597726891597419e20
8.573651358118566e20
8.545778087425944e20
8.514127564273519e20
8.478726104172023e20
8.439605965470967e20
8.396805456784325e20
8.350369039530882e20
8.300347425360676e20
8.246797668240784e20
8.189783250974866e20
8.129374165933152e20
8.065646989771276e20
7.998684951919214e20
7.928577996623806e20
7.855422838331851e20
7.779323010203464e20
7.700388905549444e20
7.618737811989792e20
7.534493938135031e20
7.447788432595938e20
7.358759395132458e20
7.267551879756998e20
7.174317889613152e20
7.079216363455751e20
6.98241315356456e20
6.884080994929583e20
6.784399465552485e20
6.683554937715276e20
6.581740520074128e20
6.479155990443641e20
6.376007719143929e20
6.272508582790998e20
6.168877868418365e20
6.065341167826541e20
5.962130262064959e20
5.8594829959600485e20
5.757643142611618e20
5.656860257789324e20
5.5573895241699374e20
5.459491585366009e20
5.3634323697061056e20
5.269482903737063e20
5.1779191154285045e20
5.0890216270707556e20
5.0030755378672986e20
4.9203701962342426e20
4.841198961829659e20
4.7658589573471234e20
4.6946508101187135e20
4.6278783835842825e20
4.565848498695317e20
4.508870645332991e20
4.4572566838323e20
4.4113205367154e20
4.371377870749703e20
4.3377457694578416e20
4.3107423962190814e20
4.2906866481135773e20
4.2778978006732426e20
4.2726951437150945e20
4.275397608445309e20
4.286323386034346e20
4.305789537875833e20
4.3341115977541694e20
4.371603166157983e20
4.418575496988749e20
4.475337076926221e20
4.542193197724059e20
4.61944552172146e20
4.707391640868226e20
4.8063246295727106e20
4.9165325916937604e20
5.038298202009382e20
5.171898242506338e20
5.3176031338462485e20
5.475676462374788e20
5.646374503051871e20
5.8299457386911046e20
6.026630375907758e20
6.236659858184723e20
6.460256376476128e20
6.697632377778145e20
6.94899007210638e20
7.214520938328448e20
7.494405229309576e20
7.788811476837951e20
8.097895996804976e20
8.421802395123943e20
8.760661074878425e20
9.114588745199384e20
9.483687932377098e20
9.868046493720849e20
1.026773713468603e21
1.0682816929794088e21
1.111332684787657e21
1.1559291282180043e21
1.2020717585873156e21
1.249759561350175e21
1.2989897268942115e21
1.3497576060405615e21
1.4020566663051498e21
1.4558784489766938e21
1.5112125270675785e21
1.5680464641939153e21
1.626365774441185e21
1.6861538832719956e21
1.7473920895324282e21
1.8100595286134853e21
1.8741331368239953e21
1.939587617031267e21
2.0063954056255153e21
2.0745266408638995e21
2.1439491326496767e21
2.2146283338016316e21
2.2865273128685069e21
2.3596067285427523e21
2.433824805727303e21
2.509137313308593e21
2.585497543688304e21
2.662856294125746e21
2.7411618499418873e21
2.820359969635382e21
2.9003938719599627e21
2.9812042250117233e21
3.062729137373767e21
3.144904151364726e21
3.2276622384365075e21
3.3109337967654936e21
3.394646651080218e21
3.4787260547672624e21
3.563094694295802e21
3.6476726959998616e21
3.7323776352558734e21
3.8171245480917163e21
3.9018259452617745e21
3.986391828821066e21
4.070729711229746e21
4.1547446370176734e21
4.2383392070369065e21
4.321413605328274e21
4.4038656286262223e21
4.4855907185243377e21
4.5664819963219065e21
4.646430300569969e21
4.725324227333203e21
4.803050173181967e21
4.879492380926636e21
4.954532988104269e21
5.028052078225359e21
5.099927734786264e21
5.170036098050527e21
5.238251424600092e21
5.304446149654943e21
5.368490952157415e21
5.430254822614948e21
5.489605133692601e21
5.546407713544215e21
5.600526921868555e21
5.651825728674275e21
5.700165795734981e21
5.745407560713095e21
5.787410323928648e21
5.826032337746503e21
5.861130898552912e21
5.892562441289651e21
5.920182636511363e21
5.94384648992905e21
5.963408444400011e21
5.978722484321914e21
5.989642242385867e21
5.996021108640917e21
5.997712341819498e21
5.994569182870913e21
5.986444970647083e21
5.973193259682329e21
5.95466794000618e21
5.93072335892569e21
5.901214444711051e21
5.865996832115795e21
5.82492698966028e21
5.777862348604542e21
5.724661433534282e21
5.665183994480985e21
5.599291140495059e21
5.526845474588089e21
5.447711229958299e21
5.361754407410592e21
5.268842913880594e21
5.168846701969546e21
5.061637910394925e21
4.947091005259344e21
4.825082922038209e21
4.695493208184565e21
4.558204166247598e21
4.4131009973991574e21
4.260071945260855e21
4.0990084399225745e21
3.929805242041259e21
3.7523605869072666e21
3.566576328363885e21
3.3723580824641004e21
3.1696153707472486e21
2.958261763016531e21
2.738215019497473e21
2.5093972322556303e21
2.271734965751101e21
2.0251593964060945e21
1.7696064510608917e21
1.5050169441923828e21
1.231336713768963e21
9.48516755614464e20
6.565133561532462e20
3.552882234080436e20
4.4808616121773064e19
-2.7495252912599623e20
-6.040164729373002e20
-9.423985503786773e20
-1.2901080506581113e21
-1.647148099325785e21
-2.0135155431283496e21
-2.3892008376457767e21
-2.7741879378398444e21
-3.1684541916426315e21
-3.5719702367129316e21
-3.984699900487929e21
-4.406600103656375e21
-4.837620767178797e21
-5.277704722979377e21
-5.726787628432844e21
-6.184797884768456e21
-6.651656559511854e21
-7.127277313084401e21
-7.611566329677212e21
-8.10442225251684e21
-8.605736123635885e21
-9.115391328261769e21
-9.633263543933355e21
-1.0159220694454354e22
-1.0693122908788655e22
-1.1234822485001936e22
-1.178416385935007e22
-1.234098358061358e22
-1.2905110289773276e22
-1.3476364705120702e22
-1.40545596128931e22
-1.4639499863520732e22
-1.523098237356966e22
-1.5828796133461625e22
-1.6432722221047904e22
-1.7042533821111679e22
-1.7657996250869133e22
-1.8278866991536102e22
-1.8904895726023808e22
-1.9535824382822657e22
-2.0171387186129884e22
-2.081131071227198e22
-2.1455313952469865e22
-2.21031083819893e22
-2.275439803571623e22
-2.340887959019062e22
-2.4066242452129833e22
-2.4726168853466434e22
-2.5388333952921976e22
-2.605240594413287e22
-2.6718046170339848e22
-2.7384909245648315e22
-2.805264318286128e22
-2.872088952788189e22
-2.938928350067806e22
-3.0057454142795746e22
-3.072502447140364e22
-3.1391611639845255e22
-3.2056827104671102e22
-3.27202767991164e22
-3.3381561312986867e22
-3.404027607890728e22
-3.4696011564884506e22
-3.5348353473129637e22
-3.5996882945079828e22
-3.6641176772553805e22
-3.728080761497081e22
-3.791534422255644e22
-3.854435166545395e22
-3.91673915686539e22
-3.9784022352649905e22
-4.039379947972239e22
-4.099627570574732e22
-4.159100133742132e22
-4.2177524494788995e22
-4.275539137895345e22
-4.332414654484504e22
-4.38833331789189e22
-4.443249338164552e22
-4.497116845465458e22
-4.549889919238602e22
-4.60152261780981e22
-4.651969008407671e22
-4.7011831975884836e22
-4.749119362048705e22
-4.795731779807822e22
-4.840974861744119e22
-4.884803183465344e22
-4.927171517495796e22
-4.96803486576091e22
-5.0073484923499606e22
-5.045067956537088e22
-5.081149146040409e22
-5.11554831049851e22
-5.148222095143316e22
-5.179127574647834e22
-5.208222287126942e22
-5.235464268268967e22
-5.2608120855755254e22
-5.2842248726866345e22
-5.3056623637678625e22
-5.325084927935918e22
-5.342453603698755e22
-5.357730133386044e22
-5.370876997545509e22
-5.381857449280376e22
-5.3906355485029645e22
-5.397176196079205e22
-5.401445167838627e22
-5.40340914842417e22
-5.403035764955994e22
-5.400293620483331e22
-5.3951523271981075e22
-5.387582539384247e22
-5.377555986076077e22
-5.3650455033994275e22
-5.350025066568852e22
-5.332469821514312e22
-5.31235611611064e22
-5.289661530983102e22
-5.264364909862351e22
-5.236446389462044e22
-5.205887428852571e22
-5.172670838304137e22
-5.136780807572843e22
-5.0982029336032045e22
-5.056924247620902e22
-5.012933241589495e22
-4.966219894005139e22
-4.916775695003452e22
-4.864593670752891e22
-4.809668407109176e22
-4.751996072505644e22
-4.691574440054529e22
-4.628402908834628e22
-4.562482524340872e22
-4.493815998071922e22
-4.42240772623205e22
-4.348263807524003e22
-4.271392060009885e22
-4.191802037017661e22
-4.109505042071051e22
-4.0245141428212785e22
-3.93684418395947e22
-3.846511799088927e22
-3.753535421537279e22
-3.6579352940886916e22
-3.559733477617169e22
-3.4589538586022375e22
-3.3556221555092874e22
-3.2497659240170593e22
-3.1414145610756462e22
-3.030599307778843e22
-2.9173532510355903e22
-2.801711324025605e22
-2.6837103054253267e22
-2.563388817390671e22
-2.4407873222842065e22
-2.3159481181347466e22
-2.188915332818414e22
-2.059734916950738e22
-1.9284546354804225e22
-1.7951240579760087e22
-1.6597945475976305e22
-1.522519248746736e22
-1.383353073387738e22
-1.2423526860361904e22
-1.0995764874090922e22
-9.550845967338452e21
-8.089388327130628e21
-6.612026931437365e21
-5.119413331897971e21
-3.6122154230833134e21
-2.0911171983036813e21
-5.568184919850777e20
9.899652913583201e20
2.5485034615137003e21
4.118050340274545e21
5.697845572398414e21
7.287114449751256e21
8.885068248556855e21
1.049090457966528e22
1.2103807751737968e22
1.3722949147243072e22
1.5347487611140031e22
1.6976569852126416e22
1.8609330856305015e22
2.0244894313124112e22
2.188237305342978e22
2.352086949946278e22
2.5159476126617845e22
2.6797275936778172e22
2.8433342943023495e22
3.006674266550464e22
3.169653263826251e22
3.3321762926764157e22
3.494147665591619e22
3.6554710548306473e22
3.816049547241715e22
3.975785700053925e22
4.134581597611301e22
4.292338909020623e22
4.448958946683635e22
4.604342725682929e22
4.758391023990267e22
4.911004443464949e22
5.0620834716092455e22
5.211528544046671e22
5.359240107688422e22
5.505118684552223e22
5.6490649361972065e22
5.790979728737432e22
5.930764198396117e22
6.068319817561722e22
6.203548461306497e22
6.336352474327114e22
6.466634738266566e22
6.5942987393757495e22
6.719248636472502e22
6.841389329155239e22
6.960626526227753e22
7.076866814291221e22
7.1900177264587355e22
7.299987811147505e22
7.406686700902897e22
7.5100251812085075e22
7.609915259235602e22
7.70627023248528e22
7.799004757275806e22
7.888034917027779e22
7.97327829029894e22
8.05465401852068e22
8.132082873387463e22
8.205487323850671e22
8.274791602667825e22
8.33992177245823e22
8.40080579121565e22
8.457373577228924e22
8.50955707336092e22
8.557290310636675e22
8.600509471091038e22
8.639152949826701e22
8.673161416233137e22
8.702477874317351e22
8.727047722097423e22
8.746818810009876e22
8.761741498282214e22
8.771768713222404e22
8.776856002376933e22
8.776961588509792e22
8.772046422354843e22
8.762074234094665e22
8.747011583519083e22
8.726827908817332e22
8.701495573958095e22
8.670989914612511e22
8.635289282575338e22
8.594375088640525e22
8.548231843887803e22
8.496847199337834e22
8.440211983933865e22
8.378320240808848e22
8.311169261797614e22
8.238759620154796e22
8.161095201439517e22
8.07818323252937e22
7.990034308726585e22
7.896662418920901e22
7.798084968773772e22
7.694322801890511e22
7.585400218947184e22
7.4713449947409875e22
7.352188393133151e22
7.227965179855181e22
7.09871363315005e22
6.964475552221677e22
6.8252962634664166e22
6.681224624462508e22
6.532313025694034e22
6.3786173899878066e22
6.2201971696423785e22
6.057115341230316e22
5.8894383980558315e22
5.717236340251879e22
5.540582662501431e22
5.359554339369973e22
5.174231808237205e22
4.9846989498179306e22
4.791043066263066e22
4.593354856833639e22
4.391728391142616e22
4.186261079959952e22
3.977053643578966e22
3.7642100777429674e22
3.5478376171335185e22
3.328046696422361e22
3.104950908891702e22
2.8786669626285198e22
2.6493146343008973e22
2.417016720525283e22
2.1818989868362083e22
1.944090114270836e22
1.703721643583418e22
1.4609279171053457e22
1.2158460182692702e22
9.686157088166764e21
7.193793637109457e21
4.6828190377848246e21
2.1547072610348313e21
-3.890436779736438e20
-2.946912459912674e21
-5.517355223071418e21
-8.098806346424852e21
-1.0689679253659672e22
-1.3288367237799023e22
-1.5893244306061049e22
-1.8502666044558629e22
-2.1114970502439153e22
-2.3728479095038648e22
-2.6341497525618092e22
-2.895231672522272e22
-3.1559213810197834e22
-3.4160453056869213e22
-3.6754286892892792e22
-3.93389569047498e22
-4.191269486085784e22
-4.447372374974486e22
-4.702025883272844e22
-4.9550508710517155e22
-5.206267640314481e22
-5.455496044262717e22
-5.702555597772461e22
-5.94726558901757e22
-6.189445192175036e22
-6.4289135811468705e22
-6.665490044230879e22
-6.898994099671983e22
-7.129245612024233e22
-7.356064909253096e22
-7.579272900505609e22
-7.798691194475953e22
-8.014142218291772e22
-8.225449336846919e22
-8.432436972504259e22
-8.634930725091922e22
-8.832757492115031e22
-9.025745589104886e22
-9.213724870025834e22
-9.396526847660412e22
-9.573984813891484e22
-9.74593395980078e22
-9.912211495501618e22
-1.007265676962374e23
-1.0227111388367163e23
-1.0375419334042249e23
-1.051742708301222e23
-1.065298372295436e23
-1.0781941069355626e23
-1.0904153781158721e23
-1.101947947547392e23
-1.1127778841272355e23
-1.1228915751975932e23
-1.1322757376859786e23
-1.1409174291182632e23
-1.1488040584960773e23
-1.1559233970301728e23
-1.162263588721379e23
-1.1678131607808067e23
-1.1725610338809736e23
-1.1764965322296095e23
-1.1796093934579281e23
-1.1818897783152024e23
-1.1833282801615516e23
-1.1839159342509185e23
-1.183644226796285e23
-1.1825051038092647e23
-1.1804909797062647e23
-1.1775947456735617e23
-1.173809777783665e23
-1.169129944855513e23
-1.163549616051077e23
-1.1570636682011636e23
-1.1496674928532596e23
-1.1413570030343564e23
-1.1321286397219654e23
-1.1219793780165131e23
-1.1109067330085566e23
-1.0989087653343643e23
-1.0859840864135761e23
-1.07213186336282e23
-1.057351823579343e23
-1.0416442589888229e23
-1.0250100299518123e23
-1.0074505688233637e23
-9.889678831605912e22
-9.69564558573149e22
-9.492437612117644e22
-9.280092398901949e22
-9.05865327836176e22
-8.828169440671673e22
-8.588695943868033e22
-8.340293719984051e22
-8.08302957731892e22
-7.816976198808198e22
-7.54221213646433e22
-7.258821801859094e22
-6.966895452621526e22
-6.666529174928308e22
-6.3578248619644705e22
-6.040890188337058e22
-5.715838580424838e22
-5.3827891826510705e22
-5.04186681966824e22
-4.693201954446925e22
-4.336930642263025e22
-3.973194480581068e22
-3.6021405548326383e22
-3.2239213800938742e22
-2.838694838666555e22
-2.446624113571582e22
-2.0478776179656957e22
-1.6426289204954556e22
-1.23105666660528e22
-8.133444958189416e21
-3.8968095501754344e21
3.9740592261866665e20
4.747220604773953e21
9.150607406530493e21
1.360549402834904e22
1.8109764023957324e22
2.2661257901486192e22
2.725777426226864e22
3.189707097684435e22
3.6576866397696414e22
4.129484060819629e22
4.604863670722504e22
5.083586212890113e22
5.565408999681776e22
6.050086051216672e22
6.537368237509607e22
7.027003423861973e22
7.518736619438264e22
8.012310128953272e22
8.507463707395172e22
9.003934717705185e22
9.501458291332832e22
9.999767491582754e22
1.0498593479666786e23
1.0997665683372056e23
1.1496711968254655e23
1.199545881126378e23
1.249363147670116e23
1.299095419441685e23
1.3487150340140699e23
1.3981942617846456e23
1.4475053244043144e23
1.4966204133886685e23
1.5455117089001684e23
1.59415139869031e23
1.642511697190286e23
1.6905648647387327e23
1.7382832269347882e23
1.7856391941045716e23
1.83260528086904e23
1.8791541258009746e23
1.925258511158683e23
1.9708913826839707e23
2.016025869451574e23
2.060635303757331e23
2.10469324103211e23
2.1481734797684184e23
2.1910500814465284e23
2.2332973904468353e23
2.2748900539350125e23
2.3158030417066018e23
2.356011665977345e23
2.3954916011057345e23
2.434218903234042e23
2.4721700298340957e23
2.5093218591439995e23
2.545651709481974e23
2.5811373584234576e23
2.6157570618275505e23
2.649489572698989e23
2.6823141598716618e23
2.7142106264998403e23
2.745159328343234e23
2.7751411918320213e23
2.8041377318980577e23
2.832131069558478e23
2.8591039492379896e23
2.8850397558162263e23
2.909922531386547e23
2.9337369917128202e23
2.9564685423707872e23
2.97810329456069e23
2.9986280805780012e23
3.0180304689291678e23
3.036298779079438e23
3.053422095820001e23
3.0693902832417425e23
3.084193998303183e23
3.097824703980252e23
3.110274681985751e23
3.121537045046583e23
3.131605748726973e23
3.1404756027861175e23
3.1481422820589716e23
3.154602336849011e23
3.159853202822146e23
3.163893210391105e23
3.1667215935799446e23
3.168338498358548e23
3.168744990437253e23
3.16794306251205e23
3.1659356409510585e23
3.162726591913254e23
3.1583207268908234e23
3.1527238076666844e23
3.1459425506791726e23
3.137984630786102e23
3.128858684420857e23
3.11857431213339e23
3.107142080509463e23
3.094573523461717e23
3.080881142886646e23
3.0660784086817777e23
3.05017975811785e23
3.033200594561095e23
3.0151572855411647e23
2.99606716016059e23
2.9759485058420932e23
2.954820564410479e23
2.9327035275062114e23
2.9096185313282386e23
2.8855876507040107e23
2.860633892485082e23
2.834781188267129e23
2.8080543864336e23
2.7804792435227074e23
2.7520824149178896e23
2.7228914448622755e23
2.6929347557982183e23
2.6622416370333186e23
2.6308422327348855e23
2.5987675292551772e23
2.566049341790265e23
2.5327203003757872e23
2.498813835223384e23
2.4643641614019044e23
2.42940626286818e23
2.393975875852385e23
2.3581094716036278e23
2.3218442385017702e23
2.285218063542018e23
2.2482695131992074e23
2.211037813679252e23
2.173562830565605e23
2.1358850478690294e23
2.0980455464895516e23
2.060085982099773e23
2.0220485624592312e23
1.9839760241699588e23
1.9459116088838014e23
1.9078990389725074e23
1.869982492672075e23
1.8322065787131237e23
1.794616310449727e23
1.7572570794993624e23
1.720174628907101e23
1.6834150258476274e23
1.6470246338790266e23
1.611050084762688e23
1.5755382498641098e23
1.5405362111496377e23
1.5060912317947764e23
1.4722507264198788e23
1.4390622309694566e23
1.4065733722517556e23
1.374831837155504e23
1.3438853415611581e23
1.313781598964236e23
1.2845682888287255e23
1.2562930246887411e23
1.2290033220170911e23
1.2027465658795323e23
1.1775699783938745e23
1.1535205860133424e23
1.1306451866538634e23
1.1089903166852013e23
1.0886022178061247e23
1.069526803823936e23
1.0518096273590658e23
1.0354958464954766e23
1.020630191397925e23
1.0072569309172493e23
9.954198392050817e22
9.85162162359467e22
9.765265851231002e22
9.6955519765591e22
9.642894624039864e22
9.607701810868381e22
9.59037461825039e22
9.591306864305638e22
9.610884778819775e22
9.649486680068424e22
9.70748265393628e22
9.785234235555658e22
9.883094093687475e22
1.000140571806903e23
1.014050310995146e23
1.0300710476050354e23
1.048234192613214e23
1.068570117445833e23
1.0911081245308282e23
1.1158764182801551e23
1.142902076523841e23
1.1722110224176875e23
1.2038279968462313e23
1.2377765313425261e23
1.27407892154604e23
1.3127562012198516e23
1.3538281168480392e23
1.3973131028340902e23
1.443228257320778e23
1.491589318651829e23
1.5424106424953087e23
1.5957051796485996e23
1.6514844545443016e23
1.709758544476317e23
1.770536059564842e23
1.833824123478898e23
1.8996283549345172e23
1.9679528499863298e23
2.03880016513012e23
2.1121713012332706e23
2.188065688309896e23
2.2664811711566976e23
2.347413995865578e23
2.4308587972282354e23
2.516808587047747e23
2.6052547433715007e23
2.696187000659583e23
2.789593440901993e23
2.885460485697805e23
2.9837728893085548e23
3.084513732698023e23
3.1876644185696674e23
3.293204667412677e23
3.401112514566819e23
3.5113643083159875e23
3.623934709019451e23
3.738796689289552e23
3.855921535223569e23
3.97527884869737e23
4.0968365507274404e23
4.220560885907499e23
4.3464164279250404e23
4.474366086162862e23
4.604371113389594e23
4.736391114542863e23
4.8703840566079036e23
5.006306279593899e23
5.1441125086094826e23
5.283755867038384e23
5.4251878908151816e23
5.568358543800843e23
5.7132162342566826e23
5.859707832414873e23
6.007778689142828e23
6.157372655698174e23
6.30843210457021e23
6.460897951403184e23
6.614709677995689e23
6.7698053563703e23
6.926121673906344e23
7.083593959528062e23
7.242156210940206e23
7.401741122901575e23
7.562280116527045e23
7.723703369607328e23
7.885939847935481e23
8.048917337628116e23
8.212562478428757e23
8.376800797979873e23
8.54155674704971e23
8.706753735699172e23
8.87231417037322e23
9.038159491900688e23
9.204210214385866e23
9.370385964974168e23
9.536605524473966e23
9.702786868815484e23
9.868847211327558e23
1.0034703045812049e24
1.0200270190395153e24
1.0365463832134089e24
1.053019857235743e24
1.0694388472716204e24
1.0857947101922727e24
1.1020787583153133e24
1.1182822642089406e24
1.1343964655575876e24
1.150412570086463e24
1.1663217605423702e24
1.1821151997281625e24
1.1977840355880977e24
1.2133194063413564e24
1.2287124456608805e24
1.2439542878946966e24
1.259036073326806e24
1.2739489534747e24
1.2886840964204808e24
1.303232692172587e24
1.31758595805502e24
1.3317351441209704e24
1.3456715385876847e24
1.3593864732893893e24
1.3728713291450642e24
1.3861175416377846e24
1.3991166063023876e24
1.4118600842181277e24
1.424339607503003e24
1.436546884806381e24
1.4484737067965616e24
1.4601119516398568e24
1.471453590467796e24
1.4824906928289873e24
1.4932154321222275e24
1.503620091007367e24
1.5136970667904883e24
1.5234388767798942e24
1.5328381636094497e24
1.541887700525773e24
1.550580396635802e24
1.558909302111237e24
1.566867613346387e24
1.574448678065942e24
1.5816460003791982e24
1.588453245777274e24
1.5948642460698712e24
1.6008730042581512e24
1.6064736993403074e24
1.6116606910464276e24
1.616428524499274e24
1.6207719347976327e24
1.6246858515188965e24
1.6281654031375725e24
1.631205921356463e24
1.6338029453472604e24
1.6359522258973592e24
1.6376497294597277e24
1.6388916421026786e24
1.639674373356488e24
1.6399945599537973e24
1.6398490694607904e24
1.6392350037962097e24
1.6381497026353098e24
1.636590746695874e24
1.6345559609035262e24
1.6320434174335804e24
1.629051438626743e24
1.6255785997760536e24
1.6216237317825015e24
1.6171859236768205e24
1.6122645250050224e24
1.6068591480753262e24
1.6009696700641668e24
1.5945962349790912e24
1.5877392554763545e24
1.580399414531188e24
1.5725776669587118e24
1.5642752407835958e24
1.5554936384566193e24
1.5462346379163878e24
1.5365002934945278e24
1.5262929366627966e24
1.5156151766205663e24
1.504469900721329e24
1.4928602747368683e24
1.480789742957872e24
1.4682620281298725e24
1.4552811312234468e24
1.441851331037751e24
1.4279771836365374e24
1.413663521615877e24
1.3989154532029727e24
1.3837383611854839e24
1.3681379016709124e24
1.3521200026756977e24
1.33569086254378e24
1.3188569481944683e24
1.3016249931995783e24
1.2840019956899212e24
1.2659952160912476e24
1.2476121746899998e24
1.2288606490291888e24
1.209748671134904e24
1.1902845245740435e24
1.1704767413439634e24
1.1503340985948408e24
1.1298656151856956e24
1.109080548075028e24
1.0879883885472785e24
1.0665988582762832e24
1.0449219052270993e24
1.02296769939764e24
1.000746628401677e24
9.782692928948723e23
9.555465018456345e23
9.32589267652612e23
9.094088011108898e23
8.860165062289083e23
8.624239748983333e23
8.386429814191497e23
8.146854768823884e23
7.905635834129782e23
7.662895882753272e23
7.418759378443426e23
7.17335231444641e23
6.926802150609162e23
6.679237749224038e23
6.430789309645476e23
6.181588301710484e23
5.931767397995719e23
5.681460404944713e23
5.4308021929000944e23
5.179928625075541e23
4.928976485504657e23
4.678083406003246e23
4.427387792183173e23
4.177028748556584e23
3.9271460027699896e23
3.677879829008578e23
3.429370970612004e23
3.181760561942873e23
2.9351900495512842e23
2.6898011126779983e23
2.4457355831403274e23
2.2031353646452128e23
1.962142351574656e23
1.722898347289149e23
1.4855449819953874e23
1.250223630225337e23
1.0170753279733288e23
7.862406895399139e22
5.578598241300697e22
3.320722522548137e22
1.0901682198525166e22
-1.1116837489134847e22
-3.283460867636866e22
-5.423799860862619e22
-7.531347532170671e22
-9.60476160151533e22
-1.1642711541023634e23
-1.3643879408737868e23
-1.5606960679788927e23
-1.75306650744853e23
-1.941371738280158e23
-2.1254858284746728e23
-2.3052845166100473e23
-2.4806452928991757e23
-2.6514474796807276e23
-2.8175723112910236e23
-2.9789030132653273e23
-3.135324880816944e23
-3.2867253565427226e23
-3.432994107303736e23
-3.574023100229923e23
-3.7097066777982994e23
-3.839941631933608e23
-3.964627277081602e23
-4.0836655222049335e23
-4.1969609416520134e23
-4.3044208448498803e23
-4.405955344772178e23
-4.501477425134064e23
-4.590903006266526e23
-4.67415100962248e23
-4.751143420868211e23
-4.821805351514285e23
-4.8860650990400555e23
-4.943854205467418e23
-4.9951075143393743e23
-5.039763226060249e23
-5.0777629515549555e23
-5.109051764205194e23
-5.133578250021798e23
-5.151294556013068e23
-5.1621564367094895e23
-5.1661232988066236e23
-5.1631582438887074e23
-5.153228109196232e23
-5.136303506401973e23
-5.1123588583611114e23
-5.081372433801742e23
-5.043326379923271e23
-4.998206752871582e23
-4.946003546060348e23
-4.886710716309897e23
-4.8203262077751514e23
-4.7468519736362086e23
-4.66629399552589e23
-4.5786623006701266e23
-4.4839709767177695e23
-4.382238184238464e23
-4.273486166867638e23
-4.157741259080064e23
-4.0350338915733665e23
-3.905398594245788e23
-3.768873996752534e23
-3.6255028266271926e23
-3.4753319049560296e23
-3.318412139593992e23
-3.154798515913235e23
-2.9845500850760535e23
-2.8077299498253257e23
-2.6244052477884048e23
-2.434647132289508e23
-2.238530750669578e23
-2.0361352201124637e23
-1.827543600978659e23
-1.6128428676487966e23
-1.3921238768810933e23
-1.1654813336878177e23
-9.330137547387543e22
-6.948234292991027e22
-4.510163777126676e22
-2.0170230744194767e22
5.300543332185465e21
3.1298990446386564e22
5.781306251497513e22
8.483036274102568e22
1.1233815120878425e23
1.4032335071236257e23
1.6877255281623695e23
1.9767202414514637e23
2.2700771290083336e23
2.567652556029098e23
2.869299840510302e23
3.174869325052549e23
3.484208450815894e23
3.797161833592804e23
4.113571341964613e23
4.4332761775053785e23
4.756112956995711e23
5.0819157966076545e23
5.410516398020739e23
5.741744136426492e23
6.075426150379799e23
6.411387433451684e23
6.749450927638046e23
7.089437618477562e23
7.43116663182999e23
7.774455332265545e23
8.119119423014821e23
8.464973047425947e23
8.811828891877369e23
9.159498290090618e23
9.507791328787888e23
9.856516954637708e23
1.020548308243087e24
1.0554496704427677e24
1.090336400081718e24
1.1251890451226196e24
1.1599880947218055e24
1.1947139905716877e24
1.2293471383294455e24
1.2638679191254774e24
1.2982567011451254e24
1.3324938512770098e24
1.366559746821342e24
1.4004347872513444e24
1.4340994060210905e24
1.4675340824127557e24
1.5007193534163658e24
1.5336358256350281e24
1.5662641872085617e24
1.5985852197484726e24
1.6305798102769762e24
1.6622289631630477e24
1.6935138120481252e24
1.7244156317542634e24
1.7549158501674163e24
1.7849960600885438e24
1.8146380310451865e24
1.8438237210562115e24
1.8725352883422393e24
1.900755102974548e24
1.9284657584549548e24
1.9556500832193783e24
1.9822911520576805e24
2.008372297442474e24
2.0338771207595357e24
2.0587895034325715e24
2.0830936179349327e24
2.1067739386811899e24
2.1298152527912208e24
2.1522026707196923e24
2.1739216367437875e24
2.1949579393020995e24
2.2152977211776551e24
2.2349274895181185e24
2.2538341256861986e24
2.2720048949335137e24
2.2894274558910703e24
2.3060898698696868e24
2.3219806099637458e24
2.3370885699517404e24
2.3514030729871914e24
2.36491388007358e24
2.377611198317016e24
2.38948568895058e24
2.4005284751242165e24
2.410731149454303e24
2.42008578132707e24
2.4285849239501674e24
2.4362216211468605e24
2.4429894138873305e24
2.448882346551858e24
2.453894972920674e24
2.4580223618854524e24
2.4612601028775566e24
2.4636043110083016e24
2.46505163191663e24
2.465599246319799e24
2.46524487426274e24
2.4639867790620187e24
2.461823770940448e24
2.4587552103485317e24
2.4547810109691543e24
2.4499016424020644e24
2.4441181325248875e24
2.437432069527608e24
2.429845603617581e24
2.4213614483923747e24
2.4119828818779554e24
2.401713747229817e24
2.390558453094956e24
2.3785219736327237e24
2.365609848192817e24
2.3518281806488562e24
2.3371836383861879e24
2.3216834509428038e24
2.3053354083023664e24
2.288147858838707e24
2.2701297069111732e24
2.251290410110584e24
2.2316399761556443e24
2.2111889594399542e24
2.1899484572298977e24
2.16793010551403e24
2.1451460745045708e24
2.1216090637921265e24
2.0973322971547166e24
2.0723295170225442e24
2.0466149786001128e24
2.0202034436475339e24
1.9931101739230456e24
1.9653509242890662e24
1.9369419354841624e24
1.9078999265637424e24
1.878242087012311e24
1.8479860685304362e24
1.8171499764997715e24
1.785752361129675e24
1.7538122082892087e24
1.7213489300284645e24
1.6883823547934638e24
1.6549327173389056e24
1.621020648343503e24
1.5866671637326171e24
1.5518936537132134e24
1.5167218715263663e24
1.4811739219226944e24
1.4452722493663294e24
1.409039625973251e24
1.3724991391898697e24
1.3356741792181672e24
1.298588426193649e24
1.2612658371226898e24
1.2237306325859915e24
1.1860072832150366e24
1.1481204959486206e24
1.1100952000767148e24
1.0719565330789934e24
1.033729826265703e24
9.954405902285108e23
9.571145001092477e23
9.187773806945778e23
8.804551913447605e23
8.4217401076483e23
8.039600216266475e23
7.658394950504424e23
7.278387749544863e23
6.899842622818496e23
6.523023991131165e23
6.148196526741876e23
5.7756249924832456e23
5.405574080017487e23
5.0383082473217486e23
4.674091555497922e23
4.313187505001928e23
3.95585887139001e23
3.602367540678854e23
3.2529743444176e23
2.907938894570634e23
2.5675194183105396e23
2.231972592821008e23
1.9015533802103993e23
1.576514862636206e23
1.2571080777423843e23
9.435818545107478e22
6.36182649628089e22
3.3515438447132597e22
4.073828281266536e21
-2.468272906529933e22
-5.273069908558988e22
-8.004686518730647e22
-1.0660834453206836e23
-1.3239260375159037e23
-1.5737747453064224e23
-1.8154116904661817e23
-2.0486229525563788e23
-2.2731987201511074e23
-2.4889334403275816e23
-2.6956259663212822e23
-2.893079703247398e23
-3.081102751789838e23
-3.259508049760657e23
-3.42811351143311e23
-3.5867421645523646e23
-3.7352222849291055e23
-3.8733875285220343e23
-4.001077060916243e23
-4.118135684106207e23
-4.224413960492035e23
-4.319768334000334e23
-4.404061248241235e23
-4.477161261615084e23
-4.5389431592833476e23
-4.589288061920075e23
-4.6280835311616225e23
-4.6552236716738516e23
-4.670609229757914e23
-4.674147688417182e23
-4.66575335880979e23
-4.645347468013071e23
-4.612858243027912e23
-4.568220990953096e23
-4.511378175261632e23
-4.442279488113146e23
-4.360881918638215e23
-4.267149817133165e23
-4.161054955105464e23
-4.0425765811123606e23
-3.911701472337802e23
-3.7684239818544235e23
-3.612746081520539e23
-3.4446774004638296e23
-3.264235259105843e23
-3.07144469868463e23
-2.8663385062343853e23
-2.6489572349840693e23
-2.4193492201396458e23
-2.1775705900166735e23
-1.9236852724931298e23
-1.6577649967551106e23
-1.3798892903097856e23
-1.090145471244243e23
-7.88628635710363e22
-4.754416406192076e22
-1.5069508153109893e22
1.8549273426939741e22
5.329958195221144e22
8.916805435679043e22
1.2614056737572828e23
1.642022421687819e23
2.0333744942702787e23
2.435298149613341e23
2.847622257720677e23
3.270168365986706e23
3.702750769474756e23
4.145176585962146e23
4.5972458357274624e23
5.058751526059706e23
5.529479740458031e23
6.009209732496398e23
6.49771402431554e23
6.994758509710058e23
7.500102561769883e23
8.013499145033117e23
8.534694932108773e23
9.063430424717181e23
9.599440079102314e23
1.014245243575735e24
1.0692190253412274e24
1.1248370647219332e24
1.1810705231078021e24
1.2378900264033571e24
1.295265680067918e24
1.3531670845496082e24
1.4115633511052945e24
1.4704231179994284e24
1.5297145670734247e24
1.5894054406778863e24
1.6494630589591402e24
1.7098543374913031e24
1.7705458052454386e24
1.8315036228861332e24
1.8926936013867272e24
1.954081220953011e24
2.0156316502461456e24
2.0773097658941957e24
2.139080172282438e24
2.2009072216117886e24
2.262755034214432e24
2.324587519116225e24
2.3863683948341606e24
2.448061210398192e24
2.5096293665853143e24
2.571036137354808e24
2.6322446914722153e24
2.6932181143104683e24
2.7539194298158054e24
2.814311622625901e24
2.87435766032819e24
2.9340205158451543e24
2.993263189934364e24
3.0520487337897756e24
3.110340271731732e24
3.1681010239722766e24
3.2252943294423556e24
3.2818836686679927e24
3.3378326866813815e24
3.3931052159539705e24
3.4476652993372666e24
3.501477212998301e24
3.554505489335385e24
3.606714939860816e24
3.6580706780364663e24
3.7085381420482e24
3.7580831175056e24
3.806671760052522e24
3.8542706178750444e24
3.9008466540923255e24
3.9463672690168914e24
3.990800322269892e24
4.034114154737822e24
4.076277610356598e24
4.117260057708952e24
4.157031411421749e24
4.1955621533488977e24
4.232823353526723e24
4.268786690887579e24
4.3034244737186084e24
4.3367096598519563e24
4.3686158765729454e24
4.39911744023329e24
4.428189375555734e24
4.455807434617524e24
4.4819481154994013e24
4.506588680587705e24
4.52970717451661e24
4.5512824417383095e24
4.5712941437087594e24
4.5897227756766564e24
4.606549683064074e24
4.6217570774265135e24
4.6353280519813355e24
4.6472465966926343e24
4.6574976129019093e24
4.666066927493177e24
4.672941306582107e24
4.678108468718597e24
4.6815570975923635e24
4.683276854232003e24
4.683258388687242e24
4.6814933511853793e24
4.67797440275235e24
4.672695225289754e24
4.6656505310990624e24
4.656836071844621e24
4.646248646947489e24
4.633886111402316e24
4.619747383009774e24
4.603832449017393e24
4.5861423721620903e24
4.5666792961077415e24
4.545446450271763e24
4.522448154034829e24
4.497689820328128e24
4.471177958593294e24
4.442920177109862e24
4.4129251846860896e24
4.381202791708913e24
4.3477639105493826e24
4.3126205553202147e24
4.275785840982446e24
4.2372739817985845e24
4.197100289130144e24
4.1552811685775016e24
4.1118341164607586e24
4.0667777156405056e24
4.0201316306777225e24
3.9719166023325906e24
3.922154441402274e24
3.870868021898028e24
3.8180812735628214e24
3.763819173730353e24
3.708107738527395e24
3.6509740134214334e24
3.5924460631160774e24
3.532552960797136e24
3.471324776732465e24
3.4087925662295805e24
3.3449883569546764e24
3.279945135617812e24
3.2136968340289893e24
3.1462783145303813e24
3.0777253548103873e24
3.0080746321055283e24
2.9373637067964915e24
2.865631005405481e24
2.792915803001602e24
2.7192582050222386e24
2.644699128518186e24
2.569280282830995e24
2.493044149711138e24
2.4160339628862048e24
2.3382936870883755e24
2.259867996551345e24
2.1808022529864715e24
2.1011424830489092e24
2.020935355304613e24
1.940228156709309e24
1.8590687686111382e24
1.7775056422887557e24
1.695587774037118e24
1.613364679813712e24
1.53088636945772e24
1.4482033204956387e24
1.3653664515466158e24
1.2824270953414213e24
1.19943697136899e24
1.1164481581650255e24
1.0335130652570759e24
9.506844047813016e23
8.680151627857517e23
7.855585702357139e23
7.033680737368356e23
6.214973059917624e23
5.400000560065457e23
4.589302390630411e23
3.783418664738478e23
2.982890151367259e23
2.1882579690507123e23
1.4000632779190222e23
6.188469702444665e22
-1.5485064033115314e22
-9.204901307118221e22
-1.6775332812285154e23
-2.4254433893048336e23
-3.163685583730672e23
-3.891727139359711e23
-4.609037792049851e23
-5.3150900536625576e23
-6.009359526937767e23
-6.691325220058808e23
-7.360469860723481e23
-8.016280209531944e23
-8.658247372509683e23
-9.285867112575361e23
-9.898640159768332e23
-1.0496072520048586e24
-1.1077675782482301e24
-1.1642967424626254e24
-1.2191471115925693e24
-1.2722717018936788e24
-1.3236242088192117e24
-1.3731590366520954e24
-1.4208313278641707e24
-1.4665969921842878e24
-1.5104127353569397e24
-1.552236087573404e24
-1.5920254315573057e24
-1.6297400302866142e24
-1.6653400543345012e24
-1.6987866088113267e24
-1.7300417598903132e24
-1.759068560899624e24
-1.78583107796386e24
-1.8102944151778457e24
-1.8324247392963605e24
-1.8521893039228511e24
-1.8695564731814032e24
-1.8844957448555659e24
-1.8969777729783646e24
-1.9069743898581516e24
-1.9144586275247134e24
-1.9194047385811507e24
-1.9217882164462067e24
-1.9215858149734095e24
-1.918775567432254e24
-1.913336804838251e24
-1.9052501736179984e24
-1.8944976525963255e24
-1.8810625692929724e24
-1.864929615515977e24
-1.8460848622402102e24
-1.8245157737589613e24
-1.8002112210977887e24
-1.7731614946791735e24
-1.743358316228103e24
-1.7107948499079678e24
-1.6754657126773318e24
-1.6373669838585584e24
-1.5964962139088136e24
-1.5528524323858993e24
-1.5064361551001237e24
-1.4572493904454605e24
-1.4052956449023673e24
-1.3505799277058682e24
-1.2931087546730893e24
-1.2328901511839026e24
-1.1699336543103144e24
-1.104250314089056e24
-1.0358526939340621e24
-9.647548701841592e23
-8.909724307836723e23
-8.145224730924767e23
-7.354236008235429e23
-6.536959201066055e23
-5.693610346758903e23
-4.824420401822652e23
-3.929635176285136e23
-3.0095152592916536e23
-2.0643359359462002e23
-1.0943870954199667e23
-9.99731303373115e21
9.185871725333744e22
1.9609607502510177e23
3.026800390309915e23
4.1157448658335316e23
5.227419079320975e23
6.36143421488425e23
7.51738789893064e23
8.694864369225673e23
9.893434652267125e23
1.1112656748909005e24
1.2352075828147222e24
1.3611224428998565e24
1.488962267037396e24
1.618677846886766e24
1.7502187764353387e24
1.883533475329665e24
2.018569212967258e24
2.1552721333374228e24
2.2935872806005866e24
2.4334586253927256e24
2.574829091843731e24
2.717640585295281e24
2.8618340207061567e24
3.007349351729715e24
3.1541256004501534e24
3.302100887762412e24
3.4512124643798856e24
3.601396742455425e24
3.7525893277981077e24
3.904725052670653e24
4.057738009149174e24
4.2115615830290755e24
4.366128488258834e24
4.5213708018832156e24
4.677219999478508e24
4.833606991059562e24
4.9904621574409e24
5.147715387030907e24
5.30529611304071e24
5.46313335108618e24
5.621155737163639e24
5.77929156597813e24
5.937468829602667e24
6.095615256448255e24
6.253658350521694e24
6.411525430950743e24
6.569143671753096e24
6.726440141828284e24
6.883341845148571e24
7.03977576112723e24
7.195668885140817e24
7.350948269181847e24
7.505541062619774e24
7.659374553045423e24
7.812376207176757e24
7.964473711800912e24
8.115595014729789e24
8.265668365744928e24
8.414622357507169e24
8.562385966408226e24
8.708888593338689e24
8.854060104349677e24
8.997830871182678e24
9.140131811644681e24
9.280894429803162e24
9.420050855977826e24
9.557533886504517e24
9.693277023246846e24
9.827214512832526e24
9.959281385589222e24
1.0089413494157298e25
1.0217547551754543e25
1.034362117007037e25
1.0467572896764903e25
1.0589342252550467e25
1.0708869767831974e25
1.0826097018882798e25
1.0940966663534203e25
1.105342247635466e25
1.1163409383297697e25
1.127087349579513e25
1.1375762144274517e25
1.147802391107895e25
1.1577608662767346e25
1.1674467581775085e25
1.1768553197413136e25
1.1859819416186175e25
1.1948221551408707e25
1.2033716352100187e25
1.2116262031138866e25
1.219581829265601e25
1.227234635865152e25
1.2345808994812304e25
1.2416170535516267e25
1.2483396908003617e25
1.254745565569918e25
1.2608315960668468e25
1.2665948665191928e25
1.2720326292441186e25
1.277142306624248e25
1.28192149299124e25
1.2863679564151483e25
1.290479640398253e25
1.2942546654719726e25
1.2976913306956576e25
1.3007881150559948e25
1.3035436787659062e25
1.3059568644618222e25
1.3080266982982733e25
1.3097523909388286e25
1.311133338442445e25
1.3121691230443493e25
1.3128595138306333e25
1.3132044673058423e25
1.3132041278528132e25
1.3128588280841821e25
1.312169089084969e25
1.3111356205457176e25
1.3097593207858e25
1.3080412766664465e25
1.3059827633932319e25
1.3035852442077448e25
1.300850369968267e25
1.2977799786193353e25
1.2943760945501425e25
1.2906409278417727e25
1.286576873403379e25
1.2821865099974106e25
1.277472599154137e25
1.2724380839757174e25
1.2670860878301843e25
1.2614199129357396e25
1.2554430388358309e25
1.2491591207655976e25
1.2425719879102332e25
1.2356856415559976e25
1.2285042531345925e25
1.2210321621617267e25
1.2132738740707342e25
1.2052340579422065e25
1.196917544130615e25
1.1883293217890372e25
1.1794745362930902e25
1.170358486565279e25
1.1609866223010431e25
1.1513645410977991e25
1.1414979854883991e25
1.1313928398804312e25
1.1210551274028866e25
1.110491006661784e25
1.0997067684063414e25
1.0887088321074355e25
1.077503742450062e25
1.0660981657416369e25
1.054498886237969e25
1.0427128023888648e25
1.0307469230052923e25
1.0186083633501836e25
1.0063043411549244e25
9.938421725636592e24
9.812292680076358e24
9.684731280117653e24
9.555813389357394e24
9.42561568651976e24
9.294215621628102e24
9.1616913715934e24
9.028121795243594e24
8.893586387819362e24
8.758165234961213e24
8.621938966214295e24
8.484988708076593e24
8.347396036617702e24
8.209242929694294e24
8.070611718790669e24
7.93158504051081e24
7.792245787750526e24
7.652677060577885e24
7.512962116849895e24
7.373184322594817e24
7.233427102188234e24
7.093773888353094e24
6.954308072012116e24
6.815112952022451e24
6.676271684823042e24
6.537867234023363e24
6.399982319964424e24
6.262699369282126e24
6.126100464502793e24
5.990267293701877e24
5.855281100255444e24
5.721222632715953e24
5.588172094841691e24
5.456209095811323e24
5.325412600653491e24
5.195860880922138e24
5.067631465648204e24
4.940801092597595e24
4.815445659866232e24
4.691640177842149e24
4.569458721564759e24
4.4489743835112434e24
4.330259226839885e24
4.2133842391201526e24
4.0984192865786237e24
3.9854330688904724e24
3.8744930745449334e24
3.7656655368143463e24
3.659015390354353e24
3.55460622846429e24
3.4525002610352085e24
3.3527582732133403e24
3.2554395848064023e24
3.1606020104592857e24
3.068301820626349e24
2.978593703365767e24
2.891530726982299e24
2.807164303543486e24
2.7255441532944445e24
2.646718269995527e24
2.570732887207011e24
2.497632445544202e24
2.4274595609261655e24
2.3602549938403625e24
2.2960576196452792e24
2.2349043999324963e24
2.1768303549689986e24
2.1218685372400283e24
2.0700500061122106e24
2.0214038036359211e24
1.9759569315056168e24
1.9337343291956363e24
1.8947588532889375e24
1.8590512580151597e24
1.8266301770139463e24
1.7975121063386599e24
1.771711388715075e24
1.7492401990686293e24
1.73010853133366e24
1.7143241865565467e24
1.701892762304727e24
1.6928176433922108e24
1.6870999939318852e24
1.6847387507237758e24
1.6857306179880007e24
1.6900700634501333e24
1.697749315785947e24
1.7087583634319004e24
1.7230849547665173e24
1.7407145996676237e24
1.7616305724488342e24
1.7858139161786112e24
1.8132434483838951e24
1.8438957681394707e24
1.8777452645440087e24
1.914764126581867e24
1.9549223543700397e24
1.9981877717877175e24
2.044526040486107e24
2.0939006752743138e24
2.1462730608771347e24
2.2016024700592686e24
2.259846083109436e24
2.3209590086778913e24
2.384894305958762e24
2.4516030082091085e24
2.521034147594464e24
2.5931347813510985e24
2.6678500192530667e24
2.745123052372526e24
2.8248951831201513e24
2.9071058565517406e24
2.991692692926999e24
3.078591521504444e24
3.1677364155570353e24
3.2590597285908285e24
3.3524921317495565e24
3.4479626523863026e24
3.5453987137828136e24
3.644726175996987e24
3.745869377816939e24
3.8487511798009337e24
3.953293008380071e24
4.059414901001545e24
4.1670355522879897e24
4.2760723611890474e24
4.386441479099944e24
4.4980578589208867e24
4.6108353050316103e24
4.7246865241530707e24
4.839523177069478e24
4.955255931181436e24
5.071794513862128e24
5.189047766586068e24
5.306923699801142e24
5.425329548512848e24
5.5441718285493e24
5.663356393475932e24
5.782788492126789e24
5.902372826720568e24
6.022013611527226e24
6.141614632052354e24
6.261079304704735e24
6.380310736912453e24
6.499211787653149e24
6.617685128362397e24
6.735633304185332e24
6.852958795534726e24
6.969564079919885e24
7.085351694009161e24
7.200224295889642e24
7.314084727486657e24
7.4268360771055e24
7.538381742058306e24
7.6486254913376e24
7.757471528299298e24
7.864824553316218e24
7.97058982636474e24
8.074673229505459e24
8.176981329220002e24
8.277421438565323e24
8.375901679106733e24
8.472331042591658e24
8.566619452325045e24
8.65867782420841e24
8.748418127403737e24
8.835753444584191e24
8.920598031733255e24
9.002867377454094e24
9.082478261751504e24
9.159348814248262e24
9.23339857179873e24
9.304548535461878e24
9.372721226797105e24
9.437840743445582e24
9.499832813960863e24
9.558624851852373e24
9.614146008805839e24
9.666327227045307e24
9.7151012908013e24
9.76040287685063e24
9.802168604093367e24
9.840337082133091e24
9.874848958827126e24
9.905646966773675e24
9.932675968703603e24
9.955883001744923e24
9.975217320528608e24
9.990630439105183e24
1.0002076171641748e25
1.0009510671870087e25
1.0012892471256873e25
1.0012182515867744e25
1.0007344201897862e25
9.998343409841876e24
9.985148537277377e24
9.967730530236214e24
9.946062913139382e24
9.920121817271074e24
9.889886007769447e24
9.855336909111257e24
9.816458629069123e24
9.773237981120992e24
9.725664505291522e24
9.67373048740707e24
9.617430976745621e24
9.556763802065202e24
9.491729585993765e24
9.422331757766081e24
9.348576564292522e24
9.270473079546618e24
9.188033212259228e24
9.101271711906984e24
9.010206172985567e24
8.914857037557106e24
8.815247596064337e24
8.711403986403005e24
8.603355191246415e24
8.491133033617007e24
8.374772170699492e24
8.254310085893411e24
8.129787079101357e24
8.001246255252926e24
7.868733511062701e24
7.732297520024437e24
7.591989715642108e24
7.447864272901225e24
7.299978087984841e24
7.148390756238037e24
6.993164548388586e24
6.834364385029255e24
6.672057809371724e24
6.506314958279674e24
6.337208531593088e24
6.164813759753879e24
5.989208369745812e24
5.810472549362906e24
5.628688909819436e24
5.443942446719042e24
5.256320499397685e24
5.065912708660123e24
4.872810972927029e24
4.6771094028133174e24
4.4789042741589383e24
4.278293979532466e24
4.0753789782322465e24
3.8702617448068176e24
3.6630467161214643e24
3.4538402369945277e24
3.242750504432234e24
3.0298875104879986e24
2.815362983775401e24
2.599290329665043e24
2.3817845691939043e24
2.1629622767206367e24
1.9429415163566684e24
1.7218417772084035e24
1.4997839074619856e24
1.2768900473476353e24
1.0532835610170771e24
8.290889673710921e23
6.044318698749282e23
3.7943888539747966e23
1.54237572115034e23
-7.104364348363542e22
-2.9627554044857048e23
-5.213281780377168e23
-7.460709711617992e23
-9.703727665624117e23
-1.1941019196828323e24
-1.4171263721861507e24
-1.6393137300796355e24
-1.860531342398822e24
-2.080646380409105e24
-2.2995259172774614e24
-2.5170370081706876e24
-2.733046770733337e24
-2.947422465898334e24
-3.160031578985332e24
-3.3707419010374576e24
-3.5794216103512626e24
-3.785939354149949e24
-3.990164330354138e24
-4.191966369399563e24
-4.391216016055299e24
-4.587784611192849e24
-4.7815443734567553e24
-4.972368480789516e24
-5.160131151759447e24
-5.344707726644813e24
-5.52597474822267e24
-5.703810042215068e24
-5.878092797342743e24
-6.048703644936354e24
-6.215524738058045e24
-6.37843983008211e24
-6.537334352688067e24
-6.692095493215513e24
-6.84261227133398e24
-6.98877561497787e24
-7.130478435499735e24
-7.267615701993643e24
-7.400084514740491e24
-7.527784177729658e24
-7.650616270208251e24
-7.768484717213768e24
-7.88129585904189e24
-7.988958519606109e24
-8.091384073642148e24
-8.188486512714211e24
-8.280182509978367e24
-8.366391483659088e24
-8.447035659197698e24
-8.522040130028373e24
-8.591332916942216e24
-8.654845025996693e24
-8.712510504931465e24
-8.76426649805069e24
-8.810053299532556e24
-8.849814405129106e24
-8.883496562218133e24
-8.911049818171759e24
-8.932427567005145e24
-8.947586594271944e24
-8.956487120171507e24
-8.959092840836125e24
-8.955370967765918e24
-8.945292265380076e24
-8.92883108665594e24
-8.905965406825126e24
-8.876676855100627e24
-8.840950744406694e24
-8.798776099086822e24
-8.750145680564237e24
-8.69505601093223e24
-8.633507394451186e24
-8.565503936931527e24
-8.491053562982238e24
-8.410168031105868e24
-8.322862946622777e24
-8.229157772407444e24
-8.129075837421956e24
-8.02264434303257e24
-7.909894367095953e24
-7.790860865804579e24
-7.665582673279701e24
-7.534102498903912e24
-7.396466922384818e24
-7.252726386543884e24
-7.102935187825028e24
-6.947151464518989e24
-6.785437182701691e24
-6.617858119884446e24
-6.444483846376764e24
-6.265387704363281e24
-6.080646784697301e24
-5.890341901415536e24
-5.694557563979262e24
-5.493381947248777e24
-5.286906859200047e24
-5.075227706391969e24
-4.85844345719629e24
-4.636656602801783e24
-4.409973116006726e24
-4.1785024078142844e24
-3.942357281847662e24
-3.7016538866017684e24
-3.4565116655516817e24
-3.2070533051369247e24
-2.9534046806439053e24
-2.695694800009386e24
-2.4340557455689085e24
-2.168622613776083e24
-1.8995334529192438e24
-1.626929198863407e24
-1.3509536088477053e24
-1.0717531933674711e24
-7.894771461740771e23
-5.042772724245801e23
-2.1630791501615972e23
7.427412086001351e22
3.673096449081656e23
6.62637160623797e23
9.600929458559107e23
1.2595111349969103e24
1.5607238027585091e24
1.8635610494913465e24
2.167851088005684e24
2.4734203318483816e24
2.7800934849914206e24
3.0876936328856353e24
3.3960423348319075e24
3.7049597176229467e24
4.014264570405256e24
4.323774440712505e24
4.633305731618643e24
4.942673799959826e24
5.251693055572477e24
5.560177061493866e24
5.867938635072067e24
6.174789949930038e24
6.480542638728662e24
6.785007896672461e24
7.087996585701836e24
7.389319339313825e24
7.688786667954599e24
7.986209064923688e24
8.281397112732906e24
8.574161589859323e24
8.864313577832828e24
9.151664568598298e24
9.436026572091345e24
9.71721222396717e24
9.995034893421079e24
1.0269308791038793e25
1.0539849076615511e25
1.0806471966881285e25
1.106899484307072e25
1.1327236358274697e25
1.1581016544511927e25
1.1830156919457645e25
1.2074480592767683e25
1.2313812371934286e25
1.2547978867612785e25
1.277680859835578e25
1.3000132094693148e25
1.3217782002495757e25
1.3429593185561172e25
1.3635402827359632e25
1.3835050531879496e25
1.402837842351017e25
1.421523124590313e25
1.4395456459749902e25
1.4568904339417417e25
1.4735428068381491e25
1.4894883833399197e25
1.5047130917362383e25
1.5192031790773411e25
1.5329452201787308e25
1.5459261264762493e25
1.5581331547265029e25
1.569553915547063e25
1.580176381791012e25
1.5899888967504831e25
1.5989801821838725e25
1.6071393461615226e25
1.6144558907247612e25
1.6209197193532916e25
1.6265211442359274e25
1.631250893339921e25
1.6351001172740699e25
1.6380603959409843e25
1.6401237449740548e25
1.6412826219545365e25
1.6415299324046437e25
1.6408590355522624e25
1.6392637498633699e25
1.636738358338074e25
1.6332776135664938e25
1.6288767425408114e25
1.6235314512198078e25
1.6172379288425499e25
1.6099928519877943e25
1.6017933883760657e25
1.5926372004111912e25
1.582522448458571e25
1.5714477938572783e25
1.5594124016634107e25
1.5464159431223212e25
1.5324585978671917e25
1.5175410558420396e25
1.5016645189468655e25
1.4848307024033346e25
1.467041835839022e25
1.4483006640889075e25
1.4286104477125316e25
1.4079749632256358e25
1.3863985030453033e25
1.3638858751474633e25
1.3404424024362808e25
1.3160739218245338e25
1.2907867830248608e25
1.2645878470513568e25
1.237484484431529e25
1.2094845731287787e25
1.1805964961753892e25
1.1508291390167465e25
1.120191886567025e25
1.0886946199774205e25
1.0563477131174873e25
1.023162028770997e25
9.891489145472818e24
9.543201985095859e24
9.186881845221141e24
8.822656473172329e24
8.450658272850992e24
8.071024249874128e24
7.683895953979156e24
7.289419418716604e24
6.887745098459841e24
6.47902780275638e24
6.063426628050533e24
5.64110488680951e24
5.212230034081776e24
4.776973591525399e24
4.3355110689374304e24
3.888021883325273e24
3.43468927555489e24
2.975700224617383e24
2.511245359556147e24
2.04151886909441e24
1.566718409011493e24
1.087045007309037e24
6.0270296721888465e23
1.138997680965469e23
-3.7915403574570376e23
-8.762449182179322e23
-1.3771564865905868e24
-1.8816695885357835e24
-2.3895624210205686e24
-2.900610640991387e24
-3.414587477796795e24
-3.931263847285503e24
-4.4504084675239035e24
-4.971787976068497e24
-5.495167048734271e24
-6.020308519794826e24
-6.546973503548658e24
-7.074921517190328e24
-7.60391060491588e24
-8.133697463200605e24
-8.664037567176392e24
-9.194685298044362e24
-9.725394071451491e24
-1.0255916466759883e25
-1.0786004357141349e25
-1.1315409040421426e25
-1.1843881370605044e25
-1.2371171890006905e25
-1.28970309619172e25
-1.3421208903724943e25
-1.3943456120428014e25
-1.4463523238453424e25
-1.4981161239711648e25
-1.5496121595812737e25
-1.6008156402364193e25
-1.651701851327894e25
-1.7022461675012474e25
-1.7524240660657387e25
-1.8022111403814324e25
-1.8515831132165713e25
-1.9005158500674733e25
-1.9489853724330777e25
-1.9969678710368547e25
-2.0444397189879777e25
-2.091377484874509e25
-2.1377579457806016e25
-2.1835581002204107e25
-2.2287551809809797e25
-2.2733266678664656e25
-2.3172503003364407e25
-2.3605040900304723e25
-2.403066333171889e25
-2.444915622842969e25
-2.4860308611246275e25
-2.526391271092938e25
-2.565976408665579e25
-2.6047661742909223e25
-2.6427408244726204e25
-2.6798809831229325e25
-2.7161676527375452e25
-2.7515822253853834e25
-2.786106493506367e25
-2.819722660510718e25
-2.8524133511730157e25
-2.8841616218147497e25
-2.914950970268906e25
-2.944765345620303e25
-2.9735891577156954e25
-3.001407286437426e25
-3.028205090734941e25
-3.0539684174081897e25
-3.078683609637422e25
-3.1023375152538127e25
-3.124917494745445e25
-3.146411428993612e25
-3.166807726734091e25
-3.186095331738668e25
-3.2042637297119034e25
-3.2213029548986524e25
-3.237203596397712e25
-3.251956804177318e25
-3.265554294788311e25
-3.2779883567708992e25
-3.289251855751247e25
-3.299338239224111e25
-3.308241541018113e25
-3.3159563854402233e25
-3.3224779910963565e25
-3.3278021743850608e25
-3.331925352661519e25
-3.3348445470692504e25
-3.336557385037055e25
-3.3370621024389773e25
-3.3363575454152486e25
-3.334443171852298e25
-3.3313190525202134e25
-3.3269858718661426e25
-3.3214449284623435e25
-3.3146981351078555e25
-3.3067480185828207e25
-3.29759771905486e25
-3.2872509891369106e25
-3.2757121925963495e25
-3.2629863027152176e25
-3.249078900301745e25
-3.2339961713534057e25
-3.2177449043721205e25
-3.200332487332273e25
-3.18176690430244e25
-3.1620567317220772e25
-3.141211134334345e25
-3.119239860776772e25
-3.0961532388313287e25
-3.071962170336018e25
-3.046678125760007e25
-3.0203131384446813e25
-2.9928797985132103e25
-2.9643912464512706e25
-2.9348611663620034e25
-2.904303778898177e25
-2.872733833875086e25
-2.840166602567522e25
-2.806617869694664e25
-2.772103925096803e25
-2.736641555107854e25
-2.700248033628207e25
-2.662941112902073e25
-2.624739014004309e25
-2.5856604170412465e25
-2.545724451070818e25
-2.5049506837470037e25
-2.4633591106939575e25
-2.420970144615533e25
-2.377804604145639e25
-2.3338837024455957e25
-2.289229035554227e25
-2.243862570497183e25
-2.197806633161531e25
-2.151083895942437e25
-2.103717365168324e25
-2.05573036831136e25
-2.0071465409904865e25
-1.9579898137735626e25
-1.9082843987863517e25
-1.8580547761352844e25
-1.8073256801517974e25
-1.7561220854655996e25
-1.7044691929146472e25
-1.6523924152998232e25
-1.599917362991911e25
-1.5470698293993352e25
-1.4938757763043636e25
-1.440361319076467e25
-1.3865527117707303e25
-1.3324763321201612e25
-1.278158666430064e25
-1.223626294383161e25
-1.1689058737643818e25
-1.1140241251135406e25
-1.0590078163152148e25
-1.0038837471342387e25
-9.486787337061258e24
-8.93419592990943e24
-8.381331272000589e24
-7.828461082044712e24
-7.275852619339023e24
-6.723772527759004e24
-6.172486679837372e24
-5.622260021026446e24
-5.073356414231246e24
-4.5260384847088443e24
-3.980567465422519e24
-3.4372030429428906e24
-2.8962032039902483e24
-2.3578240827043004e24
-1.8223198087377396e24
-1.289942356259882e24
-7.609413939651751e23
-2.355641361725624e23
2.8594480489051596e23
8.033435655333501e23
1.3163931756864086e24
1.824857702535555e24
2.3285043926214523e24
2.8271038123137004e24
3.32042998657712e24
3.8082605359411695e24
4.2903768115921103e24
4.7665640284993997e24
5.236611396498284e24
5.700312249244387e24
6.157464170959089e24
6.607869120888785e24
7.051333555396211e24
7.487668547610174e24
7.916689904554211e24
8.338218281682358e24
8.752079294747386e24
9.158103628928764e24
9.556127145152102e24
9.945990983528171e24
1.032754166384682e25
1.070063118305695e25
1.1065117109671329e25
1.1420862675029888e25
1.1767736861363902e25
1.2105614486599897e25
1.2434376285845403e25
1.2753908989502637e25
1.3064105397953955e25
1.336486445276942e25
1.3656091304384022e25
1.3937697376198834e25
1.420960042505763e25
1.4471724598056678e25
1.4724000485644917e25
1.4966365170973835e25
1.5198762275460803e25
1.5421142000528148e25
1.563346116548644e25
1.5835683241528368e25
1.602777838180608e25
1.620972344756387e25
1.638150203030141e25
1.6543104469946086e25
1.6694527869013014e25
1.6835776102736335e25
1.6966859825154858e25
1.708779647114037e25
1.71986102543565e25
1.729933216114079e25
1.7389999940303473e25
1.7470658088839205e25
1.7541357833551108e25
1.7602157108587554e25
1.7653120528896176e25
1.7694319359600212e25
1.7725831481306536e25
1.7747741351355474e25
1.7760139961026306e25
1.7763124788713856e25
1.7756799749094334e25
1.7741275138301175e25
1.7716667575133691e25
1.7683099938323898e25
1.7640701299889444e25
1.7589606854602621e25
1.7529957845608076e25
1.7461901486224135e25
1.7385590877964906e25
1.730118492482262e25
1.7208848243852506e25
1.710875107210388e25
1.7001069169944002e25
1.688598372082375e25
1.6763681227535578e25
1.6634353405017082e25
1.6498197069755704e25
1.635541402585153e25
1.6206210947798391e25
1.6050799260044327e25
1.5889395013395836e25
1.5722218758330988e25
1.5549495415289908e25
1.5371454142011805e25
1.5188328197990212e25
1.500035480612112e25
1.480777501161749e25
1.4610833538269306e25
1.440977864212676e25
1.4204861962688415e25
1.3996338371675922e25
1.3784465819479773e25
1.3569505179362017e25
1.3351720089502453e25
1.3131376792977954e25
1.290874397576414e25
1.2684092602852109e25
1.245769575257194e25
1.2229828449218536e25
1.20007674940744e25
1.1770791294925935e25
1.1540179694172792e25
1.1309213795626704e25
1.1078175790102089e25
1.0847348779897812e25
1.0617016602273311e25
1.0387463652020595e25
1.015897470323693e25
9.931834730401573e24
9.706328728862061e24
9.4827415348359e24
9.261357645033167e24
9.04246103600773e24
8.826334983343258e24
8.613261880782562e24
8.403523059407453e24
8.197398606977122e24
7.995167187534875e24
7.797105861389359e24
7.60348990558092e24
7.41459263494029e24
7.230685223849056e24
7.052036528809394e24
6.878912911932084e24
6.71157806545012e24
6.550292837365803e24
6.395315058338656e24
6.246899369920613e24
6.105297054245208e24
5.970755865276e24
5.843519861719855e24
5.72382924170863e24
5.611920179354203e24
5.508024663278076e24
5.412370337218573e24
5.325180342816114e24
5.246673164676582e24
5.177062477811594e24
5.116556997553494e24
5.06536033204141e24
5.02367083737376e24
4.991681475521192e24
4.969579675092223e24
4.95754719504322e24
4.955759991421666e24
4.964388087231563e24
4.983595445506682e24
5.013539845677079e24
5.054372763311662e24
5.106239253318153e24
5.169277836680154e24
5.243620390808426e24
5.329392043582985e24
5.426711071158546e24
5.53568879960638e24
5.656429510460728e24
5.789030350238857e24
5.933581243998515e24
6.090164812997226e24
6.258856296513827e24
6.439723477890171e24
6.632826614850791e24
6.838218374152492e24
7.055943770617349e24
7.286040110596145e24
7.528536939910342e24
7.783455996316157e24
8.050811166531103e24
8.330608447864124e24
8.62284591448288e24
8.92751368835459e24
9.244593914888509e24
9.574060743311294e24
9.91588031179776e24
1.027001073738231e25
1.06364021106701e25
1.1014996495364089e25
1.140572793262504e25
1.1808522450272973e25
1.2223298076841903e25
1.2649964860490843e25
1.3088424892777432e25
1.3538572337290845e25
1.4000293463144453e25
1.447346668332145e25
1.4957962597863744e25
1.5453644041896085e25
1.5960366138467173e25
1.6477976356194965e25
1.7006314571692028e25
1.7545213136751501e25
1.8094496950266744e25
1.8653983534854365e25
1.9223483118153102e25
1.980279871875975e25
2.039172623676922e25
2.0990054548874805e25
2.159756560799022e25
2.2214034547343184e25
2.2839229788996255e25
2.347291315674227e25
2.4114839993318794e25
2.4764759281889554e25
2.542241377172806e25
2.608754010804752e25
2.675986896590666e25
2.7439125188130286e25
2.8125027927169502e25
2.8817290790833824e25
2.9515621991818797e25
3.021972450095066e25
3.0929296204072243e25
3.164403006248368e25
3.236361427685899e25
3.308773245454646e25
3.381606378016888e25
3.454828318943091e25
3.5284061546038404e25
3.602306582163972e25
3.6764959278685485e25
3.750940165611399e25
3.825604935775493e25
3.90045556433546e25
3.975457082211158e25
4.050574244862127e25
4.125771552111933e25
4.201013268191058e25
4.276263441987893e25
4.351485927495698e25
4.426644404444815e25
4.5017023991078585e25
4.5766233052667566e25
4.651370405329202e25
4.725906891582987e25
4.800195887575896e25
4.874200469608808e25
4.94788368833011e25
5.02120859041844e25
5.094138240341891e25
5.166635742180471e25
5.2386642614996315e25
5.310187047262039e25
5.381167453764471e25
5.451568962587645e25
5.52135520454539e25
5.590489981620928e25
5.658937288876691e25
5.726661336325319e25
5.793626570748277e25
5.859797697449597e25
5.925139701931531e25
5.989617871479021e25
6.05319781664043e25
6.115845492591066e25
6.177527220367166e25
6.238209707956919e25
6.297860071236282e25
6.3564458547362235e25
6.413935052229247e25
6.470296127122283e25
6.5254980326432935e25
6.5795102318095195e25
6.6323027171644975e25
6.683846030272071e25
6.734111280954782e25
6.783070166264911e25
6.830694989176173e25
6.87695867698404e25
6.9218347994034585e25
6.965297586351963e25
7.0073219454072804e25
7.047883478927783e25
7.086958500825167e25
7.124524052978115e25
7.16055792127652e25
7.195038651285674e25
7.227945563520008e25
7.259258768316505e25
7.288959180297618e25
7.317028532414229e25
7.343449389558983e25
7.368205161740912e25
7.391280116812179e25
7.41265939273827e25
7.432329009403073e25
7.450275879940434e25
7.466487821584371e25
7.480953566029924e25
7.493662769297293e25
7.504606021091959e25
7.5137748536537866e25
7.521161750088486e25
7.526760152174893e25
7.530564467642127e25
7.532570076910614e25
7.532773339291584e25
7.5311715986396895e25
7.527763188453952e25
7.522547436422241e25
7.51552466840518e25
7.506696211855308e25
7.496064398667928e25
7.483632567460284e25
7.469405065275916e25
7.453387248711743e25
7.435585484465224e25
7.416007149299721e25
7.394660629426333e25
7.371555319300802e25
7.3467016198344646e25
7.3201109360185875e25
7.291795673961671e25
7.2617692373398e25
7.230046023260236e25
7.196641417539109e25
7.161571789394019e25
7.1248544855530775e25
7.086507823782004e25
7.046551085831354e25
7.005004509806208e25
6.961889281961248e25
6.917227527924038e25
6.871042303350072e25
6.823357584013403e25
6.7741982553368145e25
6.723590101366039e25
6.671559793192865e25
6.618134876832063e25
6.5633437605578045e25
6.507215701705068e25
6.44978079294244e25
6.391069948022419e25
6.331114887016234e25
6.2699481210400495e25
6.207602936480019e25
6.144113378723853e25
6.079514235406969e25
6.013841019181416e25
5.947129950016155e25
5.879417937037815e25
5.810742559920848e25
5.74114204983664e25
5.67065526997154e25
5.599321695623442e25
5.527181393887688e25
5.454275002942418e25
5.380643710944644e25
5.3063292345477054e25
5.23137379705185e25
5.155820106199266e25
5.079711331625301e25
5.00309108197851e25
4.92600338172091e25
4.848492647621797e25
4.770603664957195e25
4.692381563428338e25
4.613871792811976e25
4.535120098355877e25
4.456172495933242e25
4.377075246969278e25
4.2978748331542544e25
4.218617930956536e25
4.139351385950249e25
4.060122186971374e25
3.980977440117164e25
3.901964342603123e25
3.823130156492195e25
3.74452218231151e25
3.666187732570701e25
3.588174105197638e25
3.5105285569060194e25
3.4332982765105164e25
3.356530358204191e25
3.280271774813984e25
3.20456935104922e25
3.129469736758697e25
3.055019380211915e25
2.981264501419564e25
2.9082510655091527e25
2.836024756170847e25
2.764630949189413e25
2.694114686077397e25
2.624520647825054e25
2.5558931287828613e25
2.488276010691255e25
2.421712736873686e25
2.356246286607718e25
2.291919149689833e25
2.2287733012086877e25
2.166850176542293e25
2.1061906465937707e25
2.046834993280703e25
1.9888228852929596e25
1.9321933541333649e25
1.8769847704560865e25
1.823234820716786e25
1.7709804841491373e25
1.7202580100813772e25
1.671102895607376e25
1.6235498636254344e25
1.5776328412587191e25
1.5333849386707357e25
1.4908384282888427e25
1.450024724449056e25
1.4109743634747013e25
1.3737169842016967e25
1.33828130896264e25
1.3046951250418794e25
1.2729852666134983e25
1.2431775971736733e25
1.2152969924789434e25
1.1893673240013155e25
1.165411442911199e25
1.1434511645985063e25
1.1235072537424418e25
1.1055994099396692e25
1.089746253900707e25
1.0759653142238664e25
1.0642730147557405e25
1.0546846625470445e25
1.0472144364121392e25
1.0418753761003962e25
1.0386793720870792e25
1.0376371559911943e25
1.038758291627346e25
1.0420511666983071e25
1.0475229851346678e25
1.0551797600875515e25
1.065026307580027e25
1.0770662408224788e25
1.0913019651968272e25
1.1077346739141144e25
1.1263643443496e25
1.1471897350590726e25
1.1702083834798295e25
1.1954166043191907e25
1.2228094886332578e25
1.2523809035979653e25
1.2841234929743874e25
1.3180286782695177e25
1.3540866605936647e25
1.3922864232150084e25
1.432615734811436e25
1.475061153419597e25
1.5196080310804227e25
1.5662405191801502e25
1.6149415744853904e25
1.6656929658705098e25
1.7184752817348832e25
1.7732679381075748e25
1.8300491874363198e25
1.888796128057239e25
1.9494847143416795e25
2.0120897675156097e25
2.0765849871472268e25
2.1429429632974014e25
2.2111351893277585e25
2.2811320753604396e25
2.352902962383189e25
2.426416136993389e25
2.501638846773784e25
2.578537316292581e25
2.6570767637201243e25
2.7372214180541246e25
2.8189345369445847e25
2.9021784251098614e25
2.9869144533344563e25
3.073103078038761e25
3.1607038614111345e25
3.2496754920915384e25
3.3399758063965226e25
3.4315618100740544e25
3.5243897005773613e25
3.6184148898455896e25
3.7135920275796806e25
3.8098750250011255e25
3.907217079080444e25
4.005570697223362e25
4.104887722400582e25
4.205119358708334e25
4.3062161973453314e25
4.408128242992538e25
4.5108049405811865e25
4.614195202434338e25
4.718247435767515e25
4.822909570532933e25
4.92812908759209e25
5.033853047201575e25
5.140028117795634e25
5.2466006050501205e25
5.353516481211148e25
5.460721414672875e25
5.568160799786715e25
5.675779786886188e25
5.783523312510384e25
5.8913361298085185e25
5.999162839108923e25
6.106947918634721e25
6.214635755349343e25
6.322170675913589e25
6.429496977736962e25
6.5365589601057745e25
6.643300955369532e25
6.749667360168257e25
6.855602666682318e25
6.961051493887277e25
7.065958618795033e25
7.170269007663588e25
7.273927847157151e25
7.3768805754384385e25
7.479072913175056e25
7.580450894441604e25
7.6809608974998954e25
7.780549675438548e25
7.879164386654372e25
7.97675262515724e25
8.0732624506809e25
8.168642418581379e25
8.262841609505428e25
8.355809658811548e25
8.44749678572552e25
8.537853822213355e25
8.6268322415542e25
8.71438418659593e25
8.800462497676483e25
8.885020740193857e25
8.968013231808336e25
9.049395069260014e25
9.12912215478549e25
9.207151222117433e25
9.283439862051236e25
9.357946547562725e25
9.43063065846155e25
9.501452505565111e25
9.570373354377635e25
9.637355448259915e25
9.702362031075029e25
9.765357369295865e25
9.8263067735605e25
9.885176619661523e25
9.941934368956312e25
9.996548588184924e25
1.0048988968682892e26
1.0099226344976543e26
1.0147232712748752e26
1.0192981246163319e26
1.0236446314536634e26
1.027760349834553e26
1.031642960456068e26
1.035290268129517e26
1.0387002031758418e26
1.0418708227505724e26
1.0448003120974447e26
1.0474869857298022e26
1.0499292885389288e26
1.052125796828539e26
1.0540752192746618e26
1.0557763978102131e26
1.057228308433567e26
1.0584300619405294e26
1.0593809045791068e26
1.0600802186265538e26
1.0605275228881686e26
1.0607224731174336e26
1.0606648623570562e26
1.0603546212005835e26
1.0597918179742342e26
1.0589766588387274e26
1.0579094878108676e26
1.0565907867046896e26
1.0550211749920672e26
1.0532014095826934e26
1.0511323845234017e26
1.0488151306168118e26
1.0462508149594107e26
1.0434407403991506e26
1.0403863449126938e26
1.0370892009025607e26
1.0335510144143878e26
1.0297736242746257e26
1.0257590011489727e26
1.0215092465219983e26
1.0170265915983674e26
1.0123133961261177e26
1.00737214714259e26
1.0022054576435364e26
9.968160651760786e25
9.912068303561163e25
9.853807353109975e25
9.793408820481377e25
9.730904907504556e25
9.66632897999399e25
9.59971554926556e25
9.531100252947424e25
9.46051983509513e25
9.388012125622143e25
9.313616019055752e25
9.237371452630031e25
9.15931938372663e25
9.079501766676304e25
8.997961528933079e25
8.914742546633365e25
8.82988961955407e25
8.743448445482516e25
8.65546559401262e25
8.565988479780754e25
8.475065335156971e25
8.382745182406133e25
8.289077805333631e25
8.19411372043262e25
8.097904147547708e25
8.000500980072199e25
7.901956754694541e25
7.802324620712096e25
7.701658308928536e25
7.600012100153097e25
7.497440793318385e25
7.393999673236197e25
7.2897444780088284e25
7.18473136611404e25
7.07901688318357e25
6.972657928493232e25
6.865711721184566e25
6.758235766236406e25
6.650287820207261e25
6.54192585676766e25
6.433208032041882e25
6.32419264978039e25
6.214938126382224e25
6.105502955788494e25
5.9959456742665e25
5.886324825106327e25
5.776698923249985e25
5.667126419873552e25
5.557665666944145e25
5.448374881771891e25
5.33931211157854e25
5.230535198102789e25
5.122101742264698e25
5.014069068909202e25
4.906494191650617e25
4.799433777838193e25
4.692944113664981e25
4.587081069440454e25
4.481900065047296e25
4.37745603560447e25
4.2738033973564105e25
4.170996013809778e25
4.069087162137601e25
3.968129499872333e25
3.8681750319078203e25
3.7692750778299028e25
3.67148023959691e25
3.574840369589127e25
3.479404539047708e25
3.385221006921765e25
3.2923371891441686e25
3.200799628354749e25
3.110653964089423e25
3.0219449034550964e25
2.934716192307963e25
2.849010586954183e25
2.764869826390058e25
2.6823346051005196e25
2.601444546432627e25
2.5222381765616906e25
2.4447528990662107e25
2.36902497012905e25
2.2950894743805763e25
2.222980301399249e25
2.1527301228860256e25
2.084370370527015e25
2.017931214559668e25
1.953441543056234e25
1.8909289419393054e25
1.8304196757426563e25
1.7719386691302273e25
1.715509489186831e25
1.661154328492266e25
1.6088939889912561e25
1.5587478666701103e25
1.5107339370518393e25
1.4648687415199559e25
1.4211673744808174e25
1.3796434713747796e25
1.3403091975448072e25
1.303175237971598e25
1.2682507878829615e25
1.2355435442457216e25
1.2050596981468995e25
1.176803928071169e25
1.1507793940803797e25
1.1269877329012807e25
1.1054290539263348e25
1.0861019361320865e25
1.0690034259195156e25
1.0541290358796541e25
1.041472744487676e25
1.0310269967276297e25
1.0227827056501203e25
1.0167292548641027e25
1.0128545019635397e25
1.0111447828894562e25
1.0115849172269186e25
1.0141582144362394e25
1.018846481016889e25
1.0256300286023701e25
1.034487682983473e25
1.045396794056815e25
1.0583332466952144e25
1.0732714725357011e25
1.090184462680366e25
1.1090437813049722e25
1.129819580169436e25
1.1524806140238608e25
1.176994256903221e25
1.2033265193033113e25
1.2314420662299633e25
1.2613042361130243e25
1.2928750605761163e25
1.3261152850525624e25
1.3609843902374265e25
1.3974406143650397e25
1.4354409763009805e25
1.474941299436755e25
1.515896236375202e25
1.5582592943938345e25
1.601982861673179e25
1.6470182342763976e25
1.693315643866129e25
1.7408242861441042e25
1.7894923499983926e25
1.8392670473428544e25
1.8900946436330287e25
1.941920489041868e25
1.994689050278747e25
2.0483439430343737e25
2.102827965034213e25
2.1580831296821483e25
2.2140507002760805e25
2.270671224776788e25
2.3278845711107184e25
2.385629962987119e25
2.443846016209813e25
2.5024707754633816e25
2.561441751552952e25
2.6206959590769807e25
2.6801699545116133e25
2.7397998746854334e25
2.7995214756224765e25
2.8592701717316388e25
2.918981075320312e25
2.9785890364093754e25
3.038028682827013e25
3.097234460558149e25
3.156140674326544e25
3.214681528385786e25
3.2727911674958332e25
3.3304037180612157e25
3.3874533294069894e25
3.443874215168384e25
3.4996006947698336e25
3.5545672349692967e25
3.608708491443163e25
3.6619593503873616e25
3.714254970110213e25
3.7655308225921103e25
3.815722734987555e25
3.864766931044671e25
3.912600072417667e25
3.959159299847235e25
4.004382274184354e25
4.048207217232751e25
4.090572952385279e25
4.1314189450297555e25
4.1706853426995326e25
4.20831301494459e25
4.244243592898549e25
4.278419508517558e25
4.310784033466827e25
4.3412813176309494e25
4.369856427224099e25
4.396455382476511e25
4.421025194873843e25
4.443513903926064e25
4.463870613442928e25
4.482045527293172e25
4.497989984624873e25
4.511656494524707e25
4.522998770093966e25
4.531971761919675e25
4.538531690919298e25
4.5426360805378725e25
4.544243788276801e25
4.543315036533687e25
4.539811442733211e25
4.533696048729154e25
4.5249333494582606e25
4.51348932082674e25
4.499331446810993e25
4.48242874575426e25
4.462751795841247e25
4.440272759733657e25
4.414965408349443e25
4.386805143769547e25
4.355769021255833e25
4.321835770365008e25
4.284985815143402e25
4.245201293387804e25
4.202466074958773e25
4.15676577913254e25
4.108087790978818e25
4.056421276751602e25
4.0017571982816e25
3.944088326358683e25
3.883409253093249e25
3.8197164032468722e25
3.7530080445220504e25
3.6832842968024027e25
3.6105471403341668e25
3.534800422841983e25
3.4560498655708946e25
3.374303068248433e25
3.2895695129600506e25
3.2018605669331825e25
3.1111894842247633e25
3.017571406307548e25
2.921023361552496e25
2.821564263603531e25
2.719214908642979e25
2.6139979715451124e25
2.505938000917811e25
2.395061413031438e25
2.281396484634721e25
2.16497334465957e25
2.0458239648153785e25
1.9239821490760347e25
1.7994835220610621e25
1.6723655163159163e25
1.542667358494823e25
1.4104300544505447e25
1.2756963732375394e25
1.138510830033754e25
9.989196679884351e24
8.56970839002355e24
7.127139834497376e24
5.662004088495093e24
4.174830674959563e24
2.666165330575604e24
1.1365697615592616e24
-4.1337861064694256e23
-1.9830869136627591e24
-3.571947098302092e24
-5.179336222434112e24
-6.804616744426436e24
-8.447136826040496e24
-1.0106230644618478e25
-1.1781218714414326e25
-1.3471408216917046e25
-1.5176093339986891e25
-1.689455562564684e25
-1.8626064326343987e25
-2.036987676951255e25
-2.21252387302373e25
-2.3891384811832707e25
-2.5667538834148604e25
-2.745291422938707e25
-2.9246714445231995e25
-3.1048133355077667e25
-3.285635567514779e25
-3.467055738827051e25
-3.64899061740975e25
-3.831356184552783e25
-4.01406767911168e25
-4.197039642321588e25
-4.380185963161129e25
-4.5634199242421605e25
-4.746654248199157e25
-4.929801144554232e25
-5.112772357031171e25
-5.295479211294009e25
-5.477832663082255e25
-5.659743346717285e25
-5.841121623953139e25
-6.0218776331440905e25
-6.2019213387022025e25
-6.381162580816682e25
-6.5595111254084425e25
-6.7368767142904644e25
-6.9131691155063995e25
-7.088298173819838e25
-7.26217386132419e25
-7.434706328145858e25
-7.60580595321093e25
-7.775383395047701e25
-7.94334964259461e25
-8.109616065985666e25
-8.274094467283464e25
-8.436697131131469e25
-8.597336875295471e25
-8.75592710106529e25
-8.912381843488344e25
-9.066615821404404e25
-9.218544487253756e25
-9.368084076628635e25
-9.515151657540117e25
-9.65966517937026e25
-9.801543521481294e25
-9.94070654145372e25
-1.0077075122923581e26
-1.0210571222991544e26
-1.03411179191748e26
-1.0468639455874716e26
-1.0593061290331475e26
-1.0714310138038244e26
-1.0832314017588506e26
-1.0947002294928073e26
-1.1058305726985978e26
-1.1166156504657072e26
-1.127048829511086e26
-1.1371236283399717e26
-1.1468337213341772e26
-1.1561729427652577e26
-1.1651352907301456e26
-1.173714931006726e26
-1.181906200827002e26
-1.1897036125654801e26
-1.1971018573404258e26
-1.204095808525736e26
-1.2106805251711909e26
-1.2168512553288955e26
-1.22260343928378e26
-1.2279327126860609e26
-1.2328349095836498e26
-1.237306065352497e26
-1.24134241952296e26
-1.2449404185003179e26
-1.2480967181776065e26
-1.2508081864390231e26
-1.2530719055521815e26
-1.2548851744475922e26
-1.2562455108837677e26
-1.257150653496439e26
-1.2575985637304327e26
-1.2575874276527868e26
-1.257115657645805e26
-1.2561818939787616e26
-1.2547850062570815e26
-1.252924094747821e26
-1.2505984915804373e26
-1.2478077618218276e26
-1.2445517044246836e26
-1.2408303530483712e26
-1.2366439767514816e26
-1.2319930805554088e26
-1.226878405878233e26
-1.221300930838418e26
-1.2152618704277961e26
-1.208762676553382e26
-1.2018050379477448e26
-1.194390879947591e26
-1.1865223641404259e26
-1.1782018878790844e26
-1.1694320836641708e26
-1.1602158183944028e26
-1.1505561924849045e26
-1.1404565388537272e26
-1.1299204217767631e26
-1.1189516356114664e26
-1.1075542033896548e26
-1.0957323752800303e26
-1.0834906269208576e26
-1.0708336576235046e26
-1.0577663884474583e26
-1.0442939601477074e26
-1.0304217309953142e26
-1.0161552744719949e26
-1.001500376839911e26
-9.864630345875703e25
-9.710494517531273e25
-9.552660371261392e25
-9.391194013292638e25
-9.226163537811665e25
-9.057638995419991e25
-8.885692360431373e25
-8.7103974970259e25
-8.5318301242786e25
-8.350067780077973e25
-8.16518978395413e25
-7.977277198834272e25
-7.786412791743511e25
-7.5926809934727625e25
-7.396167857232675e25
-7.1969610163155645e25
-6.9951496407854e25
-6.7908243932202755e25
-6.584077383528371e25
-6.375002122862133e25
-6.163693476652845e25
-5.950247616792223e25
-5.734761972985134e25
-5.517335183297827e25
-5.298067043930162e25
-5.077058458236354e25
-4.854411385022904e25
-4.6302287861491875e25
-4.404614573461119e25
-4.177673555085015e25
-3.949511381109883e25
-3.720234488689103e25
-3.489950046589708e25
-3.258765899220548e25
-3.026790510167778e25
-2.79413290527084e25
-2.560902615268849e25
-2.327209618047582e25
-2.0931642805212536e25
-1.8588773001788626e25
-1.6244596463289893e25
-1.39002250107329e25
-1.1556772000440027e25
-9.215351729363318e24
-6.877078838700372e24
-4.5430677161186726e24
-2.214431896940972e24
1.0771653538108139e23
2.4222675491826255e24
4.7281137645281597e24
7.02415105286476e24
9.309279136031837e24
1.1582402184310417e25
1.3842429413147933e25
1.6088275678232195e25
1.8318862068588246e25
2.05331164973349e25
2.272997428978563e25
2.4908378768541e25
2.706728183525886e25
2.9205644548744106e25
3.1322437699034887e25
3.341664237716915e25
3.5487250540275855e25
3.7533265571684474e25
3.955370283571348e25
4.154759022683464e25
4.351396871286864e25
4.545189287191448e25
4.736043142268434e25
4.923866774795133e25
5.10857004107805e25
5.290064366324905e25
5.46826279473663e25
5.64308003878743e25
5.8144325276655005e25
5.98223845484427e25
6.146417824757446e25
6.306892498547945e25
6.463586238864184e25
6.6164247536777245e25
6.765335739093796e25
6.910248921130472e25
7.051096096439809e25
7.187811171947807e25
7.320330203386914e25
7.448591432698413e25
7.572535324282373e25
7.692104600070917e25
7.807244273404492e25
7.917901681688844e25
8.024026517813518e25
8.125570860310417e25
8.222489202234416e25
8.31473847874667e25
8.402278093384125e25
8.485069942996545e25
8.563078441335565e25
8.636270541280769e25
8.704615755686506e25
8.768086176836634e25
8.826656494492886e25
8.880304012525567e25
8.929008664113405e25
8.97275302550232e25
9.01152232831348e25
9.045304470390129e25
9.074090025175484e25
9.097872249613804e25
9.116647090567969e25
9.130413189746986e25
9.139171887138582e25
9.142927222942994e25
9.141685938003456e25
9.135457472731652e25
9.124253964525658e25
9.108090243680269e25
9.086983827788699e25
9.060954914637154e25
9.030026373593524e25
8.994223735493204e25
8.953575181024829e25
8.908111527620565e25
8.857866214855981e25
8.802875288365723e25
8.743177382281247e25
8.678813700198791e25
8.6098279946862e25
8.536266545337566e25
8.45817813538631e25
8.375614026887753e25
8.288627934482924e25
8.197275997756592e25
8.101616752202924e25
8.00171109881343e25
7.897622272302148e25
7.789415807984295e25
7.6771595073252405e25
7.560923402176976e25
7.440779717721601e25
7.316802834139551e25
7.189069247023584e25
7.057657526558809e25
6.922648275490271e25
6.784124085900259e25
6.64216949481818e25
6.496870938686689e25
6.348316706708332e25
6.196596893097587e25
6.041803348264133e25
5.884029628953475e25
5.723370947372029e25
5.559924119323996e25
5.393787511388608e25
5.225060987165847e25
5.053845852621137e25
4.880244800557573e25
4.704361854247134e25
4.526302310251662e25
4.346172680464811e25
4.16408063340748e25
3.980134934808987e25
3.7944453875067678e25
3.6071227706984517e25
3.4182787785798196e25
3.2280259584030933e25
3.036477647989884e25
2.8437479127342938e25
2.6499514821310566e25
2.4552036858649056e25
2.2596203894961195e25
2.0633179297804266e25
1.866413049657776e25
1.6690228329478825e25
1.4712646387895327e25
1.2732560358605742e25
1.0751147364163291e25
8.769585301835371e24
6.789052181481451e24
4.810725462744707e24
2.835781391935093e24
8.65394338988631e23
-1.0992638651200682e24
-3.057024590128407e24
-5.00672306702089e24
-6.947199046968274e24
-8.877297458279329e24
-1.079586906100451e25
-1.2701771098793902e25
-1.4593867947641209e25
-1.6471031761131492e25
-1.8332143111821138e25
-2.0176091628371994e25
-2.2001776628069255e25
-2.3808107744352368e25
-2.5594005548992523e25
-2.7358402168549093e25
-2.910024189474295e25
-3.081848178838946e25
-3.251209227653108e25
-3.4180057742417936e25
-3.582137710799129e25
-3.743506440851178e25
-3.9020149359007265e25
-4.057567791219038e25
-4.210071280751789e25
-4.359433411106281e25
-4.505563974587497e25
-4.648374601251217e25
-4.787778809942855e25
-4.923692058291165e25
-5.056031791626671e25
-5.184717490795024e25
-5.3096707188364075e25
-5.430815166502377e25
-5.548076696582353e25
-5.661383387012977e25
-5.770665572742702e25
-5.875855886327406e25
-5.9768892972306666e25
-6.073703149804686e25
-6.166237199928299e25
-6.254433650279044e25
-6.3382371842169315e25
-6.4175949982588535e25
-6.492456833122737e25
-6.56277500332185e25
-6.628504425289893e25
-6.689602644019143e25
-6.746029858194159e25
-6.797748943804195e25
-6.8447254762192255e25
-6.886927750714763e25
-6.924326801431005e25
-6.9568964187539005e25
-6.984613165106013e25
-7.0074563891358935e25
-7.025408238295253e25
-7.038453669795499e25
-7.046580459934401e25
-7.049779211786079e25
-7.048043361246899e25
-7.041369181432771e25
-7.029755785422348e25
-7.013205127343152e25
-6.991722001796936e25
-6.965314041623653e25
-6.933991714002845e25
-6.8977683148919775e25
-6.8566599618038305e25
-6.810685584924637e25
-6.759866916576382e25
-6.704228479026343e25
-6.643797570650345e25
-6.578604250455094e25
-6.5086813209658e25
-6.434064309488568e25
-6.354791447755215e25
-6.270903649961361e25
-6.182444489207221e25
-6.089460172354583e25
-5.9919995133118715e25
-5.8901139047601144e25
-5.783857288336307e25
-5.6732861232878325e25
-5.5584593536160695e25
-5.439438373724457e25
-5.316286992591563e25
-5.189071396486564e25
-5.057860110248494e25
-4.922723957148289e25
-4.783736017357672e25
-4.640971585046339e25
-4.4945081241299395e25
-4.344425222695285e25
-4.190804546126053e25
-4.033729788956286e25
-3.8732866254764e25
-3.7095626591215162e25
-3.5426473706692434e25
-3.3726320652746392e25
-3.1996098183745286e25
-3.023675420489489e25
-2.844925320956154e25
-2.6634575706194695e25
-2.47937176351989e25
-2.2927689776073307e25
-2.103751714514384e25
-1.9124238384256845e25
-1.7188905140760462e25
-1.5232581439145708e25
-1.3256343044684603e25
-1.1261276819457837e25
-9.24848007112099e24
-7.219059894800271e24
-5.174132508475886e24
-3.114822582263337e24
-1.0422625619686502e24
1.0424080127024863e24
3.1380431948591056e24
5.243491321685682e24
7.357595709828726e24
9.479195354526359e24
1.1607125632044512e25
