1.7760832031249983e-13
1.7744229825461624e11
2.8310690774491274e12
1.4264779536325809e13
4.478519945263944e13
1.0840228616926545e14
2.2241099493448538e14
4.068548244726237e14
6.838722912915585e14
1.0769276123312009e15
1.6099271037851918e15
2.3062230299525795e15
3.1875068594656425e15
4.272594106866152e15
5.576103154940612e15
7.107030667155072e15
8.867226409635543e15
1.084977050811066e16
1.3037256366761812e16
1.539998267271396e16
1.7894058101652516e16
2.0459422526480732e16
2.301778871175774e16
2.547050865160513e16
2.769636887757496e16
2.954931922537463e16
3.0856139705096144e16
3.1414050268455764e16
3.0988268408283788e16
2.930951965988952e16
2.6071506200748904e16
2.0928338864018904e16
1.3491937992481352e16
3.329408662469264e15
-1.0039604098033584e16
-2.7145574386768416e16
-4.8571763012180136e16
-7.495688772935702e16
-1.0699779021044224e17
-1.4545209378216826e17
-1.9114084592145043e17
-2.4495113946745187e17
-3.078387064853185e17
-3.8083047870291514e17
-4.650271084374571e17
-5.616054439339401e17
-6.718209530518031e17
-7.970100892602337e17
-9.385925939361119e17
-1.0980737290015936e18
-1.277046433990873e18
-1.4771934016976604e18
-1.7002890666262815e18
-1.9482015005500718e18
-2.2228942095707387e18
-2.526427827171601e18
-2.8609616978659185e18
-3.2287553461588204e18
-3.6321698256675195e18
-4.0736689433794355e18
-4.5558203541712097e18
-5.081296520863729e18
-5.652875535248166e18
-6.273441795686601e18
-6.945986537066547e18
-7.673608209072884e18
-8.459512698931661e18
-9.307013394978783e18
-1.0219531087612252e19
-1.1200593704398471e19
-1.225383587632223e19
-1.3382998332394598e19
-1.4591927120063867e19
-1.5884572649111261e19
-1.7264988556954794e19
-1.873733039353179e19
-2.0305854124181668e19
-2.1974914449207378e19
-2.3748962939053007e19
-2.563254598429986e19
-2.763030255994955e19
-2.974696180373365e19
-3.198734040846209e19
-3.4356339828697367e19
-3.685894330231952e19
-3.950021268782508e19
-4.22852851184833e19
-4.521936947475366e19
-4.830774267665028e19
-5.155574579801945e19
-5.4968780004978156e19
-5.855230232104082e19
-6.231182122174156e19
-6.62528920618357e19
-7.03811123384406e19
-7.470211679374896e19
-7.922157236121811e19
-8.394517295940672e19
-8.887863413789334e19
-9.402768757997244e19
-9.93980754670787e19
-1.0499554471014077e20
-1.1082584105331329e20
-1.168947030557749e20
-1.2320785595751522e20
-1.2977100543526378e20
-1.365898312549324e20
-1.4366998082716185e20
-1.510170626727676e20
-1.586366398050823e20
-1.6653422303638363e20
-1.747152642157796e20
-1.8318514940609967e20
-1.9194919200750708e20
-2.010126258357005e20
-2.1038059816272786e20
-2.2005816272856662e20
-2.3005027273175335e20
-2.4036177380746776e20
-2.5099739700157468e20
-2.619617517492304e20
-2.7325931886673927e20
-2.8489444356542392e20
-2.968713284963282e20
-3.091940268346302e20
-3.218664354126706e20
-3.3489228791053713e20
-3.4827514811315074e20
-3.6201840324280936e20
-3.7612525737612306e20
-3.905987249542613e20
-4.05441624395387e20
-4.206565718181088e20
-4.362459748847178e20
-4.522120267729002e20
-4.685567002845242e20
-4.8528174210001234e20
-5.023886671866735e20
-5.1987875336926436e20
-5.377530360708947e20
-5.5601230323224143e20
-5.746570904168714e20
-5.936876761102982e20
-6.131040772201934e20
-6.32906044784984e20
-6.530930598978417e20
-6.736643298528385e20
-6.946187845198195e20
-7.159550729542597e20
-7.376715602481405e20
-7.597663246275835e20
-7.822371548026933e20
-8.050815475747766e20
-8.282967057057773e20
-8.518795360544563e20
-8.758266479835189e20
-9.001343520415394e20
-9.247986589231942e20
-9.498152787109507e20
-9.751796204009929e20
-1.0008867917157829e21
-1.0269315992052816e21
-1.0533085486384518e21
-1.0800118456862697e21
-1.1070353968970623e21
-1.1343728109645838e21
-1.1620174002888038e21
-1.189962182828983e21
-1.2181998842481554e21
-1.2467229403477246e21
-1.2755234997904194e21
-1.3045934271094383e21
-1.333924306001137e21
-1.36350744289819e21
-1.3933338708197022e21
-1.4233943534942746e21
-1.4536793897516055e21
-1.484179218177732e21
-1.5148838220285839e21
-1.545782934396045e21
-1.5768660436202941e21
-1.608122398941727e21
-1.639541016385329e21
-1.6711106848699143e21
-1.7028199725342162e21
-1.7346572332713758e21
-1.766610613462944e21
-1.7986680589030877e21
-1.830817321903278e21
-1.8630459685673144e21
-1.8953413862261598e21
-1.927690791021613e21
-1.960081235627537e21
-1.992499617096901e21
-2.0249326848225853e21
-2.0573670485994887e21
-2.0897891867751948e21
-2.122185454476049e21
-2.154542091895218e21
-2.1868452326289732e21
-2.2190809120471615e21
-2.2512350756835015e21
-2.2832935876311319e21
-2.315242238928512e21
-2.3470667559206212e21
-2.3787528085800716e21
-2.4102860187726706e21
-2.441651968451638e21
-2.472836207764636e21
-2.5038242630575226e21
-2.534601644758658e21
-2.5651538551274445e21
-2.5954663958506845e21
-2.625524775470282e21
-2.655314516625715e21
-2.684821163094726e21
-2.714030286615559e21
-2.742927493474206e21
-2.7714984308400194e21
-2.79972879283318e21
-2.827604326307532e21
-2.85511083633241e21
-2.882234191357166e21
-2.9089603280422563e21
-2.9352752557409194e21
-2.9611650606156066e21
-2.986615909373576e21
-3.01161405260627e21
-3.0361458277173166e21
-3.060197661424336e21
-3.0837560718199263e21
-3.106807669977641e21
-3.129339161088986e21
-3.15133734511795e21
-3.172789116959863e21
-3.193681466091874e21
-3.214001475702723e21
-3.2337363212899383e21
-3.2528732687131277e21
-3.27139967169245e21
-3.2893029687419496e21
-3.3065706795279335e21
-3.323190400643193e21
-3.3391498007884087e21
-3.3544366153527124e21
-3.3690386403860357e21
-3.3829437259564764e21
-3.396139768886649e21
-3.408614704863621e21
-3.420356499917796e21
-3.4313531412668004e21
-3.4415926275212087e21
-3.4510629582497026e21
-3.459752122902015e21
-3.46764808908886e21
-3.474738790218829e21
-3.481012112493099e21
-3.486455881259589e21
-3.4910578467291414e21
-3.494805669057118e21
-3.497686902794706e21
-3.499688980715143e21
-3.500799197020959e21
-3.501004689939253e21
-3.500292423712996e21
-3.4986491699972004e21
-3.496061488669854e21
-3.4925157080683763e21
-3.487997904663358e21
-3.482493882182295e21
-3.475989150197027e21
-3.4684689021894866e21
-3.4599179931114353e21
-3.4503209164547623e21
-3.4396617808499127e21
-3.427924286211034e21
-3.415091699447299e21
-3.401146829760956e21
-3.3860720035535205e21
-3.369849038962526e21
-3.3524592200522117e21
-3.333883270682438e21
-3.3141013280810986e21
-3.293092916146195e21
-3.2708369185046554e21
-3.2473115513559193e21
-3.222494336129167e21
-3.1963620719839653e21
-3.1688908081849623e21
-3.140055816382132e21
-3.109831562828864e21
-3.0781916805710186e21
-3.045108941640904e21
-3.010555229290822e21
-2.974501510301667e21
-2.936917807402701e21
-2.89777317183943e21
-2.857035656127114e21
-2.8146722870280874e21
-2.770649038791792e21
-2.7249308066968785e21
-2.677481380935435e21
-2.6282634208798394e21
-2.5772384297733094e21
-2.5243667298856505e21
-2.4696074381761766e21
-2.412918442506162e21
-2.354256378443592e21
-2.2935766067032348e21
-2.230833191265486e21
-2.165978878217564e21
-2.0989650753609615e21
-2.0297418326291655e21
-1.9582578233598584e21
-1.8844603264658828e21
-1.8082952095493338e21
-1.7297069130031133e21
-1.6486384351443403e21
-1.5650313184238727e21
-1.4788256367560585e21
-1.3899599840128124e21
-1.298371463725701e21
-1.2039956800397168e21
-1.1067667299618311e21
-1.006617196947406e21
-9.03478145866816e20
-7.972791193944751e20
-6.879481358617842e20
-5.754116886150796e20
-4.5959474691900965e20
-3.404207584452385e20
-2.1781165338550967e20
-9.168785022760518e19
3.8031736768271745e19
1.7142968835584295e20
3.085900693159218e20
4.495984156614622e20
5.945417200003512e20
7.435084150232129e20
8.965883550840306e20
1.0538727958431159e21
1.2154543719425392e21
1.3814270726859653e21
1.5518862156954526e21
1.726928418519816e21
1.9066515681697396e21
2.091154788557047e21
2.280538405816173e21
2.4749039114882384e21
2.674353923548785e21
2.878992145262694e21
3.088923321850641e21
3.304253194953883e21
3.525088454885092e21
3.751536690655593e21
3.983706337770165e21
4.2217066237835293e21
4.465647511613288e21
4.7156396406072525e21
4.971794265363842e21
5.234223192307313e21
5.503038714020567e21
5.778353541341373e21
6.060280733228791e21
6.348933624409868e21
6.644425750817624e21
6.94687077283468e21
7.256382396357928e21
7.573074291702849e21
7.897060010367461e21
8.228452899678975e21
8.567366015347463e21
8.913912031954365e21
9.26820315140478e21
9.630351009375458e21
1.0000466579792905e22
1.0378660077377407e22
1.0765040858292434e22
1.1159717318939847e22
1.1562796792945022e22
1.1974385446377077e22
1.2394588171252848e22
1.282350847737468e22
1.3261248382555386e22
1.3707908301284828e22
1.4163586931896453e22
1.4628381142292829e22
1.5102385854292888e22
1.558569392666484e22
1.6078396036911827e22
1.6580580561878904e22
1.7092333457252813e22
1.7613738136027628e22
1.8144875346012253e22
1.8685823046456854e22
1.9236656283878955e22
1.979744706717013e22
2.036826424206825e22
2.0949173365080553e22
2.154023657694611e22
2.2141512475727207e22
2.2753055989621953e22
2.3374918249591333e22
2.40071464618968e22
2.4649783780645154e22
2.5302869180440205e22
2.5966437329241433e22
2.6640518461532393e22
2.7325138251902104e22
2.8020317689145385e22
2.8726072950988116e22
2.9442415279546275e22
3.016935085762734e22
3.0906880685985428e22
3.165500046164096e22
3.2413700457379035e22
3.3182965402538726e22
3.3962774365209478e22
3.4753100635949526e22
3.555391161314268e22
3.6365168690111254e22
3.718682714410187e22
3.8018836027263555e22
3.8861138059735645e22
3.9713669524965705e22
4.057636016737588e22
4.144913309249794e22
4.2331904669696005e22
4.3224584437597186e22
4.412707501234915e22
4.5039271998824525e22
4.596106390489035e22
4.689233205886261e22
4.783295053026228e22
4.87827860539925e22
4.974169795805207e22
5.0709538094902766e22
5.1686150776604886e22
5.267137271383621e22
5.366503295890664e22
5.466695285288175e22
5.567694597692482e22
5.669481810796809e22
5.77203671788197e22
5.875338324281429e22
5.9793648443110055e22
6.084093698673706e22
6.189501512349575e22
6.2955641129806456e22
6.402256529760502e22
6.509552992838066e22
6.617426933244688e22
6.725850983353676e22
6.834796977880846e22
6.944235955434716e22
7.054138160624405e22
7.164473046733265e22
7.275209278965787e22
7.38631473827518e22
7.49775652577857e22
7.609500967766537e22
7.721513621313392e22
7.83375928049412e22
7.946201983213789e22
8.058805018654602e22
8.171530935345696e22
8.284341549860089e22
8.397197956143168e22
8.510060535476314e22
8.622888967079237e22
8.735642239353888e22
8.84827866177265e22
8.960755877412817e22
9.073030876139244e22
9.185060008436329e22
9.29679899989027e22
9.408202966321937e22
9.51922642957032e22
9.62982333392605e22
9.739947063213992e22
9.84955045852341e22
9.958585836583883e22
1.0067005008784411e23
1.0174759300832907e23
1.0281799573052637e23
1.0388076241311718e23
1.0493539298581297e23
1.0598138337117487e23
1.0701822571261713e23
1.0804540860853534e23
1.0906241735249505e23
1.1006873417941213e23
1.1106383851765003e23
1.1204720724695475e23
1.1301831496214252e23
1.1397663424245101e23
1.1492163592645833e23
1.1585278939247082e23
1.1676956284427307e23
1.1767142360213138e23
1.1855783839893389e23
1.1942827368134794e23
1.2028219591586806e23
1.2111907189962526e23
1.2193836907582083e23
1.2273955585364476e23
1.2352210193253323e23
1.2428547863061437e23
1.2502915921718784e23
1.2575261924907767e23
1.2645533691069394e23
1.2713679335763338e23
1.2779647306364618e23
1.2843386417078875e23
1.2904845884258136e23
1.2963975361998178e23
1.3020724977998411e23
1.3075045369664649e23
1.312688772043481e23
1.3176203796307192e23
1.322294598255031e23
1.3267067320573417e23
1.3308521544935924e23
1.3347263120473895e23
1.3383247279521376e23
1.341643005920389e23
1.3446768338781116e23
1.3474219877015733e23
1.3498743349544541e23
1.3520298386228301e23
1.3538845608456013e23
1.3554346666379282e23
1.3566764276052226e23
1.3576062256451863e23
1.3582205566354132e23
1.3585160341040085e23
1.3584893928806836e23
1.3581374927257584e23
1.3574573219344945e23
1.3564460009141576e23
1.35510078573121e23
1.3534190716260043e23
1.3513983964923571e23
1.3490364443193661e23
1.3463310485928317e23
1.3432801956536323e23
1.3398820280104122e23
1.336134847603933e23
1.3320371190204392e23
1.3275874726514092e23
1.3227847077970312e23
1.317627795710796e23
1.3121158825825739e23
1.3062482924575728e23
1.300024530088571e23
1.2934442837188481e23
1.2865074277932508e23
1.2792140255948445e23
1.2715643318046132e23
1.2635587949817247e23
1.2551980599618607e23
1.2464829701711788e23
1.237414569853456e23
1.2279941062080453e23
1.2182230314362707e23
1.2081030046939333e23
1.1976358939476338e23
1.1868237777326694e23
1.1756689468102813e23
1.1641739057220846e23
1.1523413742395653e23
1.1401742887065277e23
1.1276758032725124e23
1.1148492910151478e23
1.1016983449495521e23
1.0882267789228485e23
1.0744386283920362e23
1.0603381510833954e23
1.0459298275317557e23
1.0312183614979442e23
1.0162086802628729e23
1.0009059347966988e23
9.853154998016413e22
9.694429736270249e22
9.532941780552767e22
9.368751579575832e22
9.201921808180693e22
9.032517361253566e22
8.860605346305083e22
8.686255074703831e22
8.509538051555422e22
8.330527964218877e22
8.149300669453515e22
7.965934179189738e22
7.780508644918303e22
7.593106340693558e22
7.403811644746439e22
7.212711019704792e22
7.019892991418516e22
6.825448126388667e22
6.62946900779985e22
6.4320502101569295e22
6.2332882725271794e22
6.033281670390665e22
5.8321307861017535e22
5.629937877966534e22
5.426807047940961e22
5.22284420795619e22
5.018157044877834e22
4.812854984107614e22
4.607049151836078e22
4.400852335956602e22
4.1943789456512564e22
3.987744969660819e22
3.781067933251436e22
3.574466853891998e22
3.368062195656633e22
3.161975822368447e22
2.956330949500863e22
2.7512520948544013e22
2.5468650280271888e22
2.3432967186990856e22
2.1406752837496035e22
1.9391299332311242e22
1.7387909152198112e22
1.5397894595672346e22
1.3422577205771959e22
1.146328718632576e22
9.521362807983687e21
7.598149804275171e21
5.695000757976166e21
3.8132744780682856e21
1.954335367587056e21
1.1955278265932002e20
-1.6896996169550162e21
-3.4720445255001173e21
-5.22610165671044e21
-6.950488416813269e21
-8.643820584700859e21
-1.0304712998923887e22
-1.1931780251146361e22
-1.3523637385698585e22
-1.5078900604853041e22
-1.6596187979446013e22
-1.8074120164457214e22
-1.951132111915769e22
-2.0906418831424127e22
-2.2258046045816992e22
-2.3564840995011978e22
-2.482544813416725e22
-2.6038518877807958e22
-2.720271233879834e22
-2.8316696068972794e22
-2.9379146800987797e22
-3.038875119095766e22
-3.1344206561425802e22
-3.2244221644227006e22
-3.3087517322785977e22
-3.3872827373401097e22
-3.45988992050508e22
-3.5264494597266397e22
-3.5868390435603974e22
-3.6409379444255493e22
-3.6886270915326163e22
-3.7297891434314827e22
-3.7643085601322966e22
-3.792071674752671e22
-3.81296676464351e22
-3.826884121946763e22
-3.833716123537617e22
-3.833357300304218e22
-3.825704405717782e22
-3.810656483646113e22
-3.788114935363615e22
-3.7579835857114214e22
-3.720168748360833e22
-3.674579290133972e22
-3.6211266943356202e22
-3.5597251230506873e22
-3.490291478361719e22
-3.412745462441633e22
-3.32700963647683e22
-3.2330094783769493e22
-3.130673439227005e22
-3.019932998439039e22
-2.9007227175603632e22
-2.7729802926965486e22
-2.636646605507257e22
-2.491665772734193e22
-2.337985194220758e22
-2.1755555993842038e22
-2.0043310921008397e22
-1.8242691939666995e22
-1.6353308858959222e22
-1.4374806480209157e22
-1.2306864978579643e22
-1.0149200267040354e22
-7.901564342304839e21
-5.5637456124131e21
-3.135569205633038e21
-6.168972603767527e20
1.9923708041727983e21
4.692298037006296e21
7.482909724091011e21
1.0364193177291635e22
1.3336097543670288e22
1.6398533635403137e22
1.955137378055386e22
2.279445169491741e22
2.6127562375147347e22
2.9550462013354442e22
3.306286793336798e22
3.6664458548822615e22
4.035487334323083e22
4.413371287217838e22
4.800053878777849e22
5.195487388549796e22
5.599620217345041e22
6.012396896425351e22
6.433758098951548e22
6.86364065370148e22
7.3019775610608035e22
7.748698011290578e22
8.203727405072165e22
8.666987376329978e22
9.138395817329595e22
9.617866906049174e22
1.0105311135818581e23
1.0600635347220655e23
1.1103742762246075e23
1.1614533020693464e23
1.213290221880297e23
1.2658742950111656e23
1.3191944348515682e23
1.373239213352487e23
1.4279968657691535e23
1.4834552956195675e23
1.539602079856519e23
1.5964244742510474e23
1.6539094189849093e23
1.7120435444496185e23
1.7708131772493265e23
1.8302043464048427e23
1.8902027897557485e23
1.9507939605575594e23
2.011963034270583e23
2.0736949155371777e23
2.1359742453437423e23
2.1987854083638226e23
2.2621125404783497e23
2.325939536469165e23
2.3902500578815613e23
2.455027541051646e23
2.520255205293994e23
2.5859160612451635e23
2.6519929193582693e23
2.718468398543861e23
2.785324934952049e23
2.8525447908909187e23
2.9201100638759492e23
2.9880026958050487e23
3.0562044822538864e23
3.124697081885836e23
3.1934620259709174e23
3.2624807280078524e23
3.331734493443459e23
3.40120452948326e23
3.47087195498729e23
3.5407178104447876e23
3.610723068021617e23
3.680868641673883e23
3.751135397321422e23
3.8215041630744044e23
3.8919557395066634e23
3.962470909968822e23
4.0330304509345996e23
4.103615142373314e23
4.174205778141809e23
4.244783176388729e23
4.31532818996422e23
4.3858217168278995e23
4.456244710448052e23
4.526578190184898e23
4.5968032516507334e23
4.6669010770397034e23
4.736852945420045e23
4.8066402429814754e23
4.8762444732305287e23
4.945647267126421e23
5.014830393150331e23
5.0837757673006884e23
5.1524654630072614e23
5.2208817209566634e23
5.289006958822171e23
5.3568237808904954e23
5.424314987578387e23
5.491463584831791e23
5.558252793400521e23
5.6246660579812645e23
5.69068705622195e23
5.7562997075803424e23
5.821488182030066e23
5.8862369086071e23
5.950530583789885e23
6.014354179706408e23
6.077692952161529e23
6.140532448477967e23
6.202858515144477e23
6.264657305264821e23
6.325915285801218e23
6.386619244606101e23
6.446756297236045e23
6.506313893541996e23
6.565279824029793e23
6.623642225985469e23
6.681389589359491e23
6.738510762404681e23
6.794994957062384e23
6.850831754091742e23
6.906011107937e23
6.960523351328028e23
7.014359199609301e23
7.067509754792784e23
7.119966509330327e23
7.171721349601337e23
7.222766559111736e23
7.273094821400285e23
7.32269922264857e23
7.371573253991259e23
7.419710813523194e23
7.467106208000322e23
7.513754154231474e23
7.559649780158317e23
7.604788625620984e23
7.64916664280711e23
7.692780196382046e23
7.735626063298649e23
7.777701432284725e23
7.819003903006904e23
7.859531484909572e23
7.89928259572805e23
7.93825605967513e23
7.976451105300545e23
8.013867363022986e23
8.050504862334744e23
8.08636402867904e23
8.12144568000054e23
8.155751022969683e23
8.189281648881734e23
8.222039529231731e23
8.254027010966658e23
8.285246811416563e23
8.315702012906378e23
8.345396057050707e23
8.374332738733847e23
8.402516199777696e23
8.429950922300377e23
8.456641721768787e23
8.482593739748263e23
8.507812436353119e23
8.532303582401787e23
8.556073251280725e23
8.579127810521353e23
8.60147391309467e23
8.623118488428268e23
8.644068733150881e23
8.664332101569706e23
8.683916295886029e23
8.70282925615492e23
8.721079149994964e23
8.738674362054291e23
8.755623483239254e23
8.77193529971256e23
8.787618781667569e23
8.802683071885996e23
8.817137474086308e23
8.830991441070237e23
8.844254562675307e23
8.856936553541157e23
8.869047240697917e23
8.880596550984863e23
8.891594498307952e23
8.902051170744865e23
8.911976717506527e23
8.921381335764108e23
8.930275257350731e23
8.938668735347345e23
8.946572030562279e23
8.95399539791419e23
8.960949072728327e23
8.967443256956024e23
8.973488105327694e23
8.979093711449502e23
8.98427009385417e23
8.989027182016462e23
8.993374802343965e23
8.997322664153868e23
9.000880345646739e23
9.00405727988805e23
9.006862740808648e23
9.009305829235126e23
9.011395458961451e23
9.013140342872939e23
9.014548979133975e23
9.015629637450779e23
9.016390345420707e23
9.01683887497935e23
9.016982728957131e23
9.016829127756623e23
9.016384996162303e23
9.015656950294093e23
9.014651284716267e23
9.013373959713114e23
9.011830588742939e23
9.01002642608175e23
9.007966354668018e23
9.005654874159901e23
9.003096089216278e23
9.000293698012644e23
8.997250981003315e23
8.993970789940698e23
8.990455537162995e23
8.986707185160898e23
8.98272723643432e23
8.978516723649738e23
8.974076200108802e23
8.969405730538535e23
8.964504882213539e23
8.959372716420349e23
8.954007780273883e23
8.948408098895913e23
8.942571167965138e23
8.936493946648514e23
8.930172850922953e23
8.923603747296706e23
8.916781946939146e23
8.909702200227901e23
8.902358691721588e23
8.894745035566559e23
8.88685427134562e23
8.878678860376605e23
8.870210682468214e23
8.861441033140516e23
8.852360621317052e23
8.84295956749543e23
8.833227402402705e23
8.823153066141897e23
8.812724907835447e23
8.801930685771323e23
8.79075756805699e23
8.779192133786263e23
8.767220374723756e23
8.754827697511298e23
8.741998926400269e23
8.72871830651365e23
8.71496950764107e23
8.700735628569976e23
8.685999201955481e23
8.670742199731288e23
8.654946039063567e23
8.638591588849575e23
8.621659176762e23
8.604128596840065e23
8.5859791176278e23
8.567189490859709e23
8.547737960693379e23
8.52760227348857e23
8.506759688131528e23
8.485186986903429e23
8.46286048689072e23
8.439756051935441e23
8.415849105122864e23
8.3911146418033e23
8.365527243144872e23
8.339061090213239e23
8.311689978574275e23
8.283387333414912e23
8.25412622517724e23
8.223879385700352e23
8.192619224864329e23
8.160317847729853e23
8.126947072167056e23
8.092478446966446e23
8.056883270424694e23
8.020132609397152e23
7.982197318809208e23
7.943048061617638e23
7.902655329213182e23
7.860989462254715e23
7.818020671925472e23
7.773719061600981e23
7.728054648918418e23
7.680997388236198e23
7.632517193472775e23
7.582583961312778e23
7.531167594768808e23
7.478238027086146e23
7.423765245977966e23
7.367719318177804e23
7.310070414296096e23
7.250788833966753e23
7.189845031270049e23
7.127209640417068e23
7.062853501681446e23
6.996747687562984e23
6.92886352916808e23
6.859172642791235e23
6.787646956681961e23
6.714258737980596e23
6.638980619806884e23
6.561785628484403e23
6.482647210884158e23
6.401539261869838e23
6.318436151827431e23
6.233312754261766e23
6.146144473441699e23
6.056907272076222e23
5.965577699002974e23
5.872132916871025e23
5.7765507297988955e23
5.678809610989356e23
5.5788887302818314e23
5.4767679816236066e23
5.3724280104402806e23
5.265850240886375e23
5.1570169029565596e23
5.045911059438021e23
4.9325166326842835e23
4.816818431190752e23
4.698802175952499e23
4.578454526584062e23
4.455763107181823e23
4.330716531908754e23
4.203304430282124e23
4.073517472143783e23
3.941347392293572e23
3.806787014765774e23
3.669830276729164e23
3.530472251990543e23
3.388709174082408e23
3.244538458914955e23
3.097958726973305e23
2.9489698250401178e23
2.797572847424733e23
2.643770156679438e23
2.4875654037843073e23
2.3289635477813145e23
2.1679708748394986e23
2.0045950167324485e23
1.8388449687102973e23
1.6707311067476706e23
1.5002652041502717e23
1.3274604475021777e23
1.1523314519370533e23
9.748942757156862e22
7.951664340935556e22
6.131669124616728e22
4.289161787449902e22
2.424361950420413e22
5.375042849060422e21
-1.3711613865552341e22
-3.301369997539212e22
-5.252841153190682e22
-7.225279054003672e22
-9.218372428058288e22
-1.1231794471851943e23
-1.3265202799848542e23
-1.531823940287274e23
-1.73905306154639e23
-1.9481687092310288e23
-2.1591303793868834e23
-2.3718959981279717e23
-2.5864219220671173e23
-2.8026629396956242e23
-3.0205722737207016e23
-3.24010158436957e23
-3.461200973667734e23
-3.6838189906995504e23
-3.907902637857489e23
-4.133397378086888e23
-4.360247143131515e23
-4.588394342785777e23
-4.817779875157835e23
-5.048343137947992e23
-5.2800220407454736e23
-5.512753018347035e23
-5.7464710450992715e23
-5.981109650266619e23
-6.216600934425728e23
-6.45287558688719e23
-6.689862904143984e23
-6.927490809346244e23
-7.165685872800321e23
-7.404373333490789e23
-7.643477121622069e23
-7.88291988217672e23
-8.122622999485906e23
-8.362506622807865e23
-8.602489692908685e23
-8.842489969639685e23
-9.082424060504245e23
-9.322207450207442e23
-9.561754531180111e23
-9.800978635068579e23
-1.0039792065181198e24
-1.027810612988139e24
-1.0515831176916791e24
-1.075287662867293e24
-1.0989151018339923e24
-1.1224562026979312e24
-1.1459016521477962e24
-1.1692420593374924e24
-1.1924679598547107e24
-1.215569819773824e24
-1.238538039791567e24
-1.2613629594438105e24
-1.2840348614017775e24
-1.3065439758458993e24
-1.3288804849155053e24
-1.3510345272324233e24
-1.372996202496585e24
-1.394755576151601e24
-1.4163026841182576e24
-1.4376275375937687e24
-1.4587201279146704e24
-1.4795704314810584e24
-1.5001684147399288e24
-1.5205040392252144e24
-1.5405672666521927e24
-1.5603480640637535e24
-1.5798364090260733e24
-1.5990222948710955e24
-1.617895735983274e24
-1.6364467731278883e24
-1.6546654788182832e24
-1.672541962719236e24
-1.6900663770837444e24
-1.707228922220362e24
-1.724019851988251e24
-1.740429479317017e24
-1.7564481817484378e24
-1.7720664069970725e24
-1.7872746785267699e24
-1.802063601140001e24
-1.816423866576991e24
-1.8303462591215294e24
-1.8438216612102923e24
-1.856841059042594e24
-1.8693955481873348e24
-1.8814763391839574e24
-1.8930747631341876e24
-1.9041822772813303e24
-1.9147904705738378e24
-1.9248910692099115e24
-1.9344759421597856e24
-1.9435371066624687e24
-1.9520667336935837e24
-1.9600571534010073e24
-1.967500860504962e24
-1.974390519659275e24
-1.980718970770431e24
-1.9864792342711264e24
-1.9916645163449676e24
-1.9962682140989968e24
-2.0002839206807498e24
-2.0037054303365145e24
-2.0065267434074887e24
-2.0087420712605672e24
-2.010345841150476e24
-2.0113327010099993e24
-2.0116975241650673e24
-2.011435413971459e24
-2.010541708369974e24
-2.0090119843568747e24
-2.0068420623664393e24
-2.004028010562555e24
-2.0005661490362243e24
-1.9964530539059693e24
-1.9916855613180915e24
-1.986260771343816e24
-1.980176051770394e24
-1.9734290417832536e24
-1.9660176555363334e24
-1.9579400856078057e24
-1.9491948063384266e24
-1.939780577049774e24
-1.929696445139741e24
-1.918941749052662e24
-1.9075161211214937e24
-1.8954194902795882e24
-1.8826520846395957e24
-1.8692144339371242e24
-1.8551073718368264e24
-1.8403320380986748e24
-1.824889880602216e24
-1.808782657226728e24
-1.7920124375851464e24
-1.7745816046098662e24
-1.7564928559884608e24
-1.737749205447487e24
-1.7183539838826322e24
-1.6983108403335074e24
-1.6776237428014827e24
-1.656296978909072e24
-1.6343351563993528e24
-1.6117432034741485e24
-1.5885263689696425e24
-1.5646902223682469e24
-1.5402406536456266e24
-1.5151838729518623e24
-1.489526410125819e24
-1.4632751140419183e24
-1.436437151788482e24
-1.409020007677116e24
-1.381031482082478e24
-1.3524796901120017e24
-1.323373060105212e24
-1.2937203319623292e24
-1.2635305553020216e24
-1.2328130874481743e24
-1.2015775912457705e24
-1.1698340327058705e24
-1.1375926784800533e24
-1.1048640931645217e24
-1.0716591364343254e24
-1.037988960008217e24
-1.0038650044447386e24
-9.692989957702559e23
-9.343029419397871e23
-8.988891291314531e23
-8.63070117875677e23
-8.268587390201715e23
-7.902680895319557e23
-7.533115281377223e23
-7.160026708039662e23
-6.783553860583917e23
-6.403837901542546e23
-6.021022420792576e23
-5.635253384109499e23
-5.2466790802044376e23
-4.855450066265067e23
-4.461719112021301e23
-4.065641142357813e23
-3.667373178496448e23
-3.2670742777724386e23
-2.86490547202976e23
-2.461029704660439e23
-2.0556117663159798e23
-1.6488182293176324e23
-1.2408173807943659e23
-8.317791545781212e22
-4.218750618865703e22
-1.1278120824621498e21
3.998372152628824e22
8.112951305554403e22
1.2229185206029719e23
1.634529067220244e23
2.0459473143939387e23
2.4569927451663102e23
2.8674838594586076e23
3.277238252796753e23
3.6860726959005816e23
4.093803215098676e23
4.500245173527745e23
4.905213353077239e23
5.308522037037855e23
5.709985093412367e23
6.109416058846629e23
6.506628223137975e23
6.901434714277757e23
7.293648583983836e23
7.683082893679576e23
8.069550800873302e23
8.452865645893777e23
8.83284103893573e23
9.209290947369275e23
9.582029783266695e23
9.950872491099814e23
1.0315634635560352e24
1.0676132489456732e24
1.1032183121638184e24
1.1383604484899133e24
1.1730215503815214e24
1.2071836162462441e24
1.2408287591970965e24
1.2739392157864664e24
1.3064973547137224e24
1.3384856855016907e24
1.3698868671369388e24
1.4006837166690797e24
1.4308592177641376e24
1.460396529207091e24
1.4892789933486848e24
1.5174901444916304e24
1.5450137172113145e24
1.571833654606145e24
1.5979341164727425e24
1.6232994874010657e24
1.6479143847847492e24
1.671763666741857e24
1.6948324399412964e24
1.7171060673302066e24
1.7385701757576325e24
1.759210663489842e24
1.7790137076127554e24
1.7979657713168275e24
1.8160536110599908e24
1.83326428360415e24
1.8495851529208478e24
1.865003896961767e24
1.879508514289775e24
1.8930873305663006e24
1.9057290048909045e24
1.9174225359889297e24
1.9281572682432114e24
1.937922897565962e24
1.9467094771068914e24
1.9545074227938073e24
1.9613075187020165e24
1.9671009222488533e24
1.9718791692098164e24
1.9756341785528927e24
1.9783582570876866e24
1.980044103926093e24
1.980684814751349e24
1.9802738858924013e24
1.9788052182006402e24
1.976273120726105e24
1.9726723141904073e24
1.9679979342537512e24
1.9622455345734963e24
1.9554110896517998e24
1.947490997470087e24
1.9384820819080693e24
1.928381594945345e24
1.917187218643466e24
1.9048970669067749e24
1.8915096870202093e24
1.8770240609624808e24
1.8614396064932e24
1.84475617801257e24
1.826974067192456e24
1.808094003377734e24
1.7881171537569388e24
1.767045123301508e24
1.744879954472753e24
1.721624126696167e24
1.6972805556025543e24
1.671852592035752e24
1.6453440208267803e24
1.6177590593344238e24
1.5891023557523222e24
1.559378987182998e24
1.5285944574790192e24
1.496754694852004e24
1.4638660492501062e24
1.429935289504802e24
1.3949696002479858e24
1.358976578600396e24
1.321964230632821e24
1.283940967601214e24
1.2449156019574523e24
1.2048973431373261e24
1.1638957931275932e24
1.1219209418140398e24
1.0789831621126452e24
1.0350932048860102e24
9.902621936476114e23
9.44501619056093e23
8.97823333202462e23
8.502395436928433e23
8.017628075297305e23
7.524060247947692e23
7.021824321362104e23
6.511055960643068e23
5.9918940605821855e23
5.4644806748774615e23
4.928960943537309e23
4.385483018508579e23
3.834197987567811e23
3.275259796516135e23
2.7088251697193064e23
2.1350535290347482e23
1.5541069111717844e23
9.661498835267097e22
3.713494585410558e22
-2.301249933707588e22
-8.38101832276135e22
-1.452407238512426e23
-2.072865303757918e23
-2.6992981233360183e23
-3.331525889697706e23
-3.9693669870331414e23
-4.6126380869556216e23
-5.2611542452049676e23
-5.914728999313901e23
-6.573174467181988e23
-7.236301446499376e23
-7.903919514963966e23
-8.57583713123099e23
-9.251861736539227e23
-9.931799856951879e23
-1.061545720615251e24
-1.1302638788735302e24
-1.1993149003927912e24
-1.2686791749686433e24
-1.3383370527096998e24
-1.4082688545025488e24
-1.4784548824949005e24
-1.5488754305907267e24
-1.6195107949509612e24
-1.6903412844933782e24
-1.7613472313852334e24
-1.8325090015222798e24
-1.903807004987487e24
-1.9752217064833306e24
-2.046733635730919e24
-2.118323397829588e24
-2.1899716835704655e24
-2.2616592796975528e24
-2.3333670791098243e24
-2.405076090998034e24
-2.4767674509094953e24
-2.5484224307348334e24
-2.620022448610003e24
-2.691549078727377e24
-2.762984061049546e24
-2.8343093109195365e24
-2.9055069285612317e24
-2.9765592084638687e24
-3.0474486486442085e24
-3.1181579597806756e24
-3.1886700742131314e24
-3.2589681548024553e24
-3.3290356036439734e24
-3.3988560706289383e24
-3.4684134618482764e24
-3.537691947833003e24
-3.6066759716254724e24
-3.6753502566762973e24
-3.7436998145612217e24
-3.8117099525127724e24
-3.879366280761394e24
-3.946654719680937e24
-4.0135615067335693e24
-4.080073203208958e24
-4.146176700753187e24
-4.211859227682569e24
-4.2771083550777646e24
-4.3419120026538253e24
-4.4062584444017907e24
-4.470136313997626e24
-4.533534609974545e24
-4.596442700654546e24
-4.658850328835653e24
-4.7207476162310147e24
-4.782125067656423e24
-4.842973574962868e24
-4.903284420710921e24
-4.963049281583891e24
-5.02226023153689e24
-5.080909744678888e24
-5.138990697885418e24
-5.196496373139314e24
-5.253420459597296e24
-5.309757055380296e24
-5.365500669085576e24
-5.420646221018896e24
-5.475189044145216e24
-5.529124884756298e24
-5.582449902854298e24
-5.635160672250021e24
-5.687254180375074e24
-5.738727827807238e24
-5.789579427508463e24
-5.839807203775224e24
-5.889409790901105e24
-5.938386231551475e24
-5.986735974850753e24
-6.034458874182414e24
-6.081555184702501e24
-6.128025560567321e24
-6.17387105187633e24
-6.219093101331389e24
-6.263693540613718e24
-6.307674586479999e24
-6.351038836579528e24
-6.393789264994134e24
-6.43592921750312e24
-6.477462406575368e24
-6.518392906091191e24
-6.558725145796576e24
-6.598463905492504e24
-6.637614308962633e24
-6.676181817642332e24
-6.71417222403257e24
-6.751591644862184e24
-6.788446514002267e24
-6.824743575136676e24
-6.860489874192703e24
-6.895692751536104e24
-6.930359833935162e24
-6.96449902629816e24
-6.998118503189251e24
-7.031226700127487e24
-7.063832304674321e24
-7.095944247314693e24
-7.127571692137297e24
-7.158724027319414e24
-7.189410855422298e24
-7.219641983502817e24
-7.249427413047546e24
-7.278777329735312e24
-7.307702093034762e24
-7.336212225643182e24
-7.364318402773371e24
-7.392031441295122e24
-7.419362288738314e24
-7.446322012164522e24
-7.472921786914247e24
-7.499172885237024e24
-7.525086664811675e24
-7.550674557164197e24
-7.575948055990822e24
-7.600918705393814e24
-7.62559808803782e24
-7.649997813234588e24
-7.674129504963885e24
-7.698004789838702e24
-7.721635285022715e24
-7.745032586108263e24
-7.768208254962864e24
-7.791173807552743e24
-7.813940701751531e24
-7.836520325142602e24
-7.858923982823396e24
-7.881162885220301e24
-7.903248135922437e24
-7.925190719543048e24
-7.9470014896169e24
-7.968691156542377e24
-7.99027027557681e24
-8.011749234893663e24
-8.033138243710186e24
-8.054447320494129e24
-8.075686281258111e24
-8.096864727950316e24
-8.117992036949913e24
-8.139077347675967e24
-8.160129551318202e24
-8.181157279698161e24
-8.202168894269234e24
-8.2231724752639e24
-8.244175810996607e24
-8.265186387330534e24
-8.286211377316472e24
-8.307257631012041e24
-8.328331665489299e24
-8.349439655038761e24
-8.370587421577795e24
-8.391780425271171e24
-8.413023755371636e24
-8.43432212128803e24
-8.455679843888572e24
-8.477100847046739e24
-8.498588649437048e24
-8.520146356587924e24
-8.541776653198765e24
-8.563481795728104e24
-8.58526360525971e24
-8.607123460653241e24
-8.629062291986032e24
-8.651080574292299e24
-8.673178321606053e24
-8.695355081313719e24
-8.717609928822317e24
-8.739941462549002e24
-8.762347799237406e24
-8.7848265696062e24
-8.807374914335011e24
-8.829989480392716e24
-8.852666417712847e24
-8.875401376220772e24
-8.898189503217007e24
-8.921025441120847e24
-8.94390332557831e24
-8.96681678393819e24
-8.989758934099747e24
-9.012722383735336e24
-9.03569922989122e24
-9.058681058969297e24
-9.081658947092525e24
-9.104623460856441e24
-9.127564658468942e24
-9.150472091280351e24
-9.17333480570545e24
-9.196141345538965e24
-9.218879754665766e24
-9.241537580166781e24
-9.264101875821297e24
-9.286559206006265e24
-9.308895649992735e24
-9.331096806639509e24
-9.353147799483698e24
-9.375033282227665e24
-9.396737444621604e24
-9.41824401874072e24
-9.439536285655677e24
-9.460597082494894e24
-9.48140880989663e24
-9.501953439849156e24
-9.522212523916266e24
-9.542167201845962e24
-9.561798210559044e24
-9.581085893514912e24
-9.600010210450865e24
-9.618550747491454e24
-9.636686727624105e24
-9.654397021536488e24
-9.671660158811756e24
-9.688454339476516e24
-9.70475744589705e24
-9.720547055018263e24
-9.735800450940301e24
-9.750494637826825e24
-9.764606353139434e24
-9.778112081191845e24
-9.790988067017378e24
-9.803210330543495e24
-9.814754681066096e24
-9.825596732016866e24
-9.835711916016098e24
-9.84507550020352e24
-9.85366260183955e24
-9.861448204168637e24
-9.868407172536857e24
-9.874514270755036e24
-9.879744177699105e24
-9.8840715041385e24
-9.887470809784012e24
-9.889916620545346e24
-9.891383445989591e24
-9.891845796990515e24
-9.89127820355906e24
-9.889655232845278e24
-9.886951507301254e24
-9.883141722995105e24
-9.878200668065206e24
-9.872103241304402e24
-9.864824470863274e24
-9.856339533061522e24
-9.846623771296694e24
-9.835652715038651e24
-9.823402098899034e24
-9.809847881763815e24
-9.79496626597782e24
-9.778733716569217e24
-9.76112698050269e24
-9.742123105949076e24
-9.721699461559716e24
-9.699833755733648e24
-9.676504055865344e24
-9.651688807561161e24
-9.625366853811888e24
-9.597517454109828e24
-9.568120303497306e24
-9.537155551534998e24
-9.504603821177327e24
-9.470446227542656e24
-9.434664396565977e24
-9.397240483521541e24
-9.358157191403115e24
-9.317397789149608e24
-9.2749461297034e24
-9.230786667889225e24
-9.184904478101253e24
-9.137285271786075e24
-9.087915414709271e24
-9.036781943993541e24
-8.983872584915936e24
-8.929175767452738e24
-8.872680642559185e24
-8.814377098172845e24
-8.754255774928438e24
-8.692308081572473e24
-8.628526210066206e24
-8.562903150365189e24
-8.495432704864204e24
-8.426109502496462e24
-8.354929012475555e24
-8.281887557669544e24
-8.206982327596237e24
-8.130211391029041e24
-8.051573708202775e24
-7.971069142609336e24
-7.888698472372732e24
-7.804463401194101e24
-7.718366568856231e24
-7.630411561278625e24
-7.540602920113404e24
-7.448946151873108e24
-7.355447736581379e24
-7.260115135937711e24
-7.162956800988296e24
-7.063982179294082e24
-6.963201721588553e24
-6.860626887917344e24
-6.756270153252279e24
-6.650145012572608e24
-6.542265985406543e24
-6.432648619826311e24
-6.321309495890795e24
-6.20826622852905e24
-6.093537469859417e24
-5.977142910938496e24
-5.859103282934898e24
-5.739440357722841e24
-5.61817694789107e24
-5.495336906162653e24
-5.370945124222209e24
-5.245027530946326e24
-5.117611090034305e24
-4.988723797036182e24
-4.858394675775369e24
-4.726653774163683e24
-4.5935321594068294e24
-4.459061912598527e24
-4.323276122702654e24
-4.1862088799216783e24
-4.047895268451438e24
-3.9083713586218843e24
-3.767674198423939e24
-3.625841804423042e24
-3.482913152060287e24
-3.338928165342142e24
-3.193927705921036e24
-3.047953561567874e24
-2.9010484340395243e24
-2.753255926343686e24
-2.6046205294042223e24
-2.4551876081305185e24
-2.3050033868943468e24
-2.1541149344189938e24
-2.0025701480844618e24
-1.8504177376541295e24
-1.6977072084279938e24
-1.5444888438280186e24
-1.3908136874216957e24
-1.2367335243900972e24
-1.0823008624469035e24
-9.275689122160882e23
-7.725915670747174e23
-6.174233824694441e23
-4.621195547142663e23
-3.067358992782759e23
-1.5132882857200706e23
4.04467075838279e21
1.5932706101991856e23
3.1446027713422574e23
4.693857507622221e23
6.240444348811458e23
7.78376828803285e23
9.323230036254713e23
1.0858226280978362e24
1.2388149949002106e24
1.3912390473144327e24
1.543033406279683e24
1.6941363978191314e24
1.844486080824485e24
1.9940202751855507e24
2.1426765902514466e24
2.2903924536098227e24
2.4371051401701524e24
2.582751801537279e24
2.727269495660142e24
2.870595216742001e24
3.0126659253966294e24
3.1534185790357355e24
3.2927901624722836e24
3.430717718724273e24
3.567138380003235e24
3.70198939887192e24
3.835208179554477e24
3.966732309383722e24
4.0964995903686766e24
4.2244480708658684e24
4.3505160773379534e24
4.4746422461826087e24
4.596765555615198e24
4.716825357587411e24
4.83476140972568e24
4.950513907271414e24
5.064023515006009e24
5.175231399143213e24
5.284079259171247e24
5.390509359627305e24
5.494464561786775e24
5.595888355249298e24
5.694724889404501e24
5.790919004759262e24
5.884416264109084e24
5.975162983535676e24
6.0631062632133e24
6.148194018005863e24
6.230375007837684e24
6.309598867819488e24
6.385816138113034e24
6.458978293516195e24
6.529037772751319e24
6.59594800743968e24
6.659663450744417e24
6.72013960566527e24
6.777333052967743e24
6.831201478729863e24
6.88170370148988e24
6.928799698978312e24
6.972450634417611e24
7.01261888237335e24
7.0492680541409e24
7.08236302265121e24
7.111869946880708e24
7.137756295748653e24
7.159990871487882e24
7.178543832472848e24
7.193386715490403e24
7.204492457439037e24
7.211835416441406e24
7.215391392357071e24
7.215137646680294e24
7.211052921810792e24
7.20311745968279e24
7.191313019740478e24
7.175622896246473e24
7.156031934911125e24
7.132526548831032e24
7.105094733724255e24
7.07372608245174e24
7.038411798813055e24
6.999144710606756e24
6.955919281943965e24
6.908731624806393e24
6.857579509838239e24
6.802462376363293e24
6.743381341618802e24
6.680339209196621e24
6.613340476685168e24
6.542391342503063e24
6.467499711918765e24
6.388675202248324e24
6.30592914722543e24
6.219274600538314e24
6.128726338527049e24
6.034300862037463e24
5.936016397425943e24
5.833892896712333e24
5.727952036875853e24
5.618217218292433e24
5.504713562309428e24
5.387467907956051e24
5.266508807788329e24
5.14186652286582e24
5.013573016861145e24
4.881661949300131e24
4.74616866793451e24
4.6071302002460426e24
4.4645852440849133e24
4.3185741574425854e24
4.1691389473617763e24
4.016323257986679e24
3.8601723577551e24
3.700733125737811e24
3.5380540371272975e24
3.3721851478822836e24
3.2031780785315005e24
3.0310859971428156e24
2.85596360146434e24
2.6778671002423703e24
2.4968541937251087e24
2.312984053357473e24
2.1263173006770223e24
1.9369159854172066e24
1.744843562828868e24
1.5501648702276176e24
1.352946102777479e24
1.1532547885217658e24
9.511597626700965e23
7.467311411548432e23
5.4004029346634634e23
3.311598147811504e23
1.201634973934369e23
-9.287369853526602e22
-3.078756748965648e23
-5.2476522621148975e23
-7.434640708477008e23
-9.63892882864923e23
-1.1859713244714083e24
-1.4096180790784656e24
-1.6347508849350697e24
-1.8612865693283513e24
-2.089141083332711e24
-2.31822953709014e24
-2.5484662356063247e24
-2.779764715042837e24
-3.0120377794899187e24
-3.245197538199334e24
-3.4791554432612234e24
-3.713822327703898e24
-3.9491084439993125e24
-4.1849235029542036e24
-4.4211767129664595e24
-4.657776819628759e24
-4.894632145656948e24
-5.131650631125236e24
-5.36873987398517e24
-5.605807170849895e24
-5.842759558020449e24
-6.079503852734563e24
-6.315946694615944e24
-6.551994587301517e24
-6.78755394022689e24
-7.022531110545641e24
-7.256832445162893e24
-7.490364322858542e24
-7.723033196479805e24
-7.954745635179868e24
-8.185408366679426e24
-8.414928319530357e24
-8.64321266535664e24
-8.870168861052168e24
-9.095704690910342e24
-9.319728308665121e24
-9.542148279418391e24
-9.762873621432787e24
-9.98181384776646e24
-1.0198879007726332e25
-1.041397972811899e25
-1.0627027254274317e25
-1.0837933490821614e25
-1.104661104219347e25
-1.1252973252837214e25
-1.145693424710946e25
-1.1658408968833486e25
-1.1857313220496462e25
-1.2053563702064246e25
-1.2247078049393465e25
-1.2437774872217405e25
-1.2625573791686474e25
-1.2810395477439902e25
-1.2992161684189504e25
-1.3170795287793995e25
-1.3346220320802824e25
-1.351836200745083e25
-1.3687146798081777e25
-1.3852502402983017e25
-1.401435782561003e25
-1.4172643395183468e25
-1.4327290798638192e25
-1.4478233111907165e25
-1.462540483052162e25
-1.4768741899508905e25
-1.4908181742572165e25
-1.5043663290532958e25
-1.5175127009021894e25
-1.5302514925399157e25
-1.5425770654890847e25
-1.554483942592391e25
-1.5659668104645913e25
-1.5770205218614529e25
-1.5876400979641877e25
-1.5978207305781505e25
-1.6075577842442856e25
-1.6168467982622175e25
-1.6256834886235936e25
-1.634063749854615e25
-1.6419836567665694e25
-1.6494394661132346e25
-1.656427618154225e25
-1.6629447381231866e25
-1.6689876376000086e25
-1.674553315786064e25
-1.6796389606817946e25
-1.6842419501657174e25
-1.6883598529742727e25
-1.6919904295817933e25
-1.6951316329799476e25
-1.6977816093562554e25
-1.699938698671007e25
-1.7016014351323138e25
-1.7027685475688018e25
-1.703438959699733e25
-1.7036117903022052e25
-1.7032863532753154e25
-1.702462157601104e25
-1.7011389072022188e25
-1.699316500696291e25
-1.6969950310470353e25
-1.6941747851122314e25
-1.690856243088685e25
-1.687040077854465e25
-1.682727154208632e25
-1.6779185280088624e25
-1.6726154452073444e25
-1.66681934078539e25
-1.6605318375873622e25
-1.6537547450544068e25
-1.6464900578587276e25
-1.6387399544390425e25
-1.630506795438001e25
-1.6217931220424478e25
-1.6126016542272997e25
-1.60293528890409e25
-1.5927970979750958e25
-1.5821903262941685e25
-1.5711183895353272e25
-1.559584871970339e25
-1.5475935241564238e25
-1.535148260535506e25
-1.5222531569462019e25
-1.5089124480500115e25
-1.4951305246731585e25
-1.4809119310655437e25
-1.46626136207838e25
-1.451183660262111e25
-1.4356838128862237e25
-1.4197669488827435e25
-1.4034383357150399e25
-1.3867033761738322e25
-1.3695676051021918e25
-1.3520366860514459e25
-1.3341164078699027e25
-1.3158126812263908e25
-1.2971315350705847e25
-1.2780791130322764e25
-1.2586616697615677e25
-1.238885567212212e25
-1.2187572708702487e25
-1.198283345930152e25
-1.1774704534207404e25
-1.1563253462831403e25
-1.1348548654030817e25
-1.1130659355999689e25
-1.0909655615749824e25
-1.06856082382071e25
-1.0458588744947088e25
-1.0228669332594646e25
-9.995922830912494e24
-9.76042266060329e24
-9.522242790851802e24
-9.281457696631191e24
-9.038142315799821e24
-8.792372006015194e24
-8.544222501489555e24
-8.293769869614588e24
-8.041090467481038e24
-7.786260898319683e24
-7.529357967890475e24
-7.27045864084577e24
-7.009639997095648e24
-6.746979188200441e24
-6.482553393818415e24
-6.216439778234906e24
-5.948715446999741e24
-5.679457403699844e24
-5.408742506893604e24
-5.1366474272335e24
-4.863248604804496e24
-4.5886222067034527e24
-4.312844084886935e24
-4.0359897343134024e24
-3.7581342514060946e24
-3.4793522928625006e24
-3.1997180348365703e24
-2.919305132518732e24
-2.638186680140568e24
-2.3564351714277298e24
-2.0741224605274487e24
-1.7913197234349623e24
-1.5080974199434668e24
-1.224525256142083e24
-9.406721474851851e23
-6.566061824581803e23
-3.723945868613306e23
-8.81036887360255e22
1.962011160444659e23
4.804553974972077e23
7.645957245429375e23
1.0485596972889278e24
1.332285978560625e24
1.6157143246602847e24
1.8987856153338534e24
2.1814418829251457e24
2.4636263406984226e24
2.7452834103104517e24
3.026358748413669e24
3.306799272372502e24
3.586553185075997e24
3.8655699988287406e24
4.14380055830537e24
4.4211970625518277e24
4.697713086018605e24
4.973303598611382e24
5.247924984745045e24
5.521535061387622e24
5.794093095081848e24
6.065559817930938e24
6.335897442538728e24
6.605069675891963e24
6.873041732175093e24
7.139780344507703e24
7.405253775595884e24
7.669431827288921e24
7.932285849034357e24
8.193788745223309e24
8.453914981421245e24
8.712640589477742e24
8.969943171510571e24
9.225801902760221e24
9.480197533311147e24
9.73311238867713e24
9.98453036924924e24
1.0234436948603825e25
1.0482819170671753e25
1.0729665645767658e25
1.097496654548089e25
1.121871359642944e25
1.1460900072879378e25
1.1701520788233241e25
1.194057208539006e25
1.2178051825983345e25
1.2413959378500832e25
1.264829560529298e25
1.2881062848476333e25
1.3112264914739941e25
1.334190705906229e25
1.3569995967348805e25
1.3796539737998023e25
1.402154786240847e25
1.424503120443643e25
1.4467001978816512e25
1.4687473728557839e25
1.4906461301328729e25
1.5123980824844124e25
1.5340049681270364e25
1.5554686480661757e25
1.5767911033446482e25
1.5979744321976932e25
1.6190208471162668e25
1.639932671820343e25
1.6607123381441224e25
1.6813623828350064e25
1.7018854442684093e25
1.7222842590803202e25
1.7425616587198475e25
1.7627205659238426e25
1.782763991115803e25
1.8026950287313905e25
1.8225168534728246e25
1.8422327164945983e25
1.8618459415229255e25
1.8813599209113694e25
1.9007781116352768e25
1.9201040312275233e25
1.9393412536582526e25
1.9584934051612615e25
1.977564160009767e25
1.9965572362443377e25
2.0154763913557315e25
2.034325417925582e25
2.0531081392277293e25
2.07182840479319e25
2.0904900859416444e25
2.109097071282497e25
2.127653262188478e25
2.146162568244896e25
2.1646289026774942e25
2.1830561777621796e25
2.2014483002196026e25
2.2198091665978056e25
2.238142658646103e25
2.256452638683335e25
2.2747429449637468e25
2.2930173870436903e25
2.311279741152327e25
2.3295337455696462e25
2.347783096015e25
2.3660314410493944e25
2.384282377494825e25
2.4025394458738905e25
2.420806125872941e25
2.439085831832061e25
2.4573819082650384e25
2.4756976254126885e25
2.494036174832685e25
2.512400665029153e25
2.530794117125248e25
2.5492194605818987e25
2.5676795289659336e25
2.586177055770733e25
2.604714670292537e25
2.6232948935655864e25
2.6419201343591516e25
2.660592685239546e25
2.6793147187001467e25
2.6980882833624615e25
2.7169153002512272e25
2.7357975591464418e25
2.754736715015301e25
2.7737342845268863e25
2.7927916426524157e25
2.81191001935389e25
2.8310904963638464e25
2.850334004058937e25
2.869641318429983e25
2.889013058151092e25
2.9084496817504047e25
2.927951484884976e25
2.9475185977222015e25
2.967150982430202e25
2.9868484307794843e25
3.006610561858137e25
3.0264368199027844e25
3.0463264722474006e25
3.0662786073921006e25
3.086292133193897e25
3.106365775181362e25
3.1264980749950575e25
3.1466873889555478e25
3.1669318867607093e25
3.187229550313991e25
3.2075781726851935e25
3.227975357205282e25
3.248418516696643e25
3.26890487284012e25
3.2894314556801103e25
3.3099951032688757e25
3.3305924614511697e25
3.3512199837902455e25
3.3718739316360546e25
3.3925503743366175e25
3.413245189593218e25
3.433954063960151e25
3.4546724934895545e25
3.4753957845218683e25
3.4961190546222832e25
3.5168372336635034e25
3.5375450650550405e25
3.558237107119172e25
3.5789077346136055e25
3.5995511404007617e25
3.6201613372635863e25
3.6407321598675773e25
3.661257266868752e25
3.681730143167103e25
3.702144102304985e25
3.7224922890099077e25
3.742767681880906e25
3.762963096217794e25
3.7830711869923077e25
3.803084451960243e25
3.8229952349133964e25
3.842795729070221e25
3.8624779806038897e25
3.882033892306361e25
3.901455227387092e25
3.920733613404724e25
3.939860546330223e25
3.958827394739627e25
3.977625404134698e25
3.996245701389465e25
4.014679299320716e25
4.032917101380361e25
4.050949906467434e25
4.06876841385755e25
4.086363228247395e25
4.1037248649119134e25
4.120843754971564e25
4.137710250767169e25
4.1543146313396155e25
4.170647108011638e25
4.186697830068942e25
4.202456890537629e25
4.217914332055102e25
4.233060152831199e25
4.247884312696637e25
4.262376739235374e25
4.27652733399777e25
4.2903259787911085e25
4.303762542044129e25
4.316826885242099e25
4.32950886942886e25
4.341798361772317e25
4.353685242189675e25
4.365159410028737e25
4.3762107908015195e25
4.386829342966326e25
4.397005064754487e25
4.4067280010377895e25
4.415988250232677e25
4.424775971237199e25
4.4330813903967104e25
4.4408948084941455e25
4.448206607760855e25
4.455007258903786e25
4.461287328144803e25
4.467037484268008e25
4.4722485056707e25
4.476911287413817e25
4.4810168482674764e25
4.484556337747353e25
4.487521043137496e25
4.489902396495314e25
4.491691981634313e25
4.49288154108018e25
4.493462982995947e25
4.493428388071653e25
4.492770016374357e25
4.491480314153875e25
4.489551920599974e25
4.486977674546666e25
4.48375062111908e25
4.479864018318725e25
4.475311343542632e25
4.470086300032109e25
4.464182823246805e25
4.457595087159722e25
4.450317510468924e25
4.442344762721694e25
4.433671770346918e25
4.424293722591465e25
4.414206077356475e25
4.403404566929312e25
4.3918852036072806e25
4.379644285208838e25
4.3666784004685106e25
4.352984434311403e25
4.338559573003513e25
4.323401309173933e25
4.307507446705122e25
4.290876105487641e25
4.273505726035471e25
4.255395073958472e25
4.236543244288306e25
4.216949665654424e25
4.196614104306626e25
4.175536667980907e25
4.153717809605217e25
4.131158330842115e25
4.10785938546497e25
4.0838224825648405e25
4.059049489584992e25
4.033542635180192e25
4.007304511898027e25
3.980338078679478e25
3.952646663176185e25
3.9242339638819165e25
3.895104052075742e25
3.865261373574626e25
3.8347107502932262e25
3.8034573816087362e25
3.7715068455287615e25
3.738865099660313e25
3.70553848197802e25
3.6715337113900408e25
3.6368578880997897e25
3.601518493762228e25
3.565523391433172e25
3.528880825310442e25
3.4915994202656103e25
3.4536881811653666e25
3.415156491981473e25
3.376014114688656e25
3.336271187949537e25
3.2959382255861356e25
3.2550261148374803e25
3.2135461144029237e25
3.171509852271022e25
3.1289293233337377e25
3.085816886786191e25
3.042185263311902e25
2.9980475320538748e25
2.9534171273719467e25
2.908307835386815e25
2.8627337903114854e25
2.8167094705708055e25
2.770249694709985e25
2.723369617093227e25
2.6760847233933644e25
2.628410825873996e25
2.5803640584653173e25
2.531960871635281e25
2.4832180270575963e25
2.434152592078423e25
2.384781933983476e25
2.3351237140677485e25
2.2851958815097445e25
2.23501666705256e25
2.184604576494183e25
2.1339783839893864e25
2.0831571251659217e25
2.0321600900575962e25
1.981006815857095e25
1.9297170794915945e25
1.8783108900239693e25
1.8268084808829936e25
1.7752303019256285e25
1.7235970113349176e25
1.6719294673568367e25
1.6202487198798221e25
1.5685760018605122e25
1.5169327205997267e25
1.4653404488723593e25
1.4138209159152938e25
1.3623959982774633e25
1.3110877105361587e25
1.259918195883971e25
1.2089097165906592e25
1.1580846443444378e25
1.1074654504773327e25
1.0570746960790443e25
1.0069350220042444e25
9.570691387779692e24
9.07499816404083e24
8.582498740816941e24
8.093421698345685e24
7.607995900587366e24
7.126450389932894e24
6.649014281197256e24
6.175916654950913e24
5.707386450243022e24
5.243652356769976e24
4.7849427065447643e24
4.331485365120925e24
3.883507622429103e24
3.441236083279368e24
3.0048965575879993e24
2.574713950384833e24
2.150912151658295e24
1.733713926096206e24
1.3233408027797898e24
9.200129648888547e23
5.239491394778911e23
1.3536648737966362e23
-2.4551950670340996e23
-6.18495143861834e23
-9.833486203363541e23
-1.3398701365110503e24
-1.6878520054829266e24
-2.0270887611494924e24
-2.3573772657537268e24
-2.6785168168294205e24
-2.9903092534864176e24
-3.2925590619776093e24
-3.585073480488682e24
-3.867662603092755e24
-4.1401394828106927e24
-4.4023202337207307e24
-4.6540241320572373e24
-4.895073716244281e24
-5.125294885804629e24
-5.344516999088705e24
-5.552572969767406e24
-5.749299362032248e24
-5.934536484449292e24
-6.1081284824096e24
-6.269923429125272e24
-6.419773415114742e24
-6.557534636126484e24
-6.683067479447632e24
-6.796236608546384e24
-6.896911045997945e24
-6.984964254642975e24
-7.060274216929926e24
-7.12272351239238e24
-7.172199393214661e24
-7.208593857837378e24
-7.231803722558945e24
-7.241730691086629e24
-7.238281421993632e24
-7.221367594040408e24
-7.190905969315541e24
-7.146818454158769e24
-7.08903215782293e24
-7.017479448838971e24
-6.932098009044192e24
-6.832830885238133e24
-6.719626538431594e24
-6.592438890652738e24
-6.45122736927945e24
-6.295956948864221e24
-6.12659819042361e24
-5.943127278160058e24
-5.74552605359156e24
-5.533782047059935e24
-5.307888506593485e24
-5.067844424101753e24
-4.8136545588763024e24
-4.5453294583811075e24
-4.262885476308156e24
-3.9663447878845703e24
-3.6557354024100933e24
-3.331091173013809e24
-2.992451803612843e24
-2.6398628530620456e24
-2.2733757364849755e24
-1.8930477237735604e24
-1.4989419352527524e24
-1.0911273344991942e24
-6.696787183136875e23
-2.3467670384036687e23
2.137922871677058e23
6.756360469351679e23
1.1507566031058005e24
1.6390502430309568e24
2.1404075409058324e24
2.6547133877421304e24
3.1818470241751163e24
3.721682076090508e24
4.274086593064982e24
4.838923089606211e24
5.416048589176903e24
6.005314670992026e24
6.606567519566611e24
7.219647977001687e24
7.844391597982273e24
8.480628707472138e24
9.128184461076272e24
9.78687890805126e24
1.0456527056935824e25
1.1136938943771786e25
1.1827919702891507e25
1.252926964023504e25
1.3240784309171595e25
1.3962254588785467e25
1.4693466764596945e25
1.5434202611679598e25
1.6184239480134526e25
1.694335038288765e25
1.7711304085763061e25
1.8487865199797691e25
1.9272794275747274e25
2.006584790074616e25
2.0866778797068855e25
2.167533592295138e25
2.249126457542271e25
2.331430649509445e25
2.41441999728638e25
2.4980679958471227e25
2.5823478170867363e25
2.667232321032795e25
2.752694067226874e25
2.8387053262697874e25
2.925238091525397e25
3.0122640909769617e25
3.099754799229897e25
3.1876814496555563e25
3.2760150466691485e25
3.3647263781365033e25
3.4537860279025163e25
3.5431643884357186e25
3.6328316735821814e25
3.7227579314220914e25
3.812913057223048e25
3.9032668064826535e25
3.9937888080545635e25
4.084448577350427e25
4.175215529611675e25
4.266058993243621e25
4.3569482232055094e25
4.4478524144493695e25
4.538740715400423e25
4.629582241472636e25
4.72034608861161e25
4.811001346858519e25
4.90151711392716e25
4.9918625087878304e25
5.082006685250079e25
5.171918845537805e25
5.26156825384929e25
5.3509242498947235e25
5.439956262404714e25
5.528633822601794e25
5.616926577628554e25
5.704804303924539e25
5.792236920545323e25
5.879194502416423e25
5.965647293514761e25
6.051565719971088e25
6.1369204030857765e25
6.221682172251553e25
6.305822077775612e25
6.389311403594826e25
6.472121679876574e25
6.554224695498863e25
6.635592510402805e25
6.716197467810486e25
6.796012206302233e25
6.875009671745896e25
6.9531631290724735e25
7.030446173890928e25
7.1068327439364745e25
7.1822971303455535e25
7.256813988751727e25
7.330358350196259e25
7.402905631847224e25
7.474431647521681e25
7.544912618004592e25
7.614325181159382e25
7.682646401823966e25
7.749853781487331e25
7.815925267741012e25
7.880839263500185e25
7.94457463598963e25
8.007110725489082e25
8.06842735383367e25
8.128504832664128e25
8.187323971422828e25
8.244866085090551e25
8.301113001660193e25
8.35604706934303e25
8.40965116350335e25
8.461908693318017e25
8.51280360815671e25
8.562320403679754e25
8.610444127649751e25
8.657160385454022e25
8.702455345334514e25
8.746315743322474e25
8.788728887874984e25
8.829682664210653e25
8.869165538342329e25
8.907166560804148e25
8.943675370071242e25
8.978682195669762e25
9.012177860975835e25
9.044153785701605e25
9.074601988067054e25
9.103515086656422e25
9.130886301958018e25
9.156709457586805e25
9.180978981188734e25
9.203689905026691e25
9.224837866247385e25
9.244419106829236e25
9.262430473211341e25
9.278869415603448e25
9.293733986977745e25
9.30702284174267e25
9.318735234099828e25
9.328871016084658e25
9.337430635292327e25
9.344415132289811e25
9.34982613771597e25
9.353665869071115e25
9.355937127197937e25
9.35664329245595e25
9.355788320591554e25
9.35337673830618e25
9.349413638525051e25
9.343904675369328e25
9.336856058834652e25
9.328274549178975e25
9.318167451023177e25
9.306542607167767e25
9.293408392129334e25
9.278773705400506e25
9.262647964437409e25
9.245041097378573e25
9.225963535499842e25
9.205426205409374e25
9.183440520987549e25
9.160018375076431e25
9.13517213092367e25
9.108914613385875e25
9.08125909989665e25
9.052219311204652e25
9.02180940188702e25
8.990043950643935e25
8.956937950379792e25
8.92250679807728e25
8.886766284469856e25
8.849732583519061e25
8.811422241702858e25
8.771852167121237e25
8.731039618425722e25
8.689002193579204e25
8.645757818452902e25
8.601324735267171e25
8.555721490883119e25
8.508966924951892e25
8.461080157928899e25
8.412080578959913e25
8.361987833646504e25
8.310821811698006e25
8.258602634477319e25
8.205350642448479e25
8.151086382532845e25
8.095830595382058e25
8.039604202575194e25
7.982428293747863e25
7.924324113661008e25
7.865313049217213e25
7.80541661643237e25
7.744656447370576e25
7.683054277050169e25
7.620631930328826e25
7.557411308775719e25
7.49341437753864e25
7.428663152214113e25
7.363179685728572e25
7.2969860552382e25
7.230104349056245e25
7.162556653614759e25
7.094365040469538e25
7.0255515533557935e25
6.956138195302701e25
6.886146915814539e25
6.815599598126487e25
6.744518046542768e25
6.672923973864969e25
6.600838988918365e25
6.52828458418382e25
6.4552821235430315e25
6.3818528301445685e25
6.308017774398422e25
6.233797862106091e25
6.159213822734386e25
6.0842861978392425e25
6.009035329647513e25
5.933481349803553e25
5.857644168287665e25
5.781543462513403e25
5.705198666610482e25
5.628628960900134e25
5.551853261569414e25
5.47489021055106e25
5.397758165615282e25
5.320475190679662e25
5.243059046343457e25
5.1655271806521836e25
5.087896720098489e25
5.010184460864745e25
4.932406860313661e25
4.854580028731462e25
4.776719721329583e25
4.6988413305098555e25
4.620959878398119e25
4.543090009651172e25
4.465245984541711e25
4.387441672325789e25
4.309690544897116e25
4.232005670732387e25
4.1543997091316516e25
4.076884904757474e25
3.999473082476675e25
3.922175642507915e25
3.845003555878628e25
3.767967360193958e25
3.6910771557214398e25
3.614342601793057e25
3.537772913527975e25
3.46137685887798e25
3.385162755997745e25
3.309138470941885e25
3.2333114156904728e25
3.1576885465045976e25
3.0822763626131973e25
3.0070809052323294e25
2.9321077569177567e25
2.85736204125154e25
2.782848422863117e25
2.708571107785206e25
2.6345338441443106e25
2.5607399231863417e25
2.4871921806361707e25
2.4138929983911004e25
2.3408443065473366e25
2.268047585758429e25
2.1955038699245103e25
2.1232137492109267e25
2.0511773733946223e25
1.9793944555364814e25
1.9078642759775366e25
1.836585686656844e25
1.7655571157485328e25
1.6947765726153931e25
1.62424165307611e25
1.5539495449831562e25
1.4838970341077098e25
1.414080510328935e25
1.3444959741228976e25
1.2751390433480403e25
1.206004960322775e25
1.1370885991910648e25
1.068384473571472e25
9.998867444850433e24
9.315892285572252e24
8.634854064887332e24
7.955684317902471e24
7.27831139775469e24
6.602660568070826e24
5.928654097897651e24
5.256211359045059e24
4.585248925778309e24
3.915680676803664e24
3.2474178994749933e24
2.580369396161805e24
1.9144415927098427e24
1.249538648925239e24
5.855625710127486e23
-7.758667410336289e22
-7.400110426492455e23
-1.401814296135321e24
-2.063101881830951e24
-2.723980811655052e24
-3.384559539562227e24
-4.0449478375021387e24
-4.705256670033663e24
-5.365598067673444e24
-6.0260849990649e24
-6.686831242044043e24
-7.347951253694892e24
-8.009560039473803e24
-8.671773021490457e24
-9.334705906032877e24
-9.998474550422966e24
-1.0663194829291773e25
-1.1328982500362675e25
-1.1995953069831992e25
-1.2664221657437651e25
-1.3333902861305124e25
-1.4005110622663012e25
-1.4677958090517956e25
-1.5352557486381743e25
-1.602901996914105e25
-1.6707455500164732e25
-1.7387972708734656e25
-1.8070678757900072e25
-1.8755679210842325e25
-1.944307789784385e25
-2.0132976783953807e25
-2.082547583744178e25
-2.1520672899132025e25
-2.221866355270924e25
-2.2919540996087093e25
-2.362339591393128e25
-2.433031635142612e25
-2.50403875893762e25
-2.5753692020731064e25
-2.6470309028622675e25
-2.7190314866005554e25
-2.791378253698092e25
-2.864078167990025e25
-2.9371378452327496e25
-3.0105635417948098e25
-3.0843611435507805e25
-3.1585361549864858e25
-3.233093688523769e25
-3.3080384540728895e25
-3.3833747488205674e25
-3.459106447261505e25
-3.535236991481173e25
-3.611769381697446e25
-3.688706167068569e25
-3.7660494367748194e25
-3.8438008113809873e25
-3.9219614344869955e25
-4.000531964672897e25
-4.079512567745861e25
-4.158902909295047e25
-4.238702147561033e25
-4.318908926626003e25
-4.399521369930711e25
-4.480537074124131e25
-4.561953103251429e25
-4.64376598328581e25
-4.725971697009479e25
-4.808565679248876e25
-4.891542812469064e25
-4.974897422731929e25
-5.058623276022776e25
-5.142713574949455e25
-5.227160955818393e25
-5.311957486090736e25
-5.39709466222304e25
-5.482563407895313e25
-5.5683540726298e25
-5.654456430803437e25
-5.740859681056642e25
-5.827552446100989e25
-5.914522772927898e25
-6.001758133420462e25
-6.089245425370021e25
-6.1769709738991396e25
-6.264920533292162e25
-6.353079289234367e25
-6.441431861460523e25
-6.5299623068135e25
-6.618654122712747e25
-6.707490251033264e25
-6.7964530823944825e25
-6.88552446085852e25
-6.97468568903729e25
-7.063917533607329e25
-7.153200231231068e25
-7.24251349488316e25
-7.3318365205799736e25
-7.421147994510375e25
-7.510426100565351e25
-7.599648528264111e25
-7.688792481073835e25
-7.777834685119967e25
-7.866751398283863e25
-7.955518419684318e25
-8.044111099538861e25
-8.132504349401243e25
-8.220672652770557e25
-8.308590076067486e25
-8.396230279972967e25
-8.483566531124307e25
-8.570571714163357e25
-8.657218344131432e25
-8.743478579205096e25
-8.82932423376704e25
-8.914726791805665e25
-8.999657420637196e25
-9.08408698494344e25
-9.16798606111861e25
-9.251324951917907e25
-9.334073701400848e25
-9.416202110161432e25
-9.497679750837943e25
-9.578475983894209e25
-9.658559973664184e25
-9.737900704651721e25
-9.816466998077046e25
-9.894227528661017e25
-9.971150841638741e25
-1.0047205369993124e26
-1.0122359451899443e26
-1.019658134837135e26
-1.0269839261099063e26
-1.034210135046971e26
-1.0413335753760326e26
-1.0483510603493404e26
-1.0552594045944604e26
-1.0620554259792952e26
-1.0687359474902558e26
-1.0752977991225716e26
-1.081737819781654e26
-1.0880528591944556e26
-1.094239779829728e26
-1.1002954588260873e26
-1.1062167899267836e26
-1.1120006854200632e26
-1.1176440780839938e26
-1.1231439231346303e26
-1.1284972001763881e26
-1.1337009151534661e26
-1.1387521023011911e26
-1.1436478260961187e26
-1.1483851832037253e26
-1.1529613044225562e26
-1.1573733566236303e26
-1.161618544683971e26
-1.1656941134130596e26
-1.1695973494710736e26
-1.1733255832777155e26
-1.1768761909104774e26
-1.180246595991168e26
-1.1834342715595352e26
-1.1864367419328203e26
-1.1892515845500857e26
-1.1918764318001522e26
-1.1943089728320046e26
-1.1965469553465045e26
-1.1985881873682753e26
-1.2004305389966319e26
-1.2020719441344106e26
-1.2035104021935967e26
-1.2047439797766215e26
-1.2057708123322465e26
-1.206589105784924e26
-1.2071971381365647e26
-1.2075932610396404e26
-1.2077759013405579e26
-1.2077435625922683e26
-1.2074948265350727e26
-1.2070283545446087e26
-1.206342889046014e26
-1.205437254893284e26
-1.2043103607128302e26
-1.202961200210325e26
-1.2013888534398507e26
-1.199592488034451e26
-1.1975713603971885e26
-1.1953248168518118e26
-1.1928522947521788e26
-1.1901533235495747e26
-1.1872275258171316e26
-1.1840746182305031e26
-1.1806944125040643e26
-1.177086816281833e26
-1.1732518339824032e26
-1.1691895675971729e26
-1.1649002174411639e26
-1.1603840828558016e26
-1.1556415628629594e26
-1.150673156769723e26
-1.1454794647232255e26
-1.1400611882150135e26
-1.1344191305344233e26
-1.1285541971704175e26
-1.1224673961614457e26
-1.1161598383928288e26
-1.1096327378412826e26
-1.10288741176614e26
-1.095925280846939e26
-1.0887478692670069e26
-1.0813568047427372e26
-1.0737538184982972e26
-1.0659407451854662e26
-1.0579195227484318e26
-1.0496921922333182e26
-1.0412608975423078e26
-1.0326278851321857e26
-1.0237955036572638e26
-1.0147662035565631e26
-1.0055425365852339e26
-9.961271552902292e25
-9.865228124302007e25
-9.767323603397433e25
-9.66758750238002e25
-9.566050314818253e25
-9.462743507635657e25
-9.357699512537312e25
-9.250951716887118e25
-9.142534454037954e25
-9.03248299311774e25
-8.92083352827447e25
-8.807623167383549e25
-8.692889920220959e25
-8.576672686106797e25
-8.459011241022938e25
-8.339946224209742e25
-8.219519124246953e25
-8.097772264623496e25
-7.974748788802463e25
-7.85049264478633e25
-7.7250485691894505e25
-7.598462070823436e25
-7.470779413802946e25
-7.342047600178331e25
-7.2123143521027775e25
-7.081628093541554e25
-6.9500379315312516e25
-6.817593636997188e25
-6.684345625137216e25
-6.550344935381233e25
-6.415643210934745e25
-6.280292677916072e25
-6.144346124096885e25
-6.007856877255261e25
-5.870878783152083e25
-5.733466183140126e25
-5.595673891417296e25
-5.457557171933792e25
-5.3191717149650786e25
-5.180573613361139e25
-5.041819338483483e25
-4.902965715842413e25
-4.764069900444816e25
-4.625189351866019e25
-4.486381809056747e25
-4.347705264898495e25
-4.209217940519204e25
-4.0709782593822505e25
-3.933044821161945e25
-3.7954763754179267e25
-3.658331795082545e25
-3.5216700497737186e25
-3.3855501789476287e25
-3.2500312649041014e25
-3.1151724056591742e25
-2.981032687698198e25
-2.8476711586234674e25
-2.7151467997112827e25
-2.5835184983912986e25
-2.4528450206636995e25
-2.3231849834676336e25
-2.1945968270160633e25
-2.0671387871108264e25
-1.940868867453123e25
-1.8158448119634752e25
-1.6921240771260212e25
-1.5697638043719974e25
-1.448820792516561e25
-1.3293514702643296e25
-1.2114118687976237e25
-1.095057594462812e25
-9.803438015689123e24
-8.673251653131569e24
-7.560558548488702e24
-6.465895065090526e24
-5.389791972014237e24
-4.332774179885278e24
-3.295360478680684e24
-2.2780632776719637e24
-1.2813883476567851e24
-3.058345656166661e23
6.481063380561196e23
1.5799500296202567e24
2.4892198192012005e24
3.375446905017765e24
4.238170614488059e24
5.076938642074128e24
5.891307283737689e24
6.680841667866394e24
7.445115982548215e24
8.183713699059608e24
8.896227791440282e24
9.582260952031882e24
1.0241425802852865e25
1.0873345102691852e25
1.1477651949795773e25
1.2053989980038356e25
1.260201356045202e25
1.3121387978009084e25
1.3611789623543975e25
1.4072906170704721e25
1.4504436749830708e25
1.490609211665029e25
1.5277594815700403e25
1.5618679338366003e25
1.5929092275447579e25
1.6208592464161608e25
1.6456951129483856e25
1.6673952019749942e25
1.685939153642704e25
1.7013078857977165e25
1.713483605773264e25
1.7224498215709443e25
1.7281913524286063e25
1.7306943387679363e25
1.7299462515151935e25
1.7259359007888527e25
1.7186534439482908e25
1.7080903929979518e25
1.6942396213417897e25
1.6770953698831059e25
1.6566532524652865e25
1.6329102606492216e25
1.6058647678236874e25
1.575516532645107e25
1.5418667018037374e25
1.5049178121133894e25
1.4646737919224936e25
1.4211399618443063e25
1.3743230348048393e25
1.3242311154070622e25
1.270873698610569e25
1.2142616677262723e25
1.1544072917257804e25
1.0913242218658862e25
1.0250274876286952e25
9.555334919784026e24
8.828600059359479e24
8.070261624735767e24
7.28052449731122e24
6.45960703556624e24
5.607740993742882e24
4.725171433826858e24
3.812156630872532e24
2.868967971705919e24
1.8958898470542984e24
8.932195371454215e23
-1.3873290917083674e23
-1.1996448017222134e24
-2.2891809426809586e24
-3.4069937665324534e24
-4.552723486281275e24
-5.725998245825893e24
-6.926434278431413e24
-8.153636071219638e24
-9.407196535602236e24
-1.0686697183572082e25
-1.1991708309764347e25
-1.3321789179203582e25
-1.4676488220636837e25
-1.6055343225364488e25
-1.7457881551461976e25
-1.88836203332978e25
-2.0332066696234937e25
-2.180271797641307e25
-2.3295061945500337e25
-2.4808577040291457e25
-2.6342732597049853e25
-2.7896989090459614e25
-2.94707983770759e25
-3.1063603943139026e25
-3.267484115663203e25
-3.4303937523448093e25
-3.595031294753193e25
-3.7613379994867253e25
-3.929254416116566e25
-4.098720414311867e25
-4.269675211307746e25
-4.442057399700521e25
-4.615804975556542e25
-4.7908553668189955e25
-4.967145461999048e25
-5.1446116391341895e25
-5.323189795000026e25
-5.502815374559831e25
-5.6834234006353504e25
-5.864948503783976e25
-6.047324952365671e25
-6.230486682784575e25
-6.414367329887946e25
-6.598900257506703e25
-6.78401858912186e25
-6.969655238639063e25
-7.155742941255829e25
-7.342214284404055e25
-7.52900173875215e25
-7.716037689248856e25
-7.903254466192806e25
-8.090584376310906e25
-8.277959733828479e25
-8.465312891514634e25
-8.652576271685563e25
-8.839682397149857e25
-9.026563922077851e25
-9.213153662779126e25
-9.39938462837074e25
-9.585190051320426e25
-9.770503417846962e25
-9.955258498161645e25
-1.0139389376534933e26
-1.0322830481170647e26
-1.0505516613872328e26
-1.0687382979485047e26
-1.0868365215096824e26
-1.1048399418983433e26
-1.1227422179280562e26
-1.1405370602368401e26
-1.1582182340951901e26
-1.17577956218222e26
-1.193214927328332e26
-1.210518275222989e26
-1.227683617085995e26
-1.2447050323008628e26
-1.2615766710088742e26
-1.27829275666229e26
-1.2948475885353966e26
-1.3112355441919353e26
-1.3274510819076459e26
-1.3434887430464893e26
-1.3593431543892785e26
-1.3750090304134469e26
-1.3904811755227093e26
-1.4057544862253281e26
-1.4208239532598154e26
-1.4356846636669392e26
-1.4503318028068139e26
-1.4647606563200249e26
-1.4789666120316574e26
-1.4929451617972513e26
-1.506691903289591e26
-1.5202025417253655e26
-1.533472891530816e26
-1.5464988779453515e26
-1.5592765385623504e26
-1.571802024806201e26
-1.584071603344908e26
-1.5960816574373642e26
-1.607828688214621e26
-1.619309315894468e26
-1.6305202809286267e26
-1.6414584450819602e26
-1.6521207924431173e26
-1.6625044303660836e26
-1.6726065903421013e26
-1.682424628801536e26
-1.6919560278452378e26
-1.7011983959050594e26
-1.7101494683331362e26
-1.7188071079196698e26
-1.727169305338967e26
-1.735234179523467e26
-1.7429999779656514e26
-1.750465076947653e26
-1.7576279816985123e26
-1.764487326479008e26
-1.7710418745940663e26
-1.7772905183328142e26
-1.783232278836305e26
-1.788866305893091e26
-1.7941918776627763e26
-1.7992084003277824e26
-1.8039154076735562e26
-1.8083125605975223e26
-1.812399646547127e26
-1.816176578887333e26
-1.8196433961979933e26
-1.8228002615015655e26
-1.8256474614216676e26
-1.828185405273021e26
-1.830414624083367e26
-1.8323357695479704e26
-1.833949612917396e26
-1.8352570438192507e26
-1.8362590690146357e26
-1.836956811090104e26
-1.8373515070859358e26
-1.8374445070616065e26
-1.8372372725993316e26
-1.836731375246642e26
-1.835928494898961e26
-1.8348304181231786e26
-1.8334390364233027e26
-1.8317563444492302e26
-1.8297844381497967e26
-1.8275255128712212e26
-1.82498186140215e26
-1.8221558719665164e26
-1.8190500261654715e26
-1.815666896869638e26
-1.81200914606305e26
-1.8080795226400763e26
-1.8038808601567328e26
-1.799416074537746e26
-1.794688161740844e26
-1.7897001953796913e26
-1.784455324306978e26
-1.7789567701591226e26
-1.7732078248641984e26
-1.7672118481145652e26
-1.7609722648058065e26
-1.754492562443588e26
-1.747776288520045e26
-1.7408270478613346e26
-1.7336484999480106e26
-1.7262443562099037e26
-1.7186183772972167e26
-1.7107743703294943e26
-1.702716186124249e26
-1.6944477164069485e26
-1.68597289100413e26
-1.677295675021385e26
-1.6684200660080163e26
-1.6593500911101315e26
-1.6500898042139778e26
-1.6406432830813095e26
-1.6310146264785916e26
-1.6212079513018822e26
-1.6112273896991536e26
-1.601077086191942e26
-1.5907611947980887e26
-1.580283876157449e26
-1.5696492946623295e26
-1.5588616155945496e26
-1.5479250022708998e26
-1.5368436131988152e26
-1.5256215992441126e26
-1.5142631008125649e26
-1.502772245047122e26
-1.491153143042598e26
-1.4794098870795649e26
-1.4675465478792805e26
-1.4555671718813562e26
-1.4434757785459773e26
-1.4312763576823732e26
-1.4189728668052934e26
-1.4065692285211555e26
-1.3940693279456186e26
-1.3814770101542223e26
-1.3687960776677344e26
-1.3560302879738974e26
-1.3431833510871428e26
-1.3302589271479147e26
-1.317260624063126e26
-1.3041919951893246e26
-1.2910565370601488e26
-1.2778576871594715e26
-1.2645988217417658e26
-1.2512832537011569e26
-1.2379142304905445e26
-1.2244949320921921e26
-1.2110284690411598e26
-1.1975178805028942e26
-1.1839661324062929e26
-1.1703761156334626e26
-1.1567506442674684e26
-1.1430924538992201e26
-1.1294041999946697e26
-1.115688456323463e26
-1.1019477134501175e26
-1.088184377288759e26
-1.0744007677225107e26
-1.0605991172883942e26
-1.0467815699287763e26
-1.0329501798101914e26
-1.0191069102104416e26
-1.0052536324747556e26
-9.913921250417948e25
-9.77524072540219e25
-9.636510649565188e25
-9.497745968747413e25
-9.358960667887095e25
-9.220167764872927e25
-9.081379305132348e25
-8.9426063569601e25
-8.803859007590794e25
-8.665146360020338e25
-8.526476530577975e25
-8.387856647252775e25
-8.249292848776524e25
-8.11079028446495e25
-7.972353114818504e25
-7.833984512883733e25
-7.6956866663756085e25
-7.557460780560727e25
-7.419307081900796e25
-7.281224822455514e25
-7.143212285043171e25
-7.005266789157042e25
-6.86738469763511e25
-6.729561424080286e25
-6.591791441027015e25
-6.454068288851822e25
-6.316384585421581e25
-6.178732036475932e25
-6.0411014467379676e25
-5.903482731747535e25
-5.765864930410731e25
-5.628236218258894e25
-5.490583921409915e25
-5.352894531224068e25
-5.215153719646283e25
-5.077346355226259e25
-4.939456519807254e25
-4.801467525874321e25
-4.663361934551758e25
-4.525121574239135e25
-4.386727559876428e25
-4.248160312825033e25
-4.109399581354545e25
-3.9704244617225295e25
-3.831213419835169e25
-3.69174431347552e25
-3.5519944150864014e25
-3.4119404350942224e25
-3.2715585457595314e25
-3.130824405540075e25
-2.98971318395143e25
-2.848199586910254e25
-2.706257882544473e25
-2.5638619274546407e25
-2.420985193410599e25
-2.277600794466049e25
-2.1336815144760085e25
-1.9891998349978316e25
-1.8441279635602172e25
-1.6984378622815557e25
-1.552101276820083e25
-1.4050897656373447e25
-1.257374729556891e25
-1.1089274415990735e25
-9.597190770731774e24
-8.097207439079383e24
-6.589035132006323e24
-5.07238449965582e24
-3.5469664406195467e24
-2.0124924128129919e24
-4.686747457449397e23
1.0847730460275362e24
2.6481359484433083e24
4.2216971327120823e24
5.805737639506611e24
7.400536062788953e24
9.006368233474901e24
1.0623506903149434e25
1.2252221428041474e25
1.3892777453466942e25
1.5545436598954387e25
1.7210456144261601e25
1.8888088716496567e25
2.057858197855207e25
2.2282178319067926e25
2.3999114544129073e25
2.5729621570918266e25
2.7473924123515294e25
2.9232240431077046e25
3.100478192859004e25
3.2791752960408483e25
3.459335048678751e25
3.640976379361473e25
3.8241174205546757e25
4.008775480275293e25
4.194967014147025e25
4.382707597856814e25
4.5720119000322465e25
4.762893655559597e25
4.9553656393619886e25
5.149439640656941e25
5.3451264377121785e25
5.542435773119343e25
5.7413763296023745e25
5.941955706381131e25
6.144180396106672e25
6.348055762386553e25
6.553586017917552e25
6.760774203242869e25
6.969622166150857e25
7.180130541731476e25
7.392298733106968e25
7.606124892852335e25
7.821605905121175e25
8.038737368491972e25
8.2575135795495e25
8.477927517215707e25
8.699970827843803e25
8.923633811089835e25
9.14890540657303e25
9.375773181339882e25
9.604223318142455e25
9.834240604543427e25
1.0065808422858979e26
1.029890874095038e26
1.0533522103874687e26
1.076962762640449e26
1.1007202986425966e26
1.1246224419224247e26
1.1486666712664578e26
1.1728503203277026e26
1.1971705773252145e26
1.2216244848354445e26
1.2462089396760734e26
1.2709206928827108e26
1.2957563497792536e26
1.3207123701421776e26
1.3457850684592719e26
1.3709706142831453e26
1.3962650326798167e26
1.4216642047726675e26
1.4471638683819072e26
1.4727596187597328e26
1.4984469094212246e26
1.524221053071054e26
1.550077222625917e26
1.576010452332635e26
1.6020156389817785e26
1.628087543216583e26
1.6542207909369705e26
1.68040987479817e26
1.706649155803835e26
1.7329328649929856e26
1.75925510522039e26
1.785609853029834e26
1.8119909606196294e26
1.838392157899732e26
1.8648070546397195e26
1.8912291427068877e26
1.917651798393583e26
1.9440682848329118e26
1.9704717545018555e26
1.996855251810825e26
2.0232117157785456e26
2.0495339827911767e26
2.075814789444583e26
2.1020467754683154e26
2.1282224867303053e26
2.1543343783207327e26
2.1803748177138017e26
2.2063360880059355e26
2.2322103912289263e26
2.257989851736535e26
2.2836665196629135e26
2.3092323744512535e26
2.3346793284509576e26
2.359999230581658e26
2.385183870062241e26
2.4102249802031093e26
2.435114242259819e26
2.4598432893462123e26
2.484403710404967e26
2.5087870542337757e26
2.5329848335649942e26
2.556988529196711e26
2.5807895941731614e26
2.6043794580123068e26
2.6277495309784587e26
2.650891208397655e26
2.673795875013598e26
2.696454909381867e26
2.718859688300065e26
2.7410015912715904e26
2.7628720050006304e26
2.784462327916025e26
2.805763974721508e26
2.8267683809699726e26
2.847467007659146e26
2.8678513458463337e26
2.887912921279618e26
2.907643299042988e26
2.9270340882128747e26
2.946076946523498e26
2.9647635850384313e26
2.9830857728258204e26
3.0010353416345877e26
3.0186041905690505e26
3.035784290759288e26
3.05256769002462e26
3.0689465175275564e26
3.084912988415554e26
3.100459408447964e26
3.115578178605401e26
3.13026179967902e26
3.144502876836944e26
3.158294124165217e26
3.171628369180616e26
3.1844985573127035e26
3.196897756352456e26
3.2088191608648374e26
3.220256096562716e26
3.2312020246395066e26
3.241650546057922e26
3.251595405792294e26
3.261030497021857e26
3.269949865272484e26
3.278347712504308e26
3.286218401142779e26
3.293556458050592e26
3.300356578438102e26
3.3066136297097485e26
3.312322655244099e26
3.3174788781051204e26
3.322077704682314e26
3.32611472825743e26
3.3295857324954515e26
3.3324866948576015e26
3.334813789934127e26
3.336563392694719e26
3.337732081654443e26
3.338316641952954e26
3.338314068345111e26
3.337721568100807e26
3.336536563812183e26
3.3347566961061044e26
3.332379826260221e26
3.329404038720647e26
3.3258276435194345e26
3.321649178590223e26
3.3168674119802474e26
3.311481343957179e26
3.305490209009033e26
3.298893477735828e26
3.291690858631373e26
3.2838822997537264e26
3.275467990283107e26
3.2664483619657895e26
3.256824090442875e26
3.246596096462543e26
3.2357655469748915e26
3.224333856108102e26
3.212302686025052e26
3.1996739476592664e26
3.186449801329496e26
3.17263265723205e26
3.15822517580997e26
3.143230267998624e26
3.127651095346858e26
3.111491070013331e26
3.0947538546373148e26
3.0774433620837847e26
3.059563755062318e26
3.041119445619404e26
3.022115094504195e26
3.0025556104073026e26
2.9824461490727727e26
2.9617921122829425e26
2.940599146716542e26
2.9188731426800297e26
2.8966202327122016e26
2.8738467900626475e26
2.8505594270441373e26
2.826764993259511e26
2.802470573703316e26
2.7776834867390427e26
2.752411281952312e26
2.726661737880896e26
2.700442859622055e26
2.673762876318332e26
2.6466302385225477e26
2.619053615442776e26
2.5910418920686954e26
2.562604166180083e26
2.533749745238865e26
2.5044881431656303e26
2.4748290770022705e26
2.4447824634619365e26
2.414358415367555e26
2.3835672379807622e26
2.3524194252225035e26
2.320925655787151e26
2.289096789151489e26
2.2569438614806955e26
2.2244780814329433e26
2.1917108258642965e26
2.158653635436183e26
2.1253182101271675e26
2.0917164046512098e26
2.057860223784242e26
2.0237618176016e26
1.989433476628173e26
1.9548876269037836e26
1.9201368249657786e26
1.8851937527515528e26
1.850071212423262e26
1.8147821211169678e26
1.7793395056191222e26
1.7437564969725942e26
1.708046325015098e26
1.6722223128523064e26
1.6362978712687407e26
1.600286493078935e26
1.5642017474215006e26
1.5280572739992043e26
1.4918667772676275e26
1.455644020575476e26
1.4194028202591143e26
1.3831570396946657e26
1.346920583310431e26
1.310707390562429e26
1.2745314298764757e26
1.2384066925595033e26
1.2023471866834343e26
1.1663669309443557e26
1.1304799485005192e26
1.094700260791974e26
1.0590418813451748e26
1.0235188095654587e26
9.881450245208883e25
9.529344787204932e25
9.179010918898988e25
8.830587447479476e25
8.484212727871701e25
8.140024600615846e25
7.798160329846835e25
7.458756541412352e25
7.1219491611592085e25
6.787873353418253e25
6.456663459723905e25
6.1284529377969924e25
5.803374300825275e25
5.481559057070268e25
5.163137649835783e25
4.848239397828369e25
4.53699243593873e25
4.229523656479622e25
3.925958650907979e25
3.6264216520645086e25
3.3310354769583446e25
3.0399214701310797e25
2.7531994476272116e25
2.47098764160328e25
2.1934026456021883e25
1.9205593605257147e25
1.6525709413323943e25
1.3895487444878485e25
1.1316022761993018e25
8.788391414593148e24
6.313649939284099e24
3.8928348668085584e24
1.526962238437446e24
-7.829728684603822e23
-3.035996805426341e24
-5.23115780821194e24
-7.367526442148909e24
-9.444196037325953e24
-1.1460283113359484e25
-1.3414927793493787e25
-1.530729420781776e25
-1.7136570885389432e25
-1.890197113502146e25
-2.0602733414541832e25
-2.223812168830619e25
-2.3807425772785197e25
-2.530996167000786e25
-2.674507188869289e25
-2.81121257528742e25
-2.9410519697867262e25
-3.0639677553383394e25
-3.1799050813643866e25
-3.288811889435197e25
-3.3906389376350654e25
-3.485339823584773e25
-3.5728710061059874e25
-3.6531918255170034e25
-3.726264522545615e25
-3.7920542558492436e25
-3.8505291181328385e25
-3.9016601508529465e25
-3.945421357500427e25
-3.981789715453458e25
-4.010745186393814e25
-4.032270725278879e25
-4.046352287864199e25
-4.052978836772395e25
-4.052142346102512e25
-4.043837804577725e25
-4.02806321722784e25
-4.004819605605999e25
-3.974111006536814e25
-3.935944469397141e25
-3.89033005192892e25
-3.8372808145867106e25
-3.776812813420591e25
-3.7089450914982202e25
-3.6336996688696863e25
-3.5511015310798526e25
-3.4611786162328376e25
-3.36396180061513e25
-3.2594848828848943e25
-3.147784566833952e25
-3.02890044273165e25
-2.9028749672600957e25
-2.769753442050043e25
-2.6295839908288974e25
-2.482417535191995e25
-2.328307769009998e25
-2.167311131484902e25
-1.9994867788688267e25
-1.8248965548605033e25
-1.6436049596935736e25
-1.4556791179349706e25
-1.2611887450075194e25
-1.0602061124562553e25
-8.528060119756696e24
-6.390657182171143e24
-4.1906495039577654e24
-1.9288583271760415e24
3.938714635306462e23
2.776671759635327e24
5.218651658582235e24
7.718897904568597e24
1.0276475340018697e25
1.2890427367509117e25
1.5559776421900938e25
1.8283524452422333e25
2.106065341445529e25
2.3890125770740067e25
2.677088500175824e25
2.970185612499859e25
3.2681946222835213e25
3.571004497873508e25
3.878502522150297e25
4.190574347727232e25
4.507104052894683e25
4.827974198278638e25
5.1530658841835055e25
5.482258808587891e25
5.815431325762357e25
6.152460505476976e25
6.493222192766962e25
6.8375910682235485e25
7.1854407087789555e25
7.536643648949259e25
7.891071442505609e25
8.248594724538144e25
8.609083273879153e25
8.972406075851958e25
9.338431385310973e25
9.707026789939257e25
1.0078059273768317e26
1.0451395280885934e26
1.0826900779297727e26
1.120444132490677e26
1.1583882125577179e26
1.1965088105246038e26
1.234792396804944e26
1.2732254262427645e26
1.311794344517235e26
1.3504855945384797e26
1.3892856228306541e26
1.428180885898964e26
1.4671578565770812e26
1.5062030303515686e26
1.5453029316597616e26
1.5844441201577445e26
1.6236131969549328e26
1.6627968108119483e26
1.7019816642982982e26
1.7411545199065418e26
1.78030220611965e26
1.8194116234281588e26
1.858469750293881e26
1.8974636490569808e26
1.9363804717829954e26
1.9752074660468745e26
2.0139319806506727e26
2.0525414712719148e26
2.0910235060394652e26
2.129365771033922e26
2.167556075709507e26
2.2055823582345702e26
2.243432690747714e26
2.281095284526734e26
2.3185584950676156e26
2.3558108270707328e26
2.3928409393316407e26
2.4296376495337455e26
2.466189938940418e26
2.5024869569837012e26
2.538518025747534e26
2.5742726443427927e26
2.6097404931719457e26
2.64491143808097e26
2.6797755343963315e26
2.7143230308449042e26
2.748544373354701e26
2.7824302087344204e26
2.815971388229859e26
2.8491589709553375e26
2.8819842271982914e26
2.9144386415953397e26
2.946513916178173e26
2.9782019732876468e26
3.009494958354683e26
3.0403852425463383e26
3.070865425275986e26
3.100928336576116e26
3.130567039332666e26
3.159774831379773e26
3.188545247453894e26
3.216872061006389e26
3.2447492858736875e26
3.2721711778042745e26
3.2991322358418014e26
3.325627203563717e26
3.3516510701749e26
3.377199071455866e26
3.4022666905651804e26
3.42684965869582e26
3.450943955585367e26
3.474545809879768e26
3.497651699350904e26
3.520258350967851e26
3.542362740822087e26
3.563962093906896e26
3.585053883751283e26
3.605635831908858e26
3.6257059073021864e26
3.6452623254231995e26
3.664303547390386e26
3.682828278863469e26
3.7008354688164984e26
3.718324308170254e26
3.735294228284975e26
3.751744899314597e26
3.76767622842353e26
3.783088357867469e26
3.797981662939389e26
3.8123567497822775e26
3.826214453070084e26
3.839555833558485e26
3.852382175507106e26
3.864694983975008e26
3.876495981991248e26
3.887787107602337e26
3.8985705107987077e26
3.908848550322123e26
3.918623790356234e26
3.9278989971023774e26
3.9366771352429825e26
3.944961364294903e26
3.952755034854916e26
3.960061684740103e26
3.966885035025442e26
3.973228985981298e26
3.979097612913396e26
3.9844951619080605e26
3.98942604548546e26
3.993894838163629e26
3.997906271936252e26
4.001465231667049e26
4.004576750403838e26
4.007246004615176e26
4.009478309352838e26
4.011279113343102e26
4.012653994010146e26
4.013608652434654e26
4.014148908250968e26
4.0142806944861096e26
4.014010052343868e26
4.013343125937498e26
4.012286156974283e26
4.010845479395515e26
4.009027513975225e26
4.006838762881265e26
