2.4738294826309624e-28
3.460258833897363e8
2.2142182549390095e10
2.5214836586507623e11
1.416225481864649e12
5.399975849098702e12
1.61151398664409e13
4.060925443052665e13
9.041537340246089e13
1.831379508752146e14
3.442702953180548e14
6.092383180996458e14
1.0256646246335689e15
1.655846331652009e15
2.579439341084685e15
3.896341160873245e15
5.729763736941872e15
8.229487149608105e15
1.1575284433069858e16
1.5980507199335936e16
2.169582118914958e16
2.9013080333127024e16
3.826932738751518e16
4.985090871165013e16
6.419769027932995e16
8.180736156482669e16
1.032398135170509e17
1.291215764333034e17
1.6015030316793174e17
1.9709928276184522e17
2.408219692569706e17
2.922565101660863e17
3.5243025880370643e17
4.224642544484463e17
5.035776541021653e17
5.970920994367242e17
7.044360023758792e17
8.271487326481642e17
9.668846905669713e17
1.125417248246822e18
1.304642542450321e18
1.5065831022788157e18
1.733391294971543e18
1.9873525731632125e18
2.2708885070687286e18
2.5865595852160927e18
2.9370677675345853e18
3.325258774824998e18
3.7541240988919224e18
4.226802717904937e18
4.746582501875425e18
5.316901293489044e18
5.94134764991968e18
6.623661231669261e18
7.367732824928347e18
8.177603984434762e18
9.057466284321107e18
1.0011660164986253e19
1.1044673364600553e19
1.2161138924458437e19
1.3365832758025165e19
1.4663670774185748e19
1.6059705545892557e19
1.7559122516123746e19
1.916723573380552e19
2.0889483113117647e19
2.273142121039157e19
2.469871951362375e19
2.679715424046208e19
2.903260164137944e19
3.1411030805624443e19
3.393849596843462e19
3.662112831890938e19
3.9465127308869255e19
4.247675146397203e19
4.56623086993142e19
4.902814614271674e19
5.258063946987666e19
5.63261817565567e19
6.0271171853986726e19
6.442200229465785e19
6.878504673670282e19
7.336664695607509e19
7.817309939675777e19
8.321064129025715e19
8.848543635665486e19
9.40035601005145e19
9.977098471595375e19
1.0579356361620523e20
1.1207701560399477e20
1.1862690870006299e20
1.2544864364814438e20
1.3254743711569487e20
1.3992830461062337e20
1.4759604313523248e20
1.555552135995089e20
1.6381012301682046e20
1.7236480650597427e20
1.81223009124471e20
1.9038816755864178e20
1.998633916971912e20
2.096514461154741e20
2.1975473149861495e20
2.3017526603233447e20
2.4091466679106604e20
2.5197413115364377e20
2.63354418277498e20
2.7505583066292535e20
2.8707819583958932e20
2.994208482079644e20
3.120826110689522e20
3.250617788753798e20
3.383560997395256e20
3.519627582312192e20
3.658783585014118e20
3.8009890776643043e20
3.946198001883912e20
4.0943580118746995e20
4.245410322219043e20
4.3992895607172347e20
4.55592362662287e20
4.715233554637357e20
4.877133385024449e20
5.041530040204891e20
5.2083232081901584e20
5.3774052332123875e20
5.548661013905434e20
5.721967909389121e20
5.897195653605421e20
6.074206278251433e20
6.252854044649605e20
6.432985384890664e20
6.614438852579251e20
6.797045083506121e20
6.980626766564262e20
7.164998625219069e20
7.349967409835019e20
7.535331901153073e20
7.720882925204228e20
7.906403379935341e20
8.091668273813416e20
8.276444776664264e20
8.46049228299046e20
8.643562488002018e20
8.825399476581432e20
9.005739825392035e20
9.184312718325896e20
9.360840075473837e20
9.535036695786332e20
9.706610413579578e20
9.875262269026157e20
1.0040686692754523e21
1.0202571704665497e21
1.0360599127058115e21
1.0514444812140328e21
1.0663778883983125e21
1.0808265994959307e21
1.0947565596690399e21
1.1081332225506941e21
1.120921580240918e21
1.1330861947496222e21
1.1445912308812769e21
1.1554004905543142e21
1.1654774485462742e21
1.1747852896537168e21
1.1832869472539202e21
1.1909451432533502e21
1.1977224294058437e21
1.2035812299813796e21
1.2084838857642373e21
1.21239269935725e21
1.2152699817667558e21
1.2170781002407477e21
1.2177795273306195e21
1.2173368911447584e21
1.2157130267601648e21
1.21287102875612e21
1.2087743048318507e21
1.2033866304680158e21
1.196672204589757e21
1.1885957061869754e21
1.1791223518454228e21
1.1682179541401684e21
1.1558489808409437e21
1.1419826148768983e21
1.1265868150062851e21
1.1096303771346747e21
1.0910829962233407e21
1.0709153287276113e21
1.0490990555030844e21
1.0256069451158305e21
1.0004129174909033e21
9.734921078317667e20
9.448209307415515e20
9.14377144475428e20
8.82139915251799e20
8.480898815484683e20
8.122092183084984e20
7.744817009790203e20
7.348927693049492e20
6.934295907982106e20
6.500811238019189e20
6.048381800677655e20
5.5769348676375904e20
5.086417478285385e20
4.576797045874233e20
4.0480619554463036e20
3.5002221526517934e20
2.933309722594537e20
2.34737945782613e20
1.7425094146066937e20
1.1188014565451127e20
4.763817847279036e19
-1.8459854655560507e19
-8.639631293874902e19
-1.561509717989478e20
-2.2770097615815075e20
-3.010207955223747e20
-3.7608218095353e20
-4.5285412401772075e20
-5.313028177985756e20
-6.113916200634422e20
-6.93081018669901e20
-7.763285992991073e20
-8.610890156018387e20
-9.473139618420181e20
-1.0349521481216207e21
-1.1239492782695308e21
-1.214248030475883e21
-1.305788040751842e21
-1.398505889293517e21
-1.4923350898269516e21
-1.5872060820096177e21
-1.6830462269618877e21
-1.7797798060002632e21
-1.8773280226419034e21
-1.97560900794815e21
-2.0745378292723003e21
-2.174026502474717e21
-2.2739840076659286e21
-2.3743163085357454e21
-2.4749263753239535e21
-2.5757142114852835e21
-2.676576884098646e21
-2.777408558067575e21
-2.878100534155973e21
-2.978541290899947e21
-3.0786165304335134e21
-3.1782092282624643e21
-3.277199687017486e21
-3.375465594214003e21
-3.472882084042744e21
-3.569321803211359e21
-3.664654980853729e21
-3.7587495025197255e21
-3.8514709882544576e21
-3.942682874771892e21
-4.032246501724004e21
-4.120021202062145e21
-4.205864396483625e21
-4.2896316919518803e21
-4.371176984274682e21
-4.4503525647202533e21
-4.5270092306469686e21
-4.6009964001178954e21
-4.6721622304668495e21
-4.740353740778276e21
-4.805416938238728e21
-4.867196948313057e21
-4.92553814869392e21
-4.980284306968689e21
-5.031278721942911e21
-5.078364368555255e21
-5.121384046313803e21
-5.160180531179246e21
-5.194596730815535e21
-5.224475843124225e21
-5.249661517973771e21
-5.269998022030665e21
-5.285330406594437e21
-5.295504678334155e21
-5.300367972819302e21
-5.299768730733465e21
-5.293556876654693e21
-5.281584000281937e21
-5.263703539982576e21
-5.239770968531534e21
-5.209643980908365e21
-5.173182684014179e21
-5.130249788166269e21
-5.080710800224071e21
-5.024434218195984e21
-4.961291727172746e21
-4.891158396428944e21
-4.813912877530647e21
-4.729437603283208e21
-4.637618987349869e21
-4.538347624368122e21
-4.4315184903873967e21
-4.3170311434484706e21
-4.1947899241215904e21
-4.06470415581739e21
-3.926688344681765e21
-3.780662378882845e21
-3.6265517270958866e21
-3.464287635988914e21
-3.2938073265100156e21
-3.11505418877457e21
-2.927977975348834e21
-2.7325349927241856e21
-2.5286882907747695e21
-2.3164078499893973e21
-2.0956707662673213e21
-1.8664614330661064e21
-1.6287717206887474e21
-1.3826011524962782e21
-1.12795707783121e21
-8.648548414368902e20
-5.933179491570643e20
-3.133782297001528e20
-2.507599225238323e19
2.7153982027559495e20
5.76411482583753e20
8.894723431139513e20
1.2106466851910603e21
1.5398495933867557e21
1.876986825317484e21
2.2219546890866487e21
2.574639926579676e21
2.934919602818493e21
3.3026610015801406e21
3.677721527481867e21
4.0599486147327154e21
4.449179642748718e21
4.845241858826219e21
5.247952308064454e21
5.657117770725495e21
6.072534707215591e21
6.493989210869204e21
6.921256968711712e21
7.354103230373886e21
7.792282785325858e21
8.235539948594497e21
8.683608555122474e21
9.136211962923256e21
9.593063065179965e21
1.0053864311431709e22
1.0518307737984284e22
1.098607500767734e22
1.145683745913319e22
1.1930256165606936e22
1.2405982003550453e22
1.2883655730997058e22
1.3362908075865844e22
1.3843359834278766e22
1.432462197897535e22
1.480629577790369e22
1.52879729230576e22
1.576923566962359e22
1.624965698549203e22
1.6728800711180175e22
1.720622173020543e22
1.7681466149940226e22
1.8154071492969842e22
1.8623566898967769e22
1.90894733370927e22
1.9551303828904117e22
2.0008563681782837e22
2.046075073283543e22
2.090735560325077e22
2.13478619630691e22
2.1781746806313263e22
2.2208480736423595e22
2.2627528261927497e22
2.3038348102265398e22
2.3440393503685634e22
2.383311256510993e22
2.421594857386285e22
2.458834035114716e22
2.494972260713885e22
2.5299526305564013e22
2.563717903761149e22
2.596210540502366e22
2.6273727412199523e22
2.6571464867132505e22
2.685473579099741e22
2.712295683618913e22
2.737554371260768e22
2.7611911621972746e22
2.783147569994261e22
2.8033651465801037e22
2.8217855279467726e22
2.8383504805577036e22
2.8530019484360835e22
2.8656821009061893e22
2.8763333809594704e22
2.884898554216181e22
2.8913207584524037e22
2.8955435536615096e22
2.8975109726180813e22
2.8971675719116157e22
2.8944584834163363e22
2.889329466162699e22
2.8817269585753512e22
2.8715981310414064e22
2.858890938772303e22
2.8435541749215607e22
2.82553752392017e22
2.80479161499047e22
2.7812680757988892e22
2.754919586207008e22
2.725699932080001e22
2.693564059110632e22
2.658468126616666e22
2.6203695612687316e22
2.5792271107053152e22
2.5350008969909512e22
2.4876524698731855e22
2.4371448597935448e22
2.383442630607161e22
2.3265119319654687e22
2.266320551315834e22
2.2028379654719013e22
2.136035391707893e22
2.0658858383300463e22
1.992364154677931e22
1.9154470805084456e22
1.8351132947149142e22
1.7513434633337446e22
1.664120286790845e22
1.5734285463402043e22
1.4792551496467826e22
1.3815891754660598e22
1.2804219173725016e22
1.1757469264895187e22
1.0675600531734246e22
9.558594876042627e21
8.406457992363961e21
7.219219750622786e21
5.996934566429084e21
4.739681758589488e21
3.4475658933674527e21
2.1207171150412576e21
7.592914623111983e20
-6.365288298867159e20
-2.0665350435965816e21
-3.5304917065212373e21
-5.028136336585828e21
-6.559179202806394e21
-8.12330310287266e21
-9.720163157850322e21
-1.134938662439508e22
-1.3010572724867988e22
-1.4703292495727266e22
-1.6427088654568295e22
-1.8181475486167497e22
-1.9965938747881336e22
-2.177993559473716e22
-2.3622894524545743e22
-2.5494215343349e22
-2.7393269151509556e22
-2.9319398350734305e22
-3.1271916672312404e22
-3.3250109226834834e22
-3.5253232575650464e22
-3.728051482429878e22
-3.9331155738148114e22
-4.140432688045022e22
-4.349917177301078e22
-4.56148060796599e22
-4.775031781268897e22
-4.990476756241046e22
-5.207718874997351e22
-5.426658790356e22
-5.6471944958063e22
-5.869221357833897e22
-6.092632150610093e22
-6.31731709305098e22
-6.54316388824987e22
-6.77005776528503e22
-6.997881523402709e22
-7.226515578573837e22
-7.455838012420765e22
-7.685724623508876e22
-7.916048980995496e22
-8.146682480627247e22
-8.377494403074633e22
-8.608351974591067e22
-8.8391204299813e22
-9.069663077862585e22
-9.299841368199718e22
-9.52951496209335e22
-9.75854180379882e22
-9.98677819495089e22
-1.0214078870967816e23
-1.0440297079606051e23
-1.0665284661635259e23
-1.0888892133600792e23
-1.1110968772639383e23
-1.1331362703311411e23
-1.1549920986411427e23
-1.176648970971641e23
-1.1980914080629451e23
-1.2193038520674598e23
-1.2402706761796615e23
-1.2609761944417517e23
-1.2814046717199732e23
-1.3015403338464158e23
-1.3213673779209152e23
-1.3408699827674843e23
-1.360032319539529e23
-1.3788385624679194e23
-1.3972728997458138e23
-1.4153195445439393e23
-1.4329627461498896e23
-1.450186801224807e23
-1.4669760651706493e23
-1.483314963601099e23
-1.4991880039089834e23
-1.514579786922947e23
-1.5294750186459345e23
-1.5438585220679197e23
-1.5577152490451496e23
-1.5710302922380545e23
-1.583788897099811e23
-1.5959764739074295e23
-1.6075786098271178e23
-1.6185810810055234e23
-1.6289698646783653e23
-1.6387311512878354e23
-1.647851356600053e23
-1.6563171338137492e23
-1.664115385651249e23
-1.671233276422763e23
-1.677658244054862e23
-1.6833780120739802e23
-1.6883806015356832e23
-1.6926543428903797e23
-1.6961878877761094e23
-1.698970220728948e23
-1.700990670801571e23
-1.702238923080419e23
-1.702705030091923e23
-1.7023794230881905e23
-1.7012529232025252e23
-1.6993167524651717e23
-1.6965625446696212e23
-1.692982356079855e23
-1.688568675968884e23
-1.6833144369789697e23
-1.6772130252939064e23
-1.6702582906138062e23
-1.662444555922848e23
-1.6537666270404883e23
-1.6442198019466772e23
-1.6337998798717088e23
-1.6225031701413684e23
-1.6103265007681265e23
-1.597267226779209e23
-1.583323238272451e23
-1.56849296819096e23
-1.5527753998076944e23
-1.536170073911164e23
-1.518677095683633e23
-1.5002971412632583e23
-1.4810314639817922e23
-1.4608819002695627e23
-1.4398508752196589e23
-1.4179414078033442e23
-1.3951571157289156e23
-1.371502219936413e23
-1.3469815487206863e23
-1.3216005414756442e23
-1.2953652520525623e23
-1.2682823517256371e23
-1.2403591317580888e23
-1.2116035055624344e23
-1.1820240104486698e23
-1.1516298089544132e23
-1.1204306897512116e23
-1.088437068121568e23
-1.0556599860013699e23
-1.0221111115827692e23
-9.878027384727086e22
-9.527477844026935e22
-9.169597894855424e22
-8.804529140152542e22
-8.43241935806294e22
-8.053422470690177e22
-7.667698508181382e22
-7.275413568115232e22
-6.876739770168523e22
-6.471855206040391e22
-6.0609438846159375e22
-5.644195672354302e22
-5.221806228889905e22
-4.793976937837878e22
-4.360914832799562e22
-3.922832518565699e22
-3.479948087519855e22
-3.032485031246451e22
-2.580672147353194e22
-2.124743441519257e22
-1.6649380247858147e22
-1.20150000610738e22
-7.346783801878948e21
-2.647269106273533e21
2.0809599159023824e21
6.83527394234491e21
1.1612999745534578e22
1.6411421545452794e22
2.1227782407311854e22
2.6059285683821393e22
3.090309650146028e22
3.575634329020273e22
4.061611935609777e22
4.5479484496076465e22
5.034346665431004e22
5.520506361942072e22
6.006124476179747e22
6.490895281024607e22
6.974510566715093e22
7.456659826130546e22
7.93703044375222e22
8.41530788821019e22
8.891175908320921e22
9.364316732515926e22
9.834411271559397e22
1.0301139324448715e23
1.0764179787388983e23
1.1223210865728464e23
1.167791028873963e23
1.2127955527126401e23
1.2573024013135954e23
1.301279336314913e23
1.3446941602621632e23
1.3875147393244422e23
1.4297090262189427e23
1.4712450833302978e23
1.5120911060107513e23
1.55221544604687e23
1.5915866352783072e23
1.6301734093537997e23
1.667944731609391e23
1.7048698170536126e23
1.7409181564441352e23
1.7760595404401312e23
1.810264083814452e23
1.8435022497094562e23
1.8757448739201457e23
1.9069631891881243e23
1.9371288494896225e23
1.9662139543007738e23
1.9941910728230783e23
2.0210332681519445e23
2.0467141213709354e23
2.0712077555543585e23
2.0944888596606153e23
2.1165327122987178e23
2.1373152053501896e23
2.1568128674286004e23
2.175002887158802e23
2.191863136258009e23
2.20737219240067e23
2.2215093618492154e23
2.2342547018325755e23
2.2455890426545366e23
2.255494009513829e23
2.2639520440180237e23
2.2709464253732154e23
2.2764612912316137e23
2.280481658179172e23
2.282993441845453e23
2.2839834766180176e23
2.2834395349437895e23
2.281350346199828e23
2.2777056151161883e23
2.2724960397335975e23
2.265713328878927e23
2.257350219141481e23
2.2474004913333976e23
2.2358589864175976e23
2.22272162088698e23
2.207985401578688e23
2.1916484399075875e23
2.1737099655032835e23
2.1541703392353457e23
2.133031065611547e23
2.1102948045343335e23
2.085965382400958e23
2.0600478025331145e23
2.0325482549220688e23
2.0034741252758216e23
1.972834003354985e23
1.9406376905846462e23
1.9068962069295778e23
1.871621797020827e23
1.8348279355218828e23
1.7965293317232315e23
1.756741933354323e23
1.7154829296025766e23
1.672770753329381e23
1.6286250824736418e23
1.583066840633665e23
1.536118196818878e23
1.4878025643632192e23
1.4381445989926503e23
1.3871701960395796e23
1.334906486797685e23
1.2813818340110015e23
1.2266258264918382e23
1.1706692728624119e23
1.113544194415833e23
1.0552838170925267e23
9.959225625688569e22
9.354960384550882e22
8.740410276005967e22
8.11595476504836e22
7.481984828329335e22
6.838902820356904e22
6.187122330741002e22
5.5270680324939515e22
4.859175521399166e22
4.183891146470232e22
3.501671831526852e22
2.812984887922018e22
2.118307818459083e22
1.4181281125459202e22
7.129430326379746e21
3.2593920303986377e19
-7.104066759367944e21
-1.4275299571874212e22
-2.14757640465412e22
-2.870003394373847e22
-3.5942599898437704e22
-4.319787214538953e22
-5.046018332488146e22
-5.772379136796273e22
-6.498288245997653e22
-7.223157408115631e22
-7.946391812299486e22
-8.66739040790137e22
-9.38554623085225e22
-1.0100246737187058e23
-1.0810874143564841e23
-1.151680577462182e23
-1.2217414416991398e23
-1.2912068679817052e23
-1.3600133361579279e23
-1.428096982305071e23
-1.495393636618969e23
-1.5618388618774294e23
-1.6273679924575433e23
-1.6919161738859673e23
-1.755418402900992e23
-1.8178095680043613e23
-1.879024490480533e23
-1.9389979658603077e23
-1.9976648058055073e23
-2.0549598803907174e23
-2.1108181607575663e23
-2.1651747621167872e23
-2.2179649870725855e23
-2.2691243692435706e23
-2.3185887171539192e23
-2.3662941583682213e23
-2.412177183842839e23
-2.4561746924664113e23
-2.4982240357615437e23
-2.538263062719651e23
-2.5762301647402844e23
-2.612064320646182e23
-2.6457051417447543e23
-2.6770929169067026e23
-2.706168657631843e23
-2.73287414307235e23
-2.7571519649829556e23
-2.7789455725678374e23
-2.7981993171934496e23
-2.8148584969364647e23
-2.8288694009357893e23
-2.8401793535175826e23
-2.84873675806194e23
-2.85449114057987e23
-2.8573931929690906e23
-2.857394815917163e23
-2.8544491614203554e23
-2.848510674886632e23
-2.8395351367911906e23
-2.827479703852985e23
-2.812302949700703e23
-2.7939649049966856e23
-2.7724270969874384e23
-2.747652588449481e23
-2.7196060159993636e23
-2.6882536277368112e23
-2.6535633201902573e23
-2.6155046745340772e23
-2.5740489920471654e23
-2.5291693287826005e23
-2.480840529418589e23
-2.4290392602610255e23
-2.373744041368319e23
-2.3149352777695702e23
-2.2525952897474182e23
-2.186708342157307e23
-2.117260672755335e23
-2.0442405195071845e23
-1.96763814685118e23
-1.887445870888987e23
-1.803658083477653e23
-1.716271275197776e23
-1.6252840571725086e23
-1.5306971817130544e23
-1.4325135617666705e23
-1.3307382891439168e23
-1.2253786515023712e23
-1.1164441480648868e23
-1.0039465040506292e23
-8.878996837985668e22
-7.683199025630079e22
-6.452256369619814e22
-5.186376340597615e22
-3.885789190656938e22
-2.5507480163216637e22
-1.1815288073539285e22
2.2156951876446548e21
1.6582250968272167e22
3.128093108509883e22
4.630805791721313e22
6.165972464820452e22
7.733179565811893e22
9.331990706623908e22
1.0961946742564523e23
1.2622565857039677e23
1.4313343661613285e23
1.6033753311471633e23
1.778324563635261e23
1.9561249286986063e23
2.136717089708293e23
2.3200395260901117e23
2.5060285526406072e23
2.6946183404031726e23
2.8857409391043283e23
3.0793263011483564e23
3.2753023071683565e23
3.473594793130134e23
3.674127578984568e23
3.876822498862939e23
4.081599432808675e23
4.288376340037877e23
4.497069293719819e23
4.70759251726807e23
4.9198584221308095e23
5.133777647068833e23
5.349259098908159e23
5.566209994753094e23
5.784535905644705e23
6.0041408016484103e23
6.224927098353313e23
6.44679570476525e23
6.669646072573667e23
6.893376246772101e23
7.117882917610703e23
7.343061473858087e23
7.568806057348995e23
7.79500961879297e23
8.021563974818279e23
8.248359866224705e23
8.475287017416908e23
8.702234196990056e23
8.929089279437729e23
9.155739307951581e23
9.382070558280878e23
9.607968603619435e23
9.833318380486189e23
1.0058004255565263e24
1.0281910093469737e24
1.0504919325392936e24
1.0726915018610282e24
1.0947779946793366e24
1.116739666109766e24
1.1385647561983898e24
1.1602414971732964e24
1.1817581207612591e24
1.203102865565447e24
1.2242639844998306e24
1.2452297522759851e24
1.265988472937855e24
1.2865284874399985e24
1.306838181264764e24
1.326905992073798e24
1.346720417389187e24
1.366270022299564e24
1.3855434471863288e24
1.4045294154652082e24
1.4232167413382492e24
1.4415943375513288e24
1.459651223152211e24
1.477376531244145e24
1.4947595167299444e24
1.511789564041514e24
1.5284561948496527e24
1.544749075749043e24
1.56065802591325e24
1.5761730247145452e24
1.5912842193033595e24
1.6059819321421461e24
1.620256668488431e24
1.634099123821812e24
1.6475001912096716e24
1.6604509686063602e24
1.6729427660806063e24
1.684967112965932e24
1.6965157649288325e24
1.7075807109495367e24
1.7181541802101114e24
1.7282286488847705e24
1.7377968468272263e24
1.7468517641499413e24
1.7553866576901963e24
1.7633950573579216e24
1.7708707723602497e24
1.7778078972978085e24
1.784200818127822e24
1.7900442179891304e24
1.7953330828842766e24
1.800062707213876e24
1.8042286991585603e24
1.8078269859038138e24
1.8108538187031096e24
1.813305777774815e24
1.8151797770284255e24
1.8164730686157212e24
1.8171832473025657e24
1.817308254657124e24
1.8168463830503754e24
1.815796279464865e24
1.8141569491077644e24
1.8119277588243753e24
1.8091084403083417e24
1.8056990931049044e24
1.8017001874036694e24
1.7971125666174375e24
1.7919374497438054e24
1.7861764335062985e24
1.779831494271971e24
1.7729049897424854e24
1.7653996604158574e24
1.757318630816116e24
1.7486654104883194e24
1.739443894756444e24
1.7296583652418608e24
1.7193134901401831e24
1.7084143242544534e24
1.6969663087827684e24
1.6849752708585915e24
1.6724474228421218e24
1.6593893613612715e24
1.6458080661009262e24
1.6317108983393532e24
1.6171055992307175e24
1.6020002878328785e24
1.58640345887977e24
1.5703239802978354e24
1.5537710904661335e24
1.5367543952199235e24
1.5192838645976688e24
1.5013698293315954e24
1.4830229770820735e24
1.464254348416286e24
1.4450753325318172e24
1.425497662725921e24
1.405533411611457e24
1.385194986080609e24
1.3644951220177133e24
1.343446878762615e24
1.3220636333262625e24
1.3003590743603005e24
1.2783471958826956e24
1.256042290761514e24
1.2334589439592077e24
1.21061202553989e24
1.1875166834423078e24
1.1641883360213269e24
1.1406426643609288e24
1.1168956043619468e24
1.0929633386078654e24
1.0688622880121984e24
1.0446091032511379e24
1.0202206559853169e24
9.957140298747202e23
9.711065113908968e23
9.464155804308076e23
9.216589007368211e23
8.96854310127522e23
8.720198105440985e23
8.47173557917313e23
8.223338518601434e23
7.975191251913864e23
7.727479332956067e23
7.480389433249917e23
7.234109232488184e23
6.988827307563818e23
6.744733020193166e23
6.502016403194597e23
6.260868045484619e23
6.021478975855438e23
5.784040545598514e23
5.548744310040553e23
5.315781909058758e23
5.0853449466444454e23
4.857624869583882e23
4.6328128453272586e23
4.4110996391175636e23
4.1926754904516194e23
3.977729988947146e23
3.7664519496902333e23
3.5590292881385795e23
3.355648894656713e23
3.1564965087601355e23
2.961756593146059e23
2.7716122075893546e23
2.586244882782443e23
2.405834494199041e23
2.2305591360619675e23
2.0605949954955224e23
1.8961162269439377e23
1.737294826937297e23
1.5843005092869367e23
1.4373005807926452e23
1.2964598175441817e23
1.161940341899801e23
1.0339015002248855e23
9.124997414734564e22
7.97888496695827e22
6.9021805955533226e22
5.896354679373853e22
4.962843867334143e22
4.1030499188281195e22
3.318338557551782e22
2.6100383395530844e22
1.9794395363273005e22
1.427793033774793e22
9.563092478317713e21
5.661570575815892e21
2.5846275664637513e21
3.430902365530227e20
-1.0526608742256657e21
-1.5927013629899417e21
-1.2675726396712354e21
-6.829138116149456e19
2.0136412439688173e21
4.986230587658898e21
8.856979778832958e21
1.363288123143234e22
1.9320408411176996e22
2.5925507868105294e22
3.3453591541824572e22
4.190952934628266e22
5.129764204073392e22
6.162169439344745e22
7.288488864454992e22
8.508985827428042e22
9.82386620827322e22
1.123327785870616e23
1.2737310074193759e23
1.4335993098886787e23
1.60292976639843e23
1.7817134560060167e23
1.969935424385904e23
2.167574648005817e23
2.3746040018462192e23
2.590990230709028e23
2.816693924158673e23
3.0516694951370863e23
3.295865162291824e23
3.549222936054868e23
3.81167860850692e23
4.083161747060795e23
4.363595691993917e23
4.6528975578592603e23
4.950978238800612e23
5.257742417796459e23
5.573088579853883e23
5.896909029172228e23
6.229089910293177e23
6.56951123325193e23
6.91804690274169e23
7.274564751300926e23
7.638926576530716e23
8.010988182346985e23
8.390599424269373e23
8.777604258746834e23
9.171840796516759e23
9.573141359992043e23
9.981332544668226e23
1.0396235284539755e24
1.0817664921512158e24
1.1245431278794316e24
1.167933873825187e24
1.2119186321701034e24
1.2564767776118812e24
1.3015871662742667e24
1.3472281450031566e24
1.3933775610455474e24
1.4400127721079824e24
1.4871106567907218e24
1.5346476253937251e24
1.5825996310901913e24
1.6309421814631776e24
1.6796503504005236e24
1.7286987903431022e24
1.7780617448811454e24
1.8277130616930782e24
1.8776262058211062e24
1.927774273277559e24
1.978130004975674e24
2.028665800978339e24
2.0793537350579727e24
2.1301655695605824e24
2.1810727705667398e24
2.2320465233419877e24
2.2830577480689177e24
2.334077115853058e24
2.3850750649943207e24
2.436021817515665e24
2.4868873959403095e24
2.537641640308708e24
2.58825422542625e24
2.6386946783324143e24
2.6889323959819183e24
2.7389366631282786e24
2.7886766703998763e24
2.838121532558572e24
2.8872403069305846e24
2.936002011999333e24
2.984375646149632e24
3.0323302065525665e24
3.07983470818011e24
3.126858202938505e24
3.1733697989092027e24
3.219338679686045e24
3.2647341237972014e24
3.3095255242003284e24
3.3536824078391877e24
3.3971744552498983e24
3.4399715202049386e24
3.482043649382778e24
3.5233611020510665e24
3.563894369751117e24
3.603614195971384e24
3.6424915957975756e24
3.6804978755269167e24
3.717604652234067e24
3.7537838732761563e24
3.789007835724273e24
3.823249205708854e24
3.8564810376661854e24
3.888676793473433e24
3.9198103614594286e24
3.949856075278519e24
3.978788732634761e24
4.006583613843776e24
4.033216500219567e24
4.05866369227366e24
4.082902027713923e24
4.1059088992305117e24
4.127662272056414e24
4.148140701290106e24
4.1673233489679415e24
4.18519000087393e24
4.201721083074704e24
4.2168976781674784e24
4.230701541228988e24
4.243115115453468e24
4.254121547467828e24
4.2637047023123686e24
4.2718491780754373e24
4.2785403201706194e24
4.283764235245211e24
4.287507804708839e24
4.2897586978712825e24
4.290505384678736e24
4.289737148037913e24
4.287444095717592e24
4.283617171817389e24
4.2782481677937903e24
4.2713297330335835e24
4.262855384965223e24
4.252819518698692e24
4.241217416184821e24
4.228045254885155e24
4.213300115943784e24
4.196979991852757e24
4.179083793603013e24
4.1596113573129347e24
4.13856345032706e24
4.1159417767776235e24
4.0917489826019716e24
4.0659886600091536e24
4.038665351389322e24
4.0097845526598427e24
3.9793527160424084e24
3.9473772522655964e24
3.913866532187889e24
3.87882988783627e24
3.842277612855972e24
3.8042209623672546e24
3.7646721522254395e24
3.7236443576807646e24
3.6811517114350416e24
3.637209301092263e24
3.5918331660009777e24
3.545040293486341e24
3.496848614470211e24
3.4472769984780886e24
3.396345248032e24
3.3440740924288116e24
3.2904851809038767e24
3.2356010751802995e24
3.1794452414043593e24
3.122042041468289e24
3.063416723721703e24
3.0035954130735416e24
2.942605100486734e24
2.880473631868159e24
2.8172296963569087e24
2.752902814014269e24
2.6875233229190815e24
2.6211223656728195e24
2.5537318753188263e24
2.485384560680726e24
2.4161138911253326e24
2.3459540807558393e24
2.2749400720413607e24
2.203107518889488e24
2.1304927691685303e24
2.0571328466870228e24
1.9830654326379778e24
1.9083288465160457e24
1.832962026515977e24
1.7570045094212392e24
1.6804964099919536e24
1.6034783998617299e24
1.5259916859533581e24
1.448077988423499e24
1.36977951814723e24
1.2911389537532926e24
1.2121994182214317e24
1.1330044550535135e24
1.0535980040304524e24
9.740243765672909e23
8.943282306791897e23
8.145545455711481e23
7.347485958650261e23
6.549559254773252e23
5.752223211617066e23
4.955937857304895e23
4.161165109696215e23
3.368368502619303e23
2.5780129093377512e23
1.7905642634026066e23
1.00648927704848e23
2.2625515729029515e22
-5.496706801178948e22
-1.3208208986989564e23
-2.0867285310781133e23
-2.8469272704502714e23
-3.60095176351982e23
-4.348337904740498e23
-5.088623131683816e23
-5.821346721358276e23
-6.546050087304426e23
-7.262277077286507e23
-7.969574271400874e23
-8.66749128041987e23
-9.355581044188729e23
-1.0033400129891002e24
-1.0700509029999523e24
-1.1356472459724774e24
-1.2000859653775897e24
-1.263324466224621e24
-1.3253206645435595e24
-1.3860330167421172e24
-1.4454205488187678e24
-1.5034428854127673e24
-1.560060278672415e24
-1.6152336369223908e24
-1.6689245531114194e24
-1.7210953330212938e24
-1.771709023218398e24
-1.8207294387289067e24
-1.8681211904188777e24
-1.9138497120605429e24
-1.957881287066139e24
-2.0001830748708492e24
-2.0407231369462588e24
-2.0794704624261232e24
-2.1163949933262493e24
-2.1514676493403886e24
-2.1846603521942903e24
-2.2159460495401407e24
-2.2452987383738417e24
-2.2726934879577943e24
-2.2981064622319155e24
-2.3215149416959992e24
-2.3428973447466664e24
-2.3622332484523713e24
-2.3795034087502058e24
-2.394689780048509e24
-2.4077755342195178e24
-2.4187450789666485e24
-2.427584075551172e24
-2.434279455863448e24
-2.4388194388242076e24
-2.4411935461015845e24
-2.4413926171300126e24
-2.4394088234175185e24
-2.435235682128097e24
-2.4288680689264173e24
-2.420302230072388e24
-2.4095357937535338e24
-2.3965677806434476e24
-2.3813986136751436e24
-2.3640301270183538e24
-2.3444655742504635e24
-2.322709635710974e24
-2.2987684250299815e24
-2.272649494821582e24
-2.2443618415335582e24
-2.213915909445098e24
-2.1813235938049212e24
-2.146598243102503e24
-2.1097546604657712e24
-2.0708091041788524e24
-2.029779287314334e24
-1.9866843764746252e24
-1.9415449896377958e24
-1.8943831931036827e24
-1.8452224975365447e24
-1.7940878531011834e24
-1.741005643689885e24
-1.686003680238071e24
-1.6291111931273187e24
-1.5703588236745313e24
-1.509778614707022e24
-1.4474040002235863e24
-1.383269794142256e24
-1.317412178136048e24
-1.249868688558471e24
-1.1806782024611552e24
-1.1098809227067923e24
-1.037518362180593e24
-9.636333271045937e23
-8.882698994594337e23
-8.114734185188378e23
-7.332904615026656e23
-6.53768823354805e23
-5.7295749565315624e23
-4.9090664465888634e23
-4.0766758851333527e23
-3.2329277359112686e23
-2.3783575001877956e23
-1.5135114636859262e23
-6.3894643538218875e22
2.447705217329843e22
1.137062367812109e23
2.0373423711086536e23
2.9450144006075628e23
3.859473226197783e23
4.780104826251011e23
5.706286702463756e23
6.637388201816286e23
7.572770845496874e23
8.511788664631207e23
9.453788542658381e23
1.0398110564183026e24
1.1344088370132255e24
1.2291049519040602e24
1.3238315854280097e24
1.418520387704934e24
1.513102512493132e24
1.6075086555821146e24
1.7016690937027743e24
1.7955137239342157e24
1.8889721035864688e24
1.981973490537851e24
2.0744468840052502e24
2.1663210657252913e24
2.2575246415240538e24
2.3479860832522374e24
2.437633771063055e24
2.5263960360089967e24
2.614201202933851e24
2.7009776336357115e24
2.7866537702766705e24
2.8711581790143093e24
2.9544195938301934e24
3.036366960529765e24
3.116929480888527e24
3.196036656918466e24
3.2736183352288675e24
3.349604751455309e24
3.4239265747304814e24
3.496514952170382e24
3.567301553348893e24
3.636218614734313e24
3.703198984060535e24
3.7681761646059376e24
3.831084359352756e24
3.8918585149996855e24
3.950434365800362e24
4.006748477200432e24
4.0607382892455647e24
4.112342159733291e24
4.1614994070810083e24
4.20815035288283e24
4.252236364127891e24
4.2936998950527704e24
4.3324845286007927e24
4.36853501746107e24
4.4017973246600397e24
4.432218663678827e24
4.459747538069378e24
4.484333780542811e24
4.505928591503466e24
4.5244845770023437e24
4.539955786083862e24
4.5522977475000123e24
4.561467505766251e24
4.567423656533841e24
4.5701263812534296e24
4.569537481105059e24
4.5656204101701273e24
4.558340307821031e24
4.547664030304729e24
4.533560181496595e24
4.5159991428015097e24
4.494953102179442e24
4.470396082273135e24
4.442303967615983e24
4.4106545308986206e24
4.375427458273143e24
4.3366043736744436e24
4.294168862138504e24
4.248106492098007e24
4.198404836636311e24
4.1450534936810655e24
4.0880441051195025e24
4.027370374817908e24
3.963028085528344e24
3.8950151146662814e24
3.823331448943453e24
3.7479791978405925e24
3.668962605905786e24
3.5862880638643456e24
3.499964118527002e24
3.410001481483803e24
3.316413036571772e24
3.21921384610501e24
3.118421155856787e24
3.014054398783433e24
2.906135197481185e24
2.7946873653672707e24
2.6797369065775254e24
2.561312014573544e24
2.439443069453039e24
2.3141626339578414e24
2.1855054481748142e24
2.0535084229256478e24
1.9182106318420467e24
1.7796533021241877e24
1.6378798039804296e24
1.4929356387474652e24
1.3448684256907498e24
1.1937278874858032e24
1.0395658343819269e24
8.824361470505457e23
7.223947581210018e23
5.594996324080393e23
3.9381074583530786e23
2.2539006306048398e23
5.430151380823325e22
-1.1938903208191979e23
-2.9561379088485813e23
-4.7430309248760396e23
-6.55385409146248e23
-8.387873854913458e23
-1.0244338697710131e24
-1.2122479463196773e24
-1.4021509692398667e24
-1.594062597283374e24
-1.7879008299176773e24
-1.9835820445625238e24
-2.181021034980578e24
-2.3801310508060339e24
-2.580823838193132e24
-2.783009681566936e24
-2.986597446457261e24
-3.191494623395982e24
-3.397607372857581e24
-3.604840571221599e24
-3.8130978577350893e24
-4.0222816824528657e24
-4.23229335513178e24
-4.4430330950553955e24
-4.654400081764398e24
-4.866292506667204e24
-5.078607625505123e24
-5.291241811645209e24
-5.504090610173569e24
-5.71704879276152e24
-5.930010413275783e24
-6.142868864103781e24
-6.355516933164577e24
-6.567846861574893e24
-6.779750401939813e24
-6.991118877236672e24
-7.201843240260437e24
-7.411814133598125e24
-7.620921950099877e24
-7.829056893812899e24
-8.036109041345083e24
-8.241968403623833e24
-8.446524988015841e24
-8.649668860772748e24
-8.851290209767466e24
-9.051279407485448e24
-9.249527074235106e24
-9.445924141540972e24
-9.640361915682902e24
-9.832732141344847e24
-1.0022927065335695e25
-1.0210839500345164e25
-1.0396362888697046e25
-1.0579391366062034e25
-1.075981982509255e25
-1.0937543978941192e25
-1.1112460424624748e25
-1.1284466706195743e25
-1.1453461377682896e25
-1.1619344065762342e25
-1.1782015532121096e25
-1.1941377735474288e25
-1.2097333893198035e25
-1.2249788542539288e25
-1.2398647601364481e25
-1.2543818428408833e25
-1.2685209882988128e25
-1.2822732384135044e25
-1.2956297969122126e25
-1.3085820351333976e25
-1.3211214977450905e25
-1.3332399083907294e25
-1.3449291752587206e25
-1.3561813965720976e25
-1.3669888659946187e25
-1.3773440779497048e25
-1.3872397328486398e25
-1.3966687422245056e25
-1.4056242337683481e25
-1.4140995562641297e25
-1.4220882844190423e25
-1.4295842235858295e25
-1.4365814143737905e25
-1.4430741371452056e25
-1.449056916393965e25
-1.4545245250032385e25
-1.459471988379089e25
-1.4638945884569822e25
-1.4677878675782072e25
-1.4711476322332935e25
-1.4739699566695654e25
-1.4762511863600494e25
-1.4779879413310108e25
-1.479177119345482e25
-1.4798158989402008e25
-1.4799017423134634e25
-1.479432398061471e25
-1.4784059037608215e25
-1.4768205883948962e25
-1.4746750746219449e25
-1.471968280882789e25
-1.4686994233461197e25
-1.464868017689475e25
-1.4604738807140636e25
-1.455517131791679e25
-1.4499981941420667e25
-1.4439177959391746e25
-1.4372769712448326e25
-1.4300770607684762e25
-1.4223197124516662e25
-1.414006881876204e25
-1.405140832494806e25
-1.39572413568332e25
-1.3857596706136485e25
-1.3752506239466033e25
-1.3642004893440117e25
-1.3526130667995357e25
-1.3404924617877398e25
-1.3278430842310492e25
-1.3146696472844019e25
-1.3009771659373766e25
-1.28677095543389e25
-1.2720566295094102e25
-1.2568400984460213e25
-1.2411275669455224e25
-1.224925531821018e25
-1.2082407795075812e25
-1.191080383392494e25
-1.1734517009659505e25
-1.1553623707929408e25
-1.1368203093074193e25
-1.1178337074296781e25
-1.0984110270082767e25
-1.0785609970876747e25
-1.0582926100030517e25
-1.037615117303857e25
-1.01653802550759e25
-9.950710916857187e24
-9.732243188833833e24
-9.510079513750325e24
-9.284324697578503e24
-9.055085858853106e24
-8.82247237643011e24
-8.586595835691635e24
-8.347569973223292e24
-8.105510619987796e24
-7.860535643023895e24
-7.612764885696065e24
-7.36232010652601e24
-7.109324916633823e24
-6.853904715820518e24
-6.596186627323908e24
-6.336299431278976e24
-6.07437349691835e24
-5.810540713544973e24
-5.544934420314738e24
-5.277689334862765e24
-5.008941480812702e24
-4.738828114205269e24
-4.4674876488850885e24
-4.1950595808863696e24
-3.9216844118556714e24
-3.647503571555171e24
-3.3726593394857007e24
-3.0972947656745e24
-2.821553590668329e24
-2.545580164778304e24
-2.2695193666187437e24
-1.9935165209861174e24
-1.7177173161243906e24
-1.4422677204212e24
-1.1673138985839692e24
-8.930021273409001e23
-6.194787107168884e23
-3.468898949309922e23
-7.53817829646545e22
1.948997511492322e23
4.638091482688821e23
7.312012502654846e23
9.969313862766634e23
1.2608554590386229e24
1.5228300312483979e24
1.782712411903151e24
2.040360742566931e24
2.2956340835127755e24
2.548392499687841e24
2.798497146451698e24
3.045810355033714e24
3.2901957176600255e24
3.5315181722957833e24
3.769644086953226e24
4.0044413435113937e24
4.235779420997532e24
4.463529478277662e24
4.6875644361041653e24
4.907759058470588e24
5.123990033220366e24
5.33613605186053e24
5.544077888527645e24
5.7476984780571e24
5.946882993104888e24
6.141518920271452e24
6.331496135179719e24
6.516706976456317e24
6.697046318569351e24
6.872411643472674e24
7.042703111010906e24
7.207823628036275e24
7.36767891619223e24
7.522177578317226e24
7.671231163422881e24
7.814754230203153e24
7.952664409028883e24
8.084882462386162e24
8.211332343714259e24
8.331941254603021e24
8.446639700307196e24
8.555361543538813e24
8.658044056497794e24
8.754627971101885e24
8.845057527379754e24
8.92928051998904e24
9.007248342825306e24
9.078916031685933e24
9.144242304956383e24
9.20318960228581e24
9.255724121220228e24
9.301815851763531e24
9.341438608836316e24
9.374570062604939e24
9.40119176665307e24
9.421289183970723e24
9.434851710735189e24
9.441872697861139e24
9.442349470297346e24
9.436283344048719e24
9.423679640904853e24
9.404547700855501e24
9.378900892176843e24
9.346756619172016e24
9.308136327551906e24
9.263065507442878e24
9.211573694009554e24
9.153694465682428e24
9.089465439981376e24
9.018928266927147e24
8.942128620034831e24
8.859116184884586e24
8.769944645266021e24
8.674671666894549e24
8.573358878699154e24
8.466071851682236e24
8.35288007535469e24
8.233856931749208e24
8.109079667017729e24
7.978629360619692e24
7.842590892109277e24
7.701052905531553e24
7.554107771438383e24
7.401851546537443e24
7.244383930987705e24
7.081808223357503e24
6.914231273262202e24
6.74176343169979e24
6.564518499104662e24
6.38261367114088e24
6.196169482257496e24
6.005309747031204e24
5.810161499320701e24
5.610854929261083e24
5.407523318126099e24
5.200302971088649e24
4.989333147910522e24
4.7747559915944486e24
4.5567164550319097e24
4.3353622256830276e24
4.110843648324355e24
3.883313645902963e24
3.6529276385363805e24
3.419843460698448e24
3.184221276633515e24
2.946223494041535e24
2.7060146760785754e24
2.4637614517186054e24
2.219632424522314e24
1.9737980798617187e24
1.7264306906487553e24
1.4777042216184637e24
1.2277942322172675e24
9.768777781491577e23
7.25133311632074e23
4.7274058041973015e23
2.1988052564302415e23
-3.326482147254649e22
-2.8651244395623927e23
-5.3967844445091724e23
-7.925781515221513e23
-1.0450262268585877e24
-1.2968367733030898e24
-1.5478234436533192e24
-1.7977995501708815e24
-2.0465781747356626e24
-2.2939722795831153e24
-2.539794818560205e24
-2.783858848836267e24
-3.0259776430038727e24
-3.2659648015040365e24
-3.5036343653107353e24
-3.7388009288080876e24
-3.971279752793841e24
-4.200886877542113e24
-4.427439235858398e24
-4.650754766059136e24
-4.87065252480857e24
-5.086952799744029e24
-5.299477221822893e24
-5.508048877322023e24
-5.71249241942184e24
-5.912634179306803e24
-6.108302276713831e24
-6.299326729860587e24
-6.485539564685696e24
-6.666774923332175e24
-6.842869171807262e24
-7.013661006750291e24
-7.178991561241567e24
-7.338704509585126e24
-7.49264617099866e24
-7.64066561214429e24
-7.782614748434471e24
-7.918348444046955e24
-8.047724610584755e24
-8.170604304316094e24
-8.286851821930682e24
-8.396334794749147e24
-8.498924281323301e24
-8.594494858364923e24
-8.682924709942871e24
-8.76409571488697e24
-8.837893532340694e24
-8.904207685402971e24
-8.962931642801769e24
-9.013962898543103e24
-9.057203049478906e24
-9.092557870740179e24
-9.119937388980191e24
-9.13925595337695e24
-9.150432304341803e24
-9.153389639885251e24
-9.14805567958985e24
-9.134362726142763e24
-9.112247724381777e24
-9.081652317808497e24
-9.042522902525797e24
-8.994810678555968e24
-8.93847169849948e24
-8.873466913493139e24
-8.799762216430874e24
-8.717328482409037e24
-8.626141606361293e24
-8.526182537850154e24
-8.417437312981e24
-8.299897083410356e24
-8.173558142417025e24
-8.038421948010834e24
-7.894495143051671e24
-7.741789572355278e24
-7.580322296764382e24
-7.410115604162684e24
-7.231197017415049e24
-7.043599299214538e24
-6.847360453823401e24
-6.642523725691928e24
-6.429137594946051e24
-6.207255769731744e24
-5.976937175408978e24
-5.738245940590073e24
-5.491251380015707e24
-5.236027974269217e24
-4.972655346325423e24
-4.701218234938595e24
-4.421806464869484e24
-4.1345149139597913e24
-3.8394434770585503e24
-3.5366970268103723e24
-3.2263853713176066e24
-2.9086232086863997e24
-2.5835300784748666e24
-2.2512303100563845e24
-1.9118529679200652e24
-1.565531793926006e24
-1.2124051465388043e24
-8.526159370648313e23
-4.863115629163483e23
-1.1364383793429696e23
2.652310802042561e23
6.501527654583203e23
1.0409566017451592e24
1.4374738640731192e24
1.8395318024510087e24
2.2469537285335492e24
2.659559104960878e24
3.077163637352555e24
3.499579368907638e24
3.9266147775688754e24
4.358074875698883e24
4.793761312222972e24
5.233472477183324e24
5.677003608654732e24
6.124146901966343e24
6.574691621171677e24
7.028424212712726e24
7.48512842121467e24
7.944585407354777e24
8.406573867739053e24
8.870870156726435e24
9.337248410133834e24
9.805480670754465e24
1.027533701562483e25
1.0746585684967006e25
1.1218993212740243e25
1.1692324558725722e25
1.2166343242076002e25
1.2640811476250939e25
1.3115490305268122e25
1.3590139741190456e25
1.4064518902772e25
1.4538386155187347e25
1.501149925076084e25
1.5483615470620045e25
1.5954491767187916e25
1.642388490743612e25
1.6891551616812783e25
1.735724872376452e25
1.7820733304767467e25
1.8281762829781033e25
1.8740095308042721e25
1.919548943411378e25
1.9647704734093745e25
2.0096501711912924e25
2.0541641995618975e25
2.09828884835688e25
2.142000549043656e25
2.1852758892953114e25
2.2280916275284536e25
2.2704247073965605e25
2.3122522722295646e25
2.3535516794112295e25
2.3943005146850924e25
2.434476606380443e25
2.4740580395493835e25
2.513023170006061e25
2.55135063825957e25
2.5890193833314202e25
2.626008656449215e25
2.6622980346074987e25
2.697867433987504e25
2.7326971232268557e25
2.766767736531007e25
2.8000602866177938e25
2.832556177486643e25
2.864237217004334e25
2.895085629298765e25
2.925084066952869e25
2.9542156229902944e25
2.9824638426451e25
3.009812734907488e25
3.0362467838376766e25
3.0617509596404844e25
3.086310729492763e25
3.1099120681165063e25
3.1325414680900717e25
3.1541859498905275e25
3.174833071659858e25
3.1944709386882644e25
3.2130882126077198e25
3.230674120289044e25
3.2472184624362025e25
3.262711621871295e25
3.277144571504234e25
3.290508881980949e25
3.3027967290044323e25
3.314000900322807e25
3.324114802379057e25
3.333132466617046e25
3.3410485554386663e25
3.3478583678073057e25
3.353557844492725e25
3.3581435729529575e25
3.3616127918487494e25
3.3639633951864927e25
3.3651939360856663e25
3.3653036301670466e25
3.364292358558189e25
3.3621606705128987e25
3.3589097856415438e25
3.3545415957493934e25
3.349058666280352e25
3.3424642373636036e25
3.3347622244610717e25
3.325957218613666e25
3.316054486284594e25
3.3050599687983324e25
3.2929802813738633e25
3.279822711751275e25
3.2655952184108965e25
3.2503064283844225e25
3.2339656346577817e25
3.2165827931656183e25
3.1981685193776274e25
3.1787340844772173e25
3.1582914111330675e25
3.1368530688646264e25
3.114432269002623e25
3.0910428592461163e25
3.066699317817657e25
3.0414167472184727e25
3.0152108675859826e25
2.9880980096558113e25
2.9600951073311802e25
2.9312196898623892e25
2.9014898736396875e25
2.870924353602771e25
2.839542394270678e25
2.8073638203957825e25
2.774409007246165e25
2.7406988705206086e25
2.706254855900748e25
2.671098928245374e25
2.6352535604316904e25
2.598741721849065e25
2.5615868665505332e25
2.5238129210679794e25
2.4854442718968717e25
2.4465057526566685e25
2.4070226309334438e25
2.3670205948111487e25
2.3265257390985334e25
2.285564551258542e25
2.244163897047635e25
2.202351005872259e25
2.1601534558702634e25
2.117599158725036e25
2.0747163442202734e25
2.0315335445438065e25
1.988079578348596e25
1.944383534579732e25
1.9004747560759093e25
1.8563828229544942e25
1.8121375357891515e25
1.7677688985891857e25
1.7233071015901873e25
1.6787825038652245e25
1.6342256157665583e25
1.5896670812073872e25
1.5451376597938658e25
1.5006682088171368e25
1.4562896651159522e25
1.4120330268198308e25
1.3679293349833647e25
1.3240096551222487e25
1.2803050586614441e25
1.2368466043064728e25
1.1936653193483271e25
1.1507921809132559e25
1.1082580971680415e25
1.066093888491917e25
1.0243302686264496e25
9.829978258141126e24
9.421270039370408e24
9.017480836671985e24
8.618911636390459e24
8.225861416562807e24
7.838626959436777e24
7.457502664557244e24
7.082780362530402e24
6.71474912958264e24
6.353695103025414e24
5.999901297740402e24
5.653647423798941e24
5.315209705326999e24
4.984860700730395e24
4.662869124391016e24
4.349499669947188e24
4.04501283526856e24
3.749664749236721e24
3.4637070004423663e24
3.1873864679068974e24
2.920945153938992e24
2.6646200192318705e24
2.4186428203104377e24
2.183239949431727e24
1.95863227704563e24
1.7450349969180715e24
1.5426574740197387e24
1.3517030952819955e24
1.1723691233187055e24
1.0048465532141407e24
8.493199724722966e23
7.059674242247418e23
5.7496027378973387e23
4.5646307867597834e23
3.5063346212089824e23
2.576219902526388e23
1.7757205296307014e23
1.106197485764735e23
5.689377239768169e22
1.6515309220488328e22
-1.0402070124086285e22
-2.375250810284028e22
-2.3437955623732254e22
-9.368262914666076e21
1.8538733932567538e22
6.035713082145424e22
1.1615287797878577e23
1.8598370681493347e23
2.6989906137732943e23
3.679400344554553e23
4.801393083933241e23
6.065211006627497e23
7.471011142478836e23
9.01886492889174e23
1.0708757812318177e24
1.254058889921578e24
1.4514170656870672e24
1.6629228664462357e24
1.8885401414702095e24
2.128224016636397e24
2.3819208847990732e24
2.6495684013017605e24
2.931095484655549e24
3.2264223224008547e24
3.5354603821706185e24
3.858112427966799e24
4.1942725416616186e24
4.5438261497303024e24
4.906650055219067e24
5.282612474950113e24
5.671573081960709e24
6.073383053172299e24
6.487885122279655e24
6.914913637850539e24
7.354294626619176e24
7.805845861957803e24
8.269376937503837e24
8.744689345918973e24
9.231576562754091e24
9.729824135387519e24
1.0239209777005668e25
1.0759503465586896e25
1.1290467547851387e25
1.1831856848132104e25
1.2383418782121987e25
1.2944893475448929e25
1.351601388702461e25
1.4096505937114791e25
1.4686088640070054e25
1.5284474241658913e25
1.589136836093631e25
1.6506470136583399e25
1.7129472377646454e25
1.776006171860296e25
1.8397918778680496e25
1.9042718325347263e25
1.9694129441896524e25
2.0351815699037475e25
2.1015435330409297e25
2.1684641411926537e25
2.2359082044864934e25
2.3038400542594437e25
2.3722235620859474e25
2.44102215915109e25
2.510198855958382e25
2.579716262362082e25
2.6495366079130455e25
2.719621762507625e25
2.78993325732804e25
2.860432306063359e25
2.9310798263993474e25
3.001836461765362e25
3.0726626033266736e25
3.1435184122097253e25
3.214363841948478e25
3.2851586611388357e25
3.355862476289029e25
3.426434754852856e25
3.496834848432801e25
3.56702201614016e25
3.6369554480985885e25
3.706594289078039e25
3.7758976622452707e25
3.844824693017497e25
3.913334533005309e25
3.9813863840311216e25
4.048939522209168e25
4.1159533220729e25
4.182387280735911e25
4.248201042071922e25
4.313354420899906e25
4.377807427159639e25
4.441520290063782e25
4.504453482211704e25
4.566567743650904e25
4.6278241058714714e25
4.688183915719061e25
4.7476088592121405e25
4.806060985248803e25
4.8635027291888795e25
4.919896936296815e25
4.975206885031008e25
5.029396310165213e25
5.0824294257276305e25
5.1342709477435836e25
5.184886116767412e25
5.234240720189676e25
5.282301114305366e25
5.329034246129465e25
5.374407674945791e25
5.418389593575503e25
5.460948849351596e25
5.502054964785906e25
5.541678157915275e25
5.579789362313571e25
5.616360246756627e25
5.6513632345270524e25
5.684771522346223e25
5.716559098920904e25
5.746700763092027e25
5.775172141573502e25
5.8019497062690425e25
5.827010791155123e25
5.8503336087186305e25
5.871897265937714e25
5.891681779794787e25
5.909668092310753e25
5.925838085089754e25
5.9401745933641855e25
5.95266141952964e25
5.963283346160091e25
5.972026148493527e25
5.978876606378943e25
5.983822515675344e25
5.986852699094361e25
5.987957016477707e25
5.9871263745015165e25
5.984352735799742e25
5.979629127498899e25
5.972949649157248e25
5.9643094801012115e25
5.953704886152844e25
5.941133225741769e25
5.926592955396099e25
5.910083634606512e25
5.891605930058488e25
5.871161619227932e25
5.848753593335525e25
5.824385859656043e25
5.7980635431785315e25
5.769792887614426e25
5.739581255750276e25
5.707437129142602e25
5.673370107152906e25
5.637390905320503e25
5.599511353072313e25
5.559744390767996e25
5.518104066080298e25
5.474605529709789e25
5.4292650304346455e25
5.382099909495561e25
5.333128594316859e25
5.282370591565262e25
5.229846479547639e25
5.175577899950324e25
5.1195875489219105e25
5.061899167503096e25
5.002537531406136e25
4.941528440148297e25
4.878898705542852e25
4.8146761395522594e25
4.748889541508724e25
4.681568684706703e25
4.612744302373855e25
4.542448073025618e25
4.4707126052106655e25
4.397571421653382e25
4.323058942800845e25
4.247210469782106e25
4.170062166787094e25
4.091651042874259e25
4.0120149332148e25
3.931192479783385e25
3.8492231115039197e25
3.766147023860918e25
3.682005157986027e25
3.5968391792303146e25
3.5106914552334895e25
3.423605033500471e25
3.33562361849765e25
3.2467915482797585e25
3.1571537706603445e25
3.0667558189373897e25
2.975643787187722e25
2.8838643051424963e25
2.7914645126573964e25
2.698492033791486e25
2.6049949505078364e25
2.5110217760110907e25
2.4166214277353477e25
2.3218431999981418e25
2.2267367363345635e25
2.1313520015271214e25
2.0357392533470443e25
1.93994901402188e25
1.8440320414462836e25
1.7480393001510125e25
1.6520219320474343e25
1.5560312269630436e25
1.4601185929855588e25
1.3643355266316568e25
1.268733582857681e25
1.1733643449297283e25
1.0782793941696442e25
9.835302795953195e24
8.89168487471803e24
7.952454107919469e24
7.018123187032836e24
6.08920325900007e24
5.166203619971986e24
4.249631409056493e24
3.339991302256395e24
2.4377852067706474e24
1.543511955850092e24
6.576670043804564e23
-2.1925787461631673e23
-1.0867748923869857e24
-1.9444005455731093e24
-2.791655915872849e24
-3.628066968063934e24
-4.4531648461968803e24
-5.266486167786383e24
-6.067573315811091e24
-6.855974728350398e24
-7.631245185670687e24
-8.392946094588949e24
-9.140645769933824e24
-9.873919712924906e24
-1.059235088630161e25
-1.1295529986019673e25
-1.1983055709351e25
-1.2654535019207609e25
-1.3309583404528467e25
-1.39478251365538e25
-1.4568893520827183e25
-1.5172431144759142e25
-1.5758090120587886e25
-1.6325532323583798e25
-1.6874429625332386e25
-1.7404464121948555e25
-1.7915328357062023e25
-1.8406725539429794e25
-1.887836975502566e25
-1.9329986173460113e25
-1.9761311248593737e25
-2.017209291319931e25
-2.056209076754246e25
-2.0931076261741995e25
-2.127883287178676e25
-2.160515626907625e25
-2.1909854483367164e25
-2.2192748059004244e25
-2.2453670204317625e25
-2.269246693407923e25
-2.2908997204903564e25
-2.3103133043493867e25
-2.3274759667627064e25
-2.342377559978596e25
-2.3550092773340314e25
-2.365363663119193e25
-2.3734346216796725e25
-2.379217425748304e25
-2.3827087239991406e25
-2.3839065478161017e25
-2.382810317269824e25
-2.3794208462960886e25
-2.373740347070166e25
-2.365772433571577e25
-2.3555221243341355e25
-2.3429958443771556e25
-2.328201426313305e25
-2.311148110629921e25
-2.2918465451404386e25
-2.2703087836035033e25
-2.2465482835074596e25
-2.220579903018645e25
-2.192419897092437e25
-2.16208591274609e25
-2.1295969834934717e25
-2.094973522941811e25
-2.0582373175513694e25
-2.0194115185592566e25
-1.978520633069272e25
-1.9355905143098976e25
-1.8906483510635235e25
-1.8437226562698452e25
-1.7948432548074785e25
-1.7440412704579407e25
-1.6913491120568465e25
-1.636800458837519e25
-1.5804302449728886e25
-1.52227464332174e25
-1.4623710483863824e25
-1.4007580584886116e25
-1.33747545717192e25
-1.2725641938381076e25
-1.20606636362692e25
-1.1380251865479472e25
-1.0684849858743558e25
-9.974911658085122e24
-9.250901884302633e24
-8.513295499385661e24
-7.762577561982268e24
-6.999242976034801e24
-6.223796232709217e24
-5.436751145744299e24
-4.6386305803548643e24
-3.8299661758231747e24
-3.0112980619226027e24
-2.183174569314989e24
-1.346151934072348e24
-5.007939964761195e23
3.523281057508213e23
1.2126362496169586e24
2.0795456442772548e24
2.9524651535218147e24
3.830797623165283e24
4.713940213165531e24
5.601284734289066e24
6.492217989145282e24
7.38612211740155e24
8.282374944993933e24
9.180350337141166e24
1.0079418554967566e25
1.0978946615540104e25
1.1878298655119134e25
1.2776836295421309e25
1.3673919012689913e25
1.456890450936711e25
1.5461149088157658e25
1.635000802827573e25
1.7234835963657353e25
1.8114987262929072e25
1.8989816410912316e25
1.985867839144629e25
2.0720929071310364e25
2.157592558502337e25
2.2423026720298826e25
2.326159330393177e25
2.409098858789176e25
2.4910578635398323e25
2.5719732706751323e25
2.6517823644690005e25
2.7304228259052493e25
2.8078327710509215e25
2.883950789314095e25
2.9587159815635487e25
3.032067998087131e25
3.103947076366487e25
3.1742940786450257e25
3.2430505292666415e25
3.3101586517623915e25
3.375561405662659e25
3.4392025230121936e25
3.5010265445658095e25
3.5609788556421393e25
3.6190057216136553e25
3.6750543230106545e25
3.7290727902174593e25
3.7810102377390876e25
3.8308167980168574e25
3.878443654771685e25
3.9238430758536856e25
3.966968445577529e25
4.007774296522541e25
4.046216340777309e25
4.082251500608517e25
4.115837938534088e25
4.1469350867811e25
4.175503676109029e25
4.201505763979316e25
4.224904762052547e25
4.245665462994968e25
4.2637540665760585e25
4.279138205039764e25
4.291786967731838e25
4.301670924966424e25
4.308762151115515e25
4.313034246904679e25
4.314462360899917e25
4.31302321016973e25
4.30869510010802e25
4.301457943402997e25
4.291293278138248e25
4.278184285012557e25
4.2621158036651006e25
4.243074348093798e25
4.221048121154322e25
4.196027028128656e25
4.168002689351532e25
4.1369684518847494e25
4.102919400228865e25
4.065852366062875e25
4.025765937003165e25
3.982660464372661e25
3.936538069973081e25
3.88740265185212e25
3.8352598890595833e25
3.7801172453855133e25
3.721983972075372e25
3.660871109516677e25
3.596791487892816e25
3.5297597268004397e25
3.4597922338264944e25
3.3869072020830314e25
3.311124606696807e25
3.232466200253079e25
3.1509555071919975e25
3.0666178171575927e25
2.9794801773000215e25
2.8895713835312525e25
2.7969219707367113e25
2.701564201944071e25
2.6035320564529977e25
2.502861216928235e25
2.3995890554610705e25
2.2937546186029926e25
2.185398611377159e25
2.0745633802738603e25
1.9612928952356204e25
1.845632730640117e25
1.7276300452874933e25
1.6073335614015115e25
1.484793542652321e25
1.3600617712114522e25
1.2331915238483122e25
1.1042375470791295e25
9.73256031380128e24
8.403045844757891e24
7.054422037158776e24
5.687292475529876e24
4.3022740613544354e24
2.899996710286634e24
1.4811030408019133e24
4.6248054439259534e22
-1.403901192215838e24
-2.868665923632234e24
-4.3473559893623815e24
-5.839270215813017e24
-7.343696765592011e24
-8.859913504234965e24
-1.0387188374132236e25
-1.1924779775460605e25
-1.3471936953915736e25
-1.5027900395054e25
-1.6591902225023066e25
-1.816316661748319e25
-1.9740910206490425e25
-2.13243425051334e25
-2.291266632968899e25
-2.4505078229077277e25
-2.6100768919380843e25
-2.769892372318803e25
-2.9298723013532123e25
-3.089934266217013e25
-3.249995449196992e25
-3.4099726733141755e25
-3.5697824483074836e25
-3.729341016951815e25
-3.888564401684431e25
-4.047368451514639e25
-4.205668889189203e25
-4.3633813585882725e25
-4.520421472323871e25
-4.676704859515145e25
-4.832147213712158e25
-4.9866643409419044e25
-5.140172207848583e25
-5.292586989900329e25
-5.443825119635482e25
-5.593803334919462e25
-5.742438727185593e25
-5.8896487896305e25
-6.035351465337379e25
-6.179465195297869e25
-6.321908966305164e25
-6.462602358690021e25
-6.601465593871046e25
-6.73841958169208e25
-6.873385967517504e25
-7.006287179058442e25
-7.137046472900986e25
-7.265587980709298e25
-7.391836755075477e25
-7.515718814988301e25
-7.6371611908939445e25
-7.756091969320567e25
-7.872440337040289e25
-7.986136624740804e25
-8.09711235018057e25
-8.205300260800237e25
-8.310634375764559e25
-8.413050027408377e25
-8.512483902060677e25
-8.608874080221676e25
-8.702160076066961e25
-8.79228287625444e25
-8.87918497800888e25
-8.962810426460191e25
-9.043104851211189e25
-9.120015502111564e25
-9.193491284214778e25
-9.263482791895005e25
-9.32994234210211e25
-9.392824006732341e25
-9.452083644093756e25
-9.507678929444853e25
-9.559569384586418e25
-9.607716406486177e25
-9.652083294916829e25
-9.69263527908861e25
-9.729339543257544e25
-9.762165251291872e25
-9.791083570178849e25
-9.816067692455383e25
-9.83709285754605e25
-9.85413637199293e25
-9.867177628562155e25
-9.87619812421268e25
-9.881181476913416e25
-9.882113441295597e25
-9.878981923127605e25
-9.871776992600583e25
-9.860490896413225e25
-9.845118068645445e25
-9.825655140410744e25
-9.802100948278099e25
-9.774456541454835e25
-9.742725187722447e25
-9.706912378118434e25
-9.667025830357324e25
-9.623075490985518e25
-9.575073536264605e25
-9.523034371778843e25
-9.466974630763606e25
-9.406913171151228e25
-9.342871071332946e25
-9.274871624634755e25
-9.202940332507302e25
-9.12710489642916e25
-9.047395208525145e25
-8.963843340900486e25
-8.876483533693766e25
-8.785352181851659e25
-8.690487820628885e25
-8.591931109818769e25
-8.489724816718854e25
-8.383913797838656e25
-8.274544979355419e25
-8.161667336326416e25
-8.045331870665516e25
-7.925591587893202e25
-7.80250147267041e25
-7.676118463125808e25
-7.546501423988937e25
-7.413711118540128e25
-7.277810179391024e25
-7.1388630781082705e25
-6.99693609369503e25
-6.852097279945441e25
-6.704416431686732e25
-6.553965049926515e25
-6.4008163059208414e25
-6.2450450041821065e25
-6.086727544443649e25
-5.925941882601378e25
-5.762767490651067e25
-5.597285315641796e25
-5.429577737667091e25
-5.259728526914014e25
-5.087822799793796e25
-4.9139469741752125e25
-4.7381887237455626e25
-4.560636931521526e25
-4.38138164253592e25
-4.200514015724104e25
-4.018126275035896e25
-3.834311659799963e25
-3.6491643743654715e25
-3.462779537049987e25
-3.275253128419398e25
-3.086681938929495e25
-2.8971635159563424e25
-2.7067961102448763e25
-2.5156786218055755e25
-2.3239105452875663e25
-2.131591914859995e25
-1.938823248630329e25
-1.7457054926322518e25
-1.552339964412523e25
-1.3588282962500357e25
-1.165272378037463e25
-9.717742998580896e24
-7.784362942909798e24
-5.853606784753035e24
-3.9264979596871995e24
-2.004059584309153e24
-8.731387167399658e22
1.8227184543484457e24
3.725018745445407e24
5.618571015637843e24
7.502362528118376e24
9.375384381805231e24
1.1236632097286327e25
1.3085106201795238e25
1.4919812812895865e25
1.6739764220517237e25
1.8543979467010715e25
2.033148492488385e25
2.210131487186254e25
2.3852512062957764e25
2.5584128299178625e25
2.7295224992571366e25
2.8984873727229982e25
3.065215681595942e25
3.2296167852241377e25
3.3916012257182564e25
3.5510807821110623e25
3.7079685239483894e25
3.8621788642801933e25
4.013627612017816e25
4.1622320236270055e25
4.307910854123337e25
4.450584407340213e25
4.5901745854367926e25
4.726604937616383e25
4.859800708024365e25
4.989688882795272e25
5.116198236220624e25
5.239259376006911e25
5.358804787596553e25
5.4747688775221976e25
5.587088015767738e25
5.695700577108388e25
5.8005469814026666e25
5.901569732811164e25
5.998713457915218e25
6.091924942711684e25
6.1811531684581315e25
6.266349346345728e25
6.347466950975585e25
6.424461752616635e25
6.49729184822285e25
6.565917691188113e25
6.630302119818971e25
6.690410384504248e25
6.7462101735633615e25
6.797671637753797e25
6.844767413420915e25
6.887472644272102e25
6.925765001759751e25
6.959624704057149e25
6.989034533612365e25
7.013979853266712e25
7.034448620923945e25
7.050431402758345e25
7.061921384949962e25
7.068914383936157e25
7.071408855169852e25
7.069405900375026e25
7.062909273291809e25
7.051925383903213e25
7.036463301137643e25
7.016534754040992e25
6.992154131414159e25
6.963338479911594e25
6.93010750059835e25
6.892483543963364e25
6.850491603387695e25
6.804159307067763e25
6.753516908393566e25
6.698597274784477e25
6.6394358749837165e25
6.576070764815847e25
6.5085425714109954e25
6.436894475901136e25
6.361172194594415e25
6.281423958634363e25
6.197700492151991e25
6.110054988919389e25
6.018543087514481e25
5.923222845007469e25
5.82415470918038e25
5.721401489292009e25
5.615028325401402e25
5.505102656264054e25
5.391694185815307e25
5.274874848257685e25
5.154718771767613e25
5.031302240839781e25
4.904703657287329e25
4.775003499916884e25
4.642284282898469e25
4.506630512851217e25
4.368128644666226e25
4.22686703608923e25
4.0829359010859924e25
3.936427262014621e25
3.787434900629212e25
3.6360543079405803e25
3.482382632960091e25
3.326518630353102e25
3.168562607030874e25
3.008616367707514e25
2.846783159452313e25
2.683167615266372e25
2.5178756967141913e25
2.3510146356408548e25
2.182692875006474e25
2.0130200088700737e25
1.8421067215554115e25
1.6700647260322783e25
1.4970067015467828e25
1.3230462305352977e25
1.1482977348565199e25
9.728764113773912e24
7.968981669484463e24
6.204795528044243e24
4.4373769842824005e24
2.667902449134491e24
8.975527786422941e23
-8.724874013005077e23
-2.6410303740711363e24
-4.4068860149270765e24
-6.168862476710342e24
-7.925766878258475e24
-9.676405995127452e24
-1.1419586952229524e25
-1.3154117917990489e25
-1.4878808799623045e25
-1.659247193911787e25
-1.829392280954587e25
-1.9981980711269206e25
-2.165546946765919e25
-2.331321811990201e25
-2.4954061620503973e25
-2.6576841525074225e25
-2.8180406681986215e25
-2.976361391950631e25
-3.1325328729987036e25
-3.286442595071578e25
-3.43797904410168e25
-3.587031775520128e25
-3.7334914810962997e25
-3.877250055282044e25
-4.018200661020446e25
-4.156237794979648e25
-4.291257352172109e25
-4.423156689920598e25
-4.551834691130874e25
-4.677191826834053e25
-4.7991302179590816e25
-4.917553696298041e25
-5.032367864626537e25
-5.143480155942085e25
-5.2507998917837315e25
-5.35423833959667e25
-5.453708769105982e25
-5.549126507664178e25
-5.640408994537817e25
-5.727475834098661e25
-5.810248847886009e25
-5.888652125506583e25
-5.962612074339806e25
-6.032057468016417e25
-6.09691949363864e25
-6.157131797712067e25
-6.212630530758554e25
-6.263354390581268e25
-6.309244664152907e25
-6.3502452680997625e25
-6.386302787753893e25
-6.4173665147477145e25
-6.443388483124855e25
-6.464323503943089e25
-6.480129198344952e25
-6.49076602907315e25
-6.496197330408684e25
-6.496389336509856e25
-6.4913112081322086e25
-6.48093505770937e25
-6.465235972776246e25
-6.444192037716925e25
-6.417784353820102e25
-6.385997057626802e25
-6.348817337554423e25
-6.306235448784409e25
-6.258244726399253e25
-6.204841596758152e25
-6.146025587098987e25
-6.081799333357983e25
-6.0121685861969765e25
-5.937142215230823e25
-5.856732211448429e25
-5.770953687820501e25
-5.679824878090574e25
-5.583367133743922e25
-5.481604919153453e25
-5.374565804899116e25
-5.262280459261898e25
-5.144782637891578e25
-5.022109171650363e25
-4.894299952635433e25
-4.7613979183829025e25
-4.623449034259542e25
-4.48050227404635e25
-4.332609598722688e25
-4.179825933457422e25
-4.022209142816835e25
-3.8598200041999125e25
-3.6927221795107494e25
-3.520982185082192e25
-3.34466935986198e25
-3.1638558318778687e25
-2.9786164829949555e25
-2.7890289119837224e25
-2.5951733959146015e25
-2.397132849898164e25
-2.194992785191233e25
-1.988841265687528e25
-1.7787688628166908e25
-1.5648686088717847e25
-1.3472359487911189e25
-1.1259686904164244e25
-9.01166953255098e24
-6.729331157710152e24
-4.413717612317902e24
-2.0658962214153732e24
3.1304476713757643e23
2.7219967657594215e24
5.159831443511187e24
7.625401335386588e24
1.0117540464223337e25
1.2635064974893493e25
1.51767737804242e25
1.7741449219719707e25
2.032785772650189e25
2.29347505091321e25
2.5560864240915682e25
2.820492176053737e25
3.086563278221567e25
3.3541694615205437e25
3.623179289224162e25
3.893460230650949e25
4.164878735675356e25
4.437300310008067e25
4.71058959120626e25
4.984610425368348e25
5.259225944472625e25
5.534298644313431e25
5.809690462992774e25
6.085262859921837e25
6.360876895286566e25
6.636393309933875e25
6.911672605630166e25
7.18657512564864e25
7.4609611356363995e25
7.73469090471661e25
8.007624786778141e25
8.279623301904235e25
8.55054721789533e25
8.820257631835589e25
9.088616051658126e25
9.355484477658493e25
9.620725483911094e25
9.884202299537962e25
1.0145778889783973e26
1.04053200368496e26
1.0662691420432442e26
1.0917759697931483e26
1.1170392584263852e26
1.1420458931248741e26
1.1667828806508385e26
1.1912373571841158e26
1.2153965961016928e26
1.2392480156949815e26
1.262779186820056e26
1.2859778404761295e26
1.3088318753078335e26
1.3313293650264861e26
1.3534585657460213e26
1.3752079232288449e26
1.3965660800373318e26
1.4175218825864416e26
1.4380643880930311e26
1.4581828714176788e26
1.47786683179455e26
1.4971059994452788e26
1.515890342072497e26
1.5342100712291072e26
1.5520556485590682e26
1.569417791905856e26
1.5862874812846362e26
1.6026559647142567e26
1.6185147639054216e26
1.6338556798011974e26
1.6486707979663928e26
1.6629524938221285e26
1.6766934377222935e26
1.6898865998683718e26
1.7025252550594776e26
1.714602987274361e26
1.7261136940822318e26
1.7370515908795098e26
1.7474112149494494e26
1.75718742934195e26
1.766375426570723e26
1.7749707321252854e26
1.782969207795212e26
1.7903670548042293e26
1.797160816751909e26
1.8033473823606656e26
1.808923988026069e26
1.8138882201684007e26
1.8182380173836765e26
1.821971672392284e26
1.825087833783691e26
1.827585507555639e26
1.829464058446421e26
1.8307232110590004e26
1.8313630507757186e26
1.8313840244626546e26
1.8307869409625936e26
1.8295729713758835e26
1.827743649128446e26
1.825300869826412e26
1.8222468908969317e26
1.8185843310148507e26
1.8143161693150663e26
1.8094457443905075e26
1.8039767530757975e26
1.7979132490167996e26
1.7912596410263556e26
1.7840206912266696e26
1.7762015129789026e26
1.7678075686006863e26
1.758844666872346e26
1.749318960332864e26
1.7392369423665545e26
1.7286054440817313e26
1.7174316309826686e26
1.7057229994363133e26
1.6934873729353123e26
1.680732898159084e26
1.6674680408347257e26
1.6537015813997437e26
1.6394426104686165e26
1.6247005241054556e26
1.6094850189049904e26
1.5938060868843844e26
1.5776740101883582e26
1.5610993556103214e26
1.5440929689322666e26
1.5266659690863549e26
1.5088297421411362e26
1.4905959351155402e26
1.4719764496238959e26
1.4529834353552455e26
1.4336292833904236e26
1.4139266193604577e26
1.3938882964498683e26
1.3735273882486946e26
1.3528571814569915e26
1.331891168445836e26
1.3106430396787636e26
1.2891266759978681e26
1.2673561407786975e26
1.2453456719582288e26
1.223109673940472e26
1.2006627093839128e26
1.1780194908755863e26
1.155194872496235e26
1.1322038412813838e26
1.1090615085830164e26
1.0857831013367274e26
1.0623839532393186e26
1.0388794958417123e26
1.0152852495623496e26
9.916168146260461e25
9.678898619335975e25
9.441201238672104e25
9.203233850371562e25
8.965154729748562e25
8.727122487777565e25
8.489295977115425e25
8.251834197748724e25
8.014896202323513e25
7.77864100121062e25
7.543227467363384e25
7.308814241022011e25
7.075559634321701e25
6.843621535859547e25
6.613157315276792e25
6.384323727913241e25
6.157276819589142e25
5.9321718315724e25
5.7091631057862665e25
5.488403990315352e25
5.270046745265466e25
5.054242449033783e25
4.8411409050469856e25
4.630890549021327e25
4.423638356802833e25
4.219529752841845e25
4.0187085193587785e25
3.8213167062552564e25
3.6274945418267813e25
3.4373803443307322e25
3.2511104344643953e25
3.0688190488073317e25
2.89063825428068e25
2.7166978636775456e25
2.547125352315905e25
2.3820457758671925e25
2.221581689410662e25
2.065853067766118e25
1.9149772271535231e25
1.7690687482300787e25
1.6282394005537195e25
1.4925980685205025e25
1.3622506788242132e25
1.2373001294840157e25
1.117846220486758e25
1.003985586088387e25
8.958116288188554e24
7.934144552340149e24
6.968808134563173e24
6.062940325463599e24
5.217339637450986e24
4.4327692362676697e24
3.7099563920023086e24
3.049591949969662e24
2.452329821811304e24
1.9187864971740534e24
1.4495405763063332e24
1.045132323899525e24
7.060632444945218e23
4.327956797566014e23
2.257524279144753e23
8.531638564291305e22
1.1830212658964896e22
5.596019287114514e21
6.6875077236760395e22
1.9588755382238077e23
3.928122698429745e23
6.577864813247004e23
9.909056853161975e23
1.3922234499134935e24
1.8617512686766914e24
2.3994584395875724e24
3.0052719686811153e24
3.679076498473956e24
4.420714261292282e24
5.229985057594968e24
6.106646259364431e24
7.050412838633089e24
8.060957421187902e24
9.137910365490828e24
1.0280859866831953e25
1.1489352086717012e25
1.2762891307482836e25
1.41009401121103e25
1.5502919589195758e25
1.6968209563024602e25
1.849614884867899e25
2.0086035532087975e25
2.1737127274925967e25
2.3448641644241546e25
2.5219756466682954e25
2.7049610207183165e25
2.893730237193471e25
3.088189393549022e25
3.2882407791789022e25
3.4937829228914647e25
3.7047106427361446e25
3.920915098157422e25
4.14228384445223e25
4.368700889503888e25
4.600046752765415e25
4.836198526463173e25
5.077029938991017e25
5.3224114204623256e25
5.5722101703878695e25
5.826290227444841e25
6.0845125413008065e25
6.3467350464568425e25
6.612812738070138e25
6.88259774971804e25
7.155939433061301e25
7.432684439366047e25
7.712676802839824e25
7.995758025738481e25
8.281767165198349e25
8.570540921745437e25
8.861913729436675e25
9.155717847581634e25
9.451783453996937e25
9.7499387397408e25
1.0050010005277026e26
1.0351821758015045e26
1.0655196811171698e26
1.0959956383901149e26
1.1265920202636211e26
1.1572906603584674e26
1.188073263632464e26
1.2189214168438698e26
1.2498165991129687e26
1.2807401925757154e26
1.3116734931236385e26
1.3425977212235685e26
1.3734940328113119e26
1.4043435302530034e26
1.4351272733677265e26
1.4658262905052235e26
1.4964215896722045e26
1.5268941697009913e26
1.557225031453849e26
1.587395189056588e26
1.6173856811549977e26
1.647177582187359e26
1.6767520136666003e26
1.706090155465377e26
1.7351732570975755e26
1.7639826489894265e26
1.7924997537337013e26
1.8207060973202685e26
1.8485833203363493e26
1.8761131891298288e26
1.9032776069288846e26
1.930058624911416e26
1.956438453217473e26
1.9823994718981676e26
2.007924241794394e26
2.0329955153388622e26
2.057596247274788e26
2.0817096052847547e26
2.105318980523328e26
2.128407998046863e26
2.150960527134169e26
2.172960691491696e26
2.194392879336848e26
2.2152417533532865e26
2.2354922605119402e26
2.2551296417516714e26
2.2741394415134634e26
2.2925075171222015e26
2.3102200480100833e26
2.327263544775871e26
2.34362485807417e26
2.3592911873290996e26
2.3742500892667722e26
2.3884894862610633e26
2.401997674487297e26
2.4147633318785356e26
2.4267755258792914e26
2.43802372099157e26
2.4484977861082115e26
2.458188001628758e26
2.467085066353003e26
2.4751801041476192e26
2.4824646703813738e26
2.488930758124473e26
2.4945708041078503e26
2.4993776944381928e26
2.5033447700647778e26
2.506465831994144e26
2.508735146248988e26
2.5101474485676342e26
2.510697948840601e26
2.5103823352810372e26
2.5091967783258362e26
2.5071379342644152e26
2.504202948592295e26
2.5003894590868388e26
2.495695598602604e26
2.4901199975837844e26
2.4836617862917466e26
2.476320596745391e26
2.468096564372614e26
2.4589903293709192e26
2.4490030377758423e26
2.438136342235624e26
2.426392402491007e26
2.413773885558925e26
2.400283965619401e26
2.3859263236048484e26
2.3707051464910824e26
2.3546251262899132e26
2.337691458742946e26
2.3199098417166688e26
2.3012864732987884e26
2.2818280495963883e26
2.261541762236301e26
2.2404352955681912e26
2.2185168235715356e26
2.195795006467243e26
2.17227898703533e26
2.1479783866397377e26
2.1229033009621913e26
2.0970642954466542e26
2.0704724004561177e26
2.0431391061441583e26
2.0150763570431803e26
1.986296546372039e26
1.956812510065263e26
1.9266375205270725e26
1.895785280112774e26
1.8642699143408877e26
1.8321059648389122e26
1.7993083820265655e26
1.7658925175398956e26
1.7318741163997972e26
1.697269308929274e26
1.662094602423144e26
1.626366872574684e26
1.5901033546632043e26
1.5533216345075348e26
1.516039639189864e26
1.4782756275545608e26
1.4400481804873584e26
1.4013761909796553e26
1.3622788539834422e26
1.3227756560618524e26
1.2828863648413035e26
1.2426310182706789e26
1.202029913693042e26
1.1611035967363132e26
1.1198728500284702e26
1.078358681743752e26
1.0365823139856626e26
9.94565171013686e25
9.523288673197428e25
9.098951955612906e25
8.672861143572862e25
8.245237359543368e25
7.816303137696161e25
7.386282298172709e25
6.955399820258843e25
6.523881714536659e25
6.09195489408904e25
5.659847044825117e25
5.227786495005307e25
4.79600208403762e25
4.364723030617352e25
3.93417880029079e25
3.5045989725142746e25
3.076213107288255e25
2.649250611438662e25
2.2239406046280656e25
1.8005117851714472e25
1.3791922957323104e25
9.602095889820208e24
5.4379029329662e24
1.3016007857274092e24
-2.8045647776303065e24
-6.878360244672035e24
-1.091756569840422e25
-1.4919976146545112e25
-1.8883402845710433e25
-2.280567461967826e25
-2.6684639170971043e25
-3.0518164384997366e25
-3.4304139625920944e25
-3.8040477023522704e25
-4.1725112750249184e25
-4.535600828771813e25
-4.893115168186606e25
-5.244855878599878e25
-5.590627449101066e25
-5.930237394197348e25
-6.263496374038973e25
-6.590218313134232e25
-6.910220517484663e25
-7.2233237900635225e25
-7.52935254456804e25
-7.828134917376605e25
-8.119502877636527e25
-8.40329233541698e25
-8.679343247856302e25
-8.947499723239983e25
-9.20761012293886e25
-9.459527161146158e25
-9.703108002346634e25
-9.938214356458547e25
-1.016471257158299e26
-1.038247372430213e26
-1.0591373707469005e26
-1.0791293315427423e26
-1.0982118326608786e26
-1.1163739583448454e26
-1.1336053069571077e26
-1.1498959984189238e26
-1.1652366813666497e26
-1.1796185400197261e26
-1.1930333007552572e26
-1.2054732383848634e26
-1.2169311821291532e26
-1.2274005212858627e26
-1.2368752105871662e26
-1.2453497752424368e26
-1.2528193156628065e26
-1.2592795118636587e26
-1.2647266275418855e26
-1.2691575138245179e26
-1.2725696126858911e26
-1.2749609600302382e26
-1.2763301884372339e26
-1.2766765295678858e26
-1.275999816228634e26
-1.2743004840913816e26
-1.271579573067649e26
-1.267838728335185e26
-1.2630802010154738e26
-1.2573068485008149e26
-1.2505221344298776e26
-1.2427301283109222e26
-1.2339355047918232e26
-1.2241435425764975e26
-1.2133601229874644e26
-1.20159172817435e26
-1.1888454389685438e26
-1.1751289323842658e26
-1.160450478766642e26
-1.1448189385874466e26
-1.1282437588894893e26
-1.1107349693808294e26
-1.092303178180112e26
-1.0729595672145659e26
-1.0527158872726036e26
-1.0315844527127489e26
-1.0095781358312395e26
-9.867103608906258e25
-9.629950978119685e25
-9.384468555333993e25
-9.130806750380463e25
-8.869121220545128e25
-8.599572794332769e25
-8.322327392026118e25
-8.037555943077908e25
-7.74543430037559e25
-7.446143151420103e25
-7.13986792646264e25
-6.826798703643706e25
-6.507130111183987e25
-6.181061226673193e25
-5.848795473509814e25
-5.510540514543942e25
-5.166508142977026e25
-4.816914170575468e25
-4.461978313255617e25
-4.101924074099228e25
-3.736978623861343e25
-3.367372679032739e25
-2.9933403775217454e25
-2.6151191520205784e25
-2.232949601124525e25
-1.8470753582723401e25
-1.4577429585779925e25
-1.0652017036251622e25
-6.697035242995915e24
-2.7150284173064384e24
1.2914357358052883e24
5.319767443691656e24
9.367356308740681e24
1.3431572766839395e25
1.7509769560832654e25
2.1599283228153726e25
2.5697435601806564e25
2.9801535323870192e25
3.3908879370671727e25
3.8016754588783616e25
4.212243924097743e25
4.622320456127582e25
5.031631631821167e25
5.4399036385429285e25
5.846862431871407e25
6.252233893858284e25
6.65574399175133e25
7.057118937091315e25
7.4560853450924045e25
7.852370394213651e25
8.245701985830351e25
8.63580890391364e25
9.022420974625113e25
9.405269225734886e25
9.784086045769806e25
1.0158605342800139e26
1.0528562702770947e26
1.0893695547286243e26
1.1253743290753835e26
1.160844749679656e26
1.1957552033840421e26
1.2300803229785488e26
1.2637950025669257e26
1.2968744128230359e26
1.329294016128232e26
1.3610295815806684e26
1.3920571998675903e26
1.4223532979916396e26
1.4518946538423323e26
1.480658410603906e26
1.508622090990808e26
1.5357636113021794e26
1.562061295286781e26
1.587493887809855e26
1.6120405683136515e26
1.6356809640631077e26
1.6583951631687945e26
1.6801637273788552e26
1.7009677046320605e26
1.7207886413641514e26
1.7396085945597103e26
1.7574101435420526e26
1.7741764014936206e26
1.7898910266996396e26
1.804538233507772e26
1.8181028029968534e26
1.8305700933478027e26
1.8419260499099216e26
1.852157214956165e26
1.8612507371208593e26
1.86919438051382e26
1.8759765335045178e26
1.8815862171707874e26
1.8860130934061718e26
1.8892474726803467e26
1.8912803214475e26
1.8921032691973457e26
1.8917086151440023e26
1.890089334547785e26
1.8872390846655977e26
1.8831522103255137e26
1.877823749121262e26
1.8712494362229784e26
1.8634257088002876e26
1.854349710054398e26
1.844019292855741e26
1.8324330229842862e26
1.8195901819696235e26
1.8054907695282684e26
1.7901355055956065e26
1.7735258319506257e26
1.7556639134313848e26
1.7365526387393454e26
1.7161956208314754e26
1.6945971968985967e26
1.671762427929238e26
1.647697097857914e26
1.622407712297707e26
1.5959014968567264e26
1.5681863950381795e26
1.5392710657247051e26
1.5091648802470766e26
1.4778779190382051e26
1.4454209678730359e26
1.4118055136959458e26
1.3770437400368566e26
1.3411485220174784e26
1.3041334209500697e26
1.2660126785304438e26
1.2268012106279108e26
1.186514600674332e26
1.1451690926556913e26
1.1027815837088274e26
1.0593696163269934e26
1.0149513701773307e26
9.69545653534598e25
9.231718943349316e25
8.758501308535748e25
8.276010020116785e25
7.78445737316327e25
7.284061464391214e25
6.775046084379494e25
6.257640606278853e25
5.732079871065376e25
5.19860406939312e25
4.6574586201121725e25
4.108894045508829e25
3.553165843336044e25
2.9905343556947013e25
2.421264634840146e25
1.8456263059810294e25
1.2638934271390269e25
6.763443461495254e24
8.32615548740644e23
-5.150684592952388e24
-1.1183553645647733e25
-1.7263051384149006e25
-2.3386202237447356e25
-2.95499968739813e25
-3.575139380990988e25
-4.198732103946021e25
-4.825467768649654e25
-5.455033567644229e25
-6.087114142757489e25
-6.721391756082293e25
-7.35754646270838e25
-7.995256285116632e25
-8.63419738913279e25
-9.274044261346713e25
-9.914469887900666e25
-1.0555145934542038e26
-1.1195742927844406e26
-1.1835930437491829e26
-1.2475377259529678e26
-1.3113751600472265e26
-1.3750721262166916e26
-1.438595382731287e26
-1.501911684552369e26
-1.5649878019833007e26
-1.62779053935335e26
-1.690286753724802e26
-1.752443373611923e26
-1.814227417701607e26
-1.8756060135645854e26
-1.9365464163468813e26
-1.9970160274302373e26
-2.0569824130509625e26
-2.1164133228667077e26
-2.1752767084598165e26
-2.2335407417669965e26
-2.291173833424191e26
-2.3481446510164338e26
-2.404422137221423e26
-2.4599755278364516e26
-2.51477436967835e26
-2.5687885383453325e26
-2.6219882558307348e26
-2.6743441079778456e26
-2.7258270617659356e26
-2.7764084824166806e26
-2.8260601503109608e26
-2.8747542777062473e26
-2.9224635252439734e26
-2.9691610182374155e26
-3.0148203627299527e26
-3.0594156613143804e26
-3.102921528703197e26
-3.1453131070407955e26
-3.1865660809479135e26
-3.2266566922895124e26
-3.265561754656569e26
-3.3032586675531026e26
-3.339725430279791e26
-3.374940655505211e26
-3.4088835825165484e26
-3.441534090141299e26
-3.472872709332046e26
-3.502880635406132e26
-3.531539739932593e26
-3.558832582258898e26
-3.584742420669852e26
-3.6092532231717045e26
-3.632349677894323e26
-3.6540172031048584e26
-3.6742419568260694e26
-3.6930108460531325e26
-3.7103115355628215e26
-3.726132456308987e26
-3.7404628133988e26
-3.7532925936442005e26
-3.764612572683436e26
-3.774414321667558e26
-3.782690213507268e26
-3.7894334286755054e26
-3.794637960561607e26
-3.79829862037296e26
-3.800411041580424e26
-3.800971683904036e26
-3.799977836835737e26
-3.7974276226961324e26
-3.793319999222613e26
-3.7876547616862926e26
-3.7804325445357e26
-3.7716548225651924e26
-3.761323911606495e26
-3.749442968741994e26
-3.736015992038638e26
-3.721047819801728e26
-3.7045441293478295e26
-3.686511435296757e26
-3.66695708738255e26
-3.645889267783585e26
-3.6233169879725924e26
-3.59925008508727e26
-3.573699217822701e26
-3.546675861846762e26
-3.518192304740495e26
-3.488261640465131e26
-3.4568977633581725e26
-3.424115361660782e26
-3.389929910579561e26
-3.354357664885635e26
-3.3174156510541425e26
-3.279121658948181e26
-3.2394942330506405e26
-3.198552663248409e26
-3.156316975172935e26
-3.112807920102264e26
-3.068046964429281e26
-3.0220562787010975e26
-2.9748587262355318e26
-2.926477851319951e26
-2.8769378669987652e26
-2.8262636424553363e26
-2.7744806899952707e26
-2.721615151637541e26
-2.6676937853201413e26
-2.6127439507278987e26
-2.556793594749567e26
-2.499871236571966e26
-2.442005952418701e26
-2.3832273599420867e26
-2.3235656022760983e26
-2.2630513317592167e26
-2.2017156933354008e26
-2.13959030764268e26
-2.076707253798239e26
-2.0130990518889704e26
-1.94879864517765e26
-1.8838393820338788e26
-1.818254997600055e26
-1.7520795952018727e26
-1.6853476275142047e26
-1.6180938774923847e26
-1.5503534390792158e26
-1.4821616976988741e26
-1.4135543105480926e26
-1.3445671866959537e26
-1.2752364670028222e26
-1.2055985038702961e26
-1.135689840833234e26
-1.0655471920049084e26
-9.952074213876098e25
-9.247075220597323e25
-8.54084595251542e25
-7.833758293208813e25
-7.126184786414742e25
-6.41849842415246e25
-5.711072434211135e25
-5.004280067118939e25
-4.298494382720728e25
-3.5940880364844038e25
-2.891433065654515e25
-2.190900675383706e25
-1.492861024958997e25
-7.976830142509708e24
-1.0573407050324515e24
5.826200644067819e24
1.2670155461157396e25
1.9470906392108627e25
2.622485927824348e25
3.292844525268889e25
3.957812282586793e25
4.61703799589649e25
5.270173612407515e25
5.916874434985121e25
6.5567993251484e25
7.189610904373553e25
7.814975753589417e25
8.432564610742072e25
9.042052566316763e25
9.643119256693014e25
1.023544905522303e26
1.0818731260914497e26
1.1392660284609944e26
1.1956935832543655e26
1.2511263087168413e26
1.3055352885145602e26
1.358892189238386e26
1.4111692776025135e26
1.4623394373269093e26
1.5123761856937394e26
1.5612536897670104e26
1.6089467822656962e26
1.6554309770808123e26
1.7006824844261986e26
1.7446782256140687e26
1.7873958474457078e26
1.8288137362087673e26
1.8689110312717372e26
1.9076676382672767e26
1.9450642418562442e26
1.9810823180637172e26
2.0157041461795334e26
2.048912820215309e26
2.0806922599108924e26
2.1110272212825576e26
2.1399033067063348e26
2.167306974529518e26
2.1932255482042684e26
2.2176472249366836e26
2.2405610838456477e26
2.2619570936260042e26
2.2818261197102744e26
2.300159930924192e26
2.3169512056309955e26
2.3321935373602913e26
2.3458814399168725e26
2.358010351965775e26
2.36857664109006e26
2.377577607317678e26
2.385011486114592e26
2.390877450841377e26
2.395175614670931e26
2.397907031965019e26
2.399073699107934e26
2.3986785547959076e26
2.3967254797808098e26
2.3932192960674972e26
2.3881657655640947e26
2.3815715881851556e26
2.373444399407541e26
2.3637927672796056e26
2.3526261888842643e26
2.3399550862571135e26
2.3257908017607914e26
2.310145592917339e26
2.2930326267005046e26
2.2744659732903873e26
2.2544605992928402e26
2.2330323604267177e26
2.2101979936821973e26
2.1859751089536526e26
2.1603821801510092e26
2.1334385357937617e26
2.1051643490920886e26
2.0755806275199107e26
2.044709201884946e26
2.0125727149011958e26
1.9791946092695125e26
1.9445991152722904e26
1.908811237888539e26
1.8718567434358133e26
1.8337621457461806e26
1.7945546918829436e26
1.7542623474058315e26
1.7129137811922924e26
1.6705383498228272e26
1.627166081538657e26
1.5828276597801547e26
1.537554406314892e26
1.4913782639642854e26
1.4443317789380634e26
1.396448082786163e26
1.3477608739777216e26
1.2983043991172562e26
1.2481134338080878e26
1.1972232631736704e26
1.145669662047232e26
1.0934888748409297e26
1.0407175951052361e26
9.873929447900996e25
9.335524532192926e25
8.792340357895103e25
8.24475972406237e25
7.6931688566829424e25
7.137957188132307e25
6.579517134360329e25
6.018243869935514e25
5.454535101073858e25
4.888790836778992e25
4.321413158224719e25
3.7528059865088774e25
3.183374848912013e25
2.613526643790446e25
2.043669404243442e25
1.4742120606833393e25
9.055642024475239e24
3.381358385890548e24
-2.2766284201794685e24
-7.914217111189925e24
-1.352730941928881e25
-1.911181250249471e25
-2.46636413571712e25
-3.0178721230401313e25
-3.5652990030852127e25
-4.108240073673414e25
-4.64629237994451e25
-5.179054954150229e25
-5.706129054736225e25
-6.2271184045693985e25
-6.741629428176258e25
-7.249271487847661e25
-7.749657118473246e25
-8.242402260965663e25
-8.727126494137472e25
-9.203453264891928e25
-9.671010116591512e25
-1.0129428915467869e26
-1.0578346074938296e26
-1.1017402777694064e26
-1.1446245195427579e26
-1.1864524706066605e26
-1.2271898108384248e26
-1.2668027833855109e26
-1.3052582155630642e26
-1.3425235394503676e26
-1.3785668121741033e26
-1.4133567358657552e26
-1.4468626772810271e26
-1.4790546870692818e26
-1.5099035186810988e26
-1.5393806469023368e26
-1.5674582860031656e26
-1.5941094074908717e26
-1.619307757455355e26
-1.643027873496428e26
-1.6652451012223758e26
-1.6859356103093385e26
-1.7050764101113856e26
-1.7226453648113765e26
-1.7386212081028162e26
-1.75298355739355e26
-1.76571292752197e26
-1.7767907439767898e26
-1.7861993556119663e26
-1.793922046848363e26
-1.7999430493539446e26
-1.804247553195006e26
-1.8068217174507663e26
-1.8076526802842996e26
-1.8067285684627044e26
-1.8040385063202356e26
-1.7995726241580328e26
-1.7933220660743105e26
-1.7852789972197512e26
-1.7754366104725732e26
-1.7637891325283874e26
-1.750331829400068e26
-1.7350610113236168e26
-1.717974037065911e26
-1.6990693176304943e26
-1.6783463193585744e26
-1.6558055664219215e26
-1.6314486427053903e26
-1.605278193076384e26
-1.5772979240399393e26
-1.5475126037774553e26
-1.5159280615682473e26
-1.4825511865926227e26
-1.447389926116588e26
-1.4104532830578499e26
-1.371751312933052e26
-1.331295120187465e26
-1.2890968539076396e26
-1.2451697029187404e26
-1.1995278902676967e26
-1.1521866670949199e26
-1.1031623058966909e26
-1.0524720931806715e26
-1.0001343215183557e26
-9.461682809974004e25
-8.905942500781246e25
-8.334334858577511e25
-7.747082137477154e25
-7.144416165686002e25
-6.526578230675525e25
-5.893818958646039e25
-5.246398188331513e25
-4.584584839214197e25
-3.908656774207912e25
-3.218900656888882e25
-2.515611803339451e25
-1.799094028686702e25
-1.069659488407415e25
-3.276285144914214e24
4.266705534555981e24
1.1929015420851845e25
1.9707206230540236e25
2.75977649655954e25
3.5597105795593846e25
4.37015719858223e25
5.190743787016368e25
6.021091086774519e25
6.860813354229887e25
7.7095185703024045e25
8.566808654588396e25
9.432279683410495e25
1.030552211167698e26
1.1186120998417922e26
1.2073656235878968e26
1.296770278205079e26
1.386783089649497e26
1.477360637934405e26
1.5684590813335793e26
1.6600341808755552e26
1.752041325113846e26
1.8444355551601156e26
1.9371715899655693e26
2.0302038518372556e26
2.1234864921736713e26
2.2169734174057628e26
2.310618315129025e26
2.404374680410781e26
2.4981958422585914e26
2.5920349902339774e26
2.6858452011971852e26
2.779579466166551e26
